5 0.244104 0.346750 0.013856 0.011750
5 0.219634 0.425750 0.015035 0.012750
5 0.190153 0.444500 0.012382 0.010500
5 0.205189 0.454000 0.010318 0.008750
5 0.206663 0.585750 0.013856 0.011750
5 0.173349 0.635750 0.013856 0.011750
5 0.188974 0.691750 0.010318 0.008750
5 0.192807 0.696000 0.010318 0.008750
5 0.594045 0.763500 0.012382 0.010500
5 0.553656 0.649750 0.013856 0.011750
5 0.581663 0.530000 0.012382 0.010500
5 0.509434 0.458000 0.013856 0.011750
5 0.553656 0.432000 0.012382 0.010500
5 0.562205 0.410750 0.012382 0.010500
5 0.323113 0.625000 0.012382 0.010500
5 0.459906 0.601250 0.013856 0.011750
5 0.451946 0.577000 0.013856 0.011750
5 0.612028 0.300500 0.012382 0.010500
5 0.619399 0.261250 0.011498 0.009750
5 0.502948 0.223750 0.011498 0.009750
5 0.720224 0.341500 0.013856 0.011750
5 0.773880 0.426000 0.013856 0.011750
4 0.215507 0.312500 0.038031 0.032250
4 0.396226 0.308000 0.045991 0.039000
4 0.447818 0.360250 0.041568 0.035250
4 0.317807 0.404000 0.045991 0.039000
4 0.269458 0.389750 0.045991 0.039000
4 0.234965 0.387500 0.045991 0.039000
4 0.212854 0.461250 0.061026 0.051750
4 0.166568 0.463000 0.061026 0.051750
4 0.092276 0.560500 0.034493 0.029250
4 0.248231 0.577750 0.061026 0.051750
4 0.165389 0.684000 0.028302 0.024000
4 0.189564 0.694000 0.034493 0.029250
4 0.619104 0.625000 0.038031 0.032250
4 0.619693 0.573750 0.031250 0.026500
4 0.502064 0.586250 0.055425 0.047000
4 0.681014 0.403000 0.045991 0.039000
4 0.679540 0.373750 0.041568 0.035250
4 0.448408 0.247750 0.045991 0.039000
4 0.286851 0.243250 0.031250 0.026500