5 0.319929 0.503250 0.013897 0.011750
5 0.394145 0.523250 0.011532 0.009750
5 0.431993 0.610750 0.011532 0.009750
5 0.361325 0.640750 0.012419 0.010500
5 0.317268 0.604250 0.011532 0.009750
5 0.223832 0.575500 0.011532 0.009750
5 0.218214 0.550000 0.008575 0.007250
5 0.173862 0.530750 0.010349 0.008750
5 0.196925 0.475750 0.013897 0.011750
5 0.165878 0.442250 0.010349 0.008750
5 0.146954 0.478750 0.009462 0.008000
5 0.219101 0.434000 0.009462 0.008000
5 0.253400 0.320250 0.009462 0.008000
5 0.240686 0.292500 0.009462 0.008000
5 0.334418 0.337000 0.010349 0.008750
5 0.445594 0.201500 0.013897 0.011750
5 0.503253 0.274750 0.011532 0.009750
5 0.479302 0.291500 0.011532 0.009750
5 0.657599 0.346250 0.013897 0.011750
5 0.555884 0.399250 0.011532 0.009750
5 0.673862 0.458500 0.012419 0.010500
5 0.758427 0.436750 0.012419 0.010500
5 0.593436 0.491750 0.011532 0.009750
5 0.667948 0.543000 0.011532 0.009750
5 0.581609 0.581000 0.010349 0.008750
5 0.734181 0.643000 0.012419 0.010500
5 0.389119 0.699500 0.010349 0.008750
5 0.332348 0.735500 0.010349 0.008750
5 0.246895 0.697250 0.008575 0.007250
5 0.141041 0.680000 0.009462 0.008000
5 0.358368 0.378750 0.011532 0.009750
5 0.475754 0.626750 0.010349 0.008750
3 0.439385 0.312250 0.041691 0.035250
3 0.399468 0.276000 0.045831 0.038750
3 0.372561 0.207000 0.045831 0.038750
3 0.217918 0.238000 0.041691 0.035250
3 0.153164 0.337000 0.050562 0.042750
3 0.113838 0.491000 0.045831 0.038750
3 0.224128 0.526000 0.050562 0.042750
3 0.115316 0.570750 0.045831 0.038750
3 0.181845 0.601500 0.050562 0.042750
3 0.219988 0.612000 0.045831 0.038750
3 0.266115 0.598750 0.045831 0.038750
3 0.335305 0.517250 0.050562 0.042750
3 0.401242 0.518000 0.055588 0.047000
3 0.444707 0.514500 0.037847 0.032000
3 0.484624 0.514500 0.045831 0.038750
3 0.470432 0.589750 0.055588 0.047000
3 0.550266 0.697750 0.037847 0.032000
3 0.500000 0.742000 0.041691 0.035250
3 0.587522 0.755250 0.041691 0.035250
3 0.643702 0.669500 0.037847 0.032000
3 0.643998 0.626000 0.045831 0.038750
3 0.613542 0.616000 0.037847 0.032000
3 0.641632 0.569250 0.041691 0.035250
3 0.611177 0.496250 0.055588 0.047000
3 0.550562 0.372250 0.050562 0.042750
3 0.615612 0.265500 0.050562 0.042750