5 0.255871 0.488500 0.012809 0.010500
5 0.225984 0.487750 0.011894 0.009750
5 0.136932 0.476250 0.012809 0.010500
5 0.243367 0.435250 0.012809 0.010500
5 0.210735 0.393000 0.014334 0.011750
5 0.240927 0.380000 0.011894 0.009750
5 0.218969 0.375000 0.015554 0.012750
5 0.219274 0.360500 0.012809 0.010500
5 0.340653 0.274500 0.012809 0.010500
5 0.423300 0.295500 0.014334 0.011750
5 0.615127 0.327250 0.017383 0.014250
5 0.638304 0.362750 0.015554 0.012750
5 0.759988 0.514500 0.012809 0.010500
5 0.728881 0.543000 0.011894 0.009750
5 0.625191 0.504000 0.012809 0.010500
5 0.582495 0.512250 0.012809 0.010500
5 0.716072 0.657750 0.009759 0.008000
5 0.740165 0.650750 0.008844 0.007250
5 0.603538 0.712000 0.011894 0.009750
5 0.450442 0.732750 0.011894 0.009750
5 0.473010 0.622750 0.014334 0.011750
5 0.346752 0.639250 0.012809 0.010500
5 0.179323 0.696750 0.014334 0.011750
5 0.275084 0.641750 0.012809 0.010500
5 0.413236 0.515000 0.012809 0.010500
5 0.451357 0.498000 0.010674 0.008750
5 0.494663 0.542500 0.011894 0.009750
5 0.522415 0.475500 0.014334 0.011750
5 0.509607 0.440750 0.011894 0.009750
5 0.426349 0.199250 0.014334 0.011750
4 0.570296 0.362500 0.029277 0.024000
4 0.589204 0.370500 0.021958 0.018000
4 0.561452 0.457250 0.063129 0.051750
4 0.494663 0.454250 0.057335 0.047000
4 0.580055 0.551250 0.063129 0.051750
4 0.535529 0.677750 0.057335 0.047000
4 0.674291 0.682500 0.018298 0.015000
4 0.415371 0.637250 0.052150 0.042750
4 0.358646 0.626000 0.057335 0.047000
4 0.249161 0.692500 0.047575 0.039000
4 0.249466 0.731500 0.039341 0.032250