5 0.307488 0.744000 0.012382 0.010500
5 0.274175 0.521500 0.010318 0.008750
5 0.244399 0.431750 0.010318 0.008750
5 0.572818 0.461250 0.008550 0.007250
5 0.753833 0.577750 0.011498 0.009750
5 0.587559 0.390000 0.007665 0.006500
3 0.473467 0.196750 0.034493 0.029250
3 0.530660 0.232250 0.031250 0.026500
3 0.598172 0.299000 0.045696 0.038750
3 0.728479 0.429250 0.037736 0.032000
3 0.593455 0.492750 0.037736 0.032000
3 0.623526 0.552000 0.037736 0.032000
3 0.565153 0.562250 0.028302 0.024000
3 0.571639 0.672500 0.034493 0.029250
3 0.561616 0.712000 0.037736 0.032000
3 0.525354 0.718750 0.037736 0.032000
3 0.533019 0.754250 0.041568 0.035250
3 0.468455 0.746500 0.037736 0.032000
3 0.440743 0.713000 0.041568 0.035250
3 0.197524 0.753000 0.045696 0.038750
3 0.185731 0.624500 0.025649 0.021750
3 0.271816 0.318750 0.050413 0.042750
3 0.252358 0.379250 0.055425 0.047000
3 0.305719 0.380250 0.050413 0.042750