1 0.200684 0.202148 0.016602 0.016602
1 0.302734 0.123047 0.013184 0.011230
1 0.435059 0.106934 0.011230 0.011230
1 0.596680 0.165039 0.013672 0.013672
1 0.427734 0.276367 0.011230 0.011230
1 0.285156 0.298828 0.016602 0.016602
1 0.268555 0.366211 0.016602 0.016602
1 0.283203 0.386719 0.013672 0.013672
1 0.296387 0.408203 0.012207 0.012207
1 0.335938 0.420410 0.006836 0.006836
1 0.365234 0.409668 0.015137 0.015137
1 0.432129 0.441406 0.013672 0.013672
1 0.506836 0.385742 0.010254 0.010254
1 0.759277 0.370605 0.012207 0.012207
1 0.805176 0.344727 0.016602 0.016602
1 0.848145 0.279785 0.015137 0.015137
1 0.828125 0.442871 0.012207 0.012207
1 0.669922 0.563477 0.012207 0.012207
1 0.682617 0.620117 0.012207 0.012207
1 0.567871 0.654785 0.012207 0.012207
1 0.804199 0.737793 0.013672 0.013672
1 0.821777 0.724609 0.015137 0.015137
1 0.801270 0.786621 0.015137 0.015137
1 0.570801 0.885254 0.012207 0.012207
1 0.542969 0.903320 0.014648 0.015137
1 0.501953 0.865723 0.015137 0.015137
1 0.529785 0.833008 0.010254 0.010254
1 0.526367 0.749512 0.012207 0.012207
1 0.465820 0.748535 0.010254 0.010254
1 0.270996 0.756348 0.015137 0.015137
1 0.237305 0.621582 0.013672 0.013672
1 0.234375 0.577148 0.011230 0.012695