5 0.479492 0.180664 0.012695 0.012695
5 0.160645 0.291992 0.011719 0.011719
5 0.169434 0.386230 0.014160 0.014160
5 0.183105 0.500488 0.014160 0.014160
5 0.103027 0.562500 0.014160 0.014160
5 0.260742 0.454590 0.014160 0.014160
3 0.387695 0.079102 0.062500 0.044922
3 0.411621 0.144043 0.091797 0.091797
3 0.541992 0.257324 0.046875 0.046875
3 0.572754 0.349609 0.100586 0.100586
3 0.709961 0.336426 0.074219 0.100586
3 0.764648 0.324219 0.091797 0.091797
3 0.360352 0.362305 0.083496 0.083496
3 0.264648 0.364746 0.068848 0.068848
3 0.305176 0.410645 0.062500 0.062500
3 0.200684 0.349121 0.068848 0.068848
3 0.193848 0.301270 0.075684 0.075684
3 0.101562 0.355469 0.075684 0.075684
3 0.124023 0.449707 0.068848 0.068848
3 0.160156 0.512207 0.075684 0.075684
3 0.239746 0.527344 0.056641 0.056641
3 0.246582 0.550293 0.068848 0.068848
3 0.153320 0.629883 0.075684 0.075684
3 0.202637 0.641602 0.062500 0.062500
3 0.227539 0.664551 0.083496 0.083496
3 0.415039 0.645996 0.075684 0.075684
3 0.513672 0.689941 0.075684 0.075684
3 0.540527 0.732422 0.075684 0.075684
3 0.625977 0.694824 0.075684 0.075684
3 0.589844 0.821777 0.075684 0.075684
3 0.708496 0.697266 0.069336 0.083496
3 0.764160 0.709961 0.071289 0.083496
3 0.794922 0.607422 0.083496 0.083496
3 0.619629 0.536621 0.075684 0.075684
3 0.539062 0.544434 0.075684 0.075684
3 0.602051 0.474609 0.083496 0.083496
3 0.740723 0.450684 0.100586 0.100586