4 0.586914 0.184082 0.111328 0.111328
4 0.516602 0.137207 0.083496 0.083496
4 0.822266 0.423828 0.062500 0.062500
4 0.773926 0.293457 0.062500 0.062500
4 0.632324 0.341309 0.083496 0.083496
4 0.562500 0.357910 0.091797 0.091797
4 0.617676 0.400391 0.075684 0.075684
4 0.634766 0.523438 0.057129 0.057129
4 0.846680 0.506836 0.068848 0.068848
4 0.475098 0.654785 0.068848 0.068848
4 0.299316 0.567383 0.075684 0.075684
4 0.136719 0.481445 0.101074 0.101074
4 0.073730 0.471191 0.068848 0.068848
4 0.123047 0.396973 0.083496 0.083496
4 0.317871 0.276367 0.111328 0.111328