5 0.459961 0.164551 0.030273 0.030273
5 0.516113 0.208008 0.024902 0.024902
5 0.505859 0.231934 0.027832 0.027832
5 0.483887 0.259766 0.022949 0.022949
5 0.553711 0.202148 0.027832 0.027832
5 0.710449 0.273926 0.022949 0.022949
5 0.680664 0.309570 0.027832 0.027832
5 0.713379 0.417480 0.022949 0.022949
5 0.725098 0.480957 0.018555 0.018555
5 0.717285 0.500488 0.022949 0.022949
5 0.592773 0.493164 0.020508 0.020508
5 0.491699 0.367188 0.014160 0.014160
5 0.564453 0.349121 0.027832 0.027832
5 0.441895 0.392578 0.027832 0.027832
5 0.425781 0.291504 0.027832 0.027832
5 0.292480 0.469727 0.022949 0.022949
5 0.291504 0.481934 0.024902 0.024902
5 0.237793 0.469727 0.027832 0.027832
5 0.157715 0.363770 0.027832 0.027832
5 0.239746 0.279785 0.027832 0.027832
5 0.298340 0.224121 0.030273 0.030273
5 0.128418 0.479980 0.024902 0.024902
5 0.166992 0.518555 0.014160 0.014160
5 0.161133 0.625488 0.022949 0.022949
5 0.112793 0.625000 0.024902 0.024902
5 0.197266 0.659668 0.024902 0.024902
5 0.230469 0.686035 0.022949 0.022949
5 0.331543 0.706543 0.024902 0.024902
5 0.349609 0.697754 0.020508 0.020508
5 0.349121 0.612305 0.018555 0.018555
5 0.386230 0.603516 0.022949 0.022949
5 0.463867 0.713379 0.022949 0.022949
5 0.459961 0.845215 0.027832 0.027832
5 0.560059 0.847656 0.024902 0.024902
5 0.667480 0.780273 0.022949 0.022949
5 0.668457 0.727539 0.027832 0.027832
5 0.687012 0.622070 0.022949 0.022949
5 0.783203 0.634277 0.024902 0.024902
5 0.883789 0.495605 0.022949 0.022949
5 0.880859 0.391113 0.022949 0.022949