3 0.548828 0.149902 0.062500 0.062500
3 0.421875 0.083496 0.062500 0.062500
3 0.339355 0.097168 0.056641 0.056641
3 0.359863 0.205078 0.056641 0.056641
3 0.237793 0.189941 0.075684 0.075684
3 0.374512 0.283691 0.056641 0.056641
3 0.432129 0.262695 0.056641 0.056641
3 0.375000 0.317871 0.056641 0.056641
3 0.379395 0.371094 0.056641 0.056641
3 0.367676 0.419922 0.062500 0.062500
3 0.472656 0.413086 0.056641 0.056641
3 0.367188 0.474121 0.068848 0.068848
3 0.448242 0.537598 0.062500 0.062500
3 0.439941 0.633301 0.068848 0.068848
3 0.526367 0.638184 0.062500 0.062500
3 0.473633 0.697754 0.062500 0.062500
3 0.377930 0.705078 0.062500 0.062500
3 0.281738 0.679199 0.062500 0.062500
3 0.248047 0.617676 0.068848 0.068848
3 0.191895 0.553711 0.068848 0.068848
3 0.070312 0.511230 0.056641 0.056641
3 0.094238 0.462891 0.062500 0.062500
3 0.185059 0.403320 0.083496 0.083496
3 0.164551 0.303711 0.083496 0.083496
3 0.239258 0.703613 0.062500 0.062500
3 0.236816 0.779785 0.062500 0.062500
3 0.359863 0.746094 0.062500 0.062500
3 0.385742 0.785156 0.062500 0.062500
3 0.414062 0.769043 0.051758 0.051758
3 0.431152 0.741211 0.056641 0.056641
3 0.464355 0.761230 0.062500 0.062500
3 0.526367 0.811523 0.062500 0.062500
3 0.516602 0.854492 0.068848 0.068848
3 0.409668 0.845703 0.062500 0.062500
3 0.632812 0.856934 0.056641 0.056641
3 0.675781 0.859375 0.056641 0.056641
3 0.684570 0.819336 0.046875 0.046875
3 0.718750 0.833984 0.051758 0.051758
3 0.755859 0.754395 0.056641 0.056641
3 0.717285 0.739746 0.051758 0.051758
3 0.687988 0.740723 0.051758 0.051758
3 0.666016 0.716797 0.042480 0.042480
3 0.697754 0.712891 0.042480 0.042480
3 0.802246 0.638672 0.056641 0.056641
3 0.805176 0.562988 0.056641 0.056641
3 0.758789 0.504395 0.062500 0.062500
3 0.648438 0.481934 0.056641 0.056641
3 0.680176 0.457520 0.056641 0.056641
3 0.663574 0.643066 0.056641 0.056641
3 0.676270 0.369141 0.068848 0.068848
3 0.651367 0.297852 0.068848 0.068848
3 0.689941 0.275391 0.062500 0.062500
3 0.719727 0.275879 0.056641 0.056641
3 0.530273 0.297852 0.062500 0.062500
3 0.841797 0.335449 0.056641 0.056641