0 0.585203 0.386750 0.098848 0.081500
0 0.605822 0.442250 0.098848 0.081500
0 0.586416 0.513750 0.108551 0.089500
0 0.728320 0.479750 0.119466 0.098500
0 0.844148 0.432750 0.089751 0.074000
0 0.805033 0.422500 0.081565 0.067250
0 0.847180 0.351750 0.089751 0.074000
0 0.786234 0.280500 0.108551 0.089500
0 0.678896 0.243500 0.098848 0.081500
0 0.636446 0.269000 0.089751 0.074000
0 0.553062 0.188500 0.089751 0.074000
0 0.428745 0.168750 0.089751 0.074000
0 0.274712 0.333000 0.098848 0.081500
0 0.228320 0.430500 0.098848 0.081500
0 0.093693 0.511750 0.089751 0.074000
0 0.537599 0.662250 0.108551 0.089500
0 0.625531 0.696250 0.081565 0.067250
0 0.625531 0.739250 0.108551 0.089500
0 0.700121 0.690750 0.119466 0.098500
0 0.838690 0.655500 0.081565 0.067250
0 0.881443 0.610500 0.055791 0.046000
0 0.492116 0.815750 0.089751 0.074000