1 0.265567 0.341500 0.015638 0.013750
1 0.299687 0.413750 0.015638 0.013750
1 0.227182 0.454250 0.010520 0.009250
1 0.216662 0.468500 0.015638 0.013750
1 0.285471 0.473000 0.015638 0.013750
1 0.357123 0.538750 0.015638 0.013750
1 0.246801 0.559750 0.014217 0.012500
1 0.232869 0.678750 0.014217 0.012500
1 0.296560 0.695500 0.014217 0.012500
1 0.320159 0.702500 0.015638 0.013750
1 0.294569 0.728250 0.014217 0.012500
1 0.380438 0.763500 0.014217 0.012500
1 0.396645 0.785500 0.015638 0.013750
1 0.451237 0.784500 0.014217 0.012500
1 0.452090 0.754000 0.014217 0.012500
1 0.448962 0.826500 0.015638 0.013750
1 0.618140 0.846500 0.017060 0.015000
1 0.667899 0.779000 0.017060 0.015000
1 0.728746 0.706500 0.015638 0.013750
1 0.856412 0.730000 0.015638 0.013750
1 0.876031 0.749250 0.017060 0.015000
1 0.853853 0.674500 0.014217 0.012500
1 0.967302 0.639250 0.015638 0.013750
1 0.985215 0.648750 0.010520 0.011250
1 0.883139 0.558250 0.017060 0.015000
1 0.759454 0.526000 0.015638 0.013750
1 0.719647 0.504750 0.017060 0.015000
1 0.534831 0.647250 0.017060 0.015000
1 0.419392 0.654000 0.015638 0.013750
1 0.363662 0.669000 0.015638 0.013750
1 0.429628 0.547750 0.014217 0.012500
1 0.447825 0.481750 0.015638 0.013750
1 0.446403 0.402750 0.015638 0.013750
1 0.487632 0.367750 0.015638 0.013750
1 0.523457 0.349500 0.012795 0.011250
1 0.399488 0.281250 0.014217 0.012500
1 0.593972 0.324500 0.017060 0.015000
1 0.592266 0.190500 0.017060 0.015000
1 0.593972 0.137750 0.016491 0.012500
1 0.678703 0.165250 0.017060 0.015000
1 0.734717 0.257750 0.015638 0.013750
1 0.825135 0.247000 0.015638 0.013750