0 0.196382 0.191500 0.073152 0.069750
0 0.312795 0.123750 0.072103 0.057750
0 0.299948 0.099250 0.074463 0.044500
0 0.493970 0.077000 0.060566 0.057750
0 0.545359 0.077750 0.060566 0.057750
0 0.509177 0.132000 0.082066 0.069750
0 0.598060 0.182750 0.060566 0.057750
0 0.616413 0.118750 0.060566 0.057750
0 0.650498 0.073000 0.045359 0.055750
0 0.613791 0.072250 0.045359 0.050500
0 0.704772 0.194250 0.068432 0.043250
0 0.711327 0.234750 0.058731 0.039250
0 0.711064 0.292250 0.049816 0.047500
0 0.670687 0.322500 0.052176 0.047500
0 0.647352 0.276500 0.047457 0.050500
0 0.673571 0.268250 0.041164 0.039250
0 0.537493 0.333000 0.066597 0.063500
0 0.480598 0.405500 0.080493 0.076750
0 0.763241 0.364250 0.055060 0.052500
0 0.721552 0.385250 0.049816 0.047500
0 0.732564 0.422750 0.060042 0.052500
0 0.838752 0.300500 0.058207 0.047500
0 0.839801 0.346250 0.051390 0.038750
0 0.895123 0.300500 0.059255 0.063500
0 0.939958 0.408250 0.039067 0.057750
0 0.898794 0.414250 0.050603 0.055500
0 0.647352 0.476750 0.066597 0.063500
0 0.808338 0.467000 0.060566 0.060000
0 0.844258 0.498750 0.037231 0.043250
0 0.874934 0.488250 0.049816 0.047500
0 0.869166 0.529500 0.036707 0.024250
0 0.858679 0.544500 0.055060 0.052500
0 0.807289 0.546250 0.052176 0.041500
0 0.815679 0.581750 0.037493 0.035750
0 0.757210 0.571250 0.060042 0.052500
0 0.657840 0.624750 0.064499 0.057750
0 0.768747 0.621000 0.048243 0.039250
0 0.817514 0.621750 0.050865 0.052500
0 0.777923 0.652500 0.045359 0.039250
0 0.814630 0.666500 0.041164 0.037500
0 0.757472 0.683250 0.046670 0.039250
0 0.777923 0.716500 0.055060 0.052500
0 0.721028 0.712250 0.054274 0.055750
0 0.705558 0.689000 0.037231 0.042000
0 0.674620 0.678250 0.045359 0.043250
0 0.673309 0.723500 0.044310 0.032500
0 0.671736 0.738750 0.031725 0.039750
0 0.690351 0.771000 0.059255 0.048250
0 0.637126 0.765500 0.041164 0.039250
0 0.641321 0.737250 0.030939 0.029500
0 0.513634 0.794750 0.073938 0.057750
0 0.575511 0.682500 0.045359 0.043250
0 0.552438 0.694000 0.041164 0.045000
0 0.552963 0.627250 0.055060 0.052500
0 0.576036 0.758750 0.030676 0.032500
0 0.585737 0.725000 0.044573 0.035750
0 0.599371 0.744000 0.045097 0.052500
0 0.507604 0.742750 0.049816 0.047500
0 0.488988 0.729000 0.035134 0.039250
0 0.466964 0.717750 0.029628 0.040000
0 0.428684 0.724250 0.049816 0.047500
0 0.427897 0.685250 0.041164 0.039250
0 0.472994 0.679250 0.030939 0.029500
0 0.482958 0.704000 0.028055 0.026750
0 0.497116 0.686500 0.035396 0.039250
0 0.506030 0.574250 0.049816 0.047500
0 0.469324 0.554000 0.049816 0.047500
0 0.482171 0.619500 0.066597 0.063500
0 0.435763 0.570000 0.040902 0.043250
0 0.403251 0.494000 0.080493 0.076750
0 0.398794 0.586000 0.045359 0.043250
0 0.388044 0.574000 0.034085 0.032500
0 0.371002 0.619750 0.049816 0.047500
0 0.367855 0.664000 0.049816 0.047500
0 0.403251 0.649250 0.040115 0.043250
0 0.395385 0.399750 0.080493 0.076750
0 0.222339 0.438750 0.073152 0.078250
0 0.277923 0.474500 0.052963 0.057750
0 0.311222 0.475750 0.068170 0.069750
0 0.369953 0.518750 0.039591 0.047500
0 0.338490 0.537250 0.039853 0.035750
0 0.302307 0.550000 0.073152 0.069750
0 0.337441 0.578000 0.060566 0.057750