3 0.429183 0.147750 0.043599 0.043250
3 0.475806 0.190250 0.039567 0.039250
3 0.515625 0.167250 0.039567 0.042750
3 0.534274 0.180250 0.047883 0.047500
3 0.423639 0.187250 0.020161 0.021250
3 0.407762 0.177250 0.026966 0.026750
2 0.320817 0.238250 0.007056 0.007000
2 0.386341 0.248750 0.005796 0.005750
3 0.414315 0.202500 0.047883 0.047500
3 0.350554 0.197250 0.055192 0.047500
3 0.341734 0.235500 0.052923 0.052500
3 0.383821 0.360750 0.051663 0.052500
2 0.425151 0.382500 0.005796 0.005750
2 0.434980 0.383250 0.007056 0.007000
2 0.469002 0.384750 0.011341 0.011250
2 0.518397 0.409250 0.006300 0.006250
2 0.523438 0.427750 0.009325 0.009250
2 0.548639 0.434500 0.008569 0.008500
2 0.560232 0.452500 0.010333 0.010250
2 0.528478 0.484000 0.009325 0.009250
2 0.567036 0.516250 0.009325 0.009250
2 0.614163 0.564750 0.010333 0.010250
2 0.482863 0.562250 0.011341 0.011250
2 0.371976 0.643000 0.007056 0.007000
2 0.479587 0.801500 0.004284 0.004250
2 0.495464 0.789000 0.005292 0.005250
2 0.527470 0.722500 0.005796 0.005750
2 0.611895 0.689000 0.006300 0.006250
2 0.663306 0.494250 0.007056 0.007000
2 0.707661 0.455000 0.007812 0.007750
2 0.736391 0.457250 0.008569 0.008500
2 0.783518 0.432750 0.010333 0.010250
2 0.727319 0.377500 0.004788 0.004750
2 0.764365 0.271500 0.006300 0.006250
3 0.728831 0.221000 0.052923 0.052500
3 0.740927 0.321750 0.058216 0.057750
3 0.589466 0.400250 0.059476 0.065500
3 0.471522 0.395750 0.058216 0.063250
3 0.247228 0.320000 0.052923 0.061000
3 0.167339 0.459750 0.050403 0.047500
3 0.154738 0.555500 0.036794 0.024250
3 0.150958 0.523500 0.047127 0.035750
3 0.155494 0.572750 0.032762 0.032500
3 0.165323 0.583750 0.032006 0.044250
3 0.188004 0.585000 0.026966 0.035500
3 0.199345 0.599500 0.036038 0.035750
3 0.184224 0.627250 0.039567 0.031750
3 0.205393 0.650750 0.039567 0.039250
3 0.188004 0.667000 0.027722 0.035500
3 0.175151 0.671000 0.028226 0.037750
3 0.253780 0.734750 0.032762 0.044500
3 0.229335 0.729500 0.036038 0.047000
3 0.270413 0.777750 0.035786 0.024250
3 0.259829 0.789250 0.022429 0.030750
3 0.271925 0.796500 0.033518 0.024250
3 0.306200 0.799750 0.039567 0.039250
3 0.368448 0.785250 0.022429 0.022250
3 0.364667 0.755500 0.026210 0.013000
3 0.325353 0.750000 0.034526 0.032500
3 0.311240 0.718000 0.043599 0.046500
3 0.351562 0.707500 0.047379 0.035750
3 0.364919 0.741250 0.034526 0.018250
3 0.362147 0.766250 0.030746 0.022250
3 0.386089 0.788500 0.029738 0.036250
3 0.353075 0.803750 0.043599 0.043250
3 0.416079 0.780500 0.023690 0.021500
3 0.422631 0.768500 0.026966 0.032500
3 0.413054 0.794250 0.026966 0.026750
3 0.444556 0.770750 0.029738 0.029500
3 0.443044 0.794000 0.026966 0.026750
3 0.458417 0.738750 0.047883 0.047500
3 0.464214 0.798250 0.026966 0.026750
3 0.446573 0.813000 0.043599 0.043250
3 0.482611 0.782000 0.036038 0.035750
3 0.483619 0.819250 0.029738 0.039500
3 0.508821 0.816500 0.022429 0.040750
3 0.529486 0.821000 0.043599 0.043250
3 0.516633 0.681500 0.043599 0.043250