5 0.411059 0.173500 0.024283 0.020750
3 0.531305 0.384250 0.118198 0.101000
3 0.385313 0.373250 0.097718 0.083500
3 0.359274 0.434750 0.088648 0.075750
3 0.253072 0.364000 0.097718 0.083500
3 0.430369 0.524250 0.097718 0.083500
3 0.783207 0.614500 0.107373 0.091750
3 0.801931 0.321000 0.097718 0.083500
3 0.715331 0.266250 0.097718 0.083500
3 0.527209 0.272250 0.107373 0.091750
3 0.380339 0.254000 0.097718 0.083500
3 0.310123 0.240750 0.080749 0.069000
3 0.193973 0.251250 0.073142 0.062500
3 0.068754 0.477250 0.080749 0.069000
3 0.161205 0.458000 0.080749 0.069000
3 0.182270 0.490500 0.080749 0.069000
3 0.234055 0.527750 0.097718 0.083500
3 0.245758 0.590500 0.118198 0.101000
3 0.263019 0.712250 0.080749 0.069000
3 0.437098 0.780250 0.107373 0.091750
3 0.519310 0.737250 0.107373 0.091750
3 0.670568 0.669750 0.107373 0.091750
3 0.674078 0.727250 0.088648 0.075750
3 0.693388 0.807250 0.080749 0.069000