0 0.758987 0.635126 0.036289 0.036079
0 0.759843 0.523315 0.041424 0.034377
0 0.710887 0.632743 0.034577 0.037440
0 0.704896 0.606535 0.029442 0.025868
0 0.690688 0.599898 0.027730 0.022805
0 0.661075 0.594963 0.032865 0.025868
0 0.696508 0.564670 0.039370 0.025868
0 0.695481 0.547822 0.031154 0.035739
0 0.670147 0.551906 0.024307 0.034377
0 0.645669 0.553608 0.032865 0.027570
0 0.618624 0.563819 0.029442 0.030973
0 0.589011 0.559564 0.034577 0.036079
0 0.533208 0.623553 0.048271 0.039483
0 0.608353 0.750340 0.026018 0.034377
0 0.587299 0.754595 0.031154 0.036079
0 0.559397 0.797481 0.043136 0.037440
0 0.667751 0.804289 0.039370 0.037440
0 0.629579 0.812628 0.041082 0.034377
0 0.704040 0.468686 0.034577 0.039483
0 0.635570 0.457794 0.039370 0.030633
0 0.638138 0.422566 0.041082 0.037781
0 0.594146 0.402314 0.024307 0.030633
0 0.576344 0.395677 0.032523 0.034377
0 0.538343 0.453710 0.031154 0.036079
0 0.539199 0.503233 0.032865 0.024166
0 0.511298 0.530123 0.038001 0.034377
0 0.498459 0.567223 0.039712 0.037781
0 0.420746 0.546801 0.036289 0.030973
0 0.490928 0.468686 0.034235 0.039483
0 0.482540 0.428353 0.027730 0.022805
0 0.504451 0.380361 0.031154 0.034377
0 0.459774 0.412355 0.029442 0.027570
0 0.448648 0.399762 0.031154 0.032335
0 0.790312 0.166950 0.041424 0.037781
0 0.622047 0.065010 0.043136 0.036079
0 0.540055 0.066031 0.041424 0.044248
0 0.464738 0.320796 0.039370 0.042546
0 0.402088 0.261913 0.042794 0.039142
0 0.333619 0.439244 0.024307 0.037781
0 0.311708 0.435841 0.034577 0.030973
0 0.279528 0.464432 0.034577 0.030973
0 0.238788 0.425970 0.031154 0.034377
0 0.290483 0.384615 0.032523 0.039483
0 0.282095 0.339346 0.036289 0.029272
0 0.254194 0.360279 0.027730 0.027570
0 0.248203 0.335092 0.029442 0.024166
0 0.254194 0.317223 0.027730 0.025868
0 0.247347 0.292035 0.027730 0.025868
0 0.263266 0.279612 0.026018 0.024166
0 0.249059 0.259190 0.027730 0.027570
0 0.228004 0.251872 0.032865 0.032675
0 0.255906 0.245916 0.027730 0.027570
0 0.254194 0.226685 0.027730 0.032675
0 0.282951 0.198775 0.038001 0.040844
0 0.251626 0.197243 0.036289 0.034377
0 0.312564 0.121341 0.032865 0.034377
0 0.315817 0.150783 0.035947 0.029272
0 0.393701 0.378659 0.043136 0.034377
0 0.202499 0.271103 0.032523 0.030973
0 0.173913 0.242512 0.029442 0.034377
0 0.132318 0.302246 0.041424 0.036079
0 0.166210 0.367086 0.034577 0.034377
0 0.198391 0.319095 0.034577 0.035739
0 0.222869 0.385466 0.032865 0.034377
0 0.143273 0.421715 0.039370 0.042886
0 0.085758 0.531824 0.039370 0.030973
0 0.085758 0.551906 0.039370 0.024166
0 0.650805 0.623553 0.032865 0.025868
0 0.679562 0.636828 0.029442 0.032675
0 0.652516 0.644486 0.032865 0.027570