0 0.211680 0.154699 0.036829 0.039071
0 0.329533 0.096445 0.036829 0.040831
0 0.392845 0.079021 0.042090 0.047518
0 0.563486 0.077262 0.040337 0.043999
0 0.565240 0.106125 0.036829 0.032031
0 0.503683 0.172122 0.035075 0.038719
0 0.474220 0.203449 0.038583 0.035199
0 0.462119 0.248680 0.042441 0.039071
0 0.432655 0.255544 0.035426 0.045759
0 0.395475 0.265224 0.047352 0.051038
0 0.513153 0.218233 0.030165 0.037311
0 0.494213 0.232137 0.030165 0.040479
0 0.506314 0.277367 0.040337 0.044351
0 0.544370 0.186026 0.033672 0.035551
0 0.581726 0.174762 0.035426 0.047518
0 0.598913 0.145195 0.028411 0.043999
0 0.630130 0.109468 0.038934 0.035199
0 0.629253 0.139916 0.037180 0.036959
0 0.563837 0.333333 0.024202 0.024639
0 0.410908 0.337381 0.047352 0.035551
0 0.554192 0.353397 0.031568 0.025343
0 0.546300 0.325766 0.030516 0.027807
0 0.444756 0.407779 0.038583 0.040479
0 0.404069 0.403379 0.040687 0.042239
0 0.342511 0.422562 0.035426 0.039071
0 0.325149 0.449490 0.042090 0.044351
0 0.357243 0.677754 0.024904 0.029215
0 0.304455 0.721753 0.045598 0.039071
0 0.377411 0.684794 0.024553 0.028511
0 0.421431 0.644667 0.025605 0.027807
0 0.416170 0.684266 0.033322 0.030271
0 0.488074 0.625132 0.038934 0.026751
0 0.496668 0.643435 0.045598 0.025343
0 0.493336 0.667899 0.038934 0.028511
0 0.440547 0.658043 0.025254 0.029919
0 0.557524 0.857445 0.035426 0.045759
0 0.360575 0.444210 0.033672 0.030271
0 0.423886 0.466033 0.038934 0.031679
0 0.371098 0.472897 0.044195 0.035551
0 0.512276 0.512144 0.035426 0.040831
0 0.467380 0.538191 0.042441 0.051390
0 0.443002 0.593805 0.038583 0.044351
0 0.375482 0.743400 0.045949 0.040831
0 0.521922 0.586941 0.037180 0.036959
0 0.654507 0.589581 0.038583 0.049278
0 0.587864 0.637276 0.037180 0.043999
0 0.554016 0.686026 0.045949 0.040831
0 0.825149 0.735656 0.040337 0.042239
0 0.884953 0.694826 0.042090 0.037311
0 0.938618 0.526927 0.045598 0.045759
0 0.941249 0.479057 0.043844 0.037311
0 0.920554 0.388596 0.050859 0.044351
0 0.726412 0.136396 0.047703 0.047518
0 0.758506 0.129532 0.035426 0.037311