1 0.119516 0.494514 0.062784 0.052970
1 0.161876 0.558078 0.043116 0.040863
1 0.342474 0.174234 0.080560 0.070753
1 0.447239 0.079644 0.070726 0.055619
1 0.630295 0.114453 0.063162 0.065456
1 0.524584 0.229096 0.085477 0.085131
1 0.761157 0.307605 0.060893 0.043133
1 0.738843 0.344873 0.055598 0.048051
1 0.860817 0.556754 0.055219 0.048051
1 0.729955 0.636776 0.043116 0.052970
1 0.749811 0.693908 0.048033 0.043133
1 0.732602 0.742527 0.043116 0.045781
1 0.923033 0.654181 0.045764 0.043133
1 0.905635 0.702800 0.045764 0.045781
1 0.752458 0.863413 0.057867 0.058267
1 0.676437 0.721339 0.040469 0.057889
1 0.641641 0.723988 0.055598 0.057889
1 0.513238 0.502081 0.052950 0.052970
1 0.523071 0.583050 0.043116 0.060537
1 0.488275 0.625426 0.058245 0.045403
1 0.482035 0.722664 0.050303 0.055240
1 0.437216 0.684071 0.045386 0.043133
1 0.403555 0.757662 0.058245 0.040484
1 0.386157 0.722664 0.058245 0.035566
1 0.385023 0.688990 0.050681 0.048430
1 0.388805 0.627885 0.043116 0.050322
1 0.332640 0.605373 0.055598 0.050700
1 0.301437 0.645289 0.043116 0.040484
1 0.252837 0.594400 0.055598 0.052970
1 0.755862 0.136020 0.038956 0.049565
1 0.811271 0.179342 0.037065 0.047673