1 0.554708 0.044670 0.044287 0.025526
1 0.556941 0.064189 0.045776 0.033033
1 0.390398 0.057620 0.034239 0.023649
1 0.369743 0.071509 0.047265 0.034910
1 0.288240 0.095721 0.033867 0.024775
1 0.278563 0.116929 0.042799 0.037162
1 0.262374 0.129692 0.033495 0.039414
1 0.245441 0.130631 0.029401 0.028529
1 0.243580 0.123498 0.031634 0.025526
1 0.210086 0.149212 0.037588 0.025901
1 0.189989 0.207395 0.048753 0.037913
1 0.195571 0.177928 0.035355 0.031532
1 0.445850 0.177553 0.044659 0.043544
1 0.621511 0.169294 0.029773 0.032282
1 0.551544 0.222410 0.045404 0.041667
1 0.522144 0.260511 0.039449 0.038288
1 0.544659 0.272710 0.039821 0.034910
1 0.479159 0.286224 0.044287 0.040165
1 0.496092 0.329955 0.034239 0.033784
1 0.442129 0.330893 0.040194 0.028904
1 0.434313 0.349662 0.016375 0.013889
1 0.451247 0.343093 0.024935 0.024024
1 0.414031 0.351539 0.039821 0.038664
1 0.437663 0.361111 0.032750 0.037538
1 0.467994 0.368056 0.032378 0.033408
1 0.526051 0.385323 0.022702 0.020646
1 0.490324 0.399962 0.028656 0.032658
1 0.524563 0.344782 0.028656 0.033408
1 0.569408 0.318131 0.035728 0.037913
1 0.598809 0.332770 0.040938 0.034910
1 0.535914 0.361299 0.025307 0.028904
1 0.550986 0.347035 0.024191 0.028153
1 0.570339 0.350788 0.027168 0.023649
1 0.562895 0.365240 0.023446 0.019520
1 0.550056 0.376314 0.023074 0.026652
1 0.572758 0.374062 0.026051 0.027402
1 0.509304 0.406907 0.036100 0.036036
1 0.503536 0.438438 0.031262 0.036036
1 0.525307 0.446509 0.036100 0.033408
1 0.541310 0.465090 0.043543 0.035285
1 0.430592 0.452140 0.046148 0.042417
1 0.448642 0.471847 0.039821 0.033784
1 0.445106 0.513326 0.046892 0.041667
1 0.581504 0.401276 0.030145 0.030781
1 0.589877 0.384947 0.022330 0.030405
1 0.622441 0.392267 0.028656 0.032282
1 0.605694 0.392643 0.018980 0.032282
1 0.601600 0.424925 0.032378 0.038288
1 0.635467 0.423236 0.027168 0.025150
1 0.634723 0.443131 0.035355 0.028153
1 0.667659 0.376314 0.040194 0.036411
1 0.663379 0.405968 0.032378 0.034159
1 0.660030 0.469970 0.038333 0.041291
1 0.677707 0.454955 0.027540 0.024024
1 0.672311 0.441441 0.027168 0.018018
1 0.673428 0.425863 0.023446 0.019144
1 0.687012 0.436749 0.015631 0.037162
1 0.697432 0.437500 0.016375 0.029655
1 0.706736 0.426802 0.028284 0.027027
1 0.713435 0.445946 0.035728 0.023273
1 0.711388 0.464152 0.033867 0.024399
1 0.747302 0.457958 0.037961 0.041291
1 0.725902 0.485736 0.028656 0.032282
1 0.745627 0.479542 0.023446 0.022898
1 0.741719 0.499249 0.034239 0.025526
1 0.775214 0.504317 0.040194 0.040165
1 0.755675 0.515390 0.033867 0.039039
1 0.831783 0.364865 0.034983 0.039039
1 0.833457 0.395833 0.045032 0.041667
1 0.793636 0.226914 0.048753 0.049925
1 0.859137 0.371622 0.036100 0.045045
1 0.886118 0.511824 0.051358 0.046171
1 0.783402 0.601164 0.033495 0.038664
1 0.812058 0.604542 0.033495 0.041667
1 0.783215 0.634197 0.034611 0.040916
1 0.815221 0.639452 0.033122 0.041667
1 0.868441 0.660661 0.046520 0.048048
1 0.808150 0.684872 0.039077 0.038664
1 0.777447 0.697823 0.042426 0.039790
1 0.775400 0.742305 0.039821 0.039414
1 0.759211 0.792042 0.039449 0.037538
1 0.731485 0.812688 0.041310 0.044294
1 0.728880 0.771584 0.039821 0.040916
1 0.697060 0.768206 0.032006 0.043168
1 0.671753 0.765766 0.035728 0.042042
1 0.657797 0.815878 0.039821 0.042417
1 0.683104 0.821509 0.034611 0.037162
1 0.531076 0.856794 0.052847 0.049925
1 0.464272 0.796547 0.042799 0.042793
1 0.433383 0.612800 0.049498 0.043168
1 0.417008 0.661224 0.036844 0.036411
1 0.402493 0.681306 0.037588 0.031532
1 0.421660 0.713589 0.030517 0.032282
1 0.461109 0.753754 0.039449 0.042042
1 0.432453 0.782845 0.035728 0.035661
1 0.412542 0.772710 0.030145 0.029655
1 0.379233 0.774587 0.037961 0.025901
1 0.385188 0.796171 0.043915 0.028529
1 0.423707 0.749625 0.027168 0.030781
1 0.399144 0.745308 0.030889 0.034159
1 0.403796 0.718281 0.030517 0.029655
1 0.375140 0.733296 0.034239 0.034910
1 0.372162 0.696509 0.030517 0.025901
1 0.367324 0.674174 0.029773 0.031532
1 0.383885 0.645083 0.038333 0.040916
1 0.351507 0.654655 0.036844 0.031532
1 0.341273 0.669482 0.033495 0.026652
1 0.337365 0.692192 0.027168 0.030030
1 0.344064 0.717342 0.031634 0.030781
1 0.314849 0.722973 0.033495 0.033784
1 0.329178 0.708146 0.030889 0.024399
1 0.317082 0.691066 0.032750 0.033033
1 0.292147 0.697447 0.033495 0.038288
1 0.253629 0.677365 0.029401 0.040165
1 0.272237 0.683371 0.029401 0.032658
1 0.224042 0.667230 0.037961 0.038664
1 0.203387 0.650526 0.042054 0.029279
1 0.197990 0.632320 0.044659 0.028153
1 0.203759 0.610173 0.034611 0.028904
1 0.191850 0.597222 0.039077 0.031532
1 0.252884 0.590278 0.045776 0.046922
1 0.175102 0.811749 0.034611 0.033408
1 0.191291 0.836712 0.026796 0.029279
1 0.216971 0.834272 0.036472 0.034910
1 0.251023 0.860173 0.044287 0.044670
1 0.369185 0.855105 0.053591 0.046547
1 0.360625 0.902027 0.046148 0.037538
1 0.357834 0.925676 0.043543 0.036036
1 0.453480 0.927553 0.049498 0.050300
1 0.067547 0.612800 0.039077 0.027402
1 0.065873 0.588589 0.036472 0.033784
1 0.114998 0.570946 0.042426 0.044294
1 0.147748 0.546171 0.029773 0.036787
1 0.174544 0.542230 0.033495 0.025150
1 0.168217 0.565691 0.029029 0.030781
1 0.190175 0.560060 0.034983 0.034535
1 0.178638 0.522523 0.033495 0.030781
1 0.184779 0.496809 0.036844 0.029655
1 0.161891 0.502815 0.030517 0.027402
1 0.117231 0.501126 0.037216 0.037538
1 0.073130 0.514077 0.045032 0.040165
1 0.057499 0.422297 0.027168 0.030781
1 0.077782 0.434872 0.034983 0.034159
1 0.137142 0.478041 0.029401 0.027402
1 0.155564 0.477102 0.024563 0.031532
1 0.175475 0.463026 0.039821 0.036411
1 0.236323 0.432808 0.044659 0.046547
1 0.144027 0.440503 0.026051 0.029655
1 0.122069 0.442380 0.036472 0.034910
1 0.142910 0.412725 0.033495 0.029655
1 0.128768 0.407470 0.026796 0.026652
1 0.107555 0.408596 0.032750 0.028904
1 0.121883 0.390015 0.027912 0.021021
1 0.127652 0.377440 0.032006 0.022898
1 0.099553 0.384760 0.033867 0.024775
1 0.141049 0.354167 0.029029 0.031156
1 0.115184 0.364302 0.025679 0.022898
1 0.100670 0.358483 0.021958 0.019520
1 0.089691 0.348348 0.029029 0.020270
1 0.065128 0.369557 0.026051 0.022147
1 0.114626 0.344970 0.025307 0.021772
1 0.126535 0.333709 0.030517 0.019520
1 0.126721 0.319820 0.033122 0.021021
1 0.130815 0.304242 0.029401 0.020646
1 0.127466 0.291667 0.028656 0.020270
1 0.136956 0.282095 0.023818 0.025901
1 0.151098 0.269895 0.031262 0.030781
1 0.109416 0.308371 0.034239 0.028904
1 0.106252 0.273836 0.027912 0.022898
1 0.148307 0.249625 0.024935 0.020270
1 0.130257 0.244182 0.020841 0.025150
1 0.151656 0.238551 0.026424 0.025901
1 0.138072 0.224474 0.029773 0.021021
1 0.167473 0.190503 0.025307 0.021396