2 0.708124 0.920779 0.031428 0.035714
2 0.630726 0.942532 0.029756 0.030519
2 0.802742 0.327110 0.051488 0.045779
2 0.652959 0.326948 0.046807 0.037013
2 0.814945 0.424351 0.049147 0.043506
2 0.831327 0.482143 0.037780 0.038961
2 0.846205 0.655357 0.036777 0.039286
2 0.879806 0.761364 0.042461 0.045455
2 0.711635 0.588636 0.039786 0.035714
2 0.689402 0.560877 0.036108 0.026948
2 0.691408 0.536688 0.044801 0.032468
2 0.730023 0.469318 0.042461 0.043182
2 0.428285 0.408279 0.046807 0.041234
2 0.417085 0.303571 0.042461 0.045455
2 0.340020 0.395617 0.046807 0.041234
2 0.353394 0.463961 0.038114 0.041558
2 0.393012 0.529221 0.051153 0.038961
2 0.443664 0.568831 0.046807 0.045455
2 0.445838 0.790097 0.051153 0.047727