2 0.500364 0.948545 0.053552 0.046182
2 0.620401 0.936364 0.043716 0.032000
2 0.609654 0.904000 0.046266 0.048727
2 0.638434 0.895636 0.036794 0.060364
2 0.655191 0.876545 0.046266 0.027273
2 0.652641 0.844182 0.055738 0.034545
2 0.649180 0.822545 0.048816 0.043636
2 0.644444 0.740000 0.048816 0.041455
2 0.640619 0.705273 0.060838 0.048364
2 0.803825 0.683636 0.036794 0.048727
2 0.778871 0.670364 0.034244 0.046182
2 0.886703 0.624909 0.043716 0.046182
2 0.839891 0.590182 0.046266 0.048727
2 0.841166 0.627273 0.043716 0.041455
2 0.875956 0.749636 0.051366 0.055636
2 0.697086 0.653636 0.044080 0.046182
2 0.719854 0.633455 0.041530 0.048727
2 0.789435 0.518364 0.051002 0.048364
2 0.735519 0.572364 0.048816 0.041455
2 0.740437 0.532727 0.038980 0.053091
2 0.691075 0.514727 0.051002 0.055636
2 0.663570 0.522000 0.053552 0.055636
2 0.655191 0.565091 0.046266 0.036364
2 0.673042 0.578364 0.044080 0.038909
2 0.616758 0.613091 0.041530 0.041455
2 0.579599 0.610545 0.048816 0.050909
2 0.572313 0.647636 0.043716 0.034182
2 0.581967 0.678909 0.044080 0.043636
2 0.556831 0.671636 0.036794 0.034182
2 0.561566 0.726909 0.051366 0.048727
2 0.503825 0.723273 0.051002 0.050909
2 0.499089 0.645455 0.051002 0.058182
2 0.473953 0.658545 0.048816 0.056000
2 0.530419 0.598545 0.051002 0.050909
2 0.606011 0.520727 0.038980 0.024727
2 0.617851 0.486000 0.058288 0.046182
2 0.622587 0.450000 0.058288 0.055636
2 0.563934 0.533818 0.056102 0.050909
2 0.536430 0.495636 0.053552 0.056000
2 0.485974 0.486000 0.048816 0.055636
2 0.466667 0.445273 0.058288 0.046182
2 0.463206 0.416545 0.046266 0.036727
2 0.438069 0.477636 0.053552 0.053455
2 0.437887 0.556727 0.034244 0.034182
2 0.423497 0.587818 0.048452 0.029455
2 0.408015 0.556545 0.041530 0.053455
2 0.397086 0.442909 0.048816 0.056000
2 0.377960 0.385455 0.053552 0.050909
2 0.424772 0.327818 0.060474 0.055636
2 0.371949 0.337455 0.056102 0.060364
2 0.316758 0.398545 0.055738 0.048727
2 0.320401 0.362545 0.053552 0.048727
2 0.346812 0.463273 0.048816 0.039273
2 0.338434 0.496727 0.051002 0.043636
2 0.284335 0.501636 0.053552 0.044000
2 0.365938 0.723091 0.063024 0.060727
2 0.255556 0.436909 0.048452 0.053455
2 0.231512 0.541091 0.053552 0.050909
2 0.158288 0.769818 0.065209 0.072727
2 0.079235 0.641636 0.046266 0.060727
2 0.159563 0.484909 0.058288 0.053455
2 0.199089 0.456182 0.051366 0.053455
2 0.149909 0.440545 0.053552 0.051273
2 0.212204 0.426182 0.053552 0.050909
2 0.215847 0.381818 0.055738 0.053091
2 0.743898 0.210364 0.060474 0.070182
2 0.311840 0.282364 0.051002 0.060727
2 0.263934 0.286000 0.065209 0.072364
2 0.173953 0.260727 0.063024 0.065455