3 0.597692 0.129704 0.152805 0.146517
3 0.817748 0.441553 0.163152 0.172138
3 0.212893 0.462970 0.131317 0.137310
3 0.450060 0.113891 0.152805 0.130905
3 0.385197 0.304444 0.175090 0.175741
3 0.582969 0.513211 0.210107 0.148118
3 0.554517 0.919335 0.096697 0.084468
3 0.852567 0.290232 0.169916 0.192154
3 0.265022 0.213371 0.152010 0.141713
3 0.187027 0.748799 0.179069 0.195757
3 0.071429 0.463571 0.072025 0.064051
3 0.531437 0.759408 0.122961 0.145717
3 0.156984 0.591073 0.155591 0.161329
3 0.639873 0.630905 0.150418 0.122498
3 0.887386 0.466974 0.140072 0.144516
3 0.624552 0.909327 0.076005 0.084468
3 0.701751 0.562850 0.118981 0.127302
3 0.889972 0.654524 0.101472 0.091273
3 0.336848 0.408127 0.174692 0.177342
3 0.387386 0.758006 0.188221 0.168535
3 0.774373 0.855885 0.102666 0.100881
3 0.627537 0.740392 0.113808 0.101281
3 0.104656 0.619295 0.133705 0.134508
3 0.515917 0.253002 0.131715 0.141713
3 0.681257 0.883907 0.090728 0.100881
3 0.895344 0.584067 0.124154 0.105685
3 0.548548 0.391713 0.147632 0.154123
3 0.862117 0.740392 0.086351 0.112490
3 0.780541 0.596677 0.112614 0.125300
3 0.321926 0.151922 0.124950 0.140512
3 0.475925 0.861890 0.074015 0.096077
3 0.405094 0.922138 0.124154 0.093275
3 0.463589 0.206966 0.128134 0.108086
3 0.695185 0.214972 0.167131 0.175340
3 0.656785 0.809448 0.091126 0.065653
3 0.408277 0.875100 0.109829 0.082466
3 0.534421 0.851081 0.068444 0.070456
3 0.782531 0.777022 0.091126 0.089672
3 0.234580 0.374299 0.086351 0.112890
3 0.670513 0.363090 0.162356 0.143315
3 0.514326 0.945556 0.098289 0.068855
3 0.299244 0.847678 0.133705 0.148519
3 0.725826 0.658327 0.068444 0.062850
3 0.181058 0.282026 0.144847 0.115693
3 0.576204 0.818054 0.073219 0.065252
3 0.781735 0.702762 0.108635 0.085268
3 0.723637 0.788231 0.085555 0.100080
3 0.094906 0.407326 0.083963 0.081265
3 0.141066 0.471177 0.083963 0.084868
3 0.159172 0.373899 0.064465 0.064051
3 0.687823 0.705364 0.081576 0.068855
3 0.091922 0.521817 0.114604 0.080464
3 0.650816 0.205364 0.131715 0.164932
3 0.124154 0.373499 0.075607 0.061649
3 0.662555 0.414732 0.120971 0.113691
3 0.152407 0.317654 0.090728 0.073259
3 0.602069 0.876501 0.062873 0.058046
3 0.624751 0.843074 0.059690 0.066453