3 0.718725 0.829421 0.044507 0.070012
3 0.683841 0.800486 0.057338 0.038851
3 0.601043 0.887495 0.054531 0.055848
3 0.565557 0.919466 0.075782 0.080939
3 0.389134 0.092877 0.064555 0.079725
3 0.358260 0.143262 0.091018 0.072036
3 0.310946 0.165520 0.084603 0.067989
3 0.476343 0.507082 0.164395 0.155403
3 0.344427 0.488669 0.106656 0.096722
3 0.323176 0.404492 0.133119 0.088628
3 0.323176 0.357952 0.127506 0.102388
3 0.410385 0.331242 0.085405 0.112910
3 0.443464 0.311412 0.082598 0.131526
3 0.522654 0.243424 0.204090 0.176851
3 0.617883 0.327398 0.209302 0.200728
3 0.679832 0.455281 0.191259 0.206394
3 0.660184 0.605828 0.140738 0.134359
3 0.612470 0.716512 0.167201 0.131526
3 0.729952 0.647106 0.095830 0.120599
3 0.710305 0.744435 0.087811 0.086200
3 0.763031 0.720558 0.082598 0.086200
3 0.821171 0.701943 0.072173 0.112910
3 0.490978 0.644678 0.204090 0.200728
3 0.374699 0.601781 0.103849 0.174019
3 0.265036 0.643059 0.280674 0.208822
3 0.188452 0.467220 0.227747 0.224605
3 0.230754 0.385876 0.143144 0.168758
3 0.345830 0.249899 0.130313 0.088628
3 0.233561 0.231283 0.122294 0.125860
3 0.450080 0.093889 0.132719 0.155403
3 0.572775 0.103399 0.140738 0.158236
3 0.344226 0.896601 0.212109 0.206798
3 0.484362 0.903076 0.117081 0.184945
3 0.876704 0.557871 0.193665 0.197896
3 0.885726 0.713881 0.090617 0.126265
3 0.828990 0.360583 0.177626 0.155403
3 0.808140 0.227236 0.167201 0.139620
3 0.728749 0.153986 0.151163 0.168758
3 0.612470 0.824565 0.114274 0.080534
3 0.835605 0.807163 0.064154 0.088628
3 0.773657 0.809794 0.071772 0.083367