4 0.627522 0.082251 0.048991 0.041847
4 0.582313 0.112374 0.040706 0.047980
4 0.608249 0.131674 0.035663 0.038240
4 0.630223 0.114538 0.047911 0.045815
4 0.643372 0.138348 0.049712 0.042208
4 0.667147 0.152958 0.051153 0.048341
4 0.628062 0.188312 0.045749 0.045455
4 0.544488 0.123737 0.030620 0.026696
4 0.517651 0.085137 0.025937 0.020202
4 0.530620 0.099567 0.037464 0.044012
4 0.504863 0.098846 0.033501 0.036797
4 0.487032 0.079545 0.042507 0.041486
4 0.503602 0.140332 0.042507 0.037518
4 0.470641 0.154401 0.025576 0.026696
4 0.458213 0.090368 0.035303 0.036436
4 0.446686 0.076479 0.030259 0.025974
4 0.431556 0.066017 0.026657 0.027417
4 0.412104 0.069625 0.034582 0.034632
4 0.386707 0.058983 0.038545 0.025613
4 0.431016 0.089105 0.036383 0.029582
4 0.422190 0.106602 0.023055 0.023449
4 0.416967 0.123377 0.022695 0.021645
4 0.445605 0.121212 0.035303 0.029582
4 0.432097 0.133658 0.027738 0.024892
4 0.445245 0.146465 0.034582 0.029582
4 0.444164 0.166126 0.038184 0.030664
4 0.393372 0.137085 0.028098 0.023088
4 0.347622 0.110029 0.038905 0.035354
4 0.333934 0.127706 0.034582 0.031025
4 0.363293 0.135101 0.034942 0.032107
4 0.366535 0.157107 0.027738 0.023449
4 0.380944 0.165224 0.034942 0.033189
4 0.344561 0.151876 0.031340 0.028139
4 0.325288 0.154040 0.038905 0.032468
4 0.253602 0.209055 0.038184 0.029942
4 0.251621 0.121212 0.034942 0.028139
4 0.479827 0.194986 0.036744 0.027778
4 0.480908 0.211039 0.034582 0.024531
4 0.472803 0.234127 0.027017 0.026696
4 0.391210 0.246212 0.038184 0.045815
4 0.417867 0.243867 0.033141 0.031025
4 0.442183 0.262987 0.025576 0.025974
4 0.511527 0.236472 0.035303 0.032828
4 0.511527 0.262807 0.029539 0.026335
4 0.541427 0.246392 0.028818 0.030303
4 0.524676 0.255772 0.024135 0.028860
4 0.543948 0.266595 0.026657 0.030303
4 0.563761 0.271465 0.025937 0.029942
4 0.784942 0.185426 0.047550 0.051227
4 0.736491 0.196970 0.035663 0.039683
4 0.721362 0.210498 0.045749 0.045094
4 0.670749 0.245310 0.033141 0.032468
4 0.665166 0.268759 0.029179 0.031025
4 0.707493 0.245671 0.030259 0.041126
4 0.729287 0.252525 0.027738 0.038961
4 0.754143 0.249098 0.034942 0.037879
4 0.792867 0.247655 0.044669 0.050866
4 0.796470 0.288600 0.023055 0.023088
4 0.818984 0.269841 0.056556 0.040404
4 0.823487 0.295274 0.051153 0.040765
4 0.807277 0.314394 0.050432 0.042208
4 0.752522 0.283730 0.025937 0.025613
4 0.725144 0.279401 0.028818 0.029942
4 0.699928 0.274170 0.019452 0.016595
4 0.698307 0.287518 0.025576 0.024531
4 0.682997 0.282828 0.021614 0.028139
4 0.665346 0.299423 0.026657 0.027417
4 0.669669 0.316198 0.013689 0.019841
4 0.677774 0.306277 0.016931 0.027417
4 0.690742 0.314755 0.014049 0.022727
4 0.702089 0.314935 0.018012 0.027417
4 0.717759 0.305014 0.021254 0.025613
4 0.737572 0.295635 0.024856 0.022727
4 0.740274 0.310606 0.025216 0.021645
4 0.770533 0.311688 0.030980 0.038240
4 0.752882 0.323954 0.017291 0.031025
4 0.739914 0.322872 0.019452 0.028139
4 0.726225 0.330087 0.026657 0.029582
4 0.710014 0.331349 0.023055 0.024170
4 0.708213 0.350108 0.020893 0.029221
4 0.721542 0.353175 0.021614 0.028139
4 0.692183 0.332973 0.021254 0.028139
4 0.680656 0.333153 0.022695 0.023449
4 0.605728 0.263167 0.040706 0.035714
4 0.630043 0.283911 0.038905 0.036797
4 0.613653 0.298521 0.016210 0.018398
4 0.624280 0.316919 0.018732 0.019841
4 0.614373 0.317460 0.014049 0.016595
4 0.603386 0.318182 0.026657 0.028139
4 0.579791 0.314574 0.019092 0.019481
4 0.587536 0.317100 0.012248 0.018759
4 0.580872 0.301768 0.023415 0.014791
4 0.580512 0.289502 0.020533 0.025613
4 0.596722 0.291126 0.023415 0.025974
4 0.553854 0.307359 0.027017 0.030303
4 0.535843 0.311688 0.029179 0.028860
4 0.511888 0.299423 0.027378 0.022367
4 0.511167 0.321609 0.030259 0.032107
4 0.485951 0.315476 0.033141 0.030664
4 0.466499 0.299242 0.025937 0.018398
4 0.464697 0.286977 0.024496 0.019120
4 0.483069 0.363095 0.023055 0.020563
4 0.492435 0.391234 0.026657 0.023449
4 0.568984 0.353355 0.032781 0.029221
4 0.589697 0.343434 0.028818 0.028860
4 0.633465 0.334416 0.024856 0.028139
4 0.640670 0.356602 0.012608 0.015512
4 0.650396 0.352994 0.015490 0.025613
4 0.661744 0.352814 0.018012 0.026696
4 0.606088 0.369228 0.030620 0.027056
4 0.580872 0.399170 0.035663 0.037157
4 0.591679 0.410534 0.024135 0.023088
4 0.612932 0.384019 0.028458 0.029942
4 0.639589 0.379149 0.024856 0.024531
4 0.640670 0.398629 0.024856 0.020924
4 0.659042 0.379870 0.018372 0.020924
4 0.665526 0.391414 0.021974 0.026696
4 0.688040 0.363276 0.025216 0.023088
4 0.688220 0.377706 0.009726 0.012266
4 0.702810 0.373016 0.028818 0.023088
4 0.704251 0.388528 0.028098 0.017316
4 0.703890 0.399351 0.021614 0.017316
4 0.706772 0.413240 0.021614 0.020563
4 0.719020 0.403860 0.017291 0.024170
4 0.768732 0.363997 0.028098 0.030303
4 0.776477 0.349567 0.029179 0.034632
4 0.788184 0.341450 0.036023 0.035714
4 0.798091 0.373557 0.032061 0.034993
4 0.819885 0.380952 0.026657 0.033189
4 0.850144 0.357323 0.059078 0.041486
4 0.440382 0.327561 0.027017 0.025974
4 0.460375 0.332071 0.025216 0.028499
4 0.439481 0.344336 0.024496 0.025613
4 0.415346 0.352633 0.029539 0.030664
4 0.459834 0.353716 0.028458 0.027056
4 0.456052 0.370491 0.030980 0.023088
4 0.453170 0.389971 0.030259 0.029582
4 0.421110 0.273449 0.038184 0.030303
4 0.405620 0.321789 0.024496 0.025253
4 0.391931 0.326479 0.018012 0.017316
4 0.383285 0.343074 0.024496 0.023810
4 0.379863 0.373016 0.019813 0.019481
4 0.379503 0.306457 0.024135 0.027778
4 0.390850 0.310786 0.015130 0.018398
4 0.400756 0.297799 0.016210 0.016955
4 0.392651 0.290765 0.018012 0.016595
4 0.408321 0.284993 0.019813 0.018759
4 0.392651 0.279582 0.020173 0.019481
4 0.385267 0.271465 0.019092 0.019841
4 0.435699 0.239538 0.024856 0.020924
4 0.439301 0.226551 0.024135 0.017316
4 0.422370 0.211941 0.023415 0.027056
4 0.437320 0.206890 0.020173 0.028499
4 0.448127 0.211400 0.015850 0.028860
4 0.460375 0.210498 0.022334 0.027778
4 0.860050 0.385281 0.050793 0.044733
4 0.835014 0.393038 0.030980 0.036436
4 0.820065 0.403499 0.026297 0.031385
4 0.797911 0.412338 0.018732 0.033189
4 0.815382 0.422078 0.021254 0.036075
4 0.865454 0.435426 0.055836 0.060606
4 0.763689 0.405844 0.028098 0.025974
4 0.744597 0.411977 0.022334 0.028860
4 0.769092 0.421537 0.028098 0.024170
4 0.780439 0.437410 0.024856 0.029942
4 0.796290 0.440115 0.014769 0.015873
4 0.803134 0.457251 0.032781 0.035714
4 0.789986 0.480339 0.024496 0.034271
4 0.810519 0.490079 0.036744 0.034993
4 0.867976 0.526154 0.075288 0.079004
4 0.739373 0.447511 0.031340 0.030664
4 0.715418 0.459416 0.028818 0.031385
4 0.737572 0.468615 0.017651 0.018038
4 0.685339 0.446609 0.032781 0.035354
4 0.663184 0.417749 0.015850 0.017316
4 0.654179 0.410714 0.021614 0.022006
4 0.647154 0.422980 0.028458 0.028499
4 0.621037 0.445346 0.028098 0.031385
4 0.632205 0.454906 0.013689 0.016595
4 0.643912 0.460859 0.024135 0.029221
4 0.615634 0.474206 0.038905 0.034271
4 0.661203 0.482864 0.032061 0.033550
4 0.681916 0.496753 0.021614 0.027417
4 0.661203 0.514791 0.033501 0.040404
4 0.722622 0.499098 0.025216 0.028499
4 0.744777 0.488997 0.030620 0.029942
4 0.724063 0.524351 0.030259 0.029942
4 0.742255 0.515693 0.021974 0.031385
4 0.761888 0.507395 0.030980 0.029942
4 0.763509 0.527958 0.034942 0.031385
4 0.614733 0.522908 0.024135 0.023449
4 0.588977 0.538600 0.026657 0.023810
4 0.559798 0.526696 0.032421 0.036075
4 0.533321 0.514791 0.030620 0.035354
4 0.549892 0.558442 0.032061 0.036075
4 0.828350 0.565657 0.060879 0.065657
4 0.800072 0.590368 0.040346 0.043651
4 0.790346 0.548521 0.035303 0.038600
4 0.768192 0.558622 0.036383 0.040043
4 0.766210 0.619949 0.040346 0.043651
4 0.737032 0.552670 0.026657 0.031025
4 0.706592 0.563672 0.021974 0.027056
4 0.720641 0.553030 0.022695 0.019481
4 0.723883 0.571789 0.030620 0.026696
4 0.705512 0.594156 0.036383 0.039683
4 0.694164 0.613636 0.033141 0.023088
4 0.697046 0.629509 0.038905 0.022367
4 0.689841 0.664863 0.033862 0.032468
4 0.712716 0.653680 0.041427 0.036075
4 0.767471 0.688131 0.061599 0.059524
4 0.737752 0.701659 0.028098 0.044012
4 0.718660 0.700938 0.031700 0.039683
4 0.660303 0.633838 0.033141 0.033189
4 0.632565 0.656926 0.035303 0.028860
4 0.626801 0.629329 0.032421 0.032107
4 0.596182 0.632035 0.034582 0.032468
4 0.587176 0.651876 0.020893 0.022367
4 0.624640 0.565837 0.043228 0.038600
4 0.664625 0.555556 0.035303 0.031746
4 0.673811 0.569264 0.027738 0.020202
4 0.675432 0.584776 0.029539 0.020202
4 0.668948 0.594877 0.029539 0.028139
4 0.547190 0.602633 0.035303 0.034271
4 0.528638 0.613095 0.029899 0.033550
4 0.518732 0.652417 0.033141 0.031385
4 0.557277 0.694444 0.035303 0.036797
4 0.592399 0.682540 0.027738 0.029582
4 0.589517 0.702561 0.027017 0.028499
4 0.611311 0.700938 0.029539 0.029582
4 0.614914 0.679293 0.026657 0.024531
4 0.639229 0.707973 0.035663 0.034993
4 0.519272 0.536436 0.032781 0.033189
4 0.766210 0.751804 0.070605 0.072150
4 0.753963 0.797258 0.041787 0.046176
4 0.736852 0.809524 0.041427 0.046176
4 0.696866 0.722222 0.043588 0.041847
4 0.677594 0.821068 0.048991 0.049784
4 0.700829 0.838925 0.035663 0.038600
4 0.635086 0.799242 0.024496 0.021284
4 0.622118 0.782828 0.038184 0.035354
4 0.626801 0.755051 0.037464 0.036075
4 0.591318 0.751984 0.032781 0.035714
4 0.562320 0.761544 0.021614 0.020202
4 0.551513 0.750902 0.033141 0.034271
4 0.528818 0.732864 0.035303 0.034993
4 0.487212 0.724747 0.029179 0.023810
4 0.516390 0.769661 0.019092 0.023449
4 0.499280 0.780664 0.031700 0.036797
4 0.531880 0.810065 0.031340 0.032828
4 0.568264 0.827020 0.020533 0.022006
4 0.624640 0.827020 0.018732 0.026335
4 0.607349 0.829906 0.030259 0.032107
4 0.594921 0.842532 0.032061 0.024892
4 0.449568 0.760823 0.033141 0.034632
4 0.420389 0.771465 0.033141 0.037879
4 0.445245 0.801046 0.030980 0.028499
4 0.451189 0.821789 0.027738 0.025253
4 0.428854 0.814214 0.025576 0.024531
4 0.428854 0.832973 0.027738 0.023810
4 0.422010 0.856602 0.028458 0.034993
4 0.480187 0.849026 0.030259 0.028499
4 0.519633 0.846681 0.027017 0.031746
4 0.553314 0.848665 0.027378 0.026335
4 0.545029 0.860570 0.021614 0.019120
4 0.527558 0.863456 0.019092 0.022006
4 0.682277 0.890693 0.055476 0.053391
4 0.636347 0.867424 0.041427 0.043651
4 0.578170 0.857143 0.020173 0.024531
4 0.601585 0.866883 0.026657 0.025253
4 0.580151 0.875541 0.029899 0.021645
4 0.590058 0.888528 0.032421 0.023810
4 0.587176 0.907648 0.031700 0.032468
4 0.566463 0.907107 0.025576 0.034271
4 0.546290 0.885462 0.024135 0.023449
4 0.539625 0.911075 0.028818 0.028499
4 0.540706 0.927309 0.023775 0.021284
4 0.518192 0.920815 0.032061 0.029221
4 0.515670 0.903139 0.027017 0.023449
4 0.509906 0.881133 0.022695 0.022727
4 0.508826 0.865801 0.018372 0.018759
4 0.488653 0.876984 0.027017 0.030303
4 0.473163 0.887987 0.020533 0.020563
4 0.449748 0.872655 0.021974 0.022367
4 0.468660 0.875361 0.026657 0.024170
4 0.482349 0.924062 0.033862 0.032828
4 0.472983 0.905483 0.020893 0.025253
4 0.459294 0.910534 0.025937 0.031746
4 0.442723 0.927670 0.028098 0.037157
4 0.421650 0.928211 0.028458 0.038240
4 0.402738 0.871753 0.030980 0.025613
4 0.385987 0.870310 0.024856 0.021284
4 0.381484 0.884199 0.028818 0.025253
4 0.374099 0.863817 0.024135 0.019841
4 0.388329 0.797439 0.030980 0.027778
4 0.366895 0.876623 0.021254 0.017316
4 0.330512 0.854437 0.029179 0.026335
4 0.308898 0.875902 0.032061 0.031025
4 0.329611 0.869769 0.016571 0.012987
4 0.326729 0.880772 0.015130 0.018398
4 0.280439 0.866883 0.030620 0.031746
4 0.252702 0.840007 0.034942 0.037157
4 0.188761 0.829004 0.030259 0.032468
4 0.255223 0.814755 0.016210 0.023449
4 0.274676 0.815115 0.032061 0.033550
4 0.347442 0.816739 0.029179 0.026696
4 0.317183 0.779582 0.030620 0.026696
4 0.357169 0.762085 0.030620 0.032828
4 0.328710 0.743326 0.031340 0.034993
4 0.309258 0.750541 0.022695 0.022727
4 0.261707 0.740260 0.027738 0.028860
4 0.290346 0.742424 0.021614 0.025253
4 0.299892 0.727273 0.031340 0.029582
4 0.280980 0.757395 0.023775 0.027056
4 0.266030 0.767857 0.021254 0.025613
4 0.257385 0.780844 0.026297 0.025613
4 0.226585 0.746032 0.014409 0.011544
4 0.226405 0.761905 0.027738 0.028860
4 0.222082 0.805556 0.032061 0.031025
4 0.195065 0.806457 0.014049 0.017677
4 0.203710 0.792027 0.027738 0.028499
4 0.193624 0.777597 0.028458 0.030664
4 0.176693 0.777417 0.019813 0.027417
4 0.183898 0.763167 0.025576 0.020563
4 0.149676 0.762987 0.031340 0.030303
4 0.163545 0.768398 0.019452 0.028860
4 0.199207 0.748196 0.030259 0.025974
4 0.215238 0.733586 0.016931 0.013348
4 0.178494 0.747114 0.023415 0.028139
4 0.189661 0.728535 0.024856 0.026335
4 0.155620 0.718795 0.025937 0.029221
4 0.169488 0.725830 0.022695 0.029582
4 0.324027 0.818903 0.026297 0.028139
4 0.308898 0.828463 0.016210 0.018398
4 0.297190 0.810967 0.018012 0.033911
4 0.306016 0.804473 0.014049 0.027417
4 0.316463 0.805736 0.016931 0.026335
4 0.354287 0.792208 0.024135 0.026696
4 0.372118 0.789141 0.028818 0.032107
4 0.113473 0.684885 0.025937 0.031385
4 0.095281 0.688312 0.026297 0.029582
4 0.119957 0.705087 0.027378 0.028499
4 0.129503 0.691378 0.028458 0.029942
4 0.186239 0.689214 0.030259 0.031385
4 0.218300 0.706890 0.030259 0.027056
4 0.220281 0.676948 0.031340 0.031385
4 0.187680 0.631854 0.030259 0.033550
4 0.117795 0.643579 0.038905 0.036797
4 0.125360 0.587843 0.036023 0.036436
4 0.152558 0.571970 0.031340 0.032828
4 0.194524 0.573954 0.036023 0.034632
4 0.217939 0.595960 0.034582 0.032468
4 0.087896 0.602814 0.039625 0.034632
4 0.062500 0.571429 0.036383 0.038240
4 0.245137 0.641775 0.026297 0.031746
4 0.266571 0.645202 0.027378 0.029221
4 0.262608 0.614538 0.031700 0.033550
4 0.271073 0.669012 0.034222 0.029942
4 0.272154 0.691378 0.032781 0.027778
4 0.285663 0.701840 0.038184 0.029942
4 0.327990 0.699134 0.032781 0.036075
4 0.311419 0.649531 0.029899 0.027778
4 0.340238 0.643398 0.029179 0.034271
4 0.376441 0.632035 0.034582 0.029582
4 0.349424 0.606421 0.029539 0.029582
4 0.365634 0.591811 0.023775 0.023449
4 0.373559 0.611652 0.026657 0.024892
4 0.421290 0.657468 0.036383 0.044372
4 0.442543 0.667027 0.033501 0.041126
4 0.411744 0.601010 0.020173 0.025974
4 0.278999 0.586039 0.017651 0.018398
4 0.273595 0.568001 0.028458 0.031385
4 0.490814 0.622114 0.028458 0.037879
4 0.466499 0.604437 0.028818 0.030664
4 0.449748 0.565115 0.034222 0.032107
4 0.423991 0.575216 0.025216 0.027778
4 0.425612 0.545996 0.032061 0.031385
4 0.404179 0.545635 0.019452 0.018398
4 0.392651 0.556638 0.022334 0.022367
4 0.393372 0.595779 0.032421 0.035714
4 0.408862 0.568362 0.018732 0.024892
4 0.480187 0.492605 0.034582 0.037879
4 0.441823 0.468074 0.030620 0.032828
4 0.425252 0.500722 0.029179 0.028860
4 0.414085 0.479076 0.024856 0.023088
4 0.397514 0.504149 0.019092 0.024170
4 0.383105 0.505411 0.020533 0.023088
4 0.384186 0.518579 0.021974 0.019841
4 0.369777 0.518038 0.016931 0.020202
4 0.382024 0.529762 0.022695 0.020563
4 0.379863 0.542929 0.025576 0.027417
4 0.345821 0.529762 0.026657 0.027778
4 0.311419 0.529762 0.024135 0.024170
4 0.304935 0.544913 0.025576 0.031385
4 0.292507 0.526515 0.029539 0.027056
4 0.286203 0.507215 0.020533 0.022367
4 0.278638 0.499459 0.021254 0.019120
4 0.273955 0.486652 0.025576 0.020202
4 0.265310 0.467172 0.015490 0.023810
4 0.282241 0.469697 0.023415 0.025974
4 0.301513 0.470238 0.018012 0.019841
4 0.305476 0.482684 0.018732 0.018759
4 0.341318 0.472403 0.019813 0.022727
4 0.325468 0.483225 0.021254 0.021284
4 0.333754 0.499278 0.024856 0.023810
4 0.356448 0.510462 0.024135 0.027417
4 0.362572 0.491522 0.020533 0.021284
4 0.383646 0.472403 0.024496 0.022006
4 0.387608 0.484127 0.022334 0.020202
4 0.373019 0.455628 0.027738 0.025253
4 0.246398 0.556457 0.031700 0.027056
4 0.248559 0.535895 0.024496 0.023449
4 0.233790 0.530123 0.018732 0.023449
4 0.238473 0.514430 0.019452 0.019481
4 0.215778 0.517316 0.022334 0.025974
4 0.247298 0.503968 0.022695 0.021645
4 0.242435 0.488456 0.020893 0.021645
4 0.197586 0.494949 0.027738 0.028860
4 0.172370 0.530844 0.025576 0.022727
4 0.203170 0.472403 0.020893 0.022727
4 0.186599 0.471861 0.021614 0.024531
4 0.511167 0.437410 0.030259 0.034271
4 0.524316 0.424062 0.030620 0.036436
4 0.444164 0.428752 0.033862 0.033550
4 0.429215 0.443723 0.016931 0.019481
4 0.433898 0.411255 0.029899 0.030303
4 0.407241 0.426227 0.021974 0.024170
4 0.393732 0.433802 0.019452 0.022006
4 0.386888 0.419913 0.018732 0.021645
4 0.395173 0.410534 0.016571 0.018759
4 0.408862 0.405123 0.021614 0.027417
4 0.388148 0.402056 0.023415 0.021284
4 0.384906 0.387987 0.030620 0.024170
4 0.348163 0.391414 0.028458 0.023810
4 0.349964 0.408730 0.023415 0.020924
4 0.349784 0.442100 0.021614 0.024892
4 0.368156 0.436508 0.022334 0.026696
4 0.357349 0.420274 0.023055 0.021645
4 0.302053 0.447872 0.021254 0.022727
4 0.291427 0.448773 0.019452 0.020202
4 0.282961 0.412698 0.025576 0.022367
4 0.265490 0.402417 0.023055 0.021284
4 0.257565 0.425144 0.019452 0.019120
4 0.268732 0.433983 0.019452 0.021645
4 0.262068 0.443182 0.015490 0.019120
4 0.253963 0.459055 0.016571 0.014791
4 0.241895 0.465548 0.018372 0.022006
4 0.231808 0.469156 0.017651 0.018398
4 0.230908 0.455087 0.020893 0.019120
4 0.229107 0.440657 0.019452 0.022006
4 0.243516 0.444264 0.016571 0.019120
4 0.203710 0.432540 0.029899 0.025253
4 0.233429 0.418470 0.025216 0.020202
4 0.228206 0.402056 0.014049 0.013348
4 0.239553 0.405303 0.019452 0.014069
4 0.262608 0.386183 0.016571 0.020563
4 0.278638 0.383658 0.017651 0.022727
4 0.295929 0.386905 0.021974 0.024892
4 0.310339 0.384019 0.021254 0.023449
4 0.317003 0.369589 0.011527 0.013348
4 0.293228 0.367244 0.019452 0.025253
4 0.270533 0.359307 0.024496 0.021645
4 0.229827 0.368687 0.024496 0.019481
4 0.222622 0.378066 0.022334 0.023810
4 0.140490 0.513167 0.028818 0.034271
4 0.124099 0.500000 0.026297 0.029582
4 0.088256 0.505952 0.034582 0.029942
4 0.073667 0.526154 0.032781 0.032107
4 0.074388 0.543470 0.032061 0.027056
4 0.079071 0.485931 0.029899 0.030303
4 0.080872 0.471681 0.020533 0.016955
4 0.145173 0.444625 0.030259 0.034993
4 0.082313 0.431638 0.036383 0.031385
4 0.093840 0.448954 0.032061 0.027056
4 0.059438 0.458514 0.027378 0.036797
4 0.093300 0.403139 0.024496 0.023449
4 0.093660 0.384921 0.020893 0.020202
4 0.123379 0.382035 0.031340 0.031025
4 0.166246 0.384921 0.028458 0.030303
4 0.192903 0.381133 0.027017 0.027778
4 0.067003 0.354618 0.019452 0.034632
4 0.101045 0.349928 0.029899 0.033189
4 0.121758 0.357323 0.026657 0.027056
4 0.122659 0.335859 0.032781 0.030303
4 0.116354 0.308622 0.039625 0.034271
4 0.119777 0.285714 0.024856 0.023810
4 0.147514 0.257576 0.029899 0.028860
4 0.166246 0.354618 0.030620 0.032468
4 0.190202 0.338564 0.028098 0.029221
4 0.208573 0.362554 0.025216 0.028139
4 0.248199 0.318723 0.018012 0.025613
4 0.235050 0.315657 0.015490 0.020924
4 0.268372 0.314033 0.026657 0.025613
4 0.267111 0.331349 0.017651 0.023449
4 0.283141 0.334957 0.019452 0.022006
4 0.303494 0.337482 0.021974 0.026335
4 0.293948 0.308081 0.023775 0.026696
4 0.316463 0.314755 0.017651 0.021284
4 0.325648 0.323232 0.016571 0.025253
4 0.340958 0.319625 0.020533 0.026696
4 0.374820 0.332071 0.021254 0.024892
4 0.357169 0.325397 0.021974 0.025253
4 0.355367 0.308983 0.016931 0.019841
4 0.358249 0.292388 0.016931 0.024170
4 0.349063 0.294913 0.020173 0.019841
4 0.331592 0.287879 0.024856 0.025974
4 0.345641 0.274892 0.023415 0.021645
4 0.358610 0.257035 0.024856 0.030664
4 0.264950 0.273449 0.027017 0.027417
4 0.225324 0.140693 0.024856 0.025974
4 0.216499 0.161797 0.024496 0.028499
4 0.198307 0.173882 0.038545 0.038240
4 0.181556 0.199675 0.040346 0.041486
4 0.162464 0.230519 0.044669 0.043290
4 0.290706 0.176587 0.023775 0.024170
4 0.280980 0.223846 0.020893 0.022727
4 0.319705 0.182900 0.021254 0.024531
4 0.495137 0.670094 0.031340 0.032828
4 0.393552 0.573593 0.030620 0.024531
4 0.225144 0.352994 0.027378 0.012626
4 0.224964 0.343795 0.026297 0.010101
4 0.226405 0.336039 0.028458 0.006854
4 0.225684 0.327922 0.027738 0.010823
4 0.224424 0.319264 0.023775 0.011544
4 0.223883 0.306999 0.027738 0.014430
4 0.239553 0.292208 0.013689 0.012266
4 0.230908 0.268218 0.025937 0.027056
4 0.226765 0.291847 0.015490 0.008658
4 0.229107 0.299423 0.020173 0.004329
4 0.290706 0.190837 0.024496 0.015152
4 0.311960 0.197150 0.019452 0.024170
4 0.335735 0.179113 0.020173 0.021284
4 0.302233 0.172078 0.023775 0.023810
4 0.295029 0.207431 0.027378 0.020202
4 0.273775 0.202201 0.018012 0.022006
4 0.275937 0.240079 0.021614 0.026335
4 0.261707 0.231421 0.019813 0.023449
4 0.252702 0.238997 0.024856 0.014791
4 0.249099 0.245671 0.024135 0.012987
4 0.244957 0.257756 0.028818 0.017677
4 0.264589 0.259740 0.014049 0.008658
4 0.249820 0.277958 0.016931 0.026335
4 0.238473 0.283009 0.010807 0.011183
4 0.122839 0.236833 0.025216 0.034993
4 0.420749 0.260823 0.015850 0.012266
4 0.360050 0.862013 0.012608 0.015512
4 0.350324 0.871212 0.021974 0.034632
4 0.289805 0.838925 0.021254 0.015512
4 0.294669 0.831349 0.019452 0.014791
4 0.313761 0.841270 0.023775 0.012266
4 0.306016 0.852453 0.021974 0.014430