4 0.593530 0.079930 0.034771 0.036012
4 0.599692 0.115503 0.018046 0.020202
4 0.637764 0.119016 0.025528 0.032499
4 0.641725 0.101230 0.026408 0.033816
4 0.663732 0.108476 0.029049 0.039526
4 0.741857 0.124286 0.037412 0.043039
4 0.745379 0.159859 0.029489 0.035134
4 0.766945 0.160738 0.029489 0.036891
4 0.673856 0.157664 0.030810 0.036012
4 0.695423 0.152394 0.022887 0.025472
4 0.697403 0.168863 0.021567 0.023276
4 0.708407 0.176329 0.022447 0.028546
4 0.728653 0.194115 0.027729 0.031621
4 0.686620 0.198507 0.024648 0.026350
4 0.667033 0.204436 0.020687 0.020641
4 0.694982 0.215854 0.022007 0.025033
4 0.676717 0.217830 0.019806 0.021959
4 0.659991 0.216074 0.019806 0.017567
4 0.643046 0.213219 0.022887 0.027668
4 0.655150 0.233641 0.014525 0.023715
4 0.665493 0.231884 0.019366 0.021959
4 0.682438 0.231664 0.018926 0.023276
4 0.618178 0.213658 0.024208 0.028546
4 0.618838 0.197409 0.014965 0.014493
4 0.636664 0.182038 0.012764 0.018884
4 0.625660 0.181379 0.022447 0.022837
4 0.649428 0.142292 0.025088 0.033377
4 0.628521 0.148441 0.027289 0.028107
4 0.605634 0.144928 0.021127 0.017567
4 0.613556 0.170619 0.015845 0.015371
4 0.600132 0.160957 0.014525 0.019763
4 0.593090 0.169741 0.025968 0.021520
4 0.588908 0.155468 0.018486 0.017567
4 0.585607 0.143171 0.024208 0.028986
4 0.564921 0.140316 0.025968 0.022398
4 0.563160 0.158542 0.025968 0.024594
4 0.557438 0.182038 0.028609 0.021520
4 0.558539 0.198726 0.029930 0.023276
4 0.543134 0.144049 0.022007 0.019324
4 0.539613 0.131313 0.024648 0.019324
4 0.528169 0.122090 0.024648 0.018445
4 0.530370 0.107378 0.027289 0.023276
4 0.514525 0.137681 0.021127 0.025033
4 0.525968 0.142073 0.022007 0.011858
4 0.524208 0.153272 0.023768 0.023715
4 0.507482 0.186869 0.029049 0.026790
4 0.490757 0.167325 0.029930 0.031621
4 0.519146 0.211023 0.014525 0.014493
4 0.526849 0.232543 0.028169 0.039965
4 0.557658 0.251427 0.022887 0.018884
4 0.579005 0.237593 0.022447 0.028986
4 0.591769 0.232982 0.017165 0.025033
4 0.468090 0.218709 0.024208 0.019324
4 0.429798 0.207510 0.034771 0.032938
4 0.398327 0.184673 0.030810 0.029425
4 0.423415 0.238472 0.023768 0.028107
4 0.401408 0.238911 0.028169 0.030742
4 0.338468 0.201142 0.031690 0.026350
4 0.323063 0.213219 0.023768 0.025911
4 0.344190 0.231884 0.025528 0.025472
4 0.326585 0.237154 0.024648 0.029864
4 0.352113 0.266798 0.026408 0.026790
4 0.397447 0.152174 0.024648 0.026790
4 0.418354 0.130435 0.024208 0.022837
4 0.429798 0.141414 0.025968 0.029864
4 0.452025 0.128019 0.026408 0.022398
4 0.465889 0.138120 0.020687 0.025911
4 0.484815 0.141414 0.017165 0.019324
4 0.481074 0.110672 0.028169 0.026350
4 0.490317 0.084761 0.029049 0.027229
4 0.509023 0.063022 0.036532 0.030303
4 0.470511 0.093983 0.030810 0.019324
4 0.466329 0.079930 0.028609 0.025472
4 0.461708 0.056434 0.027289 0.018884
4 0.431998 0.070927 0.027729 0.031181
4 0.415053 0.070268 0.025528 0.024594
4 0.412412 0.097277 0.027289 0.029425
4 0.380942 0.090470 0.029489 0.028107
4 0.361356 0.077075 0.023768 0.019763
4 0.359155 0.091568 0.022887 0.022398
4 0.338028 0.079271 0.030810 0.025033
4 0.319762 0.089811 0.026849 0.025911
4 0.345951 0.112648 0.022887 0.020641
4 0.351452 0.127800 0.024208 0.020202
4 0.380942 0.138120 0.018046 0.021520
4 0.371259 0.160079 0.033011 0.024155
4 0.324824 0.140975 0.023768 0.021959
4 0.319762 0.119675 0.026849 0.021520
4 0.310519 0.151076 0.024208 0.024594
4 0.320202 0.160299 0.026849 0.022837
4 0.474692 0.241546 0.027729 0.026350
4 0.476673 0.259113 0.033451 0.028107
4 0.611796 0.263944 0.022887 0.026350
4 0.644586 0.266140 0.020687 0.029864
4 0.666373 0.272288 0.022007 0.022837
4 0.710167 0.238252 0.023327 0.025033
4 0.744498 0.232762 0.026849 0.025472
4 0.712148 0.261748 0.027289 0.027229
4 0.764965 0.204655 0.037852 0.031621
4 0.757262 0.226175 0.030370 0.030742
4 0.768486 0.251208 0.028169 0.028986
4 0.801276 0.228371 0.025088 0.029864
4 0.833187 0.224199 0.029049 0.029425
4 0.814040 0.239789 0.025088 0.031621
4 0.838468 0.245498 0.040493 0.031621
4 0.789173 0.269873 0.027289 0.028546
4 0.772227 0.277997 0.017165 0.015810
4 0.764305 0.295125 0.015405 0.015810
4 0.786972 0.301274 0.022887 0.025472
4 0.800836 0.299517 0.023327 0.030742
4 0.815141 0.293149 0.029930 0.037330
4 0.841989 0.279754 0.035211 0.040404
4 0.866637 0.290953 0.029930 0.031181
4 0.891725 0.320817 0.043134 0.042600
4 0.798415 0.336188 0.029049 0.028546
4 0.829225 0.348704 0.031690 0.033377
4 0.852553 0.353316 0.022887 0.033816
4 0.876540 0.359025 0.033891 0.042600
4 0.755722 0.317523 0.021127 0.021080
4 0.734155 0.307642 0.026408 0.025033
4 0.740317 0.282609 0.034331 0.032938
4 0.715009 0.296882 0.016285 0.014932
4 0.702245 0.303030 0.025088 0.024594
4 0.681338 0.299736 0.027289 0.022398
4 0.687280 0.283707 0.016285 0.017567
4 0.691681 0.247694 0.017165 0.016689
4 0.691461 0.255819 0.014085 0.018884
4 0.698283 0.325867 0.020687 0.028107
4 0.683759 0.326087 0.022447 0.023276
4 0.696303 0.349583 0.022007 0.026350
4 0.713468 0.351779 0.021127 0.026350
4 0.751540 0.357927 0.021567 0.018445
4 0.745379 0.347606 0.022447 0.019763
4 0.748900 0.338384 0.025088 0.026790
4 0.644806 0.303030 0.027289 0.021080
4 0.642165 0.293368 0.019366 0.017567
4 0.650088 0.285463 0.021127 0.019324
4 0.620819 0.278656 0.022447 0.025911
4 0.603213 0.298419 0.030370 0.025033
4 0.572843 0.297760 0.031250 0.028986
4 0.603653 0.324111 0.020687 0.031621
4 0.589569 0.328283 0.023327 0.025911
4 0.645246 0.344752 0.022887 0.028986
4 0.522887 0.290514 0.029049 0.032060
4 0.498900 0.292051 0.032130 0.035134
4 0.516505 0.323891 0.030370 0.024155
4 0.542914 0.332894 0.024208 0.028107
4 0.569542 0.356829 0.022887 0.029425
4 0.585607 0.352218 0.026849 0.031621
4 0.491197 0.343215 0.022007 0.021520
4 0.503301 0.355951 0.016285 0.018884
4 0.506822 0.338823 0.017165 0.024155
4 0.524868 0.345850 0.018926 0.026790
4 0.537192 0.346728 0.020687 0.029425
4 0.627861 0.362099 0.018046 0.024155
4 0.924516 0.406236 0.049736 0.046552
4 0.833187 0.367369 0.023768 0.025911
4 0.825924 0.384717 0.028609 0.028986
4 0.851012 0.382082 0.036532 0.033377
4 0.781470 0.368467 0.026849 0.024594
4 0.737456 0.375714 0.030370 0.030303
4 0.758803 0.387571 0.025528 0.028546
4 0.775308 0.400747 0.024208 0.027668
4 0.792033 0.387571 0.025968 0.029425
4 0.809419 0.397014 0.027289 0.028107
4 0.816241 0.414361 0.032130 0.026790
4 0.826364 0.433685 0.033891 0.031181
4 0.747799 0.425340 0.027289 0.028546
4 0.766065 0.430830 0.022447 0.032499
4 0.784551 0.437418 0.025088 0.025472
4 0.811840 0.453008 0.022447 0.030303
4 0.783451 0.463988 0.031690 0.026790
4 0.925836 0.458278 0.041813 0.048748
4 0.852553 0.451691 0.032570 0.026790
4 0.830326 0.453667 0.024208 0.024594
4 0.848812 0.466623 0.030370 0.025033
4 0.837368 0.475406 0.024208 0.027668
4 0.816461 0.469697 0.023768 0.020641
4 0.820643 0.482872 0.025088 0.018006
4 0.814040 0.494949 0.018926 0.023715
4 0.791813 0.523935 0.024648 0.027229
4 0.779930 0.483311 0.029930 0.023276
4 0.766285 0.493852 0.018486 0.021520
4 0.776629 0.500878 0.014525 0.017128
4 0.765625 0.505051 0.028609 0.021080
4 0.743178 0.507246 0.017165 0.021959
4 0.763644 0.516908 0.015845 0.017567
4 0.756822 0.530303 0.020687 0.023276
4 0.774868 0.526350 0.017165 0.020641
4 0.768486 0.536451 0.021127 0.021520
4 0.723812 0.497585 0.031250 0.036012
4 0.692121 0.463988 0.038292 0.033816
4 0.696303 0.490119 0.030810 0.030742
4 0.696743 0.408871 0.033451 0.029864
4 0.689040 0.385815 0.028609 0.025911
4 0.674736 0.409969 0.019366 0.018006
4 0.670995 0.435881 0.030370 0.034695
4 0.655590 0.412824 0.028609 0.028986
4 0.653169 0.389987 0.029049 0.031621
4 0.639965 0.377031 0.022007 0.020641
4 0.612676 0.363636 0.020246 0.019324
4 0.619498 0.385815 0.029489 0.024155
4 0.594410 0.403162 0.033011 0.031621
4 0.619718 0.433026 0.029930 0.035134
4 0.655150 0.472552 0.029489 0.028986
4 0.574164 0.439394 0.018926 0.019763
4 0.554798 0.435002 0.026849 0.028546
4 0.563600 0.450154 0.028609 0.026350
4 0.575484 0.498024 0.027729 0.028107
4 0.210607 0.312473 0.035651 0.033816
4 0.935079 0.501537 0.040933 0.041282
4 0.860915 0.522398 0.025528 0.024155
4 0.830766 0.515810 0.029489 0.023276
4 0.651408 0.499780 0.031690 0.029864
4 0.627641 0.488142 0.027289 0.024155
4 0.633803 0.506807 0.025528 0.021959
4 0.624780 0.516469 0.027729 0.021959
4 0.607174 0.499341 0.028609 0.034256
4 0.576585 0.514712 0.031690 0.023715
4 0.938160 0.525911 0.025968 0.026790
4 0.916813 0.548090 0.028169 0.036012
4 0.941021 0.546333 0.026408 0.029864
4 0.933979 0.561704 0.028169 0.024594
4 0.941021 0.578832 0.028169 0.030742
4 0.917033 0.588933 0.028609 0.036012
4 0.893706 0.575758 0.025088 0.021959
4 0.898327 0.594422 0.033451 0.035573
4 0.912852 0.619016 0.019366 0.018006
4 0.952245 0.603865 0.023327 0.025472
4 0.939701 0.638560 0.022007 0.030742
4 0.883583 0.624726 0.033011 0.033816
4 0.848812 0.564998 0.032130 0.032938
4 0.828785 0.534914 0.023768 0.025472
4 0.808759 0.529205 0.022447 0.017567
4 0.808539 0.542161 0.021127 0.020641
4 0.817121 0.557093 0.025968 0.022398
4 0.801276 0.567633 0.022447 0.025911
4 0.771567 0.562143 0.021127 0.022837
4 0.717430 0.548090 0.029930 0.032499
4 0.733935 0.550285 0.022447 0.020202
4 0.740097 0.567633 0.020687 0.019763
4 0.753961 0.562582 0.018486 0.020202
4 0.762324 0.572683 0.024648 0.020202
4 0.757482 0.580808 0.022007 0.017128
4 0.756822 0.590470 0.018046 0.013614
4 0.754181 0.599473 0.022447 0.020202
4 0.772887 0.598814 0.019366 0.024155
4 0.778389 0.583004 0.018926 0.021520
4 0.787632 0.575977 0.022447 0.023276
4 0.798195 0.602547 0.028609 0.027229
4 0.819322 0.592227 0.029489 0.029425
4 0.829445 0.608256 0.025968 0.024594
4 0.805898 0.615503 0.014965 0.019763
4 0.820202 0.624286 0.029489 0.022398
4 0.729093 0.594422 0.025088 0.024155
4 0.710607 0.595301 0.025968 0.026790
4 0.672095 0.600132 0.029930 0.029425
4 0.660871 0.544576 0.023327 0.023715
4 0.616417 0.556653 0.029489 0.022398
4 0.619938 0.572464 0.035651 0.020641
4 0.584507 0.543698 0.029930 0.031621
4 0.600132 0.595081 0.026849 0.027229
4 0.582967 0.610892 0.025968 0.024594
4 0.595070 0.624945 0.026408 0.020202
4 0.595290 0.637681 0.024208 0.021959
4 0.608275 0.650637 0.023768 0.025911
4 0.619718 0.635266 0.014085 0.013614
4 0.622799 0.616381 0.022887 0.022398
4 0.631382 0.595740 0.021567 0.020641
4 0.617738 0.602547 0.020687 0.021080
4 0.644806 0.633729 0.024648 0.025472
4 0.652949 0.669302 0.025968 0.027229
4 0.756382 0.617040 0.025088 0.024594
4 0.688160 0.623628 0.025968 0.022837
4 0.747139 0.641195 0.020687 0.021080
4 0.779269 0.649539 0.026849 0.024594
4 0.797535 0.667106 0.024648 0.031621
4 0.783671 0.675450 0.027729 0.028986
4 0.742958 0.655468 0.019366 0.024155
4 0.752421 0.668423 0.022447 0.019324
4 0.707967 0.649978 0.031250 0.021959
4 0.704225 0.637901 0.022007 0.026790
4 0.692782 0.639877 0.024648 0.022837
4 0.675176 0.632631 0.028169 0.020641
4 0.679357 0.646245 0.030370 0.022398
4 0.678477 0.665788 0.028609 0.022837
4 0.582746 0.669302 0.019366 0.025472
4 0.596391 0.678085 0.030810 0.029864
4 0.628741 0.655687 0.024208 0.022837
4 0.629842 0.640755 0.022007 0.019324
4 0.709507 0.677866 0.023768 0.020641
4 0.880282 0.661616 0.033451 0.033816
4 0.903829 0.656346 0.029489 0.035573
4 0.895687 0.684014 0.036972 0.033816
4 0.735475 0.673913 0.024648 0.023276
4 0.749780 0.683575 0.024208 0.020641
4 0.869278 0.698287 0.033451 0.038647
4 0.866637 0.729249 0.033451 0.035573
4 0.841109 0.720466 0.026408 0.032938
4 0.801937 0.722661 0.019366 0.024155
4 0.816901 0.720685 0.031690 0.033377
4 0.838248 0.752306 0.033011 0.035134
4 0.807879 0.767896 0.029489 0.029425
4 0.807879 0.792929 0.030370 0.032060
4 0.832086 0.780193 0.033891 0.037330
4 0.784771 0.796223 0.024648 0.028986
4 0.771127 0.798419 0.027289 0.032499
4 0.777289 0.822134 0.036972 0.032499
4 0.775308 0.849363 0.031250 0.030742
4 0.747359 0.850681 0.029930 0.027229
4 0.748680 0.830259 0.027289 0.028546
4 0.727553 0.816425 0.037852 0.030742
4 0.736136 0.795784 0.030370 0.026350
4 0.757923 0.778437 0.022887 0.019763
4 0.767386 0.771410 0.028609 0.024155
4 0.744498 0.772947 0.023327 0.026350
4 0.730194 0.774484 0.022887 0.018884
4 0.725132 0.756697 0.016285 0.013175
4 0.739877 0.738472 0.017606 0.018006
4 0.722491 0.747036 0.017165 0.012297
4 0.718090 0.737154 0.016285 0.015371
4 0.731074 0.727712 0.015845 0.014932
4 0.722051 0.724418 0.013644 0.018006
4 0.755502 0.718270 0.027729 0.022398
4 0.778389 0.708827 0.020687 0.028107
4 0.764745 0.705753 0.018046 0.020202
4 0.766725 0.687527 0.021127 0.020641
4 0.754401 0.696311 0.021127 0.022398
4 0.732394 0.686430 0.022887 0.026350
4 0.707967 0.689723 0.019806 0.021520
4 0.690141 0.702240 0.029930 0.025472
4 0.721831 0.705314 0.025528 0.023715
4 0.709287 0.715635 0.025088 0.022398
4 0.700264 0.727273 0.023768 0.023715
4 0.693662 0.734300 0.024648 0.021080
4 0.706206 0.752745 0.023327 0.019324
4 0.703345 0.771849 0.026408 0.024155
4 0.700704 0.787000 0.027289 0.026350
4 0.679577 0.794906 0.024648 0.025472
4 0.693002 0.806763 0.029489 0.021959
4 0.694102 0.819939 0.028169 0.021959
4 0.667914 0.818401 0.025088 0.026790
4 0.677377 0.827185 0.021127 0.025911
4 0.688380 0.839701 0.024648 0.026350
4 0.705986 0.842556 0.020246 0.018884
4 0.654930 0.844532 0.030810 0.027229
4 0.641725 0.801713 0.027289 0.028546
4 0.627421 0.819719 0.032130 0.029425
4 0.609595 0.807202 0.028169 0.025472
4 0.592430 0.798858 0.029049 0.029864
4 0.566901 0.838164 0.037852 0.032060
4 0.615757 0.790294 0.026408 0.023276
4 0.596391 0.778656 0.022007 0.020202
4 0.606074 0.767677 0.018486 0.019324
4 0.627421 0.775362 0.026849 0.022398
4 0.623680 0.762187 0.023768 0.022398
4 0.646787 0.763065 0.025968 0.024155
4 0.670995 0.761309 0.024208 0.027668
4 0.663292 0.736495 0.026408 0.024594
4 0.648988 0.700044 0.021567 0.021959
4 0.637104 0.706632 0.024208 0.025472
4 0.616417 0.731225 0.026849 0.028107
4 0.596611 0.725736 0.026849 0.024155
4 0.579445 0.755599 0.028609 0.025033
4 0.567562 0.760650 0.020687 0.024594
4 0.562500 0.701361 0.013204 0.011419
4 0.580326 0.696970 0.025088 0.017567
4 0.578785 0.710145 0.023768 0.020202
4 0.540933 0.751208 0.030810 0.025911
4 0.532350 0.768994 0.031250 0.026350
4 0.520907 0.792271 0.024208 0.027229
4 0.499340 0.790294 0.027729 0.029425
4 0.505942 0.811375 0.028609 0.032938
4 0.521567 0.823671 0.032570 0.031181
4 0.509023 0.744840 0.031250 0.026350
4 0.524208 0.730347 0.028169 0.027229
4 0.489437 0.711462 0.030810 0.022837
4 0.530810 0.710584 0.029049 0.027229
4 0.523988 0.688625 0.020687 0.020202
4 0.538732 0.686869 0.019366 0.020202
4 0.532570 0.676329 0.025528 0.021959
4 0.534991 0.662714 0.019806 0.015810
4 0.561180 0.654809 0.028169 0.022837
4 0.570863 0.668204 0.024648 0.026790
4 0.557658 0.685990 0.029930 0.028107
4 0.504842 0.674572 0.019366 0.021080
4 0.484595 0.670619 0.029049 0.028986
4 0.520026 0.652174 0.027729 0.022837
4 0.717870 0.858147 0.022007 0.030742
4 0.701144 0.857049 0.022887 0.030303
4 0.708407 0.887132 0.036532 0.038647
4 0.663072 0.869346 0.033891 0.031181
4 0.652949 0.886693 0.035651 0.036891
4 0.641505 0.850900 0.025088 0.027668
4 0.626761 0.854414 0.025528 0.020641
4 0.634243 0.869785 0.025528 0.025033
4 0.615757 0.878568 0.033451 0.028546
4 0.590229 0.875714 0.034331 0.032499
4 0.577245 0.894818 0.033891 0.041722
4 0.626540 0.894159 0.034771 0.028107
4 0.625000 0.913043 0.039613 0.034256
4 0.599252 0.904260 0.026849 0.039526
4 0.543134 0.894159 0.044894 0.049188
4 0.555238 0.910189 0.046215 0.045235
4 0.508143 0.861001 0.039173 0.039087
4 0.474032 0.861440 0.038732 0.039965
4 0.457086 0.826746 0.036532 0.034695
4 0.421875 0.845411 0.038292 0.039526
4 0.448944 0.899429 0.048415 0.052701
4 0.406690 0.891085 0.054577 0.050066
4 0.406690 0.802591 0.033451 0.029425
4 0.413072 0.775143 0.033891 0.028107
4 0.429357 0.760211 0.025088 0.028986
4 0.441681 0.747475 0.025968 0.023715
4 0.474472 0.750549 0.035211 0.033377
4 0.454665 0.736276 0.024648 0.024155
4 0.454445 0.720246 0.027729 0.023715
4 0.411312 0.734958 0.030370 0.029425
4 0.364657 0.769653 0.031250 0.025911
4 0.362896 0.789416 0.033891 0.030303
4 0.391725 0.830040 0.025528 0.032499
4 0.381162 0.844971 0.036092 0.033377
4 0.375880 0.819060 0.029930 0.032499
4 0.355634 0.826307 0.024648 0.034695
4 0.333627 0.826526 0.029049 0.029864
4 0.343750 0.857268 0.046655 0.044796
4 0.339789 0.752964 0.029049 0.025911
4 0.361796 0.728371 0.024648 0.027668
4 0.371039 0.736056 0.028169 0.027229
4 0.396787 0.708827 0.028609 0.028986
4 0.310079 0.855292 0.046215 0.051383
4 0.290053 0.801713 0.023768 0.025033
4 0.303477 0.812912 0.038292 0.034256
4 0.268926 0.800395 0.028169 0.031181
4 0.240977 0.812253 0.043574 0.041722
4 0.240757 0.785683 0.037852 0.033377
4 0.284991 0.762187 0.026849 0.029425
4 0.256162 0.759113 0.022887 0.024155
4 0.241637 0.763505 0.025528 0.032938
4 0.225572 0.754721 0.028609 0.027668
4 0.195423 0.760211 0.035211 0.034256
4 0.205986 0.772947 0.037852 0.039526
4 0.176276 0.734739 0.040053 0.039526
4 0.231294 0.726394 0.019806 0.019324
4 0.238336 0.709486 0.025088 0.021520
4 0.249340 0.726394 0.024208 0.028986
4 0.264965 0.734519 0.017606 0.014493
4 0.268266 0.720246 0.021567 0.020202
4 0.289613 0.721783 0.021127 0.025911
4 0.288292 0.739350 0.022007 0.021520
4 0.334287 0.736276 0.025968 0.032938
4 0.380062 0.686649 0.033011 0.032938
4 0.344630 0.699605 0.029049 0.029864
4 0.316901 0.691919 0.021127 0.021520
4 0.300836 0.695652 0.025088 0.021959
4 0.308759 0.730567 0.023327 0.027668
4 0.312720 0.741985 0.020687 0.025033
4 0.257042 0.703777 0.021127 0.018884
4 0.259903 0.691041 0.023327 0.018006
4 0.254621 0.676329 0.026849 0.021080
4 0.266065 0.660957 0.015405 0.014932
4 0.280150 0.672156 0.025088 0.025033
4 0.216989 0.698507 0.025528 0.026790
4 0.200924 0.663812 0.022447 0.026790
4 0.214789 0.672815 0.025528 0.029864
4 0.195863 0.688625 0.026408 0.024594
4 0.197183 0.707510 0.027289 0.028986
4 0.177817 0.667106 0.029049 0.028107
4 0.158671 0.694774 0.037412 0.032499
4 0.158451 0.670400 0.032570 0.027668
4 0.095290 0.667106 0.044454 0.032499
4 0.091549 0.644269 0.036092 0.033377
4 0.138644 0.640755 0.016725 0.020202
4 0.172975 0.637462 0.021127 0.019763
4 0.148548 0.651076 0.027729 0.025911
4 0.181778 0.615064 0.031690 0.025911
4 0.179577 0.594862 0.029930 0.025033
4 0.137984 0.609794 0.028609 0.021520
4 0.121479 0.614844 0.026408 0.025472
4 0.117738 0.594422 0.028609 0.030303
4 0.097931 0.587176 0.030370 0.032499
4 0.087588 0.537549 0.023768 0.018445
4 0.066901 0.563241 0.026408 0.025911
4 0.195643 0.559728 0.025968 0.024155
4 0.208407 0.545015 0.024208 0.022837
4 0.229313 0.559069 0.028169 0.024594
4 0.216109 0.571146 0.026408 0.022398
4 0.203785 0.578393 0.025528 0.021959
4 0.243178 0.607159 0.025968 0.028546
4 0.236576 0.622969 0.026849 0.025911
4 0.218750 0.615722 0.024648 0.024594
4 0.265405 0.631972 0.019366 0.023715
4 0.274428 0.635266 0.016285 0.015371
4 0.283671 0.627361 0.024208 0.024155
4 0.290273 0.655248 0.020687 0.021080
4 0.302157 0.647123 0.017165 0.023276
4 0.317562 0.642732 0.018926 0.020641
4 0.315361 0.659859 0.021567 0.025033
4 0.328345 0.652833 0.020246 0.024155
4 0.390845 0.658542 0.032570 0.033816
4 0.355854 0.644928 0.030370 0.031181
4 0.342870 0.624945 0.022887 0.020202
4 0.360255 0.620553 0.017165 0.014054
4 0.359155 0.606280 0.028169 0.025033
4 0.378521 0.587396 0.028169 0.025911
4 0.379181 0.563241 0.027729 0.032060
4 0.343090 0.571366 0.028609 0.023715
4 0.321523 0.584321 0.018046 0.020641
4 0.307218 0.577953 0.022007 0.022837
4 0.281030 0.593983 0.026849 0.022398
4 0.290493 0.604523 0.024648 0.023276
4 0.280370 0.568511 0.024648 0.023276
4 0.276629 0.552262 0.020687 0.019763
4 0.297095 0.558630 0.020246 0.018445
4 0.309419 0.553140 0.022887 0.025033
4 0.326585 0.534914 0.018486 0.020202
4 0.293574 0.518445 0.027289 0.020641
4 0.290933 0.531840 0.022887 0.014932
4 0.260783 0.520861 0.028609 0.028107
4 0.251540 0.530742 0.025088 0.023276
4 0.222271 0.507686 0.025528 0.025472
4 0.191901 0.519324 0.018486 0.018884
4 0.165713 0.534256 0.022447 0.025911
4 0.145246 0.539306 0.024648 0.026350
4 0.157350 0.519543 0.024208 0.022837
4 0.108275 0.515152 0.034331 0.029864
4 0.355854 0.549627 0.025088 0.022398
4 0.350572 0.534256 0.025088 0.023276
4 0.375000 0.539526 0.026408 0.025911
4 0.395907 0.543039 0.025088 0.021520
4 0.389965 0.525911 0.024648 0.024155
4 0.405590 0.515371 0.025968 0.020641
4 0.405590 0.502635 0.025968 0.025911
4 0.369058 0.508125 0.031250 0.028986
4 0.420335 0.602547 0.029930 0.032499
4 0.430898 0.569170 0.022887 0.028986
4 0.443882 0.586298 0.029489 0.030742
4 0.432658 0.612868 0.018486 0.025911
4 0.450264 0.614625 0.027289 0.026790
4 0.449604 0.637462 0.030370 0.033816
4 0.470951 0.653931 0.024648 0.027229
4 0.470290 0.639877 0.022447 0.025472
4 0.469850 0.616162 0.023327 0.027229
4 0.468090 0.595520 0.025968 0.024594
4 0.466549 0.568950 0.032570 0.028546
4 0.465669 0.537330 0.030810 0.035573
4 0.510343 0.527888 0.033011 0.038647
4 0.508803 0.583663 0.029930 0.033377
4 0.510563 0.628458 0.024648 0.030742
4 0.530810 0.642512 0.026408 0.023715
4 0.533011 0.616601 0.028169 0.025472
4 0.554798 0.573781 0.033891 0.030303
4 0.527289 0.566535 0.028169 0.030742
4 0.528609 0.588713 0.027289 0.032060
4 0.545995 0.598375 0.025968 0.028546
4 0.304577 0.485507 0.031690 0.026790
4 0.286312 0.487703 0.017165 0.014493
4 0.255942 0.495389 0.019806 0.017567
4 0.197403 0.479578 0.027729 0.023715
4 0.072843 0.497145 0.031250 0.032499
4 0.053697 0.475187 0.034331 0.030742
4 0.068662 0.443566 0.030810 0.032499
4 0.110695 0.483970 0.030370 0.029864
4 0.146787 0.510979 0.025088 0.022398
4 0.170335 0.503294 0.025528 0.026350
4 0.155370 0.488362 0.021127 0.022837
4 0.141285 0.496487 0.022887 0.023276
4 0.170995 0.455863 0.026849 0.025472
4 0.141725 0.455424 0.028169 0.027229
4 0.169014 0.431050 0.024648 0.024155
4 0.123019 0.447738 0.018926 0.023276
4 0.109815 0.462451 0.027729 0.021080
4 0.110475 0.449275 0.017606 0.020202
4 0.102993 0.437418 0.023768 0.023715
4 0.115977 0.429952 0.019806 0.018445
4 0.114217 0.407554 0.024208 0.022837
4 0.096611 0.404480 0.025968 0.028107
4 0.079005 0.390426 0.027729 0.029864
4 0.102553 0.385815 0.025528 0.030303
4 0.126100 0.386913 0.018926 0.021959
4 0.131382 0.393720 0.020687 0.022398
4 0.159331 0.408871 0.022007 0.025472
4 0.151629 0.394818 0.019806 0.019324
4 0.147887 0.385595 0.022887 0.021959
4 0.144366 0.369785 0.022887 0.023715
4 0.123900 0.367369 0.022447 0.025033
4 0.122359 0.344971 0.022007 0.024155
4 0.104974 0.354194 0.027729 0.025911
4 0.148548 0.328502 0.024208 0.023715
4 0.166153 0.323891 0.017165 0.022398
4 0.185960 0.324550 0.025968 0.024594
4 0.108495 0.334212 0.026849 0.026350
4 0.117958 0.317523 0.027289 0.021959
4 0.175836 0.392402 0.022447 0.023276
4 0.187060 0.416996 0.027289 0.035573
4 0.217210 0.439614 0.023327 0.032499
4 0.231734 0.447738 0.022447 0.024155
4 0.189701 0.382082 0.023768 0.028107
4 0.204445 0.372639 0.020687 0.025033
4 0.219190 0.384936 0.024648 0.025033
4 0.221391 0.372639 0.017606 0.018006
4 0.234595 0.368906 0.022007 0.024594
4 0.250440 0.375274 0.023768 0.025033
4 0.280810 0.400966 0.027289 0.025472
4 0.281690 0.419631 0.029049 0.027668
4 0.275088 0.432148 0.025528 0.023715
4 0.255062 0.469697 0.027729 0.032060
4 0.297755 0.458498 0.018926 0.021080
4 0.319982 0.458278 0.028169 0.024155
4 0.357614 0.442029 0.028609 0.025911
4 0.375220 0.463768 0.023327 0.029864
4 0.394366 0.468819 0.020246 0.025033
4 0.408011 0.457620 0.026408 0.023715
4 0.412632 0.474089 0.029489 0.027668
4 0.441901 0.440711 0.024648 0.026790
4 0.411972 0.427756 0.025528 0.028107
4 0.401408 0.416337 0.025528 0.024594
4 0.391725 0.430830 0.025528 0.025472
4 0.377201 0.411726 0.023768 0.024155
4 0.362016 0.420509 0.022447 0.023276
4 0.331866 0.409091 0.026408 0.025911
4 0.311180 0.405138 0.022007 0.023276
4 0.326364 0.391085 0.018926 0.018884
4 0.312500 0.389328 0.022007 0.020641
4 0.325044 0.373957 0.022447 0.023276
4 0.351893 0.361880 0.023327 0.028986
4 0.356954 0.335090 0.016725 0.016689
4 0.291153 0.372859 0.011884 0.020202
4 0.302817 0.365393 0.015845 0.014932
4 0.312500 0.348704 0.027289 0.028107
4 0.279269 0.349802 0.025968 0.029425
4 0.364437 0.380325 0.018486 0.025472
4 0.379181 0.384058 0.014525 0.023276
4 0.390405 0.380764 0.012324 0.015810
4 0.401629 0.376153 0.015405 0.021520
4 0.387544 0.370444 0.015405 0.018884
4 0.408671 0.360343 0.026849 0.025033
4 0.393706 0.326526 0.027729 0.028546
4 0.313600 0.319939 0.033011 0.037330
4 0.228213 0.346728 0.023327 0.022398
4 0.241637 0.336408 0.024648 0.024594
4 0.233715 0.319060 0.028169 0.016249
4 0.266945 0.308740 0.017165 0.018445
4 0.201144 0.311594 0.035211 0.020641
4 0.234815 0.304128 0.025968 0.024155
4 0.412192 0.388230 0.015405 0.023715
4 0.426937 0.385595 0.014085 0.026350
4 0.371039 0.323891 0.024648 0.018006
4 0.404930 0.309838 0.028169 0.022398
4 0.376320 0.311814 0.022007 0.021959
4 0.490097 0.471234 0.029489 0.036891
4 0.514745 0.478041 0.027729 0.032938
4 0.500660 0.409750 0.039173 0.048309
4 0.514965 0.441151 0.027289 0.027668
4 0.529930 0.432148 0.027289 0.027229
4 0.532350 0.376372 0.030370 0.031621
4 0.498680 0.380545 0.027289 0.025911
4 0.463248 0.309398 0.030370 0.025911
4 0.446963 0.347826 0.023327 0.024594
4 0.466769 0.378129 0.033011 0.028986
4 0.465669 0.419631 0.026408 0.028546
4 0.478653 0.401405 0.025088 0.023715
4 0.455106 0.401625 0.022887 0.025033
4 0.438380 0.397233 0.014965 0.022398
4 0.138204 0.309838 0.022007 0.026790
4 0.242298 0.277119 0.025088 0.029864
4 0.229754 0.235617 0.025528 0.025033
4 0.271127 0.194335 0.022007 0.032060
4 0.306558 0.207949 0.022447 0.031181
4 0.262984 0.218270 0.028609 0.027229
4 0.244718 0.196531 0.027289 0.035573
4 0.235035 0.167765 0.030810 0.028107
4 0.213028 0.189723 0.028169 0.024594
4 0.183979 0.190821 0.030810 0.024155
4 0.182658 0.213658 0.036092 0.044357
4 0.203565 0.212121 0.025088 0.025472
4 0.174736 0.245498 0.036092 0.033377
4 0.149208 0.233860 0.019366 0.018006
4 0.151408 0.253623 0.026408 0.036451
4 0.190581 0.278437 0.025528 0.025472
4 0.267386 0.146465 0.038292 0.043478
4 0.470070 0.281511 0.026408 0.029864
4 0.201805 0.297760 0.022447 0.026350
4 0.202905 0.247036 0.020246 0.024155
4 0.163292 0.272727 0.020246 0.021080
4 0.166373 0.301274 0.022007 0.021959
4 0.290933 0.119016 0.026408 0.032499
4 0.093750 0.560167 0.028169 0.027668
4 0.069762 0.546333 0.025088 0.022837
4 0.094630 0.456961 0.016725 0.016249
4 0.118178 0.291392 0.013644 0.012736
4 0.141065 0.294027 0.017165 0.009223
4 0.157350 0.290733 0.016285 0.010540
4 0.171875 0.289416 0.007482 0.010540
4 0.181118 0.290514 0.011884 0.011858
4 0.285211 0.240228 0.014085 0.014054
4 0.250440 0.301274 0.014965 0.015810
4 0.199604 0.321915 0.015405 0.014054
4 0.183979 0.301493 0.013204 0.016249
4 0.139965 0.283707 0.017606 0.014054
4 0.146347 0.273386 0.015405 0.005709
4 0.151188 0.280632 0.010123 0.010540
4 0.141945 0.264822 0.013644 0.014054
4 0.177817 0.265481 0.017606 0.015371
4 0.190141 0.244620 0.009683 0.018445
4 0.205326 0.227273 0.017165 0.016249
4 0.233935 0.223320 0.013644 0.013614
4 0.242738 0.212560 0.010123 0.011419
4 0.246699 0.229029 0.018046 0.022398
4 0.431558 0.353096 0.027729 0.023715
4 0.435739 0.372420 0.017606 0.014932
4 0.447403 0.372859 0.011004 0.011419
4 0.448504 0.384936 0.015845 0.015371
4 0.395687 0.492534 0.018486 0.015371
4 0.388204 0.301054 0.014085 0.019763
4 0.250880 0.159420 0.016725 0.021080
4 0.265845 0.167325 0.016725 0.019324
4 0.292474 0.139657 0.019806 0.011419
4 0.349472 0.142951 0.012324 0.014493
4 0.366857 0.140097 0.018926 0.019324
4 0.547315 0.495828 0.035651 0.035134
4 0.641505 0.607817 0.019806 0.023715
4 0.478213 0.373298 0.017165 0.013175
4 0.852993 0.489460 0.014965 0.015371
4 0.841109 0.495169 0.026408 0.016249
4 0.840449 0.506807 0.025088 0.013175