4 0.181634 0.451981 0.019417 0.018007
4 0.177589 0.441377 0.019417 0.017607
4 0.441343 0.085634 0.028317 0.026411
4 0.621359 0.358944 0.017799 0.023209
4 0.609021 0.345338 0.019822 0.018407
4 0.601942 0.370548 0.023463 0.020808
4 0.604571 0.359344 0.012540 0.012005
4 0.594862 0.351741 0.019013 0.018407
4 0.467233 0.536615 0.029126 0.025610
4 0.507484 0.521409 0.032767 0.030412
4 0.557848 0.561625 0.025890 0.026010
4 0.531756 0.557823 0.025485 0.025610
4 0.514159 0.576631 0.025081 0.023209
4 0.554409 0.589036 0.024676 0.024010
4 0.536610 0.580432 0.025485 0.023609
4 0.521238 0.619448 0.024676 0.022409
4 0.539442 0.607043 0.026294 0.023209
4 0.544094 0.630452 0.025081 0.022809
4 0.533374 0.644058 0.024676 0.022809
4 0.520429 0.666667 0.017395 0.015206
4 0.500405 0.664466 0.025081 0.025210
4 0.481796 0.650260 0.024272 0.022409
4 0.484628 0.629652 0.022654 0.016407
4 0.460761 0.637255 0.021845 0.025210
4 0.472290 0.566827 0.027104 0.024410
4 0.434871 0.571429 0.021036 0.017607
4 0.449434 0.586034 0.026699 0.026010
4 0.427994 0.604242 0.025890 0.027211
4 0.444377 0.614646 0.015777 0.020808
4 0.459951 0.611845 0.020227 0.024010
4 0.477346 0.592637 0.025890 0.019208
4 0.481594 0.613045 0.023058 0.018407
4 0.509506 0.703681 0.027104 0.027611
4 0.477549 0.714486 0.029531 0.022809
4 0.434871 0.734694 0.030744 0.024810
4 0.404733 0.662265 0.031958 0.026411
4 0.400081 0.690876 0.033172 0.025210
4 0.416262 0.710484 0.029126 0.024410
4 0.359830 0.714486 0.039239 0.041216
4 0.319984 0.706883 0.023463 0.024410
4 0.337783 0.701481 0.016990 0.019208
4 0.369539 0.650260 0.029531 0.024810
4 0.354167 0.633253 0.027104 0.023609
4 0.386934 0.594838 0.030340 0.025210
4 0.367112 0.613245 0.028722 0.021208
4 0.371966 0.628651 0.014968 0.012005
4 0.348099 0.581232 0.024676 0.022809
4 0.385113 0.570428 0.030744 0.026010
4 0.366303 0.514806 0.023867 0.025210
4 0.329288 0.547019 0.013754 0.016807
4 0.283576 0.508003 0.013754 0.018007
4 0.293285 0.474190 0.015372 0.016807
4 0.314927 0.472989 0.024676 0.023209
4 0.301578 0.502401 0.023058 0.025210
4 0.293892 0.535414 0.023867 0.016006
4 0.292880 0.549620 0.023463 0.014806
4 0.261125 0.539016 0.024676 0.021609
4 0.253641 0.552621 0.025081 0.028011
4 0.222896 0.533413 0.026699 0.024810
4 0.195186 0.545618 0.018204 0.020408
4 0.212379 0.569428 0.025081 0.020008
4 0.235032 0.579632 0.027508 0.021208
4 0.204288 0.587435 0.026699 0.020808
4 0.227751 0.597039 0.022654 0.023209
4 0.213188 0.606443 0.022654 0.022809
4 0.253236 0.626050 0.025890 0.021208
4 0.232403 0.640656 0.021440 0.029612
4 0.250809 0.643657 0.019417 0.021208
4 0.289846 0.610444 0.022249 0.022009
4 0.304207 0.618447 0.021845 0.022009
4 0.315534 0.593037 0.020227 0.020808
4 0.329288 0.594238 0.011327 0.016006
4 0.315939 0.567427 0.021845 0.020808
4 0.303398 0.572229 0.016990 0.021609
4 0.283778 0.571829 0.022249 0.020808
4 0.284992 0.584434 0.024676 0.015606
4 0.433657 0.443577 0.019417 0.022009
4 0.402508 0.459984 0.027508 0.016407
4 0.404935 0.477191 0.024272 0.018808
4 0.370348 0.472789 0.024676 0.023609
4 0.387136 0.475390 0.020227 0.023209
4 0.395024 0.497199 0.026294 0.022009
4 0.400485 0.504402 0.028317 0.018007
4 0.401092 0.522609 0.025485 0.023209
4 0.389563 0.527211 0.032362 0.019608
4 0.397047 0.544418 0.025485 0.021208
4 0.375000 0.545818 0.022654 0.023209
4 0.339604 0.537015 0.013350 0.015206
4 0.352751 0.543417 0.024272 0.022409
4 0.355785 0.557623 0.027104 0.019608
4 0.296723 0.640856 0.024676 0.022809
4 0.278317 0.647259 0.019417 0.021208
4 0.287217 0.654062 0.020227 0.021208
4 0.194579 0.640256 0.031553 0.021609
4 0.191950 0.620848 0.030340 0.019608
4 0.190736 0.665866 0.019822 0.019208
4 0.234830 0.693878 0.022249 0.023209
4 0.240494 0.717087 0.023867 0.023209
4 0.220874 0.688275 0.026699 0.026411
4 0.284183 0.678471 0.014968 0.012405
4 0.299960 0.689876 0.023058 0.021609
4 0.275688 0.695078 0.027104 0.020008
4 0.279328 0.706883 0.024676 0.015606
4 0.315534 0.751701 0.025890 0.020408
4 0.281958 0.723289 0.019417 0.016407
4 0.263754 0.727091 0.021845 0.024810
4 0.255259 0.742897 0.012945 0.018808
4 0.239078 0.756503 0.030744 0.030012
4 0.181837 0.722089 0.040858 0.031613
4 0.198625 0.691076 0.024272 0.027211
4 0.157565 0.668067 0.015777 0.018808
4 0.170105 0.680272 0.035194 0.030412
4 0.174757 0.697879 0.028317 0.028011
4 0.111448 0.624450 0.026294 0.027611
4 0.150890 0.642257 0.021845 0.029612
4 0.138956 0.649460 0.023867 0.028011
4 0.130663 0.628451 0.023463 0.027611
4 0.113875 0.676070 0.040049 0.026811
4 0.115696 0.699480 0.041262 0.030412
4 0.110437 0.549820 0.029126 0.027211
4 0.112257 0.520008 0.025485 0.023609
4 0.065736 0.484994 0.027104 0.028011
4 0.055218 0.518607 0.024676 0.026411
4 0.073220 0.538215 0.029935 0.028812
4 0.233010 0.502401 0.014563 0.015606
4 0.256068 0.515806 0.015372 0.015206
4 0.247977 0.486194 0.024272 0.018407
4 0.251011 0.499400 0.023867 0.015206
4 0.225121 0.473990 0.021440 0.026811
4 0.212581 0.463986 0.023867 0.026811
4 0.167476 0.485994 0.025890 0.022009
4 0.196400 0.507403 0.025485 0.021609
4 0.345672 0.663465 0.019013 0.024810
4 0.333131 0.652861 0.019013 0.016407
4 0.331715 0.673469 0.019417 0.017607
4 0.315939 0.659864 0.017799 0.022409
4 0.303803 0.668267 0.024272 0.017607
4 0.218447 0.711685 0.025081 0.026010
4 0.222087 0.732093 0.025890 0.021208
4 0.212783 0.735894 0.033172 0.018407
4 0.203883 0.760104 0.040453 0.032413
4 0.316748 0.774310 0.025081 0.025610
4 0.317354 0.733293 0.023867 0.021208
4 0.358212 0.742497 0.021440 0.022009
4 0.365696 0.759304 0.027508 0.027611
4 0.394822 0.740296 0.021036 0.023209
4 0.384102 0.731092 0.023867 0.019208
4 0.441141 0.774310 0.028722 0.026411
4 0.437702 0.801321 0.031553 0.028411
4 0.391181 0.792717 0.028317 0.028812
4 0.391586 0.769908 0.030744 0.016006
4 0.293892 0.782313 0.011731 0.020008
4 0.285801 0.773309 0.019822 0.030012
4 0.291262 0.750900 0.013754 0.011605
4 0.273665 0.742697 0.019822 0.026411
4 0.269822 0.772709 0.018608 0.029612
4 0.251618 0.771509 0.025081 0.028011
4 0.240291 0.795718 0.035599 0.033213
4 0.226133 0.781313 0.032362 0.035614
4 0.097492 0.597839 0.026699 0.031212
4 0.093447 0.573629 0.018608 0.017207
4 0.076254 0.582633 0.023867 0.019208
4 0.078883 0.605642 0.031553 0.026811
4 0.152710 0.569228 0.022249 0.024410
4 0.172128 0.564426 0.019013 0.022809
4 0.169903 0.534014 0.021036 0.021208
4 0.155138 0.518808 0.019822 0.025210
4 0.140979 0.527611 0.022249 0.020408
4 0.148867 0.543017 0.022654 0.024810
4 0.161206 0.552221 0.024676 0.013605
4 0.274879 0.827731 0.044094 0.038015
4 0.274676 0.799120 0.036408 0.019208
4 0.304814 0.813125 0.023058 0.029612
4 0.324434 0.810924 0.016990 0.026010
4 0.338390 0.821729 0.039239 0.035614
4 0.138552 0.488595 0.022249 0.023209
4 0.092233 0.494798 0.011327 0.014806
4 0.095672 0.473189 0.018204 0.017207
4 0.068366 0.429772 0.021845 0.028011
4 0.090210 0.423369 0.024272 0.018407
4 0.105583 0.445178 0.019417 0.018808
4 0.086772 0.445578 0.020631 0.024410
4 0.112460 0.465986 0.022654 0.016407
4 0.118528 0.483593 0.012945 0.021208
4 0.108414 0.496799 0.021036 0.015606
4 0.108010 0.483994 0.016181 0.014006
4 0.163026 0.462185 0.021036 0.024810
4 0.090615 0.394158 0.025081 0.024010
4 0.105987 0.382953 0.021845 0.018407
4 0.089401 0.369748 0.025890 0.019208
4 0.110032 0.403161 0.020227 0.014806
4 0.131472 0.403962 0.023463 0.021208
4 0.114078 0.422769 0.016181 0.014806
4 0.116505 0.435174 0.019417 0.010004
4 0.123786 0.425170 0.012136 0.018007
4 0.148261 0.441777 0.023058 0.022409
4 0.164442 0.423169 0.020631 0.019608
4 0.170307 0.406763 0.017799 0.014806
4 0.182443 0.417167 0.016181 0.022009
4 0.194579 0.392157 0.010518 0.007203
4 0.205502 0.415366 0.021845 0.021609
4 0.189927 0.402361 0.022249 0.016407
4 0.238066 0.399560 0.021440 0.026811
4 0.221076 0.392757 0.021440 0.018808
4 0.211165 0.399360 0.021845 0.015206
4 0.260922 0.368347 0.027508 0.025210
4 0.276092 0.391757 0.013350 0.011204
4 0.287015 0.383153 0.011731 0.010804
4 0.294498 0.365946 0.030744 0.025210
4 0.290049 0.344338 0.030744 0.014806
4 0.289644 0.330932 0.025890 0.015206
4 0.245955 0.331733 0.018608 0.016807
4 0.269215 0.419768 0.023867 0.017607
4 0.270833 0.438976 0.025485 0.020808
4 0.268002 0.452381 0.022249 0.021208
4 0.165655 0.357143 0.019822 0.019608
4 0.147047 0.357143 0.017395 0.020408
4 0.130461 0.365546 0.021440 0.029212
4 0.098706 0.356142 0.024272 0.020008
4 0.215615 0.305122 0.029935 0.023609
4 0.226133 0.325730 0.013754 0.015206
4 0.210154 0.328131 0.023058 0.016807
4 0.211165 0.345338 0.021845 0.020008
4 0.222290 0.359544 0.026294 0.020408
4 0.209951 0.371349 0.022654 0.023209
4 0.322006 0.423770 0.020227 0.021609
4 0.300364 0.421769 0.019822 0.020008
4 0.314320 0.405562 0.019417 0.016407
4 0.297937 0.405962 0.020631 0.020408
4 0.310073 0.386955 0.026294 0.020808
4 0.335154 0.374750 0.025485 0.026010
4 0.336367 0.348739 0.014968 0.015606
4 0.326254 0.279512 0.027913 0.026811
4 0.255259 0.261705 0.017799 0.015206
4 0.185477 0.343137 0.019013 0.022809
4 0.177994 0.324930 0.016181 0.016006
4 0.167071 0.337935 0.015372 0.014806
4 0.164644 0.307923 0.020227 0.015606
4 0.116100 0.339536 0.025081 0.008403
4 0.117718 0.326531 0.026699 0.015206
4 0.119741 0.314526 0.033172 0.014406
4 0.144417 0.335134 0.017799 0.016407
4 0.157160 0.322129 0.016586 0.010404
4 0.173746 0.278311 0.019013 0.022809
4 0.139563 0.272309 0.021036 0.019608
4 0.154531 0.289516 0.023463 0.012405
4 0.160599 0.272509 0.011327 0.013605
4 0.119943 0.268707 0.016586 0.012405
4 0.124595 0.283313 0.021036 0.016807
4 0.116707 0.298519 0.014159 0.009604
4 0.132282 0.297919 0.015372 0.008403
4 0.138552 0.308924 0.017395 0.015206
4 0.350121 0.453381 0.027913 0.024810
4 0.350121 0.429972 0.024676 0.022009
4 0.365696 0.421168 0.025890 0.021208
4 0.380057 0.436575 0.018204 0.024010
4 0.402508 0.434774 0.022654 0.023609
4 0.391990 0.420968 0.025081 0.017607
4 0.453883 0.419768 0.026699 0.024810
4 0.482605 0.467387 0.028317 0.032813
4 0.508293 0.471389 0.023058 0.027211
4 0.541869 0.482993 0.025485 0.025610
4 0.349515 0.392357 0.018608 0.024410
4 0.365494 0.393958 0.012540 0.020408
4 0.370146 0.377351 0.016990 0.012805
4 0.376618 0.393758 0.013754 0.020008
4 0.384506 0.385554 0.016586 0.017207
4 0.389765 0.366747 0.021440 0.019608
4 0.380057 0.317527 0.027104 0.024410
4 0.373584 0.334934 0.021440 0.020008
4 0.365089 0.309124 0.019013 0.015606
4 0.351942 0.318527 0.025890 0.021609
4 0.351537 0.334934 0.025890 0.022409
4 0.494134 0.412965 0.024676 0.024010
4 0.504854 0.435574 0.027508 0.023609
4 0.518608 0.424770 0.024272 0.026811
4 0.543285 0.424770 0.023463 0.025210
4 0.552589 0.439576 0.027508 0.022809
4 0.562298 0.427771 0.015372 0.017607
4 0.466019 0.403962 0.021036 0.018808
4 0.482201 0.377151 0.021036 0.022809
4 0.473503 0.390556 0.021440 0.014406
4 0.463390 0.388355 0.021440 0.014006
4 0.442152 0.402561 0.017799 0.023209
4 0.427184 0.401160 0.021845 0.020408
4 0.429207 0.352541 0.021036 0.022409
4 0.409587 0.357143 0.029531 0.025210
4 0.462379 0.372349 0.018608 0.020408
4 0.445388 0.376551 0.016181 0.021609
4 0.398058 0.395358 0.017799 0.019208
4 0.418285 0.373749 0.012136 0.017607
4 0.430421 0.373349 0.013754 0.013605
4 0.407362 0.392157 0.019417 0.023209
4 0.513956 0.369948 0.023058 0.025210
4 0.579895 0.389956 0.030340 0.026811
4 0.606189 0.417567 0.035194 0.025210
4 0.570388 0.485794 0.025081 0.021609
4 0.574434 0.502801 0.028317 0.021208
4 0.584547 0.529612 0.029126 0.026010
4 0.648058 0.451180 0.028317 0.027611
4 0.658374 0.415566 0.027913 0.028411
4 0.639159 0.392357 0.022654 0.022809
4 0.672532 0.361345 0.029531 0.021609
4 0.679409 0.385154 0.026294 0.027611
4 0.658778 0.389956 0.011731 0.018007
4 0.683252 0.442777 0.029935 0.028411
4 0.687500 0.467787 0.027913 0.026411
4 0.717840 0.470788 0.026294 0.025210
4 0.660599 0.520608 0.021845 0.020808
4 0.619134 0.538816 0.027104 0.016407
4 0.621157 0.556222 0.026294 0.016006
4 0.675971 0.575630 0.028317 0.026010
4 0.717840 0.520808 0.024676 0.030012
4 0.739684 0.477591 0.017395 0.021208
4 0.636125 0.368948 0.023058 0.023209
4 0.623786 0.327131 0.023463 0.021208
4 0.548746 0.348339 0.025485 0.028411
4 0.565534 0.339336 0.027508 0.026411
4 0.713390 0.568627 0.022249 0.028812
4 0.734021 0.564026 0.021440 0.027611
4 0.733414 0.395758 0.023463 0.029612
4 0.753236 0.398559 0.017799 0.027211
4 0.768811 0.403361 0.024676 0.025610
4 0.716626 0.348139 0.024676 0.030412
4 0.692152 0.328131 0.021036 0.025610
4 0.673139 0.328932 0.018608 0.024810
4 0.580906 0.312125 0.023463 0.025610
4 0.563916 0.314526 0.021845 0.024010
4 0.522047 0.326531 0.026294 0.020008
4 0.518406 0.341937 0.020631 0.019608
4 0.507079 0.343737 0.020631 0.021609
4 0.493528 0.319328 0.030744 0.022409
4 0.437905 0.310924 0.024676 0.021609
4 0.484021 0.353741 0.018204 0.012005
4 0.472694 0.342737 0.023058 0.023609
4 0.485841 0.336735 0.020227 0.021208
4 0.495752 0.285314 0.024676 0.025610
4 0.546319 0.288515 0.029531 0.027211
4 0.576254 0.286915 0.023867 0.022409
4 0.472492 0.288315 0.022654 0.030012
4 0.442152 0.282913 0.026699 0.022409
4 0.369134 0.248699 0.023867 0.031613
4 0.390979 0.247499 0.023058 0.030812
4 0.443770 0.262505 0.031553 0.021609
4 0.443568 0.241897 0.032767 0.022009
4 0.434466 0.222289 0.021036 0.020408
4 0.527710 0.247699 0.019013 0.020008
4 0.561286 0.223689 0.014159 0.019208
4 0.548139 0.229492 0.025890 0.030812
4 0.582929 0.184074 0.018608 0.010404
4 0.486448 0.210484 0.014968 0.009604
4 0.492516 0.229692 0.028722 0.032813
4 0.579490 0.201881 0.023867 0.023609
4 0.581513 0.251901 0.023867 0.022009
4 0.592638 0.267107 0.020227 0.022009
4 0.613673 0.250100 0.023463 0.024010
4 0.620955 0.266507 0.019417 0.017607
4 0.612460 0.274510 0.021845 0.014406
4 0.616505 0.287915 0.029126 0.019608
4 0.634709 0.255502 0.017799 0.023609
4 0.393002 0.212085 0.030340 0.026411
4 0.360235 0.194878 0.027913 0.028812
4 0.303398 0.216487 0.029935 0.025610
4 0.273058 0.227091 0.025081 0.028411
4 0.289239 0.231293 0.025081 0.024810
4 0.311893 0.246499 0.028317 0.027211
4 0.296117 0.255702 0.025890 0.027211
4 0.468851 0.187475 0.028317 0.024410
4 0.450445 0.167667 0.028722 0.026411
4 0.443163 0.147259 0.019013 0.020808
4 0.406351 0.135454 0.021440 0.026010
4 0.423948 0.141457 0.018608 0.025210
4 0.434668 0.114846 0.025485 0.024010
4 0.484223 0.102441 0.029935 0.020808
4 0.483819 0.119648 0.025890 0.015206
4 0.494337 0.126251 0.025081 0.018808
4 0.499393 0.140256 0.021440 0.018007
4 0.479976 0.152861 0.025485 0.019208
4 0.473301 0.135254 0.021845 0.016006
4 0.521036 0.134254 0.021036 0.023609
4 0.521440 0.156062 0.024272 0.020008
4 0.552994 0.105042 0.021036 0.018808
4 0.543285 0.071829 0.035599 0.035614
4 0.457322 0.064226 0.035194 0.030012
4 0.621157 0.177271 0.013350 0.011204
4 0.597896 0.166267 0.009709 0.014006
4 0.584142 0.165866 0.021036 0.018808
4 0.551982 0.161865 0.021440 0.019608
4 0.520227 0.193477 0.031553 0.018007
4 0.519215 0.175870 0.029531 0.017207
4 0.615291 0.092637 0.025081 0.036415
4 0.593244 0.085234 0.026294 0.027211
4 0.591626 0.107643 0.031149 0.022409
4 0.604571 0.129252 0.024676 0.030412
4 0.586974 0.138255 0.025081 0.023609
4 0.578681 0.148259 0.014968 0.016407
4 0.562905 0.133854 0.021440 0.018007
4 0.546117 0.145258 0.017799 0.013605
4 0.541060 0.132853 0.023058 0.023209
4 0.629450 0.140656 0.021845 0.036415
4 0.652913 0.135854 0.029126 0.026811
4 0.656351 0.151261 0.025485 0.022409
4 0.668083 0.158663 0.025485 0.021208
4 0.695388 0.103041 0.038835 0.032413
4 0.726133 0.134654 0.029126 0.039616
4 0.699838 0.133253 0.029126 0.035214
4 0.690534 0.171269 0.025081 0.028812
4 0.725930 0.176070 0.034385 0.027211
4 0.707727 0.208283 0.028722 0.025210
4 0.721885 0.201881 0.033576 0.026811
4 0.736448 0.225290 0.031149 0.029612
4 0.758697 0.239496 0.026294 0.028411
4 0.741100 0.249300 0.018608 0.013605
4 0.735437 0.266106 0.017799 0.014406
4 0.729773 0.289316 0.016990 0.015206
4 0.757079 0.270108 0.023058 0.026411
4 0.772451 0.265506 0.022249 0.027611
4 0.783172 0.259304 0.033981 0.039216
4 0.765372 0.197479 0.026699 0.028411
4 0.778115 0.207283 0.023058 0.030412
4 0.797532 0.188675 0.037621 0.026010
4 0.803803 0.212885 0.036408 0.026411
4 0.811893 0.243898 0.036408 0.036415
4 0.658981 0.303321 0.021036 0.022409
4 0.674555 0.300520 0.016586 0.019208
4 0.687702 0.271509 0.012136 0.013205
4 0.702265 0.258703 0.019417 0.022809
4 0.712379 0.255902 0.021036 0.022009
4 0.705704 0.282513 0.026294 0.025610
4 0.675971 0.217087 0.022654 0.020408
4 0.680825 0.237695 0.025081 0.019208
4 0.658778 0.195278 0.020631 0.024010
4 0.646845 0.180072 0.023463 0.021609
4 0.605583 0.199880 0.018608 0.022809
4 0.626011 0.200480 0.014968 0.016807
4 0.633697 0.185874 0.019822 0.014006
4 0.641586 0.201080 0.016181 0.016407
4 0.619741 0.216487 0.016990 0.018407
4 0.631675 0.218087 0.011731 0.019208
4 0.647249 0.216086 0.015372 0.017607
4 0.653519 0.280112 0.022249 0.020808
4 0.656149 0.264306 0.020227 0.010804
4 0.647856 0.237295 0.015777 0.012805
4 0.657969 0.222489 0.019013 0.013605
4 0.658576 0.236495 0.015372 0.013605
4 0.670914 0.246899 0.016586 0.019208
4 0.652104 0.253902 0.013754 0.010804
4 0.724919 0.307923 0.029935 0.019608
4 0.726133 0.319528 0.033981 0.014006
4 0.727144 0.331933 0.029531 0.016407
4 0.772654 0.303121 0.031553 0.028411
4 0.760113 0.337735 0.024272 0.021609
4 0.741100 0.357743 0.025890 0.025610
4 0.757686 0.371549 0.025890 0.022809
4 0.772249 0.353341 0.025081 0.025610
4 0.790655 0.363745 0.023058 0.024010
4 0.804612 0.309924 0.028317 0.032413
4 0.805016 0.349740 0.024272 0.027211
4 0.808657 0.328131 0.026699 0.012805
4 0.829490 0.342937 0.034385 0.036014
4 0.828074 0.312525 0.021845 0.027211
4 0.851739 0.316927 0.031149 0.037615
4 0.865089 0.279312 0.039239 0.040016
4 0.840210 0.251501 0.029935 0.027611
4 0.904126 0.359744 0.045307 0.043217
4 0.912824 0.410364 0.040858 0.038816
4 0.924150 0.453181 0.037621 0.033213
4 0.838997 0.411765 0.025081 0.025610
4 0.855583 0.479792 0.025890 0.022409
4 0.929409 0.474590 0.025485 0.015206
4 0.801173 0.378952 0.029531 0.026411
4 0.812298 0.395958 0.030744 0.022809
4 0.798746 0.414966 0.022249 0.022409
4 0.818163 0.414366 0.019013 0.023609
4 0.837783 0.429572 0.029126 0.020408
4 0.826659 0.434974 0.028722 0.020008
4 0.803398 0.434974 0.021036 0.022409
4 0.809264 0.444978 0.027104 0.014406
4 0.808657 0.460784 0.025081 0.020408
4 0.832929 0.456783 0.033172 0.026811
4 0.824231 0.476591 0.028722 0.016807
4 0.772047 0.428371 0.028722 0.019608
4 0.768002 0.441176 0.031149 0.014006
4 0.769822 0.451581 0.030744 0.014006
4 0.763956 0.464786 0.033576 0.020408
4 0.758697 0.472589 0.031958 0.015206
4 0.766586 0.505402 0.019417 0.017607
4 0.771845 0.493998 0.018608 0.014806
4 0.761529 0.485394 0.024676 0.012805
4 0.753843 0.499400 0.021440 0.020008
4 0.786812 0.486795 0.020227 0.022809
4 0.826052 0.495198 0.022654 0.028411
4 0.804005 0.491397 0.023867 0.022409
4 0.805421 0.504602 0.021845 0.015206
4 0.812905 0.516807 0.024676 0.019608
4 0.385720 0.164066 0.015777 0.013605
4 0.385113 0.148860 0.025081 0.021609
4 0.372775 0.138856 0.024676 0.023209
4 0.366100 0.107643 0.029935 0.027211
4 0.362460 0.079832 0.024272 0.027611
4 0.381877 0.077831 0.023463 0.028411
4 0.409790 0.063625 0.031553 0.024010
4 0.414644 0.080832 0.027508 0.020808
4 0.421521 0.097439 0.025081 0.020408
4 0.279733 0.180872 0.025485 0.023209
4 0.269822 0.168667 0.021845 0.023609
4 0.281756 0.158864 0.023058 0.016807
4 0.274070 0.137255 0.027104 0.016807
4 0.277306 0.149260 0.028722 0.012805
4 0.329288 0.173269 0.026699 0.024810
4 0.356189 0.165266 0.025485 0.022409
4 0.331917 0.104042 0.022249 0.025610
4 0.312702 0.090636 0.025890 0.014806
4 0.311489 0.106443 0.025890 0.020008
4 0.273261 0.109844 0.033576 0.024410
4 0.286003 0.093237 0.026699 0.019208
4 0.337783 0.150660 0.019417 0.025210
4 0.301982 0.128852 0.025485 0.020008
4 0.307443 0.144658 0.022654 0.016407
4 0.307241 0.158263 0.018204 0.022809
4 0.322411 0.153862 0.014563 0.018808
4 0.236853 0.216687 0.027104 0.028411
4 0.203479 0.261705 0.025890 0.025610
4 0.197006 0.197679 0.031553 0.026411
4 0.206513 0.218487 0.023867 0.023209
4 0.228964 0.244498 0.023463 0.027211
4 0.215413 0.250500 0.023867 0.019208
4 0.175364 0.234094 0.024676 0.016807
4 0.175971 0.217287 0.026699 0.017607
4 0.162015 0.258703 0.023058 0.016407
4 0.172128 0.255102 0.021440 0.017207
4 0.143002 0.238295 0.019013 0.021208
4 0.149676 0.222089 0.026699 0.017607
4 0.245752 0.137055 0.023058 0.019608
4 0.249595 0.157263 0.019417 0.028011
4 0.231392 0.147859 0.020227 0.023609
4 0.222087 0.165866 0.032362 0.026010
4 0.211974 0.186475 0.023463 0.020808
4 0.234223 0.179072 0.019417 0.021208
4 0.229773 0.187675 0.020227 0.020008
4 0.645833 0.477791 0.023058 0.028812
4 0.620955 0.469988 0.023463 0.022809
4 0.630259 0.489196 0.023463 0.020408
4 0.603964 0.478191 0.022654 0.021609
4 0.599717 0.489196 0.019013 0.019608
4 0.620348 0.497199 0.026294 0.025210
4 0.347290 0.862345 0.037621 0.044818
4 0.354976 0.842737 0.020631 0.016006
4 0.369943 0.830532 0.025485 0.024410
4 0.381675 0.861144 0.036003 0.037615
4 0.418083 0.846138 0.031149 0.030812
4 0.427589 0.829132 0.025890 0.032013
4 0.405138 0.811124 0.022249 0.018407
4 0.390372 0.817727 0.019417 0.015606
4 0.392193 0.833733 0.020631 0.014806
4 0.457120 0.841737 0.033981 0.035614
4 0.490291 0.820528 0.032362 0.029212
4 0.543285 0.846939 0.033172 0.036415
4 0.511327 0.850940 0.033172 0.034814
4 0.491707 0.890156 0.040858 0.049220
4 0.448827 0.886154 0.045712 0.049220
4 0.601335 0.815726 0.029531 0.032413
4 0.555016 0.810324 0.028317 0.030412
4 0.527508 0.776511 0.021036 0.024410
4 0.547532 0.777311 0.023867 0.026010
4 0.536408 0.799920 0.028317 0.024010
4 0.559668 0.754102 0.029531 0.022009
4 0.456311 0.753701 0.027508 0.022009
4 0.466019 0.746098 0.025081 0.026010
4 0.477346 0.733693 0.026699 0.024410
4 0.503236 0.743497 0.019417 0.032813
4 0.532362 0.732293 0.025081 0.026411
4 0.546723 0.717487 0.024676 0.023209
4 0.563916 0.734494 0.023463 0.021208
4 0.549960 0.696279 0.023867 0.022409
4 0.557039 0.677071 0.014563 0.019208
4 0.549555 0.650460 0.018204 0.010804
4 0.546521 0.662665 0.025081 0.016006
4 0.540655 0.678071 0.017395 0.018808
4 0.575445 0.671068 0.025485 0.021609
4 0.573625 0.639456 0.022654 0.022409
4 0.602549 0.734494 0.019822 0.021208
4 0.592638 0.740896 0.019417 0.023609
4 0.740696 0.852541 0.033981 0.034014
4 0.668083 0.772309 0.023867 0.021609
4 0.657969 0.793918 0.023867 0.022409
4 0.616707 0.777511 0.021440 0.026411
4 0.637540 0.782113 0.022654 0.022009
4 0.693163 0.731092 0.023058 0.023209
4 0.682646 0.708683 0.022249 0.024010
4 0.670105 0.734694 0.022249 0.020808
4 0.646845 0.734494 0.017799 0.014006
4 0.649272 0.749700 0.023463 0.014806
4 0.628034 0.743898 0.021440 0.016807
4 0.623786 0.754502 0.021036 0.018007
4 0.641383 0.765906 0.024676 0.022409
4 0.703883 0.762305 0.022654 0.021609
4 0.723099 0.753701 0.021440 0.018808
4 0.638350 0.709684 0.021845 0.022009
4 0.617516 0.707483 0.021440 0.024810
4 0.687298 0.812525 0.025890 0.022809
4 0.577872 0.877351 0.037621 0.042017
4 0.596885 0.886755 0.041667 0.046419
4 0.625405 0.849540 0.026699 0.025610
4 0.650283 0.849540 0.022249 0.024810
4 0.689320 0.856142 0.031553 0.029212
4 0.697209 0.836735 0.027104 0.024010
4 0.658576 0.826331 0.020227 0.018407
4 0.675769 0.823529 0.026294 0.025610
4 0.670712 0.843337 0.028317 0.020408
4 0.665655 0.886154 0.042476 0.029212
4 0.662419 0.861545 0.028722 0.016807
4 0.636125 0.879352 0.023058 0.034014
4 0.616505 0.870948 0.025081 0.034814
4 0.579490 0.688075 0.010922 0.014806
4 0.599919 0.680472 0.021036 0.014006
4 0.598301 0.697879 0.023463 0.017607
4 0.612864 0.666267 0.024272 0.016006
4 0.612055 0.652861 0.019417 0.012405
4 0.595469 0.652861 0.017799 0.022809
4 0.583333 0.654662 0.016181 0.022409
4 0.654935 0.682673 0.021845 0.023209
4 0.665049 0.676871 0.021036 0.018808
4 0.664644 0.645058 0.023463 0.025610
4 0.686286 0.638856 0.023867 0.024410
4 0.697816 0.679672 0.011327 0.014806
4 0.708333 0.672869 0.020227 0.021208
4 0.710963 0.706883 0.019822 0.020408
4 0.785396 0.729492 0.022249 0.020808
4 0.827063 0.722089 0.024676 0.022809
4 0.830704 0.746899 0.027104 0.027611
4 0.849515 0.734494 0.033172 0.035614
4 0.855380 0.706283 0.031958 0.031212
4 0.816950 0.679872 0.016586 0.021609
4 0.830704 0.676471 0.024676 0.033213
4 0.856594 0.674470 0.024676 0.033213
4 0.881877 0.683273 0.028317 0.032413
4 0.880461 0.650460 0.031958 0.034814
4 0.904935 0.633453 0.033172 0.026411
4 0.885922 0.613045 0.027508 0.028011
4 0.908172 0.606643 0.029126 0.031212
4 0.916667 0.569228 0.017799 0.016407
4 0.946197 0.587235 0.020227 0.034014
4 0.807646 0.629852 0.021440 0.031212
4 0.789037 0.613245 0.027104 0.026811
4 0.792678 0.636054 0.023058 0.022009
4 0.740898 0.822929 0.036812 0.025210
4 0.735032 0.804722 0.013754 0.013605
4 0.721278 0.807123 0.019417 0.024010
4 0.723503 0.787915 0.024676 0.014406
4 0.719660 0.773109 0.023463 0.016006
4 0.696400 0.786114 0.022249 0.018808
4 0.705502 0.797719 0.021845 0.019608
4 0.754450 0.780912 0.031553 0.024410
4 0.775283 0.790916 0.027913 0.021208
4 0.777508 0.812125 0.025081 0.022809
4 0.804207 0.809724 0.030744 0.031613
4 0.804005 0.782313 0.031149 0.027211
4 0.756675 0.758103 0.023867 0.019608
4 0.724312 0.736295 0.021440 0.014406
4 0.727751 0.723689 0.023463 0.014806
4 0.735841 0.673269 0.023463 0.015606
4 0.722087 0.646259 0.017799 0.015206
4 0.722896 0.661465 0.015372 0.013605
4 0.733414 0.655262 0.008900 0.019608
4 0.770024 0.680872 0.022249 0.022809
4 0.765170 0.731893 0.020631 0.020808
4 0.779935 0.741497 0.022654 0.017607
4 0.807848 0.755302 0.017799 0.027611
4 0.791262 0.757103 0.017799 0.026411
4 0.750202 0.738095 0.020631 0.021208
4 0.794094 0.669468 0.019417 0.025610
4 0.779126 0.652461 0.016990 0.018808
4 0.765979 0.663465 0.019013 0.016807
4 0.754045 0.623649 0.023463 0.017207
4 0.764563 0.636255 0.021845 0.015206
4 0.716222 0.622649 0.019822 0.019208
4 0.681634 0.606843 0.020227 0.020408
4 0.694782 0.599240 0.022249 0.018808
4 0.689725 0.622049 0.024272 0.012405
4 0.707322 0.610044 0.031958 0.019608
4 0.654733 0.611445 0.023058 0.021609
4 0.639968 0.634854 0.021845 0.022809
4 0.620146 0.631052 0.017799 0.022409
4 0.605178 0.578231 0.022654 0.021609
4 0.591222 0.595638 0.023867 0.021208
4 0.602549 0.608643 0.024676 0.016807
4 0.606594 0.622649 0.023058 0.016006
4 0.629045 0.615046 0.010518 0.010404
4 0.631270 0.598439 0.023058 0.019608
4 0.643002 0.584834 0.023058 0.018808
4 0.622977 0.585034 0.020227 0.020808
4 0.639159 0.574830 0.022654 0.017207
4 0.888147 0.576431 0.033576 0.031613
4 0.891788 0.526411 0.023867 0.016407
4 0.895833 0.546218 0.027913 0.025610
4 0.918285 0.539416 0.027508 0.032813
4 0.911003 0.500400 0.025890 0.035614
4 0.935073 0.492797 0.027913 0.023609
4 0.952063 0.552021 0.022249 0.024410
4 0.938916 0.529212 0.025890 0.027611
4 0.930016 0.513806 0.029126 0.020808
4 0.845672 0.521809 0.031149 0.031212
4 0.822209 0.583233 0.034385 0.026811
4 0.800364 0.565026 0.027104 0.024010
4 0.841019 0.549620 0.012945 0.019608
4 0.831513 0.566226 0.030340 0.019208
4 0.820793 0.552021 0.025890 0.026010
4 0.800971 0.529412 0.021845 0.020808
4 0.768811 0.525210 0.020631 0.016407
4 0.737257 0.521208 0.018204 0.018808
4 0.740898 0.534214 0.019822 0.022409
4 0.755461 0.532213 0.013350 0.016807
4 0.763147 0.538816 0.023058 0.011605
4 0.761529 0.548619 0.023867 0.009604
4 0.760518 0.566827 0.020227 0.015606
4 0.777913 0.564626 0.017799 0.019208
4 0.782969 0.549820 0.018204 0.015206
4 0.790655 0.540416 0.029531 0.023609
4 0.761731 0.582833 0.028317 0.021208
4 0.742112 0.595238 0.013350 0.017207
4 0.756068 0.591637 0.025890 0.014806
4 0.757079 0.606443 0.028722 0.018808
4 0.331917 0.737695 0.021440 0.015606
4 0.337783 0.752301 0.019417 0.019208
4 0.431837 0.387555 0.012540 0.010804
4 0.418892 0.388956 0.009304 0.009604
4 0.642395 0.620848 0.016990 0.014806
4 0.291060 0.733693 0.016586 0.022009
4 0.407565 0.825130 0.013350 0.014406
4 0.745955 0.639656 0.015372 0.018007
4 0.744943 0.656463 0.015777 0.017207
4 0.759709 0.651261 0.012945 0.014806
4 0.738066 0.690676 0.011731 0.012805
4 0.725121 0.684474 0.014968 0.014806
4 0.715210 0.692277 0.012136 0.012005
4 0.726942 0.698880 0.011327 0.017207
4 0.748180 0.691076 0.012540 0.017607
4 0.737257 0.702081 0.011731 0.014006
4 0.741303 0.713685 0.013350 0.010004
4 0.750405 0.709084 0.015372 0.012805
4 0.758900 0.703481 0.011327 0.016006
4 0.768811 0.709484 0.012540 0.015206
4 0.748584 0.722089 0.012540 0.013205
4 0.674757 0.280112 0.020227 0.018407
4 0.954288 0.511204 0.016181 0.018808
4 0.956311 0.529412 0.010518 0.011204