4 0.579985 0.050768 0.029666 0.028100
4 0.622982 0.071750 0.036801 0.039341
4 0.598010 0.060697 0.034172 0.029224
4 0.601953 0.092544 0.048066 0.047209
4 0.561585 0.074934 0.043184 0.038966
4 0.551821 0.097977 0.040931 0.037093
4 0.518400 0.082615 0.036425 0.038591
4 0.512392 0.054889 0.031168 0.032596
4 0.481975 0.055077 0.034923 0.031472
4 0.442922 0.050955 0.013894 0.012739
4 0.461134 0.067816 0.026286 0.028475
4 0.472963 0.081866 0.022906 0.029599
4 0.488735 0.083927 0.025160 0.031472
4 0.445175 0.076058 0.022906 0.028475
4 0.428840 0.072499 0.021029 0.030348
4 0.410439 0.070438 0.027788 0.024728
4 0.416260 0.086175 0.034172 0.026227
4 0.389786 0.075122 0.027037 0.028100
4 0.376455 0.085051 0.042433 0.038966
4 0.339091 0.107156 0.034548 0.041963
4 0.320315 0.110528 0.033796 0.035219
4 0.298348 0.116148 0.023658 0.023230
4 0.558956 0.138441 0.049944 0.049082
4 0.506196 0.135444 0.042058 0.037093
4 0.460946 0.165605 0.030417 0.021731
4 0.479910 0.142563 0.034548 0.036343
4 0.461510 0.125515 0.033796 0.020982
4 0.453436 0.110154 0.029666 0.027726
4 0.453624 0.139940 0.031543 0.029599
4 0.434472 0.128138 0.033045 0.038217
4 0.415321 0.117085 0.031543 0.026602
4 0.283890 0.127951 0.020278 0.016860
4 0.294968 0.158674 0.022906 0.019108
4 0.322756 0.147433 0.046940 0.040839
4 0.343973 0.159610 0.044311 0.043462
4 0.372512 0.147433 0.031543 0.032596
4 0.379271 0.132447 0.028539 0.020607
4 0.396170 0.120644 0.030792 0.022480
4 0.643447 0.143125 0.052197 0.048707
4 0.637627 0.176845 0.047315 0.046459
4 0.735449 0.129824 0.064964 0.058824
4 0.752347 0.183215 0.056703 0.053203
4 0.691513 0.189022 0.056703 0.046834
4 0.661848 0.216373 0.047691 0.047583
4 0.709914 0.211315 0.025911 0.023979
4 0.658656 0.254402 0.029290 0.025478
4 0.727563 0.231547 0.046940 0.041963
4 0.795531 0.228925 0.081487 0.080180
4 0.703530 0.248970 0.035674 0.031098
4 0.686444 0.257962 0.033045 0.026602
4 0.684754 0.278007 0.038678 0.032222
4 0.705220 0.288872 0.025535 0.032222
4 0.725685 0.284001 0.022906 0.028475
4 0.745588 0.278007 0.028915 0.029974
4 0.735637 0.264706 0.034548 0.023604
4 0.741081 0.250843 0.043184 0.037842
4 0.512955 0.194080 0.045062 0.041963
4 0.535486 0.207006 0.050319 0.039341
4 0.487608 0.234170 0.043935 0.040465
4 0.451371 0.239416 0.046564 0.043462
4 0.504882 0.251218 0.037176 0.037842
4 0.525723 0.242226 0.042058 0.041589
4 0.572099 0.287748 0.044686 0.044961
4 0.766617 0.295429 0.043184 0.040839
4 0.754225 0.319033 0.031919 0.040090
4 0.730004 0.319783 0.034548 0.040090
4 0.765678 0.328213 0.030792 0.031472
4 0.768306 0.345822 0.024784 0.023230
4 0.801540 0.331960 0.052948 0.053953
4 0.787270 0.369614 0.031919 0.038591
4 0.764739 0.375796 0.031919 0.033720
4 0.765115 0.408205 0.029666 0.039341
4 0.788772 0.410641 0.028164 0.032971
4 0.782201 0.391345 0.033045 0.028100
4 0.813181 0.375234 0.019902 0.029599
4 0.845663 0.360435 0.050319 0.065193
4 0.864439 0.402585 0.078107 0.082053
4 0.836650 0.443237 0.066842 0.067441
4 0.722306 0.370738 0.022155 0.021356
4 0.711228 0.358936 0.025535 0.036718
4 0.692452 0.356126 0.030041 0.035594
4 0.690387 0.320907 0.028915 0.031847
4 0.671235 0.317722 0.035674 0.036718
4 0.661097 0.340390 0.034923 0.034095
4 0.635374 0.348820 0.041307 0.042713
4 0.665227 0.364743 0.037176 0.031098
4 0.664288 0.388910 0.030041 0.034470
4 0.685505 0.402398 0.036425 0.035219
4 0.647202 0.394342 0.025160 0.028850
4 0.623169 0.395466 0.035674 0.035594
4 0.647202 0.419071 0.031919 0.034095
4 0.619039 0.422068 0.034172 0.033346
4 0.572287 0.393593 0.042058 0.040090
4 0.522531 0.378419 0.049193 0.046459
4 0.533233 0.411015 0.039805 0.033720
4 0.561209 0.324841 0.051446 0.035969
4 0.556140 0.295054 0.045062 0.034845
4 0.595757 0.453166 0.034172 0.034845
4 0.672550 0.450169 0.034548 0.034095
4 0.699775 0.444361 0.037176 0.036718
4 0.749343 0.461221 0.026662 0.026227
4 0.859181 0.545523 0.088622 0.096665
4 0.810552 0.557700 0.028164 0.034845
4 0.791964 0.565006 0.048066 0.055451
4 0.766804 0.584489 0.039054 0.043462
4 0.746714 0.598351 0.032670 0.044211
4 0.726624 0.596103 0.036801 0.033720
4 0.731506 0.574185 0.035299 0.028100
4 0.753849 0.534657 0.040180 0.039715
4 0.791401 0.518546 0.027413 0.033720
4 0.770184 0.480892 0.050319 0.041589
4 0.769245 0.511053 0.038678 0.035969
4 0.740143 0.500375 0.037552 0.040839
4 0.711228 0.504121 0.024784 0.022855
4 0.709538 0.469839 0.037176 0.040465
4 0.673864 0.483702 0.031919 0.032222
4 0.648517 0.487074 0.036050 0.033720
4 0.668044 0.508617 0.068344 0.045335
4 0.701652 0.528475 0.031919 0.032596
4 0.718551 0.543837 0.022906 0.023604
4 0.695081 0.551143 0.029290 0.028475
4 0.677056 0.545710 0.028539 0.034845
4 0.642696 0.555826 0.040931 0.040090
4 0.668982 0.587299 0.038678 0.036343
4 0.660158 0.610154 0.038303 0.032596
4 0.646264 0.619895 0.015772 0.016860
4 0.625235 0.627201 0.036801 0.038966
4 0.552197 0.547396 0.038678 0.038966
4 0.556703 0.595729 0.037927 0.038217
4 0.497371 0.511428 0.037176 0.026976
4 0.500939 0.535032 0.030792 0.030723
4 0.521780 0.545710 0.028915 0.034845
4 0.556703 0.489509 0.029666 0.031847
4 0.575103 0.484638 0.028915 0.035594
4 0.592002 0.475646 0.031168 0.030348
4 0.626737 0.470026 0.035299 0.034095
4 0.565152 0.450543 0.026286 0.028100
4 0.555013 0.463657 0.024784 0.025103
4 0.516523 0.480892 0.031919 0.024354
4 0.480661 0.490071 0.018776 0.017235
4 0.497559 0.448670 0.034548 0.036343
4 0.507886 0.461971 0.030417 0.030723
4 0.527788 0.457849 0.025911 0.027726
4 0.523094 0.594792 0.029290 0.022855
4 0.536613 0.612027 0.030041 0.024354
4 0.516898 0.612027 0.028915 0.026602
4 0.507698 0.623454 0.030041 0.033720
4 0.484416 0.632072 0.044311 0.037467
4 0.539241 0.444174 0.035299 0.034845
4 0.464138 0.404084 0.044311 0.040839
4 0.421705 0.406894 0.039805 0.038217
4 0.416635 0.442862 0.022906 0.020982
4 0.438415 0.445485 0.033421 0.036718
4 0.451183 0.459348 0.033421 0.035219
4 0.403680 0.476958 0.036050 0.033720
4 0.391100 0.500187 0.031168 0.032971
4 0.443109 0.524728 0.026286 0.029599
4 0.462448 0.526414 0.021404 0.024728
4 0.454938 0.540465 0.023658 0.018359
4 0.380774 0.428812 0.032294 0.031847
4 0.352422 0.415137 0.037176 0.028475
4 0.344161 0.437055 0.041682 0.030348
4 0.346038 0.461034 0.026662 0.027351
4 0.371386 0.456163 0.028539 0.025103
4 0.298535 0.443050 0.032294 0.033346
4 0.294780 0.476396 0.033045 0.022855
4 0.298723 0.492132 0.032670 0.019108
4 0.326699 0.493631 0.029290 0.026602
4 0.334773 0.511990 0.026662 0.020607
4 0.328577 0.526040 0.025535 0.020232
4 0.315246 0.515736 0.029666 0.028850
4 0.297221 0.529974 0.032670 0.028100
4 0.326887 0.550768 0.020653 0.017984
4 0.466391 0.340015 0.046564 0.049831
4 0.411566 0.294680 0.045813 0.034095
4 0.415509 0.316036 0.041682 0.029599
4 0.404243 0.353691 0.041682 0.034470
4 0.412880 0.372799 0.040931 0.035219
4 0.353736 0.355377 0.051070 0.042338
4 0.356928 0.300862 0.052948 0.041963
4 0.364626 0.272199 0.048817 0.037842
4 0.364063 0.227801 0.026662 0.020232
4 0.372324 0.242226 0.051446 0.028850
4 0.413068 0.212439 0.045062 0.047209
4 0.285392 0.245972 0.051070 0.043837
4 0.257792 0.292057 0.053699 0.049831
4 0.202779 0.273698 0.048817 0.039341
4 0.165227 0.231173 0.025535 0.023230
4 0.184754 0.229674 0.018025 0.017235
4 0.205407 0.231547 0.032294 0.028475
4 0.193203 0.246909 0.035674 0.027726
4 0.237890 0.230985 0.036425 0.032596
4 0.263049 0.215999 0.034172 0.033346
4 0.246902 0.201199 0.041682 0.033720
4 0.252722 0.347883 0.030041 0.025103
4 0.166729 0.313788 0.048066 0.033346
4 0.127300 0.343012 0.037552 0.041589
4 0.177244 0.362495 0.033796 0.031098
4 0.151333 0.356313 0.028539 0.037467
4 0.173676 0.340577 0.040931 0.029224
4 0.143259 0.276883 0.041682 0.032971
4 0.140631 0.253653 0.037927 0.032971
4 0.144386 0.215062 0.016147 0.014987
4 0.135749 0.226677 0.027413 0.027726
4 0.201652 0.206070 0.039054 0.032971
4 0.259294 0.373173 0.041682 0.043462
4 0.267180 0.141064 0.047691 0.043837
4 0.219677 0.153803 0.048066 0.038591
4 0.188134 0.168602 0.021029 0.016486
4 0.202967 0.184901 0.038678 0.029599
4 0.281074 0.188460 0.046189 0.041214
4 0.112655 0.270888 0.030041 0.027726
4 0.101765 0.282315 0.028539 0.019108
4 0.100826 0.303484 0.037927 0.035969
4 0.071911 0.355377 0.025160 0.031098
4 0.090687 0.361933 0.029666 0.030723
4 0.068156 0.416261 0.044686 0.056201
4 0.132370 0.402398 0.042433 0.047958
4 0.159970 0.416823 0.042809 0.041589
4 0.177807 0.440240 0.040180 0.042713
4 0.135186 0.446609 0.030792 0.024728
4 0.139504 0.466280 0.035674 0.028850
4 0.202403 0.420757 0.030041 0.033720
4 0.215359 0.435931 0.037927 0.040839
4 0.227187 0.399775 0.028539 0.038966
4 0.246714 0.399775 0.025535 0.039715
4 0.263612 0.417010 0.026286 0.032971
4 0.279760 0.400712 0.035299 0.046085
4 0.277507 0.445298 0.030792 0.035594
4 0.242396 0.467778 0.040180 0.036343
4 0.059144 0.537655 0.049944 0.053203
4 0.066466 0.585425 0.039054 0.037842
4 0.060270 0.606407 0.028915 0.027351
4 0.062711 0.624766 0.022531 0.025103
4 0.082801 0.597415 0.028164 0.036343
4 0.098573 0.624204 0.038678 0.029974
4 0.101577 0.587673 0.020653 0.019108
4 0.104581 0.604346 0.026662 0.027726
4 0.126361 0.609966 0.034923 0.032222
4 0.076605 0.662982 0.033045 0.032596
4 0.115471 0.665980 0.028915 0.027351
4 0.132933 0.628325 0.024784 0.024728
4 0.143072 0.641064 0.028539 0.023979
4 0.124484 0.642188 0.024409 0.022480
4 0.157905 0.586549 0.036425 0.032596
4 0.165603 0.559198 0.039805 0.037842
4 0.190575 0.511990 0.037927 0.039341
4 0.150394 0.498501 0.042433 0.033346
4 0.151145 0.523604 0.054450 0.039341
4 0.246339 0.498689 0.036801 0.033720
4 0.238077 0.553765 0.033796 0.035969
4 0.180623 0.597789 0.038303 0.031847
4 0.182689 0.616336 0.015396 0.018734
4 0.197522 0.620832 0.031543 0.025478
4 0.199211 0.642937 0.034172 0.031472
4 0.222306 0.628138 0.012768 0.016111
4 0.250845 0.628325 0.015021 0.015736
4 0.238077 0.632821 0.029290 0.034470
4 0.172738 0.663357 0.025535 0.031098
4 0.232069 0.585238 0.027788 0.036718
4 0.250469 0.582241 0.021780 0.027726
4 0.260608 0.571188 0.029290 0.028100
4 0.275817 0.542338 0.037927 0.031847
4 0.313556 0.564631 0.029290 0.029974
4 0.309989 0.603222 0.032670 0.030723
4 0.277694 0.626452 0.019151 0.016486
4 0.267931 0.672724 0.029666 0.034095
4 0.285768 0.664294 0.033796 0.028475
4 0.286707 0.643312 0.027413 0.026227
4 0.303980 0.630386 0.025911 0.027351
4 0.320691 0.644436 0.024784 0.027726
4 0.314495 0.658486 0.028164 0.024354
4 0.309425 0.674035 0.019527 0.015736
4 0.349042 0.562196 0.032670 0.028850
4 0.355614 0.585613 0.028539 0.032222
4 0.357492 0.611465 0.028539 0.029974
4 0.348855 0.625328 0.027788 0.024728
4 0.385280 0.622518 0.027788 0.028100
4 0.384153 0.597415 0.029290 0.029599
4 0.388847 0.559948 0.040180 0.045335
4 0.414570 0.595916 0.033796 0.036343
4 0.428276 0.559948 0.024409 0.037093
4 0.447803 0.562945 0.023658 0.031847
4 0.090875 0.688460 0.034548 0.036343
4 0.153962 0.669164 0.035299 0.036718
4 0.133684 0.693331 0.033045 0.029599
4 0.112655 0.710378 0.030041 0.036718
4 0.137063 0.721057 0.039805 0.039341
4 0.163537 0.695017 0.031919 0.032971
4 0.176493 0.717872 0.037552 0.035969
4 0.187195 0.693518 0.028915 0.033720
4 0.213293 0.699888 0.033796 0.044961
4 0.244273 0.713376 0.038678 0.047209
4 0.273564 0.719745 0.024409 0.026227
4 0.306046 0.727426 0.031543 0.032596
4 0.331018 0.688085 0.029666 0.033346
4 0.352610 0.657175 0.030792 0.035219
4 0.374765 0.648558 0.026286 0.029224
4 0.367255 0.693893 0.027037 0.034470
4 0.341532 0.711315 0.028164 0.025103
4 0.280135 0.748595 0.032294 0.039715
4 0.208975 0.805545 0.045437 0.048707
4 0.305858 0.786812 0.016147 0.022480
4 0.316560 0.743724 0.028539 0.035219
4 0.342471 0.748595 0.030041 0.032222
4 0.303793 0.760397 0.033045 0.036343
4 0.269057 0.770513 0.048442 0.040839
4 0.383965 0.724803 0.031919 0.037093
4 0.349230 0.732671 0.033045 0.032596
4 0.389223 0.690895 0.019151 0.025478
4 0.446113 0.683215 0.033796 0.036343
4 0.412129 0.710378 0.026662 0.033720
4 0.401990 0.695766 0.021404 0.026227
4 0.402366 0.680217 0.021404 0.022106
4 0.413443 0.673286 0.023282 0.026227
4 0.393541 0.664294 0.024784 0.029974
4 0.411378 0.654740 0.025160 0.031098
4 0.424521 0.640127 0.021404 0.026602
4 0.438228 0.638629 0.020278 0.034845
4 0.375141 0.798988 0.032294 0.046834
4 0.402554 0.802548 0.038303 0.041214
4 0.439166 0.750281 0.034923 0.042338
4 0.330830 0.788498 0.032294 0.036343
4 0.325948 0.808917 0.040556 0.036718
4 0.459820 0.642563 0.025911 0.036718
4 0.499624 0.704196 0.033421 0.042338
4 0.517274 0.718996 0.040180 0.044211
4 0.476906 0.726864 0.033045 0.034470
4 0.482351 0.751030 0.037927 0.031098
4 0.515208 0.773323 0.045813 0.050206
4 0.460008 0.781191 0.039805 0.037467
4 0.479722 0.801424 0.038678 0.039715
4 0.543935 0.677220 0.044686 0.039341
4 0.555013 0.651368 0.030792 0.040839
4 0.580360 0.646309 0.028915 0.040465
4 0.591626 0.688460 0.035674 0.036343
4 0.605145 0.671600 0.031168 0.038591
4 0.606459 0.709816 0.039054 0.037842
4 0.607585 0.741476 0.041307 0.032971
4 0.625610 0.729674 0.030792 0.036343
4 0.634247 0.699138 0.033796 0.038966
4 0.645700 0.677220 0.034172 0.036343
4 0.667293 0.711315 0.042809 0.041589
4 0.622043 0.762458 0.037176 0.029974
4 0.619039 0.780067 0.037176 0.033720
4 0.631243 0.798052 0.034548 0.038217
4 0.661097 0.787936 0.050695 0.059948
4 0.669358 0.633945 0.039429 0.038966
4 0.693954 0.653241 0.032294 0.037842
4 0.666729 0.662795 0.032670 0.032971
4 0.676493 0.685275 0.031919 0.034470
4 0.720053 0.662795 0.046940 0.044961
4 0.708975 0.691270 0.045062 0.037467
4 0.731130 0.711502 0.069095 0.063694
4 0.679872 0.748220 0.061209 0.058449
4 0.822381 0.697827 0.066091 0.070813
4 0.800789 0.626265 0.073226 0.076058
4 0.726812 0.787561 0.056703 0.062196
4 0.656778 0.837580 0.065340 0.069314
4 0.609275 0.837580 0.044686 0.055077
4 0.564964 0.844324 0.033421 0.046834
4 0.590124 0.849382 0.030417 0.047958
4 0.587871 0.907269 0.063462 0.063320
4 0.522719 0.881791 0.039805 0.041589
4 0.540368 0.892656 0.041307 0.041589
4 0.511453 0.922818 0.034548 0.047958
4 0.531168 0.915511 0.023658 0.031098
4 0.545813 0.930498 0.036425 0.042338
4 0.474840 0.860809 0.044686 0.051330
4 0.438040 0.864931 0.042433 0.046085
4 0.422644 0.898277 0.047691 0.049082
4 0.439917 0.922443 0.050695 0.050206
4 0.383214 0.868865 0.050695 0.054702
4 0.396733 0.837018 0.024409 0.028475
4 0.351671 0.832334 0.031168 0.037093
4 0.310364 0.854065 0.055201 0.058824
4 0.248967 0.837767 0.042809 0.044211
4 0.271498 0.813039 0.033796 0.044211
4 0.248780 0.803484 0.029666 0.036343
4 0.397672 0.145747 0.026286 0.029974
4 0.413443 0.139378 0.026286 0.029974