4 0.637251 0.580260 0.088246 0.098337
4 0.663653 0.483912 0.088246 0.087852
4 0.182278 0.393529 0.125859 0.115329
4 0.245389 0.616414 0.126221 0.110629
4 0.196383 0.549168 0.121519 0.104845
4 0.533454 0.769161 0.130922 0.126898
4 0.580832 0.313630 0.108499 0.111714
4 0.621519 0.213847 0.092224 0.092191
4 0.798192 0.317787 0.114286 0.110629
4 0.840325 0.525850 0.114647 0.107375
4 0.857324 0.622198 0.094394 0.099060
4 0.772694 0.669920 0.111754 0.089660
4 0.787161 0.743492 0.101627 0.084960
4 0.770886 0.816884 0.092224 0.075560
4 0.735262 0.863521 0.095479 0.084960
4 0.330380 0.140456 0.098011 0.110991
4 0.416275 0.131056 0.078119 0.092191
4 0.482821 0.266992 0.085353 0.086406
4 0.452984 0.305495 0.098011 0.104845
4 0.538698 0.117317 0.071248 0.092191
4 0.576673 0.097252 0.079204 0.089660
4 0.754430 0.154917 0.078119 0.077007
4 0.798915 0.190528 0.068716 0.057122
4 0.847378 0.253073 0.102712 0.093275