4 0.637979 0.588408 0.087961 0.082699
4 0.667472 0.493945 0.081407 0.080623
4 0.197137 0.370761 0.116247 0.119377
4 0.199207 0.525260 0.112108 0.105190
4 0.244740 0.597751 0.119007 0.112457
4 0.520524 0.769723 0.130390 0.124913
4 0.357365 0.125606 0.097965 0.103806
4 0.446878 0.123529 0.078303 0.099654
4 0.598137 0.312457 0.089686 0.095502
4 0.640911 0.217128 0.085547 0.078547
4 0.815109 0.333564 0.106244 0.098270
4 0.564333 0.115571 0.065540 0.077509
4 0.609176 0.100692 0.060711 0.071972
4 0.498793 0.265398 0.073819 0.085121
4 0.471714 0.294464 0.097620 0.096194
4 0.777854 0.167128 0.072439 0.080277
4 0.822353 0.204498 0.065540 0.060208
4 0.868575 0.272318 0.077268 0.080969
4 0.840807 0.538408 0.104519 0.102422
4 0.857192 0.640311 0.086927 0.092388
4 0.760607 0.682526 0.093825 0.089619
4 0.777682 0.761419 0.097620 0.068166
4 0.759745 0.830277 0.098310 0.069550
4 0.715419 0.876298 0.085547 0.082699