4 0.779896 0.494459 0.045539 0.046177
4 0.310255 0.176210 0.051092 0.061322
4 0.612366 0.584780 0.042207 0.039158
4 0.489078 0.563170 0.062940 0.070558
4 0.567197 0.411526 0.057016 0.055412
4 0.347279 0.452161 0.049611 0.058367
4 0.721585 0.399335 0.043688 0.061322
4 0.758423 0.322313 0.069234 0.066125
4 0.752129 0.195604 0.084043 0.085334
4 0.107738 0.309568 0.045168 0.058367
4 0.473158 0.178242 0.097742 0.106021
4 0.579415 0.173439 0.069604 0.072774
4 0.627730 0.423162 0.063310 0.076468
4 0.673825 0.379571 0.076268 0.065386
4 0.865420 0.622091 0.082562 0.083487
4 0.893558 0.660325 0.076638 0.090506
4 0.762680 0.720539 0.099223 0.084595
4 0.718067 0.803103 0.100333 0.095308
4 0.516660 0.815109 0.094409 0.092723
4 0.341725 0.551164 0.091077 0.089398
4 0.186598 0.550610 0.083673 0.080901
4 0.090892 0.616734 0.076638 0.086812
4 0.126250 0.499261 0.039245 0.035833
4 0.419289 0.353528 0.081081 0.089398
4 0.335061 0.326007 0.077749 0.084595
4 0.236209 0.324714 0.037023 0.056151
4 0.180489 0.284263 0.076638 0.065386
4 0.194187 0.320096 0.061088 0.063170
4 0.538319 0.630957 0.079970 0.087181
4 0.633099 0.526782 0.074047 0.066494
4 0.675676 0.573328 0.070344 0.076099
4 0.641614 0.619690 0.083673 0.076468
4 0.716216 0.480791 0.061088 0.074991
4 0.759719 0.449945 0.074047 0.075360
4 0.803406 0.523827 0.082192 0.087181
4 0.535172 0.269487 0.069234 0.090506
4 0.562014 0.288881 0.058497 0.079793
4 0.655313 0.236609 0.082192 0.067603
4 0.659385 0.302180 0.076268 0.058367
4 0.639208 0.270595 0.069234 0.047654
4 0.256387 0.153676 0.094409 0.085704
4 0.589596 0.928888 0.055905 0.051348
4 0.523325 0.934245 0.090707 0.062061
4 0.386709 0.727558 0.084783 0.084595
4 0.370974 0.819357 0.079970 0.082010
4 0.204554 0.714444 0.078860 0.067972
4 0.283784 0.751385 0.051462 0.046546
4 0.289708 0.809198 0.063310 0.055042
4 0.210478 0.814001 0.067012 0.049871
4 0.192521 0.780015 0.052573 0.043960
4 0.252129 0.768194 0.028878 0.074991
4 0.253425 0.413003 0.067012 0.060584
4 0.287301 0.374954 0.046649 0.067972
4 0.250463 0.365903 0.032210 0.047654
4 0.164384 0.420207 0.065902 0.072774
4 0.097001 0.417067 0.040726 0.028814
4 0.057016 0.451053 0.037023 0.050979
4 0.077749 0.503509 0.042947 0.058367
4 0.099963 0.456409 0.048871 0.055042
4 0.049241 0.494089 0.031100 0.051348
4 0.615328 0.344477 0.071825 0.061692