4 0.235477 0.157750 0.042017 0.037743
4 0.230727 0.198424 0.045670 0.059729
4 0.193095 0.183767 0.041286 0.041407
4 0.207709 0.244595 0.055901 0.055332
4 0.182864 0.218212 0.045670 0.040674
4 0.363719 0.084097 0.064669 0.061927
4 0.319876 0.098388 0.046401 0.056797
4 0.293570 0.113778 0.053708 0.060462
4 0.500731 0.052767 0.103398 0.061561
4 0.439350 0.169476 0.088053 0.089776
4 0.356777 0.164712 0.055170 0.056064
4 0.647972 0.246610 0.093168 0.079883
4 0.656010 0.169110 0.069054 0.075852
4 0.594264 0.183034 0.069054 0.094174
4 0.805444 0.188714 0.094629 0.102602
4 0.124772 0.373947 0.061016 0.037010
4 0.126598 0.344632 0.053708 0.023085
4 0.188345 0.321180 0.061746 0.066325
4 0.158020 0.286002 0.051516 0.047270
4 0.147242 0.317332 0.029960 0.039575
4 0.117282 0.312935 0.038729 0.037376
4 0.913226 0.336937 0.066131 0.057530
4 0.888564 0.298095 0.072342 0.085379
4 0.940263 0.558996 0.053708 0.061927
4 0.909390 0.521070 0.072342 0.072554
4 0.946657 0.452730 0.039459 0.062660
4 0.885093 0.447600 0.077822 0.078051
4 0.890939 0.654452 0.085860 0.084280
4 0.839423 0.765665 0.090245 0.102235
4 0.768360 0.636863 0.086226 0.090876
4 0.719035 0.549835 0.094264 0.097105
4 0.124041 0.423782 0.059554 0.061195
4 0.086226 0.410040 0.036536 0.042506
4 0.170077 0.438805 0.056631 0.059729
4 0.550603 0.410956 0.086226 0.098571
4 0.591706 0.752657 0.101936 0.094540
4 0.632444 0.686332 0.083303 0.076218
4 0.601023 0.642909 0.075996 0.074386
4 0.524297 0.561927 0.076726 0.072188
4 0.506942 0.517222 0.060285 0.060462
4 0.449945 0.511726 0.058824 0.068523
4 0.467665 0.716013 0.091341 0.093807
4 0.466387 0.623488 0.066862 0.061195
4 0.447753 0.660865 0.061746 0.059729
4 0.395506 0.646391 0.061746 0.079883
4 0.475155 0.446317 0.063939 0.036643
4 0.475155 0.404177 0.061746 0.051301
4 0.435148 0.396299 0.068688 0.072920
4 0.386737 0.294613 0.087322 0.088677
4 0.228535 0.413521 0.055901 0.058263
4 0.256120 0.434042 0.054074 0.050202
4 0.256120 0.484243 0.062112 0.049469
4 0.314943 0.455112 0.059920 0.074020
4 0.340519 0.521986 0.067958 0.064126
4 0.311838 0.591059 0.069784 0.074020
4 0.329558 0.759619 0.105225 0.099670
4 0.249543 0.688347 0.076726 0.087578
4 0.179759 0.660498 0.062843 0.080982
4 0.113993 0.660682 0.068688 0.090876
4 0.165875 0.550934 0.074534 0.078783
4 0.075813 0.552950 0.061746 0.071088