5 0.046591 0.549091 0.021364 0.023636
5 0.090227 0.511818 0.025000 0.023636
5 0.078636 0.547273 0.020909 0.021818
5 0.115909 0.607273 0.020000 0.018182
5 0.143182 0.600682 0.018182 0.019545
5 0.128864 0.661591 0.019545 0.019545
5 0.035909 0.609318 0.019091 0.017727
5 0.046364 0.637045 0.030000 0.015909
5 0.047955 0.651591 0.019545 0.020455
5 0.249773 0.586136 0.019545 0.019545
5 0.270682 0.557500 0.017727 0.019545
5 0.272273 0.595000 0.019091 0.022727
5 0.243182 0.635000 0.020000 0.020000
5 0.324545 0.585909 0.022727 0.022727
5 0.312273 0.653182 0.021818 0.021818
5 0.297955 0.495227 0.022273 0.019545
5 0.050000 0.675000 0.013636 0.017273
5 0.091818 0.730455 0.017273 0.017273
5 0.112955 0.739545 0.015909 0.020000
5 0.124091 0.747955 0.018182 0.014091
5 0.153864 0.716364 0.019545 0.020909
5 0.123864 0.767500 0.016818 0.016818
5 0.140682 0.780682 0.015000 0.015000
5 0.147727 0.794091 0.024545 0.020000
5 0.168182 0.774773 0.023636 0.022273
5 0.194773 0.782045 0.023182 0.021364
5 0.303864 0.786136 0.022273 0.020455
5 0.151591 0.839091 0.018636 0.019091
5 0.190455 0.841136 0.019091 0.015909
5 0.215227 0.824545 0.024091 0.019091
5 0.227273 0.899318 0.019091 0.020455
5 0.282273 0.887273 0.020909 0.020909
5 0.388182 0.887955 0.020000 0.019545
5 0.393182 0.775909 0.018182 0.020909
5 0.575227 0.921364 0.016818 0.018182
5 0.569773 0.928182 0.015000 0.014545
5 0.576591 0.936136 0.017727 0.016818
5 0.402955 0.976591 0.022273 0.020455
5 0.476136 0.832955 0.020455 0.019545
5 0.739091 0.882273 0.019091 0.020909
5 0.745682 0.855000 0.023182 0.020909
5 0.720455 0.816136 0.018182 0.015000
5 0.717273 0.803182 0.019091 0.017273
5 0.728409 0.748864 0.021364 0.021364
5 0.761364 0.741136 0.018182 0.019545
5 0.715227 0.771591 0.021364 0.019545
5 0.806818 0.792500 0.019091 0.018636
5 0.833409 0.767045 0.020455 0.017727
5 0.839091 0.731136 0.017273 0.018636
5 0.868864 0.736591 0.019545 0.018636
5 0.895000 0.748636 0.019091 0.021818
5 0.830682 0.664773 0.018636 0.017727
5 0.695000 0.610455 0.022727 0.023636
5 0.760909 0.649091 0.020909 0.020000
5 0.918636 0.558182 0.020000 0.017273
5 0.938409 0.601364 0.015909 0.015455
5 0.939091 0.617955 0.017273 0.018636
5 0.928864 0.642955 0.018636 0.021364
5 0.927500 0.660455 0.018636 0.023636
5 0.941818 0.672045 0.019091 0.020455
5 0.702045 0.491591 0.019545 0.014091
5 0.726818 0.529091 0.022727 0.022727
5 0.735000 0.438864 0.017273 0.015909
5 0.803409 0.461364 0.019545 0.018182
5 0.839091 0.446364 0.019091 0.019091
5 0.961818 0.445682 0.019091 0.019545
5 0.990909 0.482727 0.016364 0.019091
5 0.639773 0.250227 0.022273 0.019545
5 0.626591 0.325909 0.019545 0.020000
5 0.650455 0.296591 0.020000 0.019545
5 0.673864 0.278182 0.020455 0.017273
5 0.692727 0.243182 0.018182 0.018182
5 0.719318 0.221136 0.019545 0.015909
5 0.827955 0.273636 0.022273 0.021818
5 0.784318 0.352500 0.021364 0.018636
5 0.831591 0.349318 0.018636 0.018636
5 0.894318 0.307045 0.019545 0.018636
5 0.891136 0.254545 0.018636 0.020909
5 0.632045 0.211136 0.017727 0.015909
5 0.648409 0.178864 0.021364 0.017727
5 0.672273 0.162955 0.022727 0.019545
5 0.674318 0.185227 0.022273 0.018636
5 0.713864 0.138182 0.018636 0.020000
5 0.721591 0.184091 0.017727 0.018182
5 0.747500 0.187273 0.020455 0.020000
5 0.742500 0.205455 0.021364 0.017273
5 0.765455 0.152727 0.019091 0.017273
5 0.778864 0.141364 0.018636 0.017273
5 0.771136 0.126136 0.020455 0.019545
5 0.860455 0.187955 0.022727 0.022273
5 0.553636 0.012273 0.019091 0.018182
5 0.597273 0.030909 0.016364 0.016364
5 0.611591 0.036591 0.017727 0.021364
5 0.666364 0.040909 0.019091 0.019091
5 0.606818 0.076818 0.020000 0.020000
5 0.679091 0.098864 0.015455 0.015909
5 0.693409 0.092500 0.024091 0.021364
5 0.372727 0.116364 0.020909 0.018182
5 0.456136 0.142500 0.024091 0.020455
5 0.515682 0.123864 0.017727 0.019545
5 0.457500 0.195455 0.023182 0.020909
5 0.536364 0.176591 0.021818 0.022273
5 0.566591 0.197273 0.025909 0.020909
5 0.258864 0.200455 0.023182 0.020000
5 0.220000 0.300455 0.024545 0.021818
5 0.390227 0.304091 0.019545 0.020000
5 0.450000 0.292273 0.020909 0.020000
5 0.460682 0.323409 0.021364 0.022273
5 0.503636 0.309091 0.018182 0.020909
5 0.515455 0.272727 0.018182 0.019091
5 0.547045 0.261818 0.018636 0.018182
5 0.077727 0.255455 0.018182 0.019091
5 0.036136 0.369545 0.017727 0.014545
5 0.068182 0.371364 0.019091 0.020909
5 0.113636 0.312273 0.019091 0.021818
5 0.126818 0.326818 0.019091 0.019091
5 0.122500 0.368182 0.022273 0.020909
5 0.156818 0.393636 0.022727 0.020000
5 0.025000 0.480909 0.026364 0.020000
5 0.072727 0.443864 0.020000 0.022273
5 0.266818 0.424545 0.019091 0.017273
5 0.264773 0.446136 0.017727 0.017727
5 0.265227 0.473182 0.019545 0.018182
5 0.290227 0.429545 0.015909 0.017273
5 0.305227 0.413636 0.019545 0.016364
5 0.357045 0.371136 0.017727 0.018636
5 0.353864 0.408636 0.020455 0.019091
5 0.316136 0.447273 0.018636 0.017273
5 0.377045 0.449318 0.021364 0.020455
5 0.361364 0.468409 0.020909 0.021364
5 0.367727 0.500909 0.021818 0.020909
5 0.476136 0.418409 0.022273 0.020455
5 0.557045 0.389091 0.019545 0.020909
5 0.537045 0.450227 0.020455 0.020455
5 0.495000 0.471364 0.020000 0.018182
5 0.566818 0.450000 0.017273 0.020000
5 0.584091 0.506364 0.020909 0.019091
5 0.399545 0.570682 0.020000 0.023182
5 0.590455 0.559773 0.021818 0.019545
5 0.581818 0.569773 0.019091 0.018636
5 0.568409 0.615227 0.018636 0.022273
5 0.372955 0.718636 0.021364 0.020909
5 0.582727 0.715000 0.019091 0.022727
5 0.437500 0.032955 0.024091 0.023182