5 0.620336 0.852769 0.023780 0.025351
5 0.702132 0.795632 0.020910 0.015601
5 0.624026 0.877730 0.031160 0.032371
5 0.226937 0.862129 0.019270 0.018331
5 0.211562 0.778471 0.018040 0.021061
5 0.226527 0.796802 0.020910 0.021061
5 0.244157 0.804992 0.020910 0.022621
5 0.348913 0.840679 0.016400 0.018331
5 0.372079 0.812598 0.020910 0.018331
5 0.407134 0.693838 0.022140 0.021061
5 0.438294 0.736934 0.025420 0.025351
5 0.480115 0.674532 0.016400 0.019891
5 0.340918 0.553237 0.029930 0.019891
5 0.097581 0.587754 0.031160 0.021061
5 0.088971 0.537637 0.031160 0.028471
5 0.117056 0.485959 0.028290 0.015601
5 0.113366 0.440328 0.026650 0.021061
5 0.403444 0.302847 0.032800 0.033931
5 0.371464 0.183892 0.031160 0.025351
5 0.447314 0.140601 0.022140 0.018331
5 0.626896 0.238885 0.022140 0.025351
5 0.674867 0.212754 0.025420 0.026911
5 0.737802 0.210803 0.029930 0.028471
5 0.711152 0.239080 0.026650 0.022621
5 0.755843 0.254680 0.020910 0.022621
5 0.807708 0.255070 0.014760 0.021061
5 0.785568 0.289977 0.023780 0.019891
5 0.625666 0.395281 0.025420 0.026911
5 0.568471 0.371880 0.029930 0.019891
5 0.550636 0.393916 0.023780 0.024181
5 0.558836 0.471529 0.022140 0.029641
5 0.580361 0.468994 0.020910 0.012871
5 0.634481 0.476209 0.028290 0.024181
5 0.798278 0.413222 0.025420 0.019891
5 0.870849 0.445398 0.040180 0.031201
5 0.803403 0.603354 0.026650 0.021061
5 0.522345 0.603159 0.023780 0.032371
5 0.485035 0.580733 0.032800 0.029641
5 0.482985 0.704953 0.013940 0.019891
5 0.495490 0.718994 0.020910 0.025351