5 0.677499 0.297291 0.012999 0.010213
5 0.076647 0.598801 0.018826 0.018206
5 0.082922 0.632771 0.021515 0.019538
5 0.091887 0.622336 0.019722 0.017318
5 0.112057 0.572158 0.017929 0.017318
5 0.133124 0.587700 0.017929 0.016430
5 0.139848 0.599689 0.017033 0.015542
5 0.138279 0.610568 0.017481 0.014210
5 0.137831 0.621004 0.018377 0.015542
5 0.113626 0.634103 0.014792 0.016874
5 0.123263 0.638544 0.017033 0.015098
5 0.170103 0.604352 0.017481 0.018650
5 0.189601 0.609680 0.017033 0.018650
5 0.192290 0.664964 0.019722 0.019982
5 0.073510 0.708925 0.019722 0.017318
5 0.082250 0.730906 0.020170 0.019538
5 0.126849 0.798179 0.020619 0.020870
5 0.229494 0.783526 0.018826 0.019094
5 0.231286 0.802620 0.018826 0.017318
5 0.170103 0.828153 0.020170 0.020426
5 0.192739 0.842806 0.019722 0.018650
5 0.238234 0.854796 0.017481 0.018650
5 0.255491 0.884769 0.017929 0.019982
5 0.329673 0.853908 0.021963 0.015986
5 0.375840 0.892762 0.020170 0.019094
5 0.283953 0.905417 0.019274 0.016874
5 0.320260 0.909414 0.019274 0.017762
5 0.360152 0.918073 0.017481 0.017318
5 0.379650 0.928952 0.019722 0.017762
5 0.410130 0.903419 0.017929 0.016430
5 0.463693 0.876332 0.016584 0.018206
5 0.455849 0.934947 0.017929 0.019982
5 0.433214 0.955151 0.018377 0.017762
5 0.525101 0.875000 0.019274 0.018206
5 0.567459 0.837478 0.019722 0.016874
5 0.575078 0.896758 0.018826 0.017318
5 0.661363 0.825710 0.019274 0.018206
5 0.646347 0.883659 0.018826 0.019538
5 0.615195 0.915853 0.019274 0.019982
5 0.686239 0.887877 0.017929 0.017318
5 0.679964 0.902753 0.018826 0.018650
5 0.571717 0.738899 0.020170 0.022202
5 0.529583 0.793295 0.019274 0.017318
5 0.744733 0.717806 0.014792 0.016430
5 0.759301 0.718472 0.014343 0.017762
5 0.803675 0.716030 0.020619 0.017318
5 0.831914 0.724911 0.014343 0.013766
5 0.788436 0.795515 0.017929 0.015542
5 0.731735 0.816607 0.017481 0.016874
5 0.762438 0.826377 0.017929 0.015986
5 0.675930 0.672291 0.017929 0.019538
5 0.696773 0.677398 0.016584 0.017318
5 0.799641 0.614343 0.017033 0.018206
5 0.793142 0.640320 0.015688 0.017762
5 0.760870 0.703153 0.019274 0.015542
5 0.883236 0.645204 0.021067 0.019538
5 0.720529 0.466918 0.021067 0.019982
5 0.788212 0.523313 0.017481 0.018206
5 0.880547 0.475355 0.019274 0.019094
5 0.835724 0.541519 0.021067 0.019982
5 0.876513 0.538632 0.020170 0.020426
5 0.850291 0.575266 0.022411 0.021758
5 0.917302 0.585480 0.018377 0.019094
5 0.684446 0.361679 0.014343 0.015542
5 0.655760 0.455373 0.017929 0.017318
5 0.742044 0.437833 0.015688 0.013321
5 0.756611 0.430062 0.018826 0.016430
5 0.836396 0.393872 0.017033 0.015986
5 0.834603 0.406528 0.016136 0.015542
5 0.852084 0.430506 0.016136 0.017318
5 0.872479 0.435835 0.017481 0.016430
5 0.910130 0.392096 0.017481 0.018650
5 0.756611 0.331705 0.020619 0.017762
5 0.584715 0.258881 0.018377 0.018650
5 0.574406 0.312611 0.018377 0.015098
5 0.626177 0.284192 0.015240 0.015098
5 0.643433 0.273757 0.015688 0.015542
5 0.663156 0.261767 0.015688 0.018206
5 0.666741 0.281972 0.014792 0.015986
5 0.720753 0.299290 0.016136 0.015986
5 0.733303 0.305728 0.015240 0.012877
5 0.770731 0.298401 0.016584 0.019538
5 0.803003 0.299512 0.013895 0.014654
5 0.801883 0.315053 0.017929 0.018206
5 0.767369 0.217362 0.018826 0.018206
5 0.693187 0.204263 0.018377 0.017762
5 0.717391 0.207149 0.016584 0.016430
5 0.727476 0.197158 0.018826 0.015986
5 0.484536 0.098801 0.019722 0.018206
5 0.542358 0.086812 0.019722 0.018206
5 0.508068 0.179840 0.018377 0.020426
5 0.628866 0.157194 0.014343 0.020426
5 0.639623 0.158748 0.015240 0.021758
5 0.713581 0.148091 0.015240 0.015542
5 0.727028 0.134547 0.017929 0.018650
5 0.601748 0.192496 0.017481 0.015542
5 0.444195 0.179174 0.020619 0.018206
5 0.545719 0.221137 0.021067 0.018650
5 0.518602 0.238677 0.018826 0.018206
5 0.502465 0.264876 0.017929 0.015542
5 0.458763 0.294627 0.017481 0.015542
5 0.417974 0.329485 0.019274 0.017762
5 0.423577 0.343694 0.018826 0.016874
5 0.533841 0.296847 0.017033 0.016430
5 0.522860 0.307282 0.017481 0.015986
5 0.512550 0.338588 0.015688 0.015542
5 0.550426 0.336590 0.018826 0.016874
5 0.530704 0.358348 0.018826 0.018650
5 0.310175 0.087478 0.020619 0.017762
5 0.315105 0.136989 0.016136 0.016430
5 0.334827 0.162300 0.017929 0.018206
5 0.364186 0.172957 0.015688 0.016430
5 0.406992 0.140986 0.016136 0.019094
5 0.430300 0.142096 0.016136 0.017762
5 0.146347 0.187611 0.014792 0.012877
5 0.204393 0.192496 0.023308 0.019094
5 0.193187 0.209369 0.017033 0.019094
5 0.140520 0.279751 0.019274 0.017762
5 0.214926 0.227798 0.015688 0.018650
5 0.238906 0.253774 0.022411 0.019094
5 0.079337 0.330817 0.017929 0.015986
5 0.087405 0.344361 0.019722 0.017318
5 0.161811 0.321714 0.017033 0.017318
5 0.160018 0.348801 0.021515 0.017318
5 0.206858 0.347691 0.020170 0.017762
5 0.051546 0.465586 0.018826 0.016430
5 0.052443 0.488233 0.021515 0.020870
5 0.148588 0.505773 0.020170 0.019538
5 0.235545 0.499334 0.018377 0.019094
5 0.245182 0.485346 0.017929 0.017762
5 0.261990 0.542851 0.019274 0.018206
5 0.340654 0.528419 0.019722 0.019538
5 0.310399 0.762655 0.021067 0.017318
5 0.415285 0.732238 0.019274 0.020426
5 0.504931 0.669405 0.021963 0.019094
5 0.471762 0.815941 0.023756 0.022647
5 0.562304 0.399201 0.014792 0.016874
5 0.553788 0.419183 0.016584 0.018650
5 0.570148 0.398313 0.013447 0.014210
5 0.568355 0.476021 0.018826 0.018650
5 0.542134 0.510879 0.025549 0.022647
5 0.617436 0.486901 0.014792 0.018206
5 0.671896 0.504885 0.024204 0.015986
5 0.652398 0.368339 0.012999 0.012877