5 0.132514 0.638593 0.018215 0.015733
5 0.067623 0.665895 0.023224 0.021286
5 0.079007 0.688801 0.023224 0.021749
5 0.096084 0.747339 0.020947 0.024063
5 0.177596 0.681860 0.020036 0.017122
5 0.180100 0.757520 0.022313 0.020361
5 0.229281 0.749884 0.025046 0.022675
5 0.249317 0.714484 0.023224 0.020361
5 0.231557 0.658723 0.020492 0.019898
5 0.221311 0.783896 0.021858 0.019435
5 0.289845 0.759602 0.021403 0.018047
5 0.301685 0.774641 0.021403 0.017584
5 0.341530 0.757751 0.022769 0.019898
5 0.339481 0.694354 0.024135 0.023600
5 0.295765 0.663582 0.023224 0.018510
5 0.277322 0.659186 0.021858 0.021749
5 0.183971 0.618001 0.020036 0.019898
5 0.147541 0.625174 0.023679 0.020361
5 0.220628 0.870199 0.021403 0.020824
5 0.243625 0.857936 0.020036 0.019435
5 0.278005 0.861638 0.019581 0.017584
5 0.260018 0.886164 0.019126 0.020361
5 0.300774 0.882925 0.023224 0.018510
5 0.334016 0.943776 0.021403 0.019898
5 0.424863 0.947478 0.020947 0.017122
5 0.431694 0.805414 0.020947 0.018047
5 0.539162 0.773716 0.023679 0.022212
5 0.565346 0.808885 0.019581 0.016659
5 0.613160 0.819065 0.022313 0.018510
5 0.689891 0.871819 0.024590 0.020361
5 0.639344 0.930125 0.018215 0.018510
5 0.733607 0.800787 0.022769 0.018973
5 0.633424 0.692503 0.021858 0.018047
5 0.731557 0.734845 0.015938 0.015733
5 0.733607 0.744563 0.019126 0.017584
5 0.745902 0.732068 0.017304 0.017584
5 0.763434 0.727441 0.018670 0.015733
5 0.787113 0.679315 0.019581 0.018510
5 0.782332 0.749884 0.020947 0.018047
5 0.833106 0.791763 0.020492 0.020361
5 0.905055 0.727210 0.013206 0.016196
5 0.849727 0.826932 0.022769 0.019435
5 0.665984 0.490514 0.016849 0.014808
5 0.676913 0.499075 0.020492 0.017122
5 0.693534 0.567561 0.020947 0.017122
5 0.769581 0.488663 0.018215 0.019435
5 0.784153 0.496529 0.017304 0.017584
5 0.793260 0.624479 0.022769 0.022675
5 0.846539 0.601342 0.018215 0.018047
5 0.906648 0.564091 0.023679 0.020361
5 0.921676 0.582601 0.018215 0.019435
5 0.906421 0.473855 0.018670 0.017584
5 0.926913 0.493753 0.017760 0.018510
5 0.946949 0.535863 0.018670 0.014808
5 0.973361 0.564785 0.023224 0.023600
5 0.948543 0.594169 0.019126 0.017584
5 0.747951 0.350301 0.017760 0.018510
5 0.763661 0.436141 0.020036 0.018973
5 0.793260 0.441925 0.019126 0.019435
5 0.853142 0.398195 0.020492 0.018973
5 0.882741 0.396113 0.016849 0.017584
5 0.899135 0.388246 0.015938 0.016659
5 0.927596 0.370893 0.020036 0.018973
5 0.891621 0.410921 0.021858 0.017584
5 0.949454 0.433133 0.020947 0.017584
5 0.975182 0.477557 0.023224 0.023137
5 0.686248 0.453494 0.020947 0.015733
5 0.690346 0.361638 0.018215 0.017122
5 0.661885 0.400046 0.021403 0.017122
5 0.632286 0.393568 0.021403 0.019898
5 0.588115 0.403286 0.021403 0.019898
5 0.647313 0.427117 0.023224 0.019435
5 0.602004 0.439380 0.020036 0.016196
5 0.570583 0.460435 0.024590 0.021286
5 0.609062 0.495141 0.021403 0.019435
5 0.540984 0.274873 0.021858 0.024988
5 0.573087 0.253355 0.022313 0.018047
5 0.591985 0.280426 0.020947 0.019435
5 0.637295 0.245488 0.022313 0.019898
5 0.671448 0.210088 0.017760 0.020361
5 0.677140 0.231606 0.022769 0.023600
5 0.718124 0.216335 0.019126 0.017122
5 0.709472 0.253355 0.019126 0.018973
5 0.718579 0.277418 0.015483 0.018047
5 0.711521 0.305414 0.021403 0.023137
5 0.671676 0.342665 0.024590 0.020824
5 0.815801 0.203841 0.020492 0.020824
5 0.839709 0.216798 0.023679 0.022675
5 0.903461 0.230449 0.017304 0.020361
5 0.920993 0.261222 0.021403 0.026377
5 0.496129 0.045349 0.025956 0.020361
5 0.532332 0.085609 0.025501 0.024063
5 0.559199 0.055298 0.022769 0.021749
5 0.576730 0.086071 0.021403 0.021286
5 0.604053 0.076122 0.018670 0.019898
5 0.492942 0.186256 0.019581 0.024526
5 0.693078 0.082601 0.020947 0.018973
5 0.739754 0.124711 0.021403 0.019898
5 0.774362 0.145534 0.021403 0.014345
5 0.803962 0.119389 0.022313 0.021286
5 0.443078 0.051828 0.021858 0.024988
5 0.396630 0.071957 0.020947 0.020824
5 0.358151 0.075659 0.017760 0.019898
5 0.366576 0.108052 0.021858 0.020824
5 0.249545 0.215641 0.022769 0.019435
5 0.301230 0.192735 0.020492 0.019898
5 0.464936 0.232994 0.021858 0.021749
5 0.409381 0.299630 0.023679 0.029153
5 0.361339 0.350764 0.020492 0.022212
5 0.415073 0.346599 0.021403 0.015733
5 0.430100 0.325775 0.020492 0.019435
5 0.479281 0.329246 0.025956 0.022675
5 0.230419 0.090005 0.021858 0.018973
5 0.290073 0.138593 0.020947 0.020824
5 0.160064 0.137668 0.019581 0.017122
5 0.113388 0.192041 0.015483 0.014808
5 0.158698 0.172837 0.021403 0.020824
5 0.078552 0.271402 0.020492 0.017122
5 0.067168 0.308191 0.019581 0.017584
5 0.030965 0.382925 0.016393 0.018973
5 0.102459 0.280426 0.018215 0.024988
5 0.161202 0.344516 0.015483 0.021749
5 0.174180 0.401897 0.020492 0.018973
5 0.325592 0.412078 0.020036 0.022675
5 0.316940 0.441231 0.024590 0.020824
5 0.254781 0.505553 0.021403 0.020824
5 0.275501 0.521749 0.020947 0.017122
5 0.301913 0.516428 0.017304 0.018510
5 0.354964 0.483804 0.017760 0.019898
5 0.392304 0.440305 0.019581 0.015271
5 0.481557 0.432207 0.018670 0.019435
5 0.401639 0.517816 0.021858 0.021286
5 0.318989 0.577973 0.022313 0.018510
5 0.586293 0.559000 0.024135 0.019435
5 0.534381 0.648542 0.019581 0.021749
5 0.575592 0.685099 0.019126 0.019898
5 0.389800 0.690652 0.020947 0.022675
5 0.420993 0.708700 0.018670 0.016196
5 0.534153 0.709162 0.019126 0.019898
5 0.564663 0.716335 0.018215 0.015733
5 0.568989 0.727441 0.015938 0.013882
5 0.096084 0.574271 0.020947 0.021286
5 0.128415 0.584914 0.023679 0.020361
5 0.202869 0.585146 0.021403 0.020824