5 0.554882 0.316189 0.014968 0.016614
5 0.630791 0.302580 0.017819 0.019795
5 0.303813 0.314422 0.014612 0.014493
5 0.880791 0.494698 0.019601 0.018735
5 0.924091 0.463415 0.025659 0.021209
5 0.558803 0.582185 0.023521 0.019088
5 0.554348 0.680276 0.021026 0.016614
5 0.571989 0.141039 0.013542 0.016260
5 0.541340 0.146165 0.017819 0.017321
5 0.523165 0.154648 0.014968 0.017321
5 0.483428 0.155002 0.023165 0.020148
5 0.462937 0.174443 0.019244 0.021562
5 0.517284 0.211912 0.018888 0.014493
5 0.465075 0.236479 0.019244 0.021209
5 0.493585 0.235596 0.015681 0.015200
5 0.498396 0.250088 0.018888 0.017321
5 0.511226 0.240721 0.016037 0.015553
5 0.524947 0.244963 0.017819 0.021916
5 0.536707 0.263697 0.021383 0.023330
5 0.550784 0.244963 0.015324 0.013432
5 0.554704 0.236303 0.016037 0.013786
5 0.538667 0.240014 0.013186 0.014139
5 0.530470 0.233828 0.012473 0.011665
5 0.567890 0.233475 0.012473 0.019441
5 0.579829 0.235949 0.016393 0.015200
5 0.595688 0.217391 0.017463 0.014846
5 0.607448 0.208378 0.017463 0.019441
5 0.625445 0.204489 0.017819 0.019441
5 0.621882 0.190880 0.015681 0.016967
5 0.629900 0.168434 0.018175 0.020148
5 0.617249 0.152174 0.019244 0.016614
5 0.618318 0.133439 0.017819 0.019441
5 0.603350 0.141039 0.012830 0.013432
5 0.588382 0.150230 0.016393 0.016967
5 0.589986 0.179922 0.016750 0.015553
5 0.586957 0.192648 0.025659 0.017674
5 0.562901 0.192471 0.017463 0.018028
5 0.549715 0.201661 0.011761 0.011665
5 0.545973 0.212973 0.015681 0.015200
5 0.540805 0.202192 0.014612 0.014846
5 0.535460 0.191941 0.011761 0.013432
5 0.687812 0.180276 0.010691 0.012725
5 0.644512 0.215801 0.014612 0.016614
5 0.626871 0.231354 0.014968 0.012372
5 0.630257 0.242665 0.016750 0.018028
5 0.668567 0.235065 0.017819 0.016260
5 0.677477 0.223224 0.014968 0.016614
5 0.686743 0.212089 0.014255 0.012725
5 0.698681 0.206964 0.013899 0.015200
5 0.695830 0.220219 0.013899 0.017674
5 0.706878 0.235065 0.015324 0.016967
5 0.680862 0.244256 0.012473 0.017674
5 0.692623 0.245493 0.012473 0.019441
5 0.699572 0.254153 0.019244 0.021916
5 0.730756 0.225875 0.019601 0.015553
5 0.729152 0.236833 0.015681 0.017674
5 0.746436 0.239484 0.016750 0.015907
5 0.749644 0.261577 0.015324 0.019088
5 0.767106 0.255567 0.017463 0.019088
5 0.642730 0.281195 0.019601 0.016614
5 0.647897 0.293920 0.021383 0.015907
5 0.648788 0.325203 0.020314 0.016967
5 0.613863 0.325557 0.015324 0.017674
5 0.590520 0.267586 0.019244 0.016260
5 0.571454 0.268293 0.013186 0.014139
5 0.604954 0.272534 0.016750 0.014846
5 0.551319 0.285083 0.016393 0.016614
5 0.537954 0.287204 0.019601 0.016614
5 0.523699 0.283139 0.017463 0.014139
5 0.513542 0.290562 0.019244 0.016967
5 0.513008 0.301166 0.018888 0.014139
5 0.537420 0.310887 0.019244 0.020148
5 0.481290 0.315483 0.021026 0.014493
5 0.482359 0.332803 0.021026 0.020855
5 0.497505 0.330859 0.020670 0.024744
5 0.371169 0.265288 0.024590 0.019441
5 0.389701 0.288441 0.020314 0.017674
5 0.409480 0.285083 0.022096 0.019441
5 0.413756 0.261753 0.017106 0.013786
5 0.424804 0.276069 0.031361 0.026158
5 0.425160 0.294804 0.014968 0.016260
5 0.436743 0.296041 0.016750 0.017321
5 0.487170 0.100389 0.024947 0.021916
5 0.357092 0.102510 0.021383 0.016967
5 0.554348 0.076882 0.021739 0.020855
5 0.455096 0.317073 0.016393 0.014139
5 0.411618 0.325203 0.018532 0.016967
5 0.426051 0.321315 0.016037 0.015553
5 0.403778 0.344998 0.019957 0.016260
5 0.392195 0.362496 0.018888 0.018028
5 0.344262 0.360198 0.027085 0.020502
5 0.336422 0.405444 0.022096 0.023330
5 0.366180 0.300460 0.018175 0.014846
5 0.360121 0.290032 0.015324 0.013786
5 0.345510 0.304348 0.019601 0.018381
5 0.321632 0.317957 0.020314 0.018028
5 0.443870 0.362672 0.018888 0.019795
5 0.463115 0.350124 0.018888 0.018028
5 0.431932 0.335101 0.016393 0.014139
5 0.474697 0.362672 0.019244 0.014846
5 0.464718 0.376988 0.017819 0.018735
5 0.450285 0.396253 0.018175 0.019795
5 0.432466 0.422411 0.018175 0.012018
5 0.435674 0.433545 0.018175 0.013786
5 0.554882 0.365500 0.020670 0.020502
5 0.537776 0.384942 0.021383 0.019088
5 0.553279 0.386179 0.015324 0.016614
5 0.563435 0.390067 0.017106 0.015200
5 0.567177 0.402262 0.021739 0.019795
5 0.586778 0.385472 0.018888 0.023683
5 0.590520 0.415164 0.022096 0.017321
5 0.604954 0.406327 0.018888 0.017321
5 0.673200 0.378579 0.021383 0.019795
5 0.666964 0.388123 0.023877 0.019088
5 0.658589 0.395369 0.021383 0.019441
5 0.711155 0.413397 0.021026 0.016614
5 0.814148 0.241075 0.021026 0.019088
5 0.798824 0.260339 0.021026 0.019441
5 0.793835 0.281902 0.021739 0.020855
5 0.838026 0.276953 0.023877 0.027925
5 0.858339 0.256451 0.021026 0.022269
5 0.860656 0.273948 0.020670 0.019088
5 0.826622 0.311417 0.021026 0.021916
5 0.823236 0.294097 0.017819 0.020502
5 0.870456 0.343054 0.024590 0.024390
5 0.899323 0.355603 0.022452 0.024744
5 0.923022 0.375928 0.018532 0.015907
5 0.841233 0.381407 0.021026 0.016967
5 0.853706 0.362142 0.015324 0.018028
5 0.832324 0.348356 0.016750 0.016614
5 0.827869 0.366384 0.017819 0.018735
5 0.841768 0.356840 0.017106 0.015200
5 0.866001 0.389183 0.017106 0.018381
5 0.863329 0.405267 0.018175 0.020148
5 0.848539 0.413927 0.022096 0.024037
5 0.855845 0.434252 0.016037 0.018735
5 0.852994 0.449099 0.017463 0.018735
5 0.865823 0.440085 0.011761 0.016260
5 0.876515 0.440969 0.013899 0.018028
5 0.867071 0.456875 0.017819 0.020148
5 0.905025 0.423471 0.018888 0.018381
5 0.911796 0.436550 0.016037 0.021209
5 0.726657 0.446624 0.020670 0.018735
5 0.866536 0.487451 0.019601 0.016967
5 0.867783 0.499823 0.013542 0.012725
5 0.888988 0.541711 0.018888 0.016614
5 0.857805 0.547543 0.019244 0.015553
5 0.599608 0.481796 0.019601 0.017674
5 0.622773 0.551962 0.023877 0.020855
5 0.858696 0.591375 0.018175 0.019088
5 0.871703 0.609226 0.017819 0.015907
5 0.854063 0.617709 0.013899 0.015200
5 0.869565 0.635560 0.019244 0.020502
5 0.892195 0.631672 0.024590 0.021916
5 0.883820 0.671262 0.021383 0.016260
5 0.859408 0.672853 0.015324 0.018028
5 0.847470 0.678862 0.016393 0.015200
5 0.847113 0.695299 0.020670 0.016260
5 0.844262 0.723400 0.022808 0.020148
5 0.857627 0.721280 0.015324 0.015200
5 0.848895 0.734712 0.017106 0.013786
5 0.595510 0.676741 0.025659 0.020855
5 0.633108 0.570343 0.019601 0.014493
5 0.638988 0.598268 0.019957 0.020148
5 0.646294 0.613821 0.018888 0.018028
5 0.623485 0.605514 0.015324 0.011311
5 0.616536 0.613821 0.008553 0.009544
5 0.607270 0.607989 0.017819 0.028279
5 0.566465 0.606045 0.019601 0.016614
5 0.581076 0.698657 0.021026 0.018735
5 0.581254 0.725875 0.020670 0.016614
5 0.560941 0.732945 0.022808 0.016614
5 0.613507 0.728879 0.018175 0.009191
5 0.616714 0.740014 0.015324 0.013786
5 0.569494 0.771651 0.021383 0.016260
5 0.606379 0.778720 0.017463 0.010604
5 0.608339 0.787557 0.014255 0.016967
5 0.631148 0.784376 0.022096 0.015553
5 0.548824 0.815483 0.021383 0.017674
5 0.609052 0.807352 0.019957 0.014139
5 0.661796 0.802050 0.019957 0.015553
5 0.636315 0.868328 0.015324 0.015907
5 0.655916 0.875221 0.018888 0.019088
5 0.673200 0.872747 0.022808 0.020502
5 0.730577 0.835984 0.018532 0.016260
5 0.764790 0.823613 0.019957 0.016260
5 0.766572 0.838989 0.018532 0.014493
5 0.788845 0.821492 0.020314 0.017674
5 0.866714 0.741251 0.018532 0.016967
5 0.208304 0.763521 0.019601 0.021916
5 0.277085 0.790562 0.025303 0.021562
5 0.359943 0.826617 0.024234 0.023683
5 0.430328 0.863026 0.023877 0.021562
5 0.499287 0.861435 0.023521 0.019795
5 0.519066 0.816366 0.019601 0.019441
5 0.514790 0.800636 0.022452 0.019088
5 0.516750 0.781902 0.018532 0.017674
5 0.492338 0.798692 0.023165 0.020855
5 0.490021 0.754860 0.021383 0.020148
5 0.509979 0.728879 0.020670 0.019088
5 0.508019 0.707317 0.016750 0.019088
5 0.536885 0.699717 0.022452 0.018735
5 0.476301 0.728879 0.019601 0.015553
5 0.460264 0.735949 0.018888 0.019088
5 0.449751 0.713150 0.017819 0.018735
5 0.433001 0.720219 0.019957 0.017321
5 0.401818 0.723047 0.021026 0.018735
5 0.379009 0.731177 0.019601 0.018028
5 0.354241 0.760516 0.022808 0.019441
5 0.382929 0.768646 0.026016 0.018028
5 0.329116 0.719159 0.023877 0.020148
5 0.409480 0.674443 0.022808 0.018381
5 0.148967 0.701485 0.023521 0.022269
5 0.205631 0.529162 0.015681 0.012725
5 0.205631 0.538530 0.015681 0.012372
5 0.208660 0.563980 0.018175 0.016614
5 0.257662 0.592259 0.017106 0.016614
5 0.297577 0.598445 0.019244 0.017674
5 0.314683 0.619830 0.025659 0.023683
5 0.348004 0.607105 0.018175 0.013079
5 0.345153 0.593142 0.013899 0.018381
5 0.356914 0.592259 0.018175 0.019441
5 0.387919 0.659244 0.020314 0.021209
5 0.411083 0.646341 0.018888 0.018735
5 0.457234 0.661718 0.019957 0.019795
5 0.473628 0.634146 0.019244 0.015553
5 0.533500 0.634323 0.019957 0.017321
5 0.519423 0.601626 0.018888 0.019088
5 0.501960 0.582715 0.016037 0.012372
5 0.500356 0.570343 0.012830 0.014493
5 0.469530 0.584836 0.018175 0.017321
5 0.468104 0.601449 0.020314 0.015907
5 0.449751 0.565924 0.013542 0.013432
5 0.393621 0.569459 0.016037 0.016260
5 0.404134 0.547190 0.021383 0.018381
5 0.380435 0.536585 0.023165 0.021916
5 0.440841 0.555497 0.012117 0.010251
5 0.442267 0.567515 0.015681 0.013079
5 0.430684 0.505656 0.020314 0.016614
5 0.449929 0.478084 0.018175 0.019441
5 0.469886 0.464122 0.018175 0.021209
5 0.504989 0.497526 0.019957 0.013079
5 0.551497 0.513786 0.023165 0.022269
5 0.537420 0.469601 0.018532 0.019441
5 0.307733 0.454754 0.025303 0.020855
5 0.070563 0.483033 0.021383 0.019441
5 0.152352 0.490633 0.020314 0.019088
5 0.177120 0.471545 0.019957 0.018381
5 0.189237 0.402086 0.024947 0.028632
5 0.109052 0.336868 0.017819 0.014846
5 0.164647 0.341287 0.022096 0.022976
5 0.186565 0.337929 0.021026 0.019088
5 0.179793 0.292860 0.024590 0.020855
5 0.189950 0.254507 0.021383 0.022623
5 0.060941 0.415871 0.029223 0.040650