5 0.423106 0.228265 0.025506 0.025969
5 0.464179 0.306361 0.016879 0.019571
5 0.453113 0.318404 0.019505 0.018818
5 0.494186 0.256492 0.018380 0.021453
5 0.478057 0.202108 0.025131 0.023335
5 0.516692 0.215092 0.021380 0.018442
5 0.524569 0.235792 0.020630 0.022958
5 0.533383 0.249906 0.020255 0.018065
5 0.511253 0.283779 0.017254 0.015807
5 0.527007 0.287919 0.015754 0.016560
5 0.524944 0.306172 0.019880 0.018442
5 0.544824 0.293752 0.020630 0.021453
5 0.531508 0.272488 0.018005 0.017313
5 0.540698 0.263455 0.011628 0.018065
5 0.554576 0.249906 0.013878 0.009785
5 0.554764 0.260068 0.013503 0.016560
5 0.578582 0.245390 0.016879 0.016560
5 0.579520 0.262514 0.015004 0.011667
5 0.594149 0.255740 0.013503 0.016936
5 0.584396 0.284720 0.019505 0.022205
5 0.570518 0.303161 0.013503 0.012420
5 0.581770 0.307678 0.018005 0.010162
5 0.549325 0.319721 0.012378 0.013173
5 0.601650 0.232029 0.018005 0.015431
5 0.566767 0.213022 0.018005 0.019571
5 0.550450 0.206624 0.017629 0.015055
5 0.580458 0.187429 0.017629 0.017313
5 0.546887 0.182725 0.017254 0.014678
5 0.536384 0.189876 0.020255 0.017689
5 0.514254 0.175574 0.017254 0.016936
5 0.526444 0.173316 0.016879 0.016936
5 0.594524 0.166165 0.019505 0.018442
5 0.648912 0.196650 0.018755 0.015431
5 0.679670 0.171058 0.013503 0.012420
5 0.702551 0.171058 0.013503 0.016936
5 0.643286 0.217539 0.014254 0.012796
5 0.616279 0.237110 0.016504 0.012044
5 0.606714 0.245013 0.010878 0.011291
5 0.605589 0.282273 0.015379 0.013549
5 0.613278 0.288860 0.016504 0.013925
5 0.625281 0.296951 0.014254 0.016560
5 0.625094 0.280391 0.007127 0.009785
5 0.625281 0.268348 0.014254 0.013549
5 0.627719 0.257998 0.011628 0.016184
5 0.650975 0.224501 0.009377 0.010162
5 0.660353 0.255740 0.012378 0.013173
5 0.654539 0.285661 0.015754 0.017313
5 0.642348 0.345126 0.018380 0.016560
5 0.680983 0.277381 0.014629 0.019571
5 0.637097 0.274181 0.013128 0.012420
5 0.640660 0.287919 0.011253 0.012796
5 0.679295 0.253481 0.015754 0.013173
5 0.706114 0.267030 0.011628 0.015431
5 0.718117 0.257057 0.012378 0.015807
5 0.696362 0.219044 0.019130 0.024840
5 0.717367 0.225442 0.015379 0.023335
5 0.726932 0.229018 0.012753 0.019195
5 0.693548 0.247271 0.019505 0.021076
5 0.730683 0.282085 0.012753 0.016936
5 0.739872 0.258562 0.011628 0.015055
5 0.752626 0.264772 0.010878 0.014678
5 0.744374 0.290930 0.014629 0.016560
5 0.757877 0.297516 0.012378 0.015431
5 0.769880 0.287919 0.018380 0.020324
5 0.782258 0.293564 0.010878 0.015807
5 0.791073 0.286978 0.015004 0.014678
5 0.796512 0.275499 0.015379 0.014302
5 0.782633 0.278133 0.011628 0.015055
5 0.771568 0.271170 0.012753 0.010162
5 0.777569 0.265337 0.009002 0.010538
5 0.786572 0.264960 0.010503 0.012796
5 0.799512 0.257998 0.012378 0.019947
5 0.816017 0.256680 0.016879 0.016560
5 0.788822 0.247460 0.013503 0.016184
5 0.799887 0.240873 0.017629 0.015807
5 0.775506 0.219985 0.013128 0.011667
5 0.769505 0.233722 0.013878 0.011291
5 0.767817 0.247648 0.013503 0.012044
5 0.760128 0.253858 0.008627 0.009409
5 0.746062 0.239744 0.011253 0.007527
5 0.759752 0.228265 0.012378 0.013925
5 0.749062 0.224501 0.012003 0.010162
5 0.749625 0.249530 0.010878 0.009033
5 0.755626 0.240685 0.010128 0.010162
5 0.806452 0.214151 0.015754 0.014302
5 0.808327 0.305043 0.014254 0.010162
5 0.776257 0.338728 0.014629 0.014302
5 0.758627 0.361498 0.014629 0.012420
5 0.844899 0.347572 0.014629 0.018442
5 0.858777 0.322356 0.016879 0.015431
5 0.867217 0.344562 0.015754 0.020700
5 0.845836 0.374482 0.018005 0.017313
5 0.854839 0.288483 0.015004 0.018442
5 0.859527 0.412495 0.020630 0.018065
5 0.870030 0.396312 0.013128 0.013549
5 0.878282 0.409484 0.013878 0.016560
5 0.903226 0.431125 0.019505 0.016184
5 0.906602 0.412495 0.013503 0.015807
5 0.754876 0.423786 0.018380 0.015807
5 0.756752 0.390102 0.018380 0.018442
5 0.655289 0.410613 0.027007 0.023335
5 0.875469 0.365638 0.020255 0.015431
5 0.873406 0.381069 0.014629 0.013173
5 0.886909 0.344373 0.013878 0.013549
5 0.891410 0.365638 0.016129 0.018442
5 0.759940 0.486451 0.018005 0.016184
5 0.728057 0.580730 0.030008 0.022582
5 0.609902 0.526157 0.019505 0.016560
5 0.604089 0.514678 0.013128 0.015431
5 0.596399 0.525216 0.018755 0.016936
5 0.568642 0.496989 0.018005 0.019947
5 0.526819 0.514114 0.019130 0.016560
5 0.522131 0.465186 0.021755 0.019571
5 0.484059 0.463681 0.023631 0.018065
5 0.523443 0.548363 0.017629 0.022582
5 0.538260 0.548363 0.014254 0.018818
5 0.548575 0.549304 0.013878 0.020700
5 0.562266 0.548551 0.018755 0.023711
5 0.558327 0.563041 0.021380 0.017313
5 0.578582 0.582236 0.013878 0.017313
5 0.596399 0.582988 0.017254 0.021076
5 0.611590 0.589763 0.015379 0.015055
5 0.602588 0.605947 0.013128 0.013549
5 0.600525 0.616108 0.015754 0.012796
5 0.620780 0.614038 0.015754 0.013173
5 0.634471 0.600301 0.013128 0.015807
5 0.643661 0.599548 0.008252 0.010538
5 0.651725 0.594844 0.014629 0.019195
5 0.663353 0.595597 0.017629 0.016936
5 0.656789 0.607264 0.016504 0.017689
5 0.679857 0.612157 0.020630 0.020700
5 0.689047 0.638502 0.022506 0.020700
5 0.671605 0.640196 0.021380 0.018065
5 0.647224 0.631539 0.018380 0.016560
5 0.641598 0.641889 0.017629 0.016936
5 0.635409 0.618743 0.015754 0.016560
5 0.631283 0.635115 0.016504 0.015431
5 0.625281 0.641513 0.015754 0.013173
5 0.620780 0.627399 0.017254 0.015055
5 0.529632 0.613662 0.014254 0.016936
5 0.542198 0.616673 0.017629 0.016936
5 0.519880 0.621942 0.015004 0.017689
5 0.532071 0.629846 0.014629 0.010162
5 0.545949 0.636620 0.016879 0.016184
5 0.560578 0.649040 0.016879 0.018442
5 0.480870 0.554385 0.023256 0.016560
5 0.486122 0.577155 0.020255 0.023711
5 0.484434 0.605006 0.017629 0.016184
5 0.495311 0.642830 0.016129 0.012044
5 0.681920 0.677832 0.017254 0.021829
5 0.610090 0.655062 0.022881 0.016184
5 0.606527 0.677079 0.015004 0.015055
5 0.620593 0.673316 0.020630 0.020324
5 0.626969 0.710388 0.021380 0.019947
5 0.641973 0.728077 0.017629 0.016936
5 0.593961 0.722055 0.019130 0.016936
5 0.570143 0.711705 0.023256 0.017313
5 0.572018 0.664095 0.020255 0.022958
5 0.523818 0.648664 0.019130 0.019195
5 0.500375 0.652051 0.016504 0.017689
5 0.505439 0.665600 0.013128 0.016184
5 0.503376 0.675574 0.018755 0.015807
5 0.493248 0.680655 0.013503 0.013173
5 0.473181 0.660896 0.016129 0.016560
5 0.466429 0.691569 0.020630 0.019195
5 0.475056 0.727889 0.016879 0.020324
5 0.531508 0.700979 0.021755 0.016936
5 0.544449 0.743508 0.025881 0.032744
5 0.567329 0.743131 0.016129 0.019195
5 0.518005 0.754046 0.021005 0.019947
5 0.571643 0.763831 0.018005 0.017689
5 0.585334 0.765901 0.016879 0.019571
5 0.602213 0.786790 0.020630 0.023711
5 0.620030 0.794881 0.019505 0.022582
5 0.639535 0.788483 0.021755 0.020324
5 0.516317 0.781709 0.022131 0.020324
5 0.495124 0.789424 0.014254 0.016936
5 0.454801 0.758374 0.016879 0.015807
5 0.434546 0.754610 0.018380 0.019571
5 0.439797 0.780203 0.016879 0.018065
5 0.438672 0.679338 0.018380 0.017313
5 0.414854 0.675009 0.019505 0.019195
5 0.402476 0.708882 0.019505 0.017689
5 0.361590 0.742755 0.017254 0.020700
5 0.382971 0.694204 0.017254 0.018442
5 0.371905 0.687241 0.011628 0.018818
5 0.360653 0.684419 0.019880 0.013925
5 0.372093 0.658261 0.017254 0.013549
5 0.394599 0.650922 0.015004 0.018442
5 0.379595 0.632668 0.021755 0.017313
5 0.368530 0.619872 0.016879 0.014302
5 0.373593 0.611780 0.016504 0.016184
5 0.386534 0.606699 0.023631 0.017313
5 0.410540 0.610839 0.017629 0.018065
5 0.438672 0.608957 0.014629 0.014302
5 0.446924 0.623071 0.019130 0.013925
5 0.472806 0.609710 0.013878 0.016560
5 0.485934 0.817087 0.020630 0.022582
5 0.450300 0.801280 0.019130 0.018065
5 0.534884 0.798457 0.018755 0.019195
5 0.484059 0.868837 0.019880 0.023711
5 0.635596 0.877682 0.023631 0.021076
5 0.368717 0.812759 0.029257 0.019947
5 0.348837 0.741626 0.019505 0.019195
5 0.300450 0.802221 0.028507 0.031991
5 0.274944 0.697215 0.024006 0.021453
5 0.297824 0.689499 0.027007 0.027851
5 0.340210 0.686489 0.027757 0.022582
5 0.292573 0.670305 0.021005 0.014302
5 0.295574 0.655062 0.018005 0.019195
5 0.264816 0.655815 0.018005 0.014678
5 0.251500 0.657320 0.014629 0.016936
5 0.261065 0.637561 0.022506 0.017313
5 0.275131 0.616673 0.019130 0.020700
5 0.288260 0.622883 0.010878 0.022582
5 0.302138 0.617802 0.018380 0.016184
5 0.327269 0.613850 0.022131 0.019571
5 0.314704 0.640384 0.022506 0.018442
5 0.273443 0.588822 0.021755 0.016936
5 0.282446 0.571321 0.017254 0.018065
5 0.269505 0.562476 0.014629 0.014678
5 0.258627 0.570192 0.013128 0.014302
5 0.307952 0.551750 0.017254 0.016560
5 0.335334 0.562476 0.023256 0.018442
5 0.337022 0.578472 0.022881 0.018818
5 0.363653 0.584494 0.019880 0.020324
5 0.167854 0.586564 0.021380 0.017689
5 0.159040 0.562288 0.025506 0.023335
5 0.182296 0.566428 0.024756 0.025593
5 0.134284 0.535566 0.024006 0.021076
5 0.139160 0.516560 0.023256 0.019195
5 0.363653 0.486639 0.020630 0.015807
5 0.363278 0.520135 0.016129 0.016560
5 0.371718 0.507715 0.011253 0.009785
5 0.378282 0.520512 0.015379 0.017313
5 0.381658 0.508468 0.012378 0.009785
5 0.437547 0.528792 0.017629 0.020324
5 0.433796 0.548363 0.022881 0.022582
5 0.415791 0.571133 0.018380 0.017689
5 0.395349 0.551562 0.018755 0.017689
5 0.394411 0.534626 0.020630 0.016936
5 0.410540 0.520324 0.016129 0.013925
5 0.413353 0.546857 0.014254 0.018818
5 0.417292 0.590516 0.016879 0.015807
5 0.422168 0.578284 0.015379 0.016184
5 0.433796 0.582424 0.014629 0.016936
5 0.446924 0.588069 0.016879 0.016936
5 0.468117 0.584870 0.017254 0.022582
5 0.119842 0.667670 0.022131 0.023335
5 0.112341 0.473090 0.022131 0.015055
5 0.120780 0.457471 0.016504 0.018442
5 0.134471 0.423786 0.025131 0.021076
5 0.121155 0.401016 0.020255 0.020700
5 0.130908 0.379752 0.021755 0.014302
5 0.132971 0.356605 0.015379 0.012420
5 0.143286 0.349078 0.023256 0.016936
5 0.142536 0.333647 0.017254 0.014678
5 0.256939 0.425104 0.027757 0.035002
5 0.292198 0.441099 0.024006 0.030109
5 0.314704 0.456906 0.015004 0.024087
5 0.343773 0.461046 0.017629 0.022582
5 0.365341 0.447497 0.019505 0.018818
5 0.371155 0.398758 0.018380 0.017689
5 0.301575 0.382574 0.024006 0.020700
5 0.305139 0.360933 0.024381 0.020324
5 0.331770 0.334964 0.021380 0.018818
5 0.410540 0.403463 0.016129 0.017313
5 0.400788 0.412683 0.013128 0.013173
5 0.169167 0.277192 0.024006 0.022958
5 0.155664 0.317463 0.020255 0.018442
5 0.296137 0.321415 0.028132 0.023335
5 0.336459 0.310124 0.018755 0.023335
5 0.354651 0.308242 0.019130 0.018065
5 0.410728 0.342680 0.024756 0.027475
5 0.385221 0.358299 0.028507 0.024087
5 0.430983 0.340986 0.019505 0.023335
5 0.439985 0.453519 0.024756 0.021076
5 0.427794 0.426421 0.023631 0.020324
5 0.444486 0.423410 0.023256 0.022582
5 0.480120 0.435454 0.027757 0.027851
5 0.485559 0.377682 0.022881 0.025216
5 0.517629 0.411554 0.026257 0.025216
5 0.551200 0.437335 0.026632 0.030862
5 0.581208 0.451825 0.022131 0.027475
5 0.606527 0.425292 0.019505 0.019571
5 0.625469 0.419646 0.019130 0.021829
5 0.547074 0.347196 0.021380 0.014678
5 0.529070 0.366955 0.020630 0.022582
5 0.495874 0.357922 0.021755 0.015807
5 0.470743 0.066428 0.025506 0.016936
5 0.503376 0.096349 0.022506 0.021829
5 0.538447 0.154874 0.015379 0.020700
5 0.554764 0.160331 0.012003 0.015055
5 0.562266 0.151110 0.012753 0.014678
5 0.552701 0.129846 0.019130 0.017313
5 0.576519 0.127776 0.015754 0.017689
5 0.629032 0.136432 0.015004 0.015431
5 0.642536 0.152239 0.018005 0.016936
5 0.659040 0.140384 0.018755 0.015055
5 0.577269 0.071509 0.016504 0.016560
5 0.598275 0.083741 0.019505 0.017689
5 0.654539 0.092774 0.020255 0.019947
5 0.676107 0.100113 0.015379 0.014302
5 0.689985 0.117802 0.012378 0.014302
5 0.698237 0.104253 0.015379 0.012044
5 0.708927 0.117802 0.010503 0.013549
5 0.188672 0.183289 0.022506 0.021076
5 0.298387 0.108393 0.021380 0.015807
5 0.340585 0.096349 0.019505 0.017313
5 0.364216 0.082424 0.022506 0.017313