5 0.175909 0.148332 0.028182 0.029757
5 0.082273 0.600090 0.025455 0.032462
5 0.127727 0.637737 0.021818 0.020289
5 0.069091 0.686204 0.020000 0.016231
5 0.139545 0.673129 0.017273 0.018034
5 0.152500 0.668395 0.018636 0.016682
5 0.344773 0.651037 0.019545 0.020739
5 0.210227 0.742561 0.019545 0.018936
5 0.233864 0.741434 0.018636 0.017583
5 0.147500 0.750902 0.021364 0.018485
5 0.142727 0.770063 0.020909 0.016231
5 0.139318 0.792606 0.022273 0.020739
5 0.180227 0.792831 0.019545 0.020289
5 0.151591 0.840848 0.018636 0.019838
5 0.244545 0.885708 0.020000 0.018485
5 0.345000 0.823264 0.018182 0.019838
5 0.368182 0.794409 0.020909 0.021641
5 0.305682 0.905546 0.022273 0.021190
5 0.397500 0.909829 0.020455 0.019838
5 0.440682 0.749098 0.020455 0.018485
5 0.270682 0.922678 0.020455 0.018485
5 0.275000 0.933048 0.018182 0.014878
5 0.330227 0.950180 0.021364 0.020289
5 0.477273 0.876691 0.019091 0.018485
5 0.490909 0.859558 0.022727 0.018485
5 0.520455 0.947701 0.019091 0.021641
5 0.505682 0.987601 0.019545 0.015780
5 0.591136 0.926961 0.018636 0.020739
5 0.680682 0.840171 0.018636 0.017583
5 0.696818 0.831154 0.018182 0.018485
5 0.671591 0.904193 0.017727 0.018485
5 0.668636 0.935753 0.020000 0.020289
5 0.692955 0.899008 0.020455 0.018936
5 0.720909 0.888188 0.020000 0.018034
5 0.753182 0.909603 0.020909 0.015780
5 0.829545 0.831605 0.021818 0.022994
5 0.861364 0.777728 0.020909 0.019838
5 0.678182 0.720018 0.022727 0.021641
5 0.728636 0.729486 0.020909 0.020739
5 0.778636 0.663661 0.020000 0.018034
5 0.812273 0.622858 0.018182 0.015780
5 0.907273 0.651262 0.020000 0.022092
5 0.947045 0.665464 0.025000 0.024346
5 0.842045 0.687782 0.021364 0.021190
5 0.877500 0.707169 0.025909 0.022994
5 0.858864 0.730388 0.022273 0.018936
5 0.817273 0.717764 0.018182 0.019838
5 0.813182 0.739405 0.020909 0.019838
5 0.800682 0.755861 0.015909 0.018485
5 0.789091 0.757214 0.017273 0.019387
5 0.671591 0.477006 0.019545 0.018034
5 0.681818 0.495041 0.021818 0.019838
5 0.849091 0.467087 0.018182 0.018936
5 0.858182 0.479486 0.018182 0.016682
5 0.864091 0.492561 0.018182 0.020289
5 0.845909 0.510821 0.020909 0.018936
5 0.819318 0.545762 0.022273 0.017583
5 0.860000 0.538548 0.021818 0.021190
5 0.924545 0.545311 0.020909 0.022994
5 0.917727 0.505861 0.020000 0.019838
5 0.933409 0.506537 0.020455 0.020289
5 0.927500 0.439360 0.023182 0.022092
5 0.918409 0.400812 0.019545 0.017133
5 0.891364 0.340397 0.020000 0.020739
5 0.805682 0.352119 0.022273 0.021641
5 0.854318 0.270289 0.021364 0.018485
5 0.731818 0.378945 0.022727 0.019387
5 0.664545 0.363390 0.023636 0.018936
5 0.542273 0.364743 0.020000 0.018936
5 0.555682 0.371055 0.020455 0.017133
5 0.576818 0.380523 0.021818 0.019838
5 0.581591 0.352119 0.019545 0.019838
5 0.604773 0.359784 0.018636 0.018034
5 0.610682 0.331380 0.015909 0.015329
5 0.615455 0.322137 0.016364 0.015780
5 0.605227 0.402164 0.020455 0.018936
5 0.530909 0.298242 0.019091 0.017583
5 0.562273 0.301623 0.019091 0.018034
5 0.549545 0.295311 0.018182 0.018936
5 0.532955 0.314472 0.015000 0.014878
5 0.542045 0.309062 0.018636 0.019387
5 0.400682 0.221145 0.021364 0.021190
5 0.455682 0.220920 0.021364 0.018936
5 0.435227 0.253381 0.017727 0.018936
5 0.534545 0.267133 0.018182 0.017583
5 0.594773 0.271190 0.023182 0.017583
5 0.579318 0.151488 0.021364 0.015329
5 0.623636 0.143823 0.018182 0.017133
5 0.695000 0.189134 0.017273 0.016682
5 0.706136 0.200857 0.018636 0.019387
5 0.759091 0.223625 0.017273 0.017133
5 0.804545 0.179666 0.019091 0.015780
5 0.795455 0.216637 0.020000 0.019387
5 0.311818 0.076871 0.022727 0.022092
5 0.278864 0.085888 0.019545 0.023895
5 0.264318 0.104599 0.023182 0.019838
5 0.327045 0.119477 0.024091 0.019838
5 0.435455 0.034716 0.020000 0.018936
5 0.405455 0.075969 0.020909 0.019387
5 0.378636 0.123760 0.024545 0.020289
5 0.419318 0.111362 0.017727 0.017133
5 0.514773 0.122182 0.019545 0.017133
5 0.141364 0.169973 0.019091 0.018936
5 0.161136 0.182372 0.017727 0.021190
5 0.182273 0.199729 0.020000 0.018936
5 0.160227 0.235347 0.021364 0.019838
5 0.280909 0.211452 0.021818 0.020739
5 0.263182 0.239630 0.018182 0.018485
5 0.305000 0.210550 0.020909 0.020739
5 0.332273 0.246393 0.019091 0.019387
5 0.375909 0.237376 0.021818 0.019387
5 0.068409 0.281335 0.025000 0.019838
5 0.056818 0.301849 0.022727 0.019387
5 0.055682 0.406447 0.018636 0.019387
5 0.237500 0.342651 0.019545 0.019838
5 0.062500 0.445221 0.019545 0.018485
5 0.100000 0.474301 0.020000 0.018936
5 0.096591 0.502931 0.020455 0.021190
5 0.277955 0.421776 0.016818 0.018485
5 0.308636 0.431921 0.020909 0.018936
5 0.045000 0.550947 0.021818 0.021641
5 0.096818 0.570334 0.022727 0.020739
5 0.434318 0.436655 0.016818 0.014878
5 0.482955 0.489179 0.019545 0.018936
5 0.579318 0.460775 0.020455 0.017133
5 0.563182 0.504509 0.021818 0.019838
5 0.506818 0.523219 0.020909 0.016682
5 0.512955 0.539675 0.021364 0.018034
5 0.506818 0.687331 0.023636 0.023895