5 0.234317 0.170727 0.020910 0.023589
5 0.348093 0.143852 0.030340 0.024749
5 0.364699 0.166473 0.025010 0.018175
5 0.333538 0.203596 0.031570 0.022042
5 0.208487 0.221191 0.019270 0.028616
5 0.182452 0.246520 0.016400 0.022042
5 0.163182 0.247873 0.022140 0.024749
5 0.135506 0.260054 0.019270 0.019722
5 0.133046 0.288476 0.025010 0.024749
5 0.146166 0.313805 0.020910 0.018175
5 0.080566 0.344548 0.025010 0.024749
5 0.040795 0.395012 0.037310 0.029776
5 0.071341 0.454950 0.020500 0.022815
5 0.162977 0.350928 0.025010 0.022042
5 0.192087 0.342807 0.025010 0.028229
5 0.197212 0.319799 0.012300 0.013148
5 0.209102 0.324439 0.013120 0.017788
5 0.190242 0.303558 0.018040 0.018561
5 0.214022 0.307038 0.013940 0.019335
5 0.251743 0.292923 0.017220 0.025135
5 0.308938 0.241686 0.021730 0.019335
5 0.353014 0.242653 0.020500 0.019722
5 0.331283 0.276102 0.017220 0.019335
5 0.305043 0.314965 0.020500 0.023589
5 0.292538 0.334493 0.024190 0.019335
5 0.229192 0.381284 0.014760 0.016241
5 0.243542 0.381090 0.015580 0.020495
5 0.038745 0.490913 0.023370 0.024362
5 0.026035 0.532289 0.024190 0.022815
5 0.081591 0.494973 0.018040 0.013921
5 0.088561 0.508507 0.019680 0.018561
5 0.101681 0.519722 0.018040 0.017788
5 0.092866 0.538476 0.021730 0.021268
5 0.117056 0.528422 0.020910 0.022815
5 0.165232 0.445669 0.014760 0.024362
5 0.180402 0.452243 0.018040 0.026682
5 0.157442 0.469644 0.020500 0.027456
5 0.175687 0.483565 0.015170 0.022042
5 0.203772 0.484339 0.017220 0.023589
5 0.216277 0.462684 0.018450 0.018175
5 0.219147 0.439675 0.015170 0.018561
5 0.227552 0.431361 0.008200 0.014308
5 0.236367 0.431361 0.014350 0.013534
5 0.242312 0.415893 0.017220 0.014308
5 0.268143 0.426141 0.024600 0.019335
5 0.257483 0.447409 0.016400 0.016241
5 0.235547 0.452630 0.018450 0.019722
5 0.236777 0.477378 0.020910 0.017401
5 0.237802 0.491879 0.017220 0.012374
5 0.233497 0.509281 0.019270 0.018561
5 0.181837 0.511794 0.025010 0.022815
5 0.154162 0.536736 0.019680 0.024749
5 0.167077 0.543117 0.011890 0.018175
5 0.176302 0.536543 0.013940 0.018175
5 0.186757 0.555491 0.019270 0.020495
5 0.267118 0.514501 0.019270 0.018175
5 0.280853 0.477958 0.013120 0.017015
5 0.294588 0.487626 0.015170 0.020882
5 0.321443 0.449343 0.013940 0.015468
5 0.330873 0.432135 0.015580 0.019722
5 0.326568 0.476025 0.012710 0.014695
5 0.317958 0.485305 0.015170 0.012374
5 0.313653 0.496713 0.020500 0.019722
5 0.302993 0.508314 0.011480 0.013534
5 0.312218 0.515275 0.011890 0.015855
5 0.322058 0.522815 0.015170 0.015468
5 0.336408 0.514695 0.016810 0.012374
5 0.333333 0.499613 0.018040 0.015468
5 0.357934 0.536543 0.018040 0.018175
5 0.381714 0.633991 0.015580 0.018175
5 0.346248 0.678268 0.016810 0.012374
5 0.346863 0.663186 0.018040 0.020882
5 0.359984 0.660480 0.009020 0.018561
5 0.324723 0.648299 0.011480 0.017401
5 0.306683 0.641531 0.020500 0.023202
5 0.305043 0.691995 0.018040 0.019722
5 0.237187 0.614076 0.019270 0.018561
5 0.236982 0.631477 0.019680 0.015468
5 0.246822 0.649265 0.020500 0.019335
5 0.214842 0.634764 0.024600 0.022815
5 0.205412 0.657966 0.013120 0.013534
5 0.224887 0.688708 0.020910 0.023202
5 0.175687 0.687935 0.020910 0.020882
5 0.186552 0.654292 0.013940 0.020882
5 0.173842 0.668213 0.016400 0.013148
5 0.172407 0.655066 0.019270 0.017015
5 0.145961 0.637664 0.018040 0.020882
5 0.066011 0.625677 0.020500 0.020882
5 0.134686 0.587200 0.018450 0.022042
5 0.155802 0.592227 0.020500 0.020495
5 0.159082 0.617943 0.022960 0.018561
5 0.103321 0.658546 0.018040 0.020882
5 0.060681 0.675561 0.020500 0.019335
5 0.089381 0.740139 0.018040 0.010828
5 0.088356 0.752320 0.016810 0.013534
5 0.126076 0.735886 0.016810 0.017015
5 0.212382 0.762374 0.013120 0.011214
5 0.108856 0.777262 0.018450 0.017015
5 0.137966 0.799111 0.012710 0.009667
5 0.141246 0.785189 0.021730 0.015855
5 0.125871 0.792923 0.013940 0.011988
5 0.145961 0.832753 0.016400 0.018175
5 0.243952 0.881864 0.018040 0.019722
5 0.285568 0.896752 0.020910 0.021655
5 0.267323 0.840487 0.020500 0.024362
5 0.250923 0.798917 0.010660 0.019335
5 0.264453 0.797177 0.017220 0.022042
5 0.237392 0.777456 0.020500 0.020495
5 0.220377 0.779196 0.015170 0.015468
5 0.206847 0.784223 0.015170 0.012374
5 0.209307 0.807038 0.018450 0.018561
5 0.225912 0.805104 0.013120 0.019335
5 0.322673 0.837780 0.024600 0.025909
5 0.301353 0.806651 0.010660 0.012374
5 0.302583 0.791183 0.016400 0.015468
5 0.315088 0.805878 0.015170 0.018561
5 0.326363 0.798724 0.011480 0.015855
5 0.332923 0.792343 0.013940 0.012374
5 0.335383 0.779776 0.019680 0.020495
5 0.335588 0.813225 0.014350 0.016241
5 0.349323 0.808005 0.013940 0.018175
5 0.360394 0.744006 0.013120 0.017015
5 0.369004 0.796597 0.017220 0.017015
5 0.370439 0.779389 0.011890 0.015855
5 0.384789 0.781129 0.015170 0.029389
5 0.399344 0.788476 0.013120 0.012374
5 0.403034 0.777842 0.011480 0.013534
5 0.403444 0.804718 0.016400 0.021655
5 0.434809 0.796597 0.020910 0.020882
5 0.435424 0.775329 0.015580 0.020882
5 0.412259 0.771462 0.009430 0.013148
5 0.417179 0.782676 0.009430 0.008507
5 0.421279 0.773009 0.007790 0.010828
5 0.449979 0.822892 0.018450 0.016241
5 0.451825 0.838554 0.017220 0.015855
5 0.468225 0.854408 0.016400 0.015855
5 0.482780 0.858275 0.014350 0.020495
5 0.447929 0.871423 0.021730 0.022815
5 0.467610 0.888244 0.019270 0.024749
5 0.494465 0.832753 0.013940 0.020495
5 0.509020 0.830626 0.014350 0.021655
5 0.522345 0.803171 0.022960 0.027069
5 0.464535 0.783063 0.022140 0.023202
5 0.411644 0.751547 0.011480 0.017401
5 0.400574 0.751353 0.010660 0.019335
5 0.378434 0.744200 0.009020 0.011988
5 0.386839 0.750773 0.012710 0.017401
5 0.376794 0.727765 0.013940 0.015468
5 0.386224 0.731245 0.007380 0.015468
5 0.399959 0.732212 0.021730 0.017401
5 0.396679 0.696442 0.020910 0.018561
5 0.442394 0.747486 0.013120 0.017015
5 0.456950 0.737239 0.011890 0.013534
5 0.460435 0.748453 0.013940 0.013534
5 0.470480 0.738592 0.014350 0.015468
5 0.481345 0.762181 0.020500 0.019335
5 0.486470 0.747486 0.016810 0.017015
5 0.498770 0.736079 0.016810 0.017401
5 0.496925 0.721191 0.016400 0.015468
5 0.446904 0.717324 0.016400 0.014695
5 0.421689 0.705723 0.012710 0.013148
5 0.429889 0.698956 0.011890 0.011988
5 0.432554 0.710363 0.007380 0.014695
5 0.442394 0.702243 0.015580 0.010828
5 0.431734 0.685228 0.013120 0.016241
5 0.442599 0.689288 0.014350 0.014308
5 0.450390 0.683101 0.009430 0.013534
5 0.460845 0.693349 0.011480 0.012374
5 0.465150 0.703016 0.011890 0.013148
5 0.474785 0.692962 0.013940 0.016241
5 0.490570 0.684261 0.016810 0.013534
5 0.484420 0.707463 0.010250 0.014308
5 0.493440 0.703016 0.011890 0.014695
5 0.506355 0.709397 0.011480 0.017401
5 0.515990 0.711910 0.010250 0.015468
5 0.525215 0.705723 0.015580 0.013148
5 0.520705 0.695669 0.020500 0.017015
5 0.527060 0.683488 0.016810 0.011988
5 0.527675 0.670340 0.018040 0.017401
5 0.488520 0.668987 0.012710 0.012374
5 0.498975 0.662220 0.013120 0.011988
5 0.548585 0.722158 0.013940 0.013534
5 0.554736 0.707657 0.015580 0.016241
5 0.545100 0.689288 0.016810 0.019722
5 0.552276 0.658739 0.013940 0.011988
5 0.546740 0.643078 0.016810 0.019335
5 0.575646 0.718871 0.011480 0.015468
5 0.587741 0.787703 0.019270 0.019335
5 0.545920 0.806265 0.019270 0.017015
5 0.544485 0.820186 0.015580 0.013148
5 0.564781 0.817479 0.015170 0.017015
5 0.561091 0.837394 0.018450 0.022815
5 0.576056 0.836814 0.013940 0.018561
5 0.591636 0.835073 0.016400 0.020495
5 0.630381 0.804138 0.011890 0.019722
5 0.648216 0.803751 0.018040 0.025909
5 0.632841 0.743426 0.016810 0.018175
5 0.654572 0.735886 0.021730 0.021655
5 0.641246 0.719451 0.017220 0.020495
5 0.640016 0.692382 0.020500 0.020495
5 0.430299 0.619490 0.016810 0.016241
5 0.437474 0.636118 0.017220 0.018561
5 0.483190 0.616783 0.027470 0.023202
5 0.424354 0.577146 0.026240 0.022815
5 0.471710 0.564965 0.023370 0.024749
5 0.449569 0.532483 0.021730 0.020882
5 0.479705 0.513534 0.007380 0.007734
5 0.488520 0.508507 0.012710 0.017015
5 0.503280 0.518175 0.020910 0.020882
5 0.506765 0.493426 0.018040 0.020882
5 0.532595 0.484725 0.022960 0.015855
5 0.533415 0.501353 0.019680 0.017401
5 0.595736 0.501547 0.017220 0.017015
5 0.548995 0.521462 0.013940 0.015855
5 0.539565 0.529196 0.013120 0.014308
5 0.535055 0.557618 0.015580 0.015468
5 0.544280 0.577533 0.015170 0.017401
5 0.557606 0.578693 0.011480 0.013534
5 0.691472 0.839714 0.016810 0.015855
5 0.693522 0.859242 0.016810 0.020882
5 0.695367 0.712684 0.015580 0.019335
5 0.689012 0.647912 0.012710 0.022042
5 0.639811 0.545050 0.027470 0.024362
5 0.644731 0.514308 0.014350 0.018561
5 0.664207 0.522235 0.024600 0.022042
5 0.652112 0.483759 0.023370 0.018561
5 0.641041 0.456690 0.014350 0.013148
5 0.646986 0.439288 0.016400 0.017015
5 0.676712 0.443929 0.019270 0.018561
5 0.673022 0.407773 0.021730 0.019722
5 0.680402 0.364656 0.020910 0.020882
5 0.621771 0.394818 0.020910 0.015468
5 0.618696 0.419180 0.019680 0.018561
5 0.608651 0.433875 0.021730 0.018561
5 0.524600 0.419760 0.011890 0.009667
5 0.530340 0.428461 0.015170 0.015468
5 0.468430 0.413960 0.024190 0.018175
5 0.527880 0.346094 0.018450 0.018561
5 0.444649 0.453016 0.020910 0.015855
5 0.439114 0.467131 0.011480 0.010054
5 0.398114 0.460363 0.018040 0.022815
5 0.375359 0.447602 0.020910 0.019722
5 0.351784 0.419567 0.011480 0.017015
5 0.364699 0.419567 0.012710 0.019335
5 0.343583 0.391338 0.015580 0.014695
5 0.340713 0.376257 0.024600 0.015468
5 0.367774 0.369103 0.017220 0.018175
5 0.366134 0.351121 0.020500 0.017015
5 0.410824 0.345514 0.020500 0.022042
5 0.437064 0.336814 0.015580 0.019335
5 0.420664 0.379350 0.013940 0.016241
5 0.395244 0.424014 0.015580 0.015855
5 0.384994 0.409706 0.020500 0.019722
5 0.401189 0.403712 0.019270 0.014695
5 0.406109 0.389211 0.015170 0.017401
5 0.393809 0.385731 0.019270 0.019722
5 0.355884 0.321346 0.018040 0.020882
5 0.417179 0.305298 0.021730 0.019722
5 0.424354 0.294857 0.010660 0.014308
5 0.438089 0.284223 0.014350 0.016241
5 0.442599 0.272042 0.014350 0.014308
5 0.455515 0.275135 0.010660 0.015855
5 0.469045 0.293697 0.015580 0.020495
5 0.480730 0.303558 0.011890 0.019335
5 0.474990 0.325986 0.020910 0.021655
5 0.398934 0.127417 0.016400 0.023589
5 0.415129 0.121810 0.015170 0.017015
5 0.414924 0.138438 0.017220 0.015468
5 0.461665 0.115043 0.022960 0.022815
5 0.532595 0.112722 0.018040 0.022815
5 0.593481 0.109629 0.015170 0.013534
5 0.593071 0.123550 0.015170 0.015855
5 0.610291 0.127224 0.020910 0.017015
5 0.610086 0.162606 0.015580 0.018175
5 0.559041 0.190255 0.019270 0.021655
5 0.591021 0.194702 0.020910 0.018175
5 0.584666 0.237432 0.020500 0.020882
5 0.567241 0.239753 0.015170 0.013148
5 0.566421 0.251547 0.012710 0.017401
5 0.556376 0.255414 0.015580 0.017401
5 0.544280 0.256961 0.011890 0.018175
5 0.524190 0.284223 0.016810 0.017015
5 0.505945 0.272235 0.015580 0.017015
5 0.499590 0.282676 0.014350 0.013148
5 0.552891 0.303944 0.009430 0.013148
5 0.566831 0.304911 0.016810 0.014308
5 0.560271 0.319219 0.016810 0.015855
5 0.585281 0.317672 0.016810 0.017401
5 0.597786 0.309938 0.016400 0.014308
5 0.602911 0.327533 0.018450 0.020882
5 0.626076 0.284609 0.013120 0.017015
5 0.652932 0.300657 0.015170 0.019722
5 0.632431 0.240333 0.024190 0.024362
5 0.645346 0.181941 0.015580 0.014308
5 0.650062 0.193155 0.009430 0.008894
5 0.640016 0.197409 0.013120 0.017401
5 0.654572 0.204563 0.018450 0.016241
5 0.669127 0.220611 0.017220 0.019722
5 0.682042 0.210557 0.014350 0.015855
5 0.689627 0.187742 0.018040 0.017401
5 0.706437 0.222544 0.018040 0.020495
5 0.725912 0.217904 0.016810 0.018175
5 0.766503 0.225445 0.019270 0.020882
5 0.783518 0.242266 0.022960 0.020495
5 0.811808 0.258894 0.018040 0.020495
5 0.839483 0.285770 0.012710 0.013148
5 0.776343 0.322119 0.014350 0.014695
5 0.742107 0.327920 0.018040 0.018561
5 0.854859 0.325213 0.015580 0.015468
5 0.820623 0.309745 0.011890 0.020882
5 0.834768 0.312258 0.013940 0.017401
5 0.706027 0.848801 0.010660 0.016241
5 0.720377 0.772428 0.018860 0.020495
5 0.742107 0.781516 0.014760 0.015468
5 0.751333 0.774169 0.014350 0.013148
5 0.746207 0.761214 0.014760 0.015855
5 0.720582 0.724091 0.015170 0.016628
5 0.715047 0.707077 0.018860 0.018948
5 0.700287 0.643658 0.009840 0.020495
5 0.734522 0.662220 0.017630 0.019722
5 0.818983 0.731825 0.016810 0.018948
5 0.849938 0.745940 0.017220 0.017015
5 0.868594 0.724865 0.020090 0.023589
5 0.867569 0.688515 0.013940 0.014308
5 0.860189 0.678268 0.011480 0.013148
5 0.881304 0.668213 0.010250 0.015468
5 0.891349 0.668213 0.012300 0.013921
5 0.902009 0.675561 0.009840 0.010054
5 0.902009 0.632251 0.018040 0.020108
5 0.862649 0.637278 0.018040 0.025522
5 0.826978 0.613109 0.017220 0.018948
5 0.845428 0.608275 0.015580 0.020108
5 0.871464 0.600541 0.020910 0.017015
5 0.901394 0.589907 0.020090 0.021268
5 0.738827 0.538090 0.018040 0.022042
5 0.728577 0.512954 0.021320 0.020495
5 0.751538 0.501160 0.018860 0.020108
5 0.740467 0.469451 0.013120 0.014695
5 0.706642 0.447989 0.016810 0.020495
5 0.729602 0.426914 0.010250 0.009281
5 0.724887 0.437355 0.016400 0.015468
5 0.740262 0.433101 0.011890 0.011601
5 0.706232 0.395398 0.017630 0.016628
5 0.717097 0.380124 0.016400 0.017788
5 0.728167 0.393852 0.017220 0.018175
5 0.758918 0.394818 0.011480 0.012374
5 0.769988 0.392885 0.012300 0.015468
5 0.782288 0.396365 0.015580 0.013921
5 0.771013 0.414927 0.015170 0.013921
5 0.784748 0.430201 0.018040 0.011214
5 0.785568 0.440449 0.015580 0.010054
5 0.757893 0.458817 0.016810 0.018175
5 0.772038 0.532869 0.015580 0.017015
5 0.787208 0.533256 0.013940 0.015468
5 0.806478 0.520302 0.016400 0.018175
5 0.806068 0.545437 0.019680 0.019722
5 0.798483 0.560325 0.017630 0.017788
5 0.845428 0.562452 0.021320 0.021268
5 0.842968 0.506187 0.018040 0.017015
5 0.862034 0.532676 0.019270 0.019722
5 0.901394 0.530742 0.017630 0.014308
5 0.890324 0.551237 0.022550 0.022042
5 0.896064 0.463264 0.012710 0.011601
5 0.889299 0.437548 0.013940 0.020495
5 0.848503 0.478345 0.019270 0.018561
5 0.807708 0.484532 0.015580 0.017015
5 0.866339 0.401392 0.016400 0.010054
5 0.847888 0.405066 0.015580 0.016628
5 0.865109 0.427881 0.013120 0.014308
5 0.857114 0.435422 0.010250 0.018561
5 0.853629 0.455530 0.013940 0.013921
5 0.838663 0.447216 0.017630 0.016628
5 0.807913 0.455143 0.011890 0.010828
5 0.813448 0.465971 0.015580 0.010054
5 0.818573 0.453210 0.010250 0.011601
5 0.802993 0.360402 0.015170 0.018561
5 0.819188 0.332173 0.018040 0.016241
5 0.819803 0.344161 0.009430 0.013148
5 0.815703 0.354602 0.015170 0.017015
5 0.828618 0.355375 0.013120 0.011601
5 0.828618 0.344548 0.012300 0.010054
5 0.843378 0.340487 0.018040 0.015855
5 0.845428 0.355762 0.015580 0.013148
5 0.850554 0.366589 0.012710 0.012374
5 0.861829 0.359822 0.013940 0.013534
5 0.872694 0.376450 0.016810 0.016628
5 0.798893 0.378770 0.015170 0.011988
5 0.821853 0.372390 0.016810 0.013921
5 0.815498 0.377804 0.009020 0.012374
5 0.826978 0.387084 0.013940 0.011601
5 0.840508 0.385538 0.013120 0.013921
5 0.843993 0.377804 0.010250 0.010828
5 0.853219 0.375483 0.013120 0.010054
5 0.858959 0.387664 0.023780 0.015855
5 0.797663 0.401199 0.008610 0.010441
5 0.809143 0.398685 0.013530 0.015468
5 0.817548 0.404486 0.013120 0.012374
5 0.827388 0.410286 0.010660 0.013148
5 0.816318 0.415507 0.010660 0.008121
5 0.801968 0.413766 0.014760 0.014695
5 0.813038 0.421694 0.013940 0.011988
5 0.825543 0.422467 0.008610 0.009667
5 0.812628 0.434455 0.010660 0.014308
5 0.820623 0.438322 0.011070 0.016628
5 0.830053 0.436195 0.010250 0.016241
5 0.838253 0.429814 0.013530 0.016628
5 0.330873 0.927688 0.018040 0.024749
5 0.371464 0.925561 0.016400 0.025909