5 0.775401 0.900680 0.013369 0.019955
5 0.211230 0.430385 0.019608 0.028118
5 0.245321 0.435374 0.020945 0.025397
5 0.096480 0.637188 0.013815 0.015420
5 0.104278 0.631519 0.011586 0.015873
5 0.114750 0.630839 0.011141 0.017234
5 0.261364 0.831746 0.018271 0.018141
5 0.312611 0.866213 0.017380 0.017234
5 0.334670 0.881859 0.016934 0.018594
5 0.379011 0.870522 0.018271 0.016780
5 0.322415 0.913152 0.016488 0.020408
5 0.360294 0.900454 0.015597 0.015873
5 0.360071 0.915646 0.018717 0.019048
5 0.401738 0.906576 0.018271 0.019048
5 0.401292 0.930839 0.019162 0.017687
5 0.374332 0.828798 0.017825 0.015873
5 0.373440 0.816327 0.017825 0.016327
5 0.381684 0.795011 0.019162 0.018141
5 0.518717 0.918594 0.016934 0.013152
5 0.519385 0.931746 0.017380 0.014966
5 0.536542 0.953741 0.018717 0.016327
5 0.610963 0.964399 0.018717 0.017687
5 0.612745 0.840590 0.017825 0.016780
5 0.641934 0.911565 0.018271 0.017234
5 0.658200 0.931746 0.018717 0.018594
5 0.683378 0.874830 0.016488 0.017234
5 0.693627 0.871202 0.013815 0.015420
5 0.718806 0.936735 0.016043 0.014966
5 0.726827 0.932653 0.012478 0.014966
5 0.629234 0.791383 0.021390 0.017234
5 0.725490 0.817234 0.016043 0.017234
5 0.755125 0.827438 0.018271 0.016780
5 0.797906 0.862812 0.020053 0.019501
5 0.834002 0.837868 0.018271 0.016780
5 0.867870 0.826757 0.015597 0.015420
5 0.834670 0.772109 0.016934 0.016780
5 0.887478 0.730839 0.020053 0.016780
5 0.922237 0.680952 0.017380 0.018594
5 0.926248 0.702268 0.018271 0.014966
5 0.931373 0.718594 0.017825 0.017687
5 0.721034 0.478912 0.017825 0.015420
5 0.856506 0.527891 0.019608 0.019955
5 0.857398 0.597279 0.016934 0.019048
5 0.935160 0.576190 0.018271 0.015873
5 0.960116 0.552608 0.020053 0.022222
5 0.923797 0.519728 0.016934 0.015420
5 0.986185 0.524036 0.014260 0.017687
5 0.974153 0.459637 0.017825 0.016780
5 0.937834 0.458957 0.020053 0.019048
5 0.926693 0.448073 0.020053 0.019048
5 0.778743 0.293424 0.018271 0.015420
5 0.888146 0.276644 0.018717 0.017234
5 0.918895 0.292290 0.020499 0.016780
5 0.875891 0.310658 0.019162 0.015420
5 0.877897 0.322222 0.018717 0.014059
5 0.847371 0.351020 0.020945 0.019955
5 0.841578 0.388889 0.019162 0.019501
5 0.898396 0.341950 0.018717 0.014512
5 0.885472 0.361905 0.013369 0.014512
5 0.893939 0.366440 0.016934 0.017234
5 0.867424 0.404082 0.015597 0.017234
5 0.916221 0.413152 0.016934 0.018141
5 0.936275 0.395011 0.020499 0.018141
5 0.683378 0.378231 0.017380 0.018141
5 0.542112 0.402494 0.017380 0.014966
5 0.534982 0.377098 0.015597 0.016780
5 0.648841 0.074376 0.018717 0.019048
5 0.690731 0.095692 0.019608 0.020862
5 0.678922 0.126077 0.019162 0.023583
5 0.689840 0.185261 0.017825 0.018594
5 0.720365 0.156689 0.020053 0.020408
5 0.805258 0.154649 0.021390 0.019955
5 0.777629 0.201134 0.019608 0.018594
5 0.839349 0.171655 0.018271 0.018594
5 0.461453 0.071429 0.020053 0.016780
5 0.478164 0.050567 0.022282 0.020408
5 0.548128 0.051927 0.019608 0.019501
5 0.518271 0.176190 0.021390 0.016780
5 0.241979 0.116327 0.021390 0.018594
5 0.285205 0.105896 0.020499 0.019501
5 0.229724 0.175737 0.021836 0.016780
5 0.270276 0.235828 0.020053 0.020862
5 0.184715 0.273469 0.018271 0.019955
5 0.211007 0.305215 0.020945 0.020862
5 0.239973 0.397732 0.019162 0.020862
5 0.303253 0.354422 0.020053 0.020408
5 0.301693 0.391383 0.018717 0.019048
5 0.363636 0.315646 0.008021 0.011791
5 0.439840 0.267120 0.017825 0.014512
5 0.453654 0.352834 0.017825 0.020862
5 0.444296 0.374150 0.020499 0.023583
5 0.358734 0.415420 0.018717 0.019955
5 0.326649 0.439456 0.018717 0.020862
5 0.264706 0.456463 0.016934 0.020408
5 0.305036 0.452834 0.019162 0.021315
5 0.371435 0.463265 0.015597 0.019501
5 0.272504 0.470748 0.019162 0.019955
5 0.300134 0.470975 0.017380 0.019501
5 0.286988 0.488435 0.017825 0.019955
5 0.299688 0.495918 0.016488 0.017687
5 0.114082 0.439683 0.024064 0.020408
5 0.118316 0.476644 0.021836 0.021769
5 0.167781 0.466893 0.020945 0.020408
5 0.185383 0.470975 0.017825 0.020408
5 0.179590 0.486395 0.018717 0.018594
5 0.171791 0.497506 0.014706 0.018141
5 0.148396 0.529025 0.017825 0.019501
5 0.164216 0.523810 0.020945 0.027211
5 0.435160 0.542404 0.019162 0.018141
5 0.039884 0.507256 0.018271 0.018594
5 0.036765 0.552834 0.017380 0.018141
5 0.104501 0.520181 0.017380 0.018141
5 0.053030 0.581179 0.020499 0.019501
5 0.167112 0.566667 0.017825 0.021315
5 0.180927 0.563719 0.015152 0.018141
5 0.194073 0.569388 0.017380 0.021315
5 0.099599 0.619955 0.017380 0.014512
5 0.083111 0.644218 0.019162 0.018594
5 0.137255 0.715420 0.020499 0.020408
5 0.163547 0.728345 0.020499 0.019048
5 0.155749 0.760998 0.021836 0.019955
5 0.245321 0.690249 0.020945 0.019955
5 0.283422 0.677778 0.021390 0.020408
5 0.262701 0.741950 0.019162 0.020862
5 0.292112 0.750340 0.022727 0.021315
5 0.344474 0.629705 0.022282 0.017687
5 0.375000 0.657823 0.021836 0.022222
5 0.209225 0.846259 0.016488 0.018141
5 0.448752 0.565986 0.020499 0.018141
5 0.613859 0.711111 0.020945 0.021769
5 0.059492 0.349433 0.015597 0.017687
5 0.053922 0.376644 0.016043 0.016780
5 0.108734 0.359864 0.023173 0.022222
5 0.135027 0.347166 0.016934 0.018594
5 0.086230 0.420181 0.019162 0.020408
5 0.108734 0.248753 0.017825 0.019501
5 0.104278 0.229252 0.020499 0.021315
5 0.123663 0.199546 0.021836 0.021769