5 0.077095 0.704925 0.022411 0.019883
5 0.147692 0.734523 0.017481 0.015816
5 0.235769 0.704248 0.022411 0.019431
5 0.191618 0.655445 0.018377 0.017623
5 0.246302 0.657479 0.017481 0.017171
5 0.265352 0.648893 0.017033 0.016268
5 0.140520 0.638952 0.018377 0.016268
5 0.065890 0.625169 0.017033 0.016719
5 0.149260 0.814279 0.017033 0.017171
5 0.208203 0.764121 0.017481 0.017171
5 0.196100 0.820606 0.017481 0.016268
5 0.220305 0.819250 0.018377 0.018979
5 0.250336 0.828061 0.018377 0.015816
5 0.275661 0.803434 0.017929 0.018075
5 0.261542 0.854948 0.018377 0.018075
5 0.224339 0.876412 0.018377 0.017623
5 0.279695 0.865567 0.016136 0.016719
5 0.264231 0.906914 0.017481 0.017171
5 0.323846 0.818572 0.018377 0.019431
5 0.321381 0.871893 0.017929 0.017623
5 0.334827 0.874153 0.018826 0.020334
5 0.336172 0.906462 0.017033 0.018075
5 0.407441 0.818120 0.018826 0.018527
5 0.287987 0.943967 0.019274 0.019883
5 0.354101 0.944193 0.016136 0.014912
5 0.355894 0.954587 0.013447 0.014008
5 0.383460 0.962268 0.018377 0.016719
5 0.407216 0.923407 0.017481 0.015816
5 0.447557 0.894261 0.018377 0.018075
5 0.413043 0.962946 0.018377 0.016268
5 0.426042 0.977180 0.014792 0.018527
5 0.482743 0.994126 0.013447 0.010845
5 0.492604 0.986896 0.014343 0.013556
5 0.518826 0.975825 0.012999 0.012201
5 0.519498 0.926118 0.016136 0.017623
5 0.546616 0.860145 0.013895 0.013104
5 0.561407 0.869182 0.017481 0.018527
5 0.483416 0.840036 0.018377 0.018075
5 0.492604 0.810664 0.019722 0.016268
5 0.498879 0.799593 0.016136 0.013104
5 0.506051 0.819024 0.022411 0.020334
5 0.545719 0.809761 0.016584 0.015364
5 0.565442 0.830773 0.018377 0.015816
5 0.585388 0.920696 0.016136 0.016719
5 0.613626 0.928830 0.019722 0.016719
5 0.633797 0.820831 0.017929 0.016719
5 0.654191 0.818120 0.017481 0.016719
5 0.656656 0.807049 0.017033 0.014460
5 0.668758 0.790556 0.016136 0.017623
5 0.723667 0.841166 0.016584 0.015816
5 0.742940 0.926796 0.021963 0.017171
5 0.687360 0.778355 0.017481 0.014912
5 0.802779 0.826932 0.016136 0.018075
5 0.839982 0.853592 0.014343 0.012653
5 0.877857 0.790782 0.018377 0.017171
5 0.824518 0.741075 0.017481 0.017171
5 0.842671 0.726390 0.017033 0.016719
5 0.856567 0.730005 0.012550 0.013104
5 0.668758 0.581789 0.018826 0.016719
5 0.613402 0.600090 0.017481 0.015364
5 0.639399 0.671035 0.017481 0.015364
5 0.730838 0.699503 0.020170 0.018075
5 0.776558 0.623588 0.017481 0.018075
5 0.787987 0.608676 0.017929 0.016268
5 0.819139 0.598057 0.016584 0.015816
5 0.843120 0.578174 0.018826 0.018527
5 0.806141 0.692047 0.018377 0.015816
5 0.717615 0.443516 0.015240 0.014912
5 0.723891 0.504067 0.015240 0.013104
5 0.731959 0.507682 0.016136 0.015816
5 0.778575 0.473565 0.017929 0.014460
5 0.829897 0.457976 0.015688 0.014008
5 0.798521 0.507004 0.019274 0.017171
5 0.899821 0.462494 0.016584 0.015816
5 0.883460 0.535472 0.015240 0.016268
5 0.939937 0.566878 0.014343 0.016719
5 0.710668 0.378671 0.015688 0.017171
5 0.740923 0.293945 0.017033 0.014912
5 0.823622 0.270899 0.018377 0.016719
5 0.851860 0.287167 0.017481 0.014912
5 0.863738 0.340262 0.014343 0.015364
5 0.879426 0.351107 0.018826 0.016268
5 0.864411 0.394487 0.019274 0.018979
5 0.588301 0.071848 0.015688 0.014460
5 0.696997 0.140307 0.017929 0.019431
5 0.732407 0.119747 0.013447 0.016268
5 0.707306 0.199051 0.018826 0.017623
5 0.757956 0.188206 0.016136 0.015816
5 0.819588 0.183461 0.018377 0.018075
5 0.496862 0.005423 0.012999 0.010846
5 0.508965 0.012653 0.014792 0.012653
5 0.550650 0.032987 0.018377 0.017171
5 0.612954 0.013782 0.013895 0.014008
5 0.602420 0.066426 0.017033 0.014460
5 0.406768 0.118391 0.015688 0.014460
5 0.356342 0.043154 0.015240 0.014008
5 0.298969 0.070267 0.014343 0.014008
5 0.304796 0.083145 0.016136 0.018979
5 0.281264 0.107772 0.016584 0.018527
5 0.245406 0.118843 0.017481 0.017171
5 0.214926 0.163579 0.018377 0.015364
5 0.335500 0.155445 0.017481 0.018075
5 0.372030 0.107546 0.018826 0.016268
5 0.380547 0.130366 0.015240 0.014912
5 0.072165 0.251469 0.014343 0.013104
5 0.130659 0.198373 0.015688 0.012653
5 0.136710 0.190691 0.014343 0.013556
5 0.192290 0.205829 0.017929 0.015816
5 0.098162 0.271577 0.018826 0.010845
5 0.099507 0.283778 0.017929 0.013556
5 0.097938 0.301401 0.016584 0.014460
5 0.319588 0.238590 0.017929 0.019883
5 0.051546 0.398780 0.017929 0.017623
5 0.066786 0.346588 0.016136 0.014460
5 0.077992 0.363760 0.013447 0.011749
5 0.120350 0.336195 0.018377 0.016268
5 0.147916 0.346362 0.018826 0.019431
5 0.200359 0.358111 0.020619 0.019431
5 0.021515 0.554677 0.013447 0.013104
5 0.030704 0.487347 0.016584 0.013104
5 0.058718 0.484184 0.017033 0.014912
5 0.081578 0.506100 0.019722 0.017171
5 0.141641 0.482377 0.016136 0.015816
5 0.139623 0.519657 0.016584 0.015364
5 0.148588 0.614550 0.021067 0.021690
5 0.297624 0.607094 0.017033 0.017623
5 0.378082 0.607320 0.015688 0.015364
5 0.397131 0.685269 0.015240 0.016719
5 0.431645 0.687528 0.017929 0.017623
5 0.445988 0.604157 0.017929 0.015364
5 0.491035 0.591505 0.017481 0.015364
5 0.526894 0.642341 0.016584 0.017623
5 0.423129 0.726615 0.018826 0.016268
5 0.422680 0.757569 0.018826 0.017623
5 0.455177 0.750791 0.014792 0.014912
5 0.466159 0.755761 0.017929 0.014912
5 0.573958 0.760280 0.018377 0.017623
5 0.325415 0.503163 0.016136 0.014912
5 0.377857 0.483281 0.017033 0.014912
5 0.434110 0.424763 0.016584 0.016268
5 0.403407 0.362630 0.015240 0.013104
5 0.504034 0.440352 0.013895 0.014912
5 0.512102 0.447357 0.015688 0.016268
5 0.398476 0.243335 0.018826 0.015816
5 0.945540 0.679846 0.012999 0.012201
5 0.621022 0.979666 0.012999 0.009941
5 0.800538 0.107772 0.014343 0.011297