5 0.777051 0.130288 0.023895 0.022052
5 0.967087 0.627138 0.013526 0.022052
5 0.855050 0.300630 0.016682 0.019802
5 0.861362 0.291404 0.010370 0.012151
5 0.743463 0.198470 0.018034 0.018002
5 0.521867 0.840684 0.016682 0.016202
5 0.510595 0.916292 0.018485 0.017102
5 0.446123 0.896490 0.016682 0.016202
5 0.421100 0.950270 0.017133 0.019352
5 0.332732 0.853735 0.018034 0.018002
5 0.300271 0.889514 0.016231 0.015752
5 0.665690 0.738299 0.016682 0.016652
5 0.681695 0.749100 0.016231 0.014851
5 0.753607 0.826283 0.016682 0.017102
5 0.830703 0.799955 0.017583 0.016652
5 0.687106 0.688344 0.013526 0.016652
5 0.699729 0.686544 0.012624 0.018452
5 0.715735 0.651665 0.016682 0.017102
5 0.857755 0.698920 0.017583 0.012601
5 0.889089 0.686094 0.017133 0.016652
5 0.932822 0.685644 0.018034 0.019352
5 0.912985 0.751800 0.015329 0.015752
5 0.924482 0.635914 0.018485 0.018002
5 0.693417 0.526778 0.017133 0.016652
5 0.697024 0.584608 0.017133 0.018002
5 0.723174 0.600360 0.019838 0.019802
5 0.893147 0.523627 0.012624 0.014851
5 0.920875 0.529928 0.016682 0.016652
5 0.927187 0.613861 0.023895 0.021602
5 0.768936 0.421467 0.024797 0.025653
5 0.906447 0.391539 0.015780 0.014401
5 0.895627 0.433168 0.016682 0.015752
5 0.889991 0.451845 0.016231 0.017102
5 0.962579 0.491899 0.016231 0.015302
5 0.707394 0.286004 0.018936 0.017552
5 0.795086 0.232673 0.015780 0.014401
5 0.792606 0.248875 0.018034 0.016202
5 0.837917 0.259226 0.016682 0.014401
5 0.883679 0.323807 0.016231 0.018452
5 0.879396 0.287354 0.013075 0.016652
5 0.868350 0.288704 0.014427 0.016652
5 0.657800 0.198470 0.027953 0.018002
5 0.559964 0.247075 0.017133 0.017102
5 0.646979 0.262376 0.016231 0.015302
5 0.655095 0.285554 0.019838 0.016652
5 0.728359 0.185419 0.017583 0.017102
5 0.787421 0.182043 0.016682 0.014851
5 0.632777 0.158416 0.014878 0.018002
5 0.550721 0.072682 0.018485 0.015752
5 0.631425 0.133663 0.016682 0.018002
5 0.647430 0.156841 0.018034 0.018452
5 0.685302 0.120162 0.017133 0.017102
5 0.752931 0.132538 0.016231 0.017552
5 0.626014 0.052430 0.020289 0.020252
5 0.641118 0.066382 0.020739 0.019352
5 0.501578 0.079208 0.016682 0.014401
5 0.478810 0.080108 0.017133 0.016202
5 0.446123 0.063456 0.016682 0.015302
5 0.477006 0.109586 0.018936 0.016652
5 0.428765 0.103060 0.018034 0.016202
5 0.438683 0.119487 0.017133 0.016652
5 0.395627 0.074932 0.018485 0.014851
5 0.399910 0.086184 0.016231 0.014851
5 0.422002 0.156616 0.018034 0.015302
5 0.321235 0.126013 0.017583 0.017102
5 0.276601 0.142664 0.014878 0.016202
5 0.347385 0.165617 0.015780 0.016202
5 0.344680 0.179793 0.017583 0.016652
5 0.291253 0.190594 0.016231 0.014851
5 0.270289 0.199820 0.016682 0.017102
5 0.255636 0.216922 0.018034 0.018002
5 0.499324 0.231098 0.016682 0.013951
5 0.497069 0.241674 0.012173 0.013501
5 0.503156 0.301080 0.016231 0.014401
5 0.457845 0.265977 0.015780 0.017102
5 0.410054 0.267552 0.013977 0.015752
5 0.420875 0.267327 0.013075 0.016202
5 0.440036 0.294554 0.019838 0.017552
5 0.458296 0.328308 0.016682 0.020252
5 0.343327 0.304455 0.017583 0.016652
5 0.380974 0.342484 0.016231 0.013501
5 0.346032 0.363186 0.018485 0.018902
5 0.315600 0.421692 0.020739 0.018902
5 0.385482 0.426418 0.018034 0.018452
5 0.410505 0.394689 0.018485 0.018902
5 0.421100 0.378713 0.018034 0.020252
5 0.492561 0.410891 0.016682 0.017102
5 0.482642 0.432718 0.015780 0.017552
5 0.445221 0.442619 0.017583 0.017552
5 0.432146 0.462196 0.017583 0.020702
5 0.444094 0.484698 0.018936 0.018902
5 0.521190 0.450945 0.018034 0.017102
5 0.376240 0.495050 0.016682 0.018002
5 0.371280 0.513051 0.020289 0.016202
5 0.489179 0.511251 0.016231 0.016202
5 0.490081 0.536904 0.017133 0.018902
5 0.380748 0.619487 0.018485 0.016652
5 0.485122 0.596985 0.015329 0.015752
5 0.485122 0.609811 0.014427 0.015302
5 0.525248 0.597210 0.016231 0.018902
5 0.615194 0.417417 0.015780 0.015752
5 0.626916 0.431368 0.019387 0.020252
5 0.483769 0.649640 0.018034 0.020252
5 0.470469 0.686769 0.015780 0.018902
5 0.458747 0.702745 0.017583 0.021152
5 0.384581 0.653690 0.018034 0.021152
5 0.331830 0.674617 0.020739 0.019802
5 0.300496 0.695995 0.018485 0.019352
5 0.347160 0.754275 0.019838 0.019802
5 0.116772 0.661566 0.018936 0.014401
5 0.161181 0.668992 0.017583 0.017552
5 0.146979 0.698245 0.017133 0.016652
5 0.214608 0.696895 0.019838 0.015752
5 0.231064 0.760576 0.020289 0.019802
5 0.197475 0.770252 0.018936 0.019352
5 0.204914 0.795005 0.016682 0.015752
5 0.274346 0.799955 0.021190 0.018452
5 0.027953 0.561881 0.016231 0.015752
5 0.069206 0.537129 0.020289 0.018452
5 0.110009 0.634113 0.018936 0.017102
5 0.148557 0.645365 0.019387 0.018002
5 0.235347 0.544104 0.020739 0.018902
5 0.027277 0.419217 0.016682 0.018452
5 0.118124 0.434293 0.021641 0.019802
5 0.265329 0.415167 0.021190 0.021152
5 0.086339 0.273402 0.021190 0.018452
5 0.119026 0.262601 0.017133 0.016652
5 0.199504 0.256976 0.018485 0.018902
5 0.135257 0.234698 0.018936 0.015752
5 0.203111 0.171692 0.021190 0.022052
5 0.204689 0.219622 0.020739 0.021602