5 0.604964 0.099909 0.018670 0.006859
5 0.747040 0.826475 0.017760 0.019662
5 0.802140 0.794239 0.026867 0.030178
5 0.605191 0.110197 0.014572 0.013717
5 0.323543 0.877915 0.020492 0.016461
5 0.356785 0.858025 0.017760 0.016918
5 0.347222 0.890947 0.018670 0.016004
5 0.382286 0.867170 0.016849 0.016918
5 0.394809 0.896891 0.017304 0.016004
5 0.441712 0.847737 0.018215 0.017375
5 0.497268 0.881802 0.019126 0.017833
5 0.481102 0.911751 0.017760 0.015546
5 0.503871 0.924097 0.016849 0.014632
5 0.553734 0.877915 0.018215 0.017375
5 0.635474 0.874943 0.017760 0.015089
5 0.639800 0.921582 0.017304 0.020576
5 0.767532 0.880430 0.018670 0.016004
5 0.760929 0.729995 0.019126 0.017833
5 0.501138 0.678784 0.015938 0.023320
5 0.528916 0.694330 0.019581 0.016918
5 0.504781 0.749886 0.017760 0.017375
5 0.501138 0.785094 0.019581 0.018290
5 0.575137 0.795839 0.020036 0.019662
5 0.615437 0.675583 0.019581 0.016918
5 0.588570 0.553041 0.025046 0.018747
5 0.560109 0.581847 0.016393 0.016004
5 0.567168 0.592593 0.015027 0.014632
5 0.594718 0.620713 0.018215 0.017833
5 0.612250 0.656379 0.016849 0.015089
5 0.760701 0.454275 0.015027 0.013260
5 0.767987 0.502286 0.016849 0.012346
5 0.773679 0.493370 0.013661 0.014632
5 0.789390 0.554870 0.015027 0.013260
5 0.808288 0.549383 0.015483 0.016918
5 0.913479 0.551669 0.016393 0.016004
5 0.949909 0.478738 0.014572 0.014632
5 0.656193 0.384774 0.020036 0.016004
5 0.699909 0.419982 0.016393 0.015089
5 0.731330 0.412666 0.018215 0.018747
5 0.895947 0.388889 0.019581 0.017833
5 0.909153 0.354367 0.017760 0.016461
5 0.111339 0.787380 0.016849 0.018290
5 0.183743 0.730224 0.015027 0.015546
5 0.224044 0.837449 0.020036 0.019662
5 0.345628 0.725880 0.020947 0.020576
5 0.248406 0.477138 0.018670 0.016918
5 0.304417 0.477595 0.015027 0.016004
5 0.293488 0.516918 0.015938 0.020576
5 0.313525 0.580704 0.016849 0.018290
5 0.271175 0.611797 0.015027 0.017375
5 0.358151 0.473708 0.015938 0.017375
5 0.360883 0.493599 0.015938 0.018747
5 0.364982 0.534751 0.016849 0.016918
5 0.421676 0.502286 0.017304 0.018747
5 0.424636 0.525606 0.017760 0.017833
5 0.448770 0.532007 0.015938 0.016004
5 0.408925 0.587334 0.015483 0.016918
5 0.419171 0.606539 0.020492 0.021491
5 0.430100 0.446273 0.014117 0.015546
5 0.440118 0.470279 0.019581 0.016918
5 0.479281 0.454275 0.016849 0.016918
5 0.501138 0.521262 0.018670 0.019204
5 0.517760 0.535665 0.018215 0.017833
5 0.053051 0.575903 0.015938 0.015089
5 0.062614 0.608368 0.017760 0.016004
5 0.048953 0.639003 0.014117 0.015089
5 0.114526 0.545725 0.016849 0.017833
5 0.093124 0.518061 0.019581 0.022862
5 0.057832 0.484454 0.019126 0.016918
5 0.105191 0.365798 0.015483 0.019204
5 0.087659 0.409008 0.016849 0.014175
5 0.133197 0.433013 0.018670 0.020119
5 0.123634 0.454275 0.018670 0.018747
5 0.126594 0.479652 0.020947 0.021948
5 0.152322 0.374714 0.015027 0.017833
5 0.159836 0.387746 0.016393 0.016461
5 0.303734 0.368999 0.017304 0.019204
5 0.310337 0.401235 0.017760 0.021491
5 0.356557 0.358939 0.016393 0.016461
5 0.346767 0.411065 0.019581 0.017375
5 0.270947 0.402606 0.013661 0.014175
5 0.278916 0.396433 0.013206 0.014632
5 0.229053 0.163923 0.015483 0.014175
5 0.201047 0.205075 0.018670 0.016004
5 0.185792 0.220393 0.018215 0.019204
5 0.148907 0.231824 0.020036 0.016461
5 0.205601 0.242570 0.015938 0.017833
5 0.120902 0.278006 0.013206 0.014632
5 0.131148 0.281664 0.012750 0.014632
5 0.166211 0.273663 0.015483 0.016004
5 0.184199 0.278692 0.017760 0.016918
5 0.201047 0.317787 0.016849 0.015546
5 0.307377 0.314586 0.014572 0.017375
5 0.361566 0.280521 0.018215 0.021491
5 0.391166 0.180613 0.016393 0.019204
5 0.434426 0.227709 0.015483 0.014632
5 0.455829 0.239598 0.019126 0.017375
5 0.347450 0.164838 0.015483 0.016004
5 0.267987 0.096251 0.016849 0.015089
5 0.287568 0.093736 0.015938 0.014632
5 0.357696 0.099223 0.015938 0.015546
5 0.330146 0.148605 0.018215 0.020119
5 0.358151 0.152721 0.018670 0.018290
5 0.414617 0.061271 0.015938 0.015546
5 0.428962 0.042067 0.013661 0.016461
5 0.475638 0.072245 0.019581 0.016461
5 0.434426 0.114312 0.015483 0.015546
5 0.454463 0.113855 0.015483 0.017375
5 0.515710 0.101280 0.014117 0.017833
5 0.526639 0.113626 0.015027 0.016004
5 0.566029 0.090306 0.014572 0.016918
5 0.492031 0.201189 0.015938 0.017375
5 0.614299 0.078647 0.015483 0.015546
5 0.609517 0.088477 0.014117 0.012346
5 0.643898 0.101509 0.018215 0.018290
5 0.709699 0.132602 0.015938 0.014632
5 0.730874 0.169867 0.018215 0.016004
5 0.741576 0.188386 0.019581 0.015546
5 0.822177 0.163466 0.015027 0.015089
5 0.817851 0.221079 0.018215 0.018747
5 0.793944 0.235482 0.015027 0.017375
5 0.628188 0.253772 0.018670 0.014632
5 0.920310 0.256287 0.018215 0.017833
5 0.882514 0.277549 0.016393 0.017375
5 0.898452 0.293781 0.015483 0.020576
5 0.941485 0.322588 0.019581 0.017833
5 0.521175 0.363512 0.018670 0.017375
5 0.539617 0.363283 0.020036 0.018747