5 0.107937 0.597385 0.016327 0.013526
5 0.249433 0.683048 0.009977 0.015329
5 0.095918 0.785392 0.005896 0.012624
5 0.500227 0.981064 0.013605 0.013526
5 0.426304 0.987376 0.012698 0.010821
5 0.895011 0.221596 0.015873 0.013075
5 0.311111 0.084986 0.016327 0.014878
5 0.282766 0.724752 0.019501 0.018485
5 0.534921 0.863841 0.015873 0.015329
5 0.648299 0.822362 0.017687 0.018034
5 0.293197 0.404869 0.016780 0.016231
5 0.539229 0.687331 0.018141 0.017583
5 0.521542 0.405095 0.016327 0.018485
5 0.491383 0.653517 0.019501 0.018485
5 0.278005 0.752931 0.019955 0.018034
5 0.327891 0.802525 0.017234 0.017133
5 0.551927 0.344004 0.016327 0.018034
5 0.251247 0.596483 0.019048 0.018034
5 0.342630 0.470469 0.016780 0.016682
5 0.142177 0.553427 0.019501 0.019387
5 0.725850 0.598061 0.016780 0.017583
5 0.692744 0.711452 0.015873 0.017133
5 0.339909 0.717764 0.023129 0.019838
5 0.880726 0.622858 0.016327 0.016682
5 0.399773 0.101443 0.016780 0.016231
5 0.274376 0.575969 0.016327 0.016682
5 0.808390 0.730388 0.017687 0.018936
5 0.220635 0.392922 0.017687 0.018485
5 0.775057 0.800947 0.019048 0.019387
5 0.425850 0.940938 0.017234 0.016231
5 0.812472 0.571686 0.015873 0.016231
5 0.440136 0.396078 0.016780 0.015780
5 0.867347 0.487601 0.016780 0.016682
5 0.908617 0.442741 0.017687 0.017133
5 0.904082 0.261722 0.016780 0.017583
5 0.220635 0.692516 0.016780 0.018034
5 0.309524 0.950406 0.017687 0.014427
5 0.179365 0.412759 0.019501 0.016682
5 0.852381 0.696123 0.017687 0.018034
5 0.483447 0.809062 0.019048 0.018485
5 0.735601 0.741434 0.016327 0.016682
5 0.124263 0.505861 0.017234 0.017133
5 0.734694 0.166141 0.017234 0.017583
5 0.678685 0.643147 0.016780 0.017583
5 0.441270 0.015104 0.018141 0.016682
5 0.678458 0.745266 0.018141 0.017133
5 0.392744 0.365194 0.016327 0.016231
5 0.571882 0.798693 0.014512 0.015780
5 0.407029 0.610460 0.021315 0.020739
5 0.649887 0.071912 0.017234 0.017583
5 0.296599 0.208070 0.019955 0.018485
5 0.546939 0.080478 0.013605 0.014878
5 0.594104 0.073039 0.014512 0.014427
5 0.617460 0.816276 0.017687 0.016682
5 0.192517 0.620153 0.018594 0.017583
5 0.230612 0.850316 0.018594 0.018034
5 0.450794 0.717538 0.016327 0.014878
5 0.080499 0.287647 0.020408 0.018936
5 0.175057 0.772994 0.019048 0.017583
5 0.950340 0.567628 0.016780 0.017133
5 0.110204 0.682597 0.017234 0.017133
5 0.080726 0.615419 0.018141 0.018034
5 0.946032 0.460099 0.018141 0.016682
5 0.676417 0.164112 0.017687 0.016231
5 0.102268 0.362940 0.015873 0.016231
5 0.078231 0.544409 0.018594 0.017583
5 0.240816 0.172453 0.017234 0.016682
5 0.310204 0.561091 0.016327 0.016682
5 0.431746 0.179666 0.018141 0.017583
5 0.291156 0.531109 0.016327 0.016231
5 0.032880 0.558837 0.015873 0.016682
5 0.642630 0.266682 0.017234 0.014878
5 0.385034 0.521190 0.015420 0.015329
5 0.269161 0.227683 0.017687 0.016231
5 0.424263 0.550721 0.016780 0.016682
5 0.706803 0.831830 0.019501 0.018034
5 0.115646 0.428314 0.018141 0.017133
5 0.907483 0.521867 0.016327 0.016682
5 0.158957 0.696573 0.016780 0.017133
5 0.748073 0.198377 0.015873 0.015329
5 0.033560 0.508341 0.018141 0.017583
5 0.394331 0.820559 0.019501 0.018034
5 0.598866 0.201984 0.016780 0.018034
5 0.173696 0.299820 0.019048 0.018034
5 0.886621 0.655996 0.016327 0.016231
5 0.367120 0.887962 0.017687 0.017583
5 0.722902 0.184400 0.016327 0.015329
5 0.088662 0.499098 0.024036 0.018936
5 0.166440 0.155996 0.018141 0.017133
5 0.718821 0.896754 0.017234 0.016231
5 0.190930 0.350766 0.018141 0.017133
5 0.851701 0.716411 0.015420 0.016231
5 0.911791 0.323940 0.016780 0.017583
5 0.138549 0.232867 0.016780 0.017583
5 0.022449 0.598287 0.016780 0.018034
5 0.220408 0.823039 0.019955 0.020289
5 0.679819 0.091975 0.016327 0.017133
5 0.039909 0.413210 0.018141 0.015780
5 0.897959 0.318079 0.015420 0.016682
5 0.778912 0.116321 0.018594 0.017133
5 0.551247 0.470469 0.015873 0.015780
5 0.267574 0.679441 0.017234 0.018034
5 0.408617 0.127818 0.015420 0.014878
5 0.415873 0.064923 0.016327 0.016231
5 0.077778 0.470243 0.020408 0.018936
5 0.714739 0.097160 0.017234 0.016682
5 0.629932 0.967313 0.017234 0.014878
5 0.508163 0.908251 0.016780 0.015780
5 0.241950 0.404644 0.016780 0.016682
5 0.531066 0.928088 0.015420 0.014878
5 0.635828 0.683048 0.017234 0.015329
5 0.533107 0.909378 0.014059 0.013526
5 0.197732 0.289450 0.015420 0.016231
5 0.061905 0.687331 0.015873 0.015780
5 0.275510 0.634581 0.017687 0.015780
5 0.246485 0.144274 0.015873 0.017133
5 0.056236 0.655095 0.019048 0.018936
5 0.895465 0.206267 0.017687 0.011271
5 0.345125 0.817403 0.016327 0.016231
5 0.371882 0.814247 0.018141 0.018034
5 0.112472 0.786970 0.014512 0.014878
5 0.358503 0.068756 0.014966 0.016682
5 0.076644 0.528179 0.019048 0.019387
5 0.251927 0.700180 0.020408 0.019838
5 0.244444 0.759468 0.018141 0.017583
5 0.635601 0.697250 0.017687 0.015780
5 0.244218 0.774121 0.015873 0.017133
5 0.227438 0.124887 0.017687 0.018034
5 0.592744 0.799369 0.017234 0.017133
5 0.061678 0.454013 0.017234 0.016231
5 0.078005 0.708747 0.017234 0.018034
5 0.132426 0.803877 0.013605 0.014427
5 0.776417 0.885933 0.018141 0.021641
5 0.550340 0.482191 0.014966 0.014878
5 0.719274 0.088142 0.016327 0.015780
5 0.521769 0.027728 0.018594 0.016682
5 0.431293 0.051172 0.014512 0.015780
5 0.441497 0.046438 0.014059 0.015329
5 0.190930 0.889089 0.015420 0.013526
5 0.075964 0.729261 0.015873 0.016682
5 0.098866 0.583634 0.016327 0.015780
5 0.353741 0.082281 0.013605 0.013977
5 0.274830 0.618801 0.017234 0.016682
5 0.356463 0.809513 0.018141 0.017583