5 0.046496 0.544545 0.019698 0.017273
5 0.022904 0.551818 0.021988 0.022727
5 0.032982 0.590455 0.016491 0.018182
5 0.131470 0.564545 0.020156 0.017273
5 0.176821 0.605000 0.020156 0.022727
5 0.049244 0.671818 0.020614 0.018182
5 0.210032 0.789318 0.020614 0.020455
5 0.241411 0.777955 0.021988 0.019545
5 0.303940 0.736136 0.018781 0.019545
5 0.309208 0.772273 0.022904 0.020000
5 0.279661 0.799091 0.023362 0.022727
5 0.279661 0.817500 0.021530 0.017727
5 0.336464 0.827500 0.024279 0.021364
5 0.373110 0.779091 0.019698 0.020000
5 0.407696 0.751591 0.021072 0.018636
5 0.425790 0.745682 0.018781 0.016818
5 0.418003 0.812727 0.021530 0.020909
5 0.239350 0.877955 0.019698 0.017727
5 0.258589 0.890455 0.017865 0.016364
5 0.307604 0.924318 0.019698 0.017727
5 0.383417 0.887273 0.017407 0.017273
5 0.420293 0.853409 0.019698 0.019545
5 0.433807 0.886136 0.019240 0.018636
5 0.481219 0.955000 0.020614 0.019091
5 0.493129 0.931818 0.016033 0.018182
5 0.524966 0.913636 0.020156 0.017273
5 0.523591 0.945000 0.017407 0.016364
5 0.554283 0.917045 0.018323 0.016818
5 0.617041 0.946364 0.018323 0.017273
5 0.696060 0.898636 0.017865 0.018182
5 0.476638 0.745227 0.016033 0.015000
5 0.516949 0.793636 0.017865 0.015455
5 0.476180 0.825455 0.018781 0.015455
5 0.493358 0.830455 0.017407 0.016364
5 0.618873 0.780682 0.019240 0.017727
5 0.687586 0.693409 0.017407 0.018636
5 0.732478 0.705227 0.018323 0.017727
5 0.775309 0.686136 0.020614 0.018636
5 0.866010 0.686591 0.016949 0.015000
5 0.860742 0.760227 0.019240 0.019545
5 0.668575 0.600000 0.017865 0.019091
5 0.721713 0.572727 0.018781 0.017273
5 0.649794 0.642955 0.017865 0.015909
5 0.676821 0.631591 0.016033 0.018636
5 0.687357 0.640909 0.015117 0.017273
5 0.863033 0.604091 0.018323 0.016364
5 0.834402 0.557045 0.015117 0.015909
5 0.826386 0.552727 0.016491 0.019091
5 0.838754 0.474773 0.018323 0.020455
5 0.845396 0.527500 0.018781 0.019545
5 0.834631 0.539318 0.018323 0.019545
5 0.874714 0.534091 0.018781 0.017273
5 0.940220 0.538864 0.016949 0.016818
5 0.973431 0.556136 0.020156 0.017727
5 0.963811 0.447045 0.021072 0.020455
5 0.986028 0.449773 0.015117 0.018636
5 0.716216 0.332045 0.018781 0.018636
5 0.732478 0.328182 0.018323 0.014545
5 0.845167 0.378409 0.020156 0.019545
5 0.811498 0.425682 0.020614 0.017727
5 0.895098 0.320909 0.019240 0.018182
5 0.923958 0.312727 0.018323 0.014545
5 0.819743 0.241136 0.015117 0.015909
5 0.849061 0.245227 0.019698 0.016818
5 0.889143 0.269773 0.020156 0.019545
5 0.925561 0.276136 0.023362 0.023182
5 0.870591 0.312955 0.017865 0.017727
5 0.710719 0.280682 0.020614 0.016818
5 0.735456 0.211136 0.021530 0.019545
5 0.758360 0.192273 0.016949 0.015455
5 0.772332 0.198864 0.019240 0.018636
5 0.768209 0.176136 0.018323 0.016818
5 0.780577 0.144545 0.020156 0.017273
5 0.833028 0.185227 0.016949 0.016818
5 0.877233 0.202500 0.021988 0.019545
5 0.553367 0.270455 0.021072 0.021818
5 0.578791 0.275909 0.020614 0.018182
5 0.578104 0.321591 0.021072 0.018636
5 0.548557 0.332500 0.016949 0.018636
5 0.582226 0.351818 0.020156 0.016364
5 0.629180 0.350227 0.017865 0.017727
5 0.683463 0.292273 0.021072 0.019091
5 0.519011 0.367273 0.019240 0.018182
5 0.555428 0.386818 0.020614 0.017273
5 0.538021 0.418636 0.020614 0.017273
5 0.587723 0.429091 0.018323 0.016364
5 0.632616 0.391364 0.014659 0.015455
5 0.647503 0.390000 0.021530 0.016364
5 0.700870 0.437727 0.021072 0.018182
5 0.309895 0.383636 0.020614 0.020000
5 0.343335 0.395227 0.020614 0.019545
5 0.344251 0.420227 0.017865 0.016818
5 0.301878 0.456136 0.019240 0.016818
5 0.388685 0.370000 0.024279 0.019091
5 0.448694 0.449773 0.019698 0.020455
5 0.306917 0.525455 0.021072 0.018182
5 0.379524 0.510682 0.020614 0.018636
5 0.316308 0.553864 0.017865 0.018636
5 0.374027 0.564545 0.017865 0.019091
5 0.429684 0.565455 0.020156 0.019091
5 0.303023 0.640227 0.019698 0.016818
5 0.329592 0.642273 0.018781 0.017273
5 0.347916 0.623636 0.017865 0.016364
5 0.397389 0.661591 0.020614 0.019545
5 0.004352 0.470227 0.008704 0.018636
5 0.030005 0.424318 0.020614 0.019545
5 0.129638 0.408864 0.021988 0.018636
5 0.161475 0.364091 0.018781 0.020909
5 0.045121 0.319091 0.019698 0.019091
5 0.119560 0.323864 0.019240 0.019545
5 0.143152 0.235909 0.020614 0.018182
5 0.168804 0.255682 0.019698 0.017727
5 0.316308 0.245909 0.018781 0.020000
5 0.318369 0.300455 0.019240 0.020909
5 0.172240 0.208864 0.022904 0.018636
5 0.198122 0.165000 0.021530 0.020000
5 0.235685 0.130682 0.016949 0.020455
5 0.295236 0.101136 0.022446 0.022273
5 0.292029 0.143864 0.022446 0.017727
5 0.329134 0.117955 0.019698 0.017727
5 0.345396 0.094545 0.019240 0.018182
5 0.406551 0.290682 0.019698 0.017727
5 0.420751 0.254545 0.018781 0.019091
5 0.451901 0.265000 0.020614 0.019091
5 0.469079 0.212273 0.021072 0.017273
5 0.476180 0.163182 0.019698 0.016364
5 0.491296 0.179091 0.020614 0.019091
5 0.532753 0.175000 0.015575 0.017273
5 0.555199 0.190000 0.018323 0.018182
5 0.564590 0.215455 0.019698 0.018182
5 0.621622 0.231591 0.018323 0.020455
5 0.420293 0.047955 0.017865 0.017727
5 0.488548 0.054091 0.024279 0.020909
5 0.525195 0.050455 0.018781 0.018182
5 0.520614 0.140455 0.017865 0.017273
5 0.592304 0.075909 0.018323 0.018182
5 0.616812 0.071818 0.017865 0.021818
5 0.679340 0.046364 0.020156 0.015455
5 0.708658 0.062727 0.021988 0.017273
5 0.604443 0.494091 0.018781 0.019091
5 0.614292 0.594545 0.018323 0.018182
5 0.518552 0.711591 0.018323 0.018636
5 0.556115 0.706136 0.015575 0.015000
5 0.531608 0.014545 0.021530 0.019091