5 0.509733 0.590455 0.019013 0.018182
5 0.532368 0.611136 0.018108 0.016818
5 0.527841 0.625682 0.018108 0.015000
5 0.502716 0.631364 0.008601 0.008182
5 0.460389 0.622955 0.021729 0.017727
5 0.463785 0.642955 0.019466 0.016818
5 0.409009 0.630455 0.018560 0.017273
5 0.397239 0.683182 0.020371 0.018182
5 0.437076 0.690000 0.017655 0.016364
5 0.467859 0.681591 0.016750 0.015000
5 0.438207 0.712727 0.018108 0.016364
5 0.426211 0.740227 0.017655 0.017727
5 0.460389 0.717045 0.015392 0.015000
5 0.481892 0.725455 0.016750 0.015455
5 0.342463 0.695227 0.018560 0.015000
5 0.609552 0.632273 0.020371 0.017273
5 0.382526 0.806818 0.017202 0.018182
5 0.395428 0.797727 0.018560 0.013636
5 0.401086 0.817273 0.019013 0.018182
5 0.443640 0.785000 0.019013 0.015455
5 0.468764 0.744773 0.015844 0.016818
5 0.485967 0.759773 0.017655 0.017727
5 0.429833 0.830227 0.016750 0.014091
5 0.439113 0.854773 0.019919 0.018636
5 0.487777 0.821818 0.018560 0.019091
5 0.537800 0.796591 0.015392 0.018636
5 0.555455 0.827273 0.018108 0.018182
5 0.568809 0.875000 0.019466 0.017273
5 0.576279 0.800682 0.019013 0.017727
5 0.589860 0.806136 0.017202 0.016818
5 0.581032 0.773409 0.016750 0.015909
5 0.590086 0.764773 0.015844 0.015909
5 0.605704 0.765227 0.017202 0.015909
5 0.637845 0.755000 0.016297 0.017273
5 0.635582 0.774545 0.018108 0.015455
5 0.636261 0.832273 0.017655 0.019091
5 0.672024 0.719545 0.016750 0.015455
5 0.683341 0.725000 0.016750 0.015455
5 0.702807 0.758636 0.014939 0.014545
5 0.731326 0.747727 0.016750 0.015455
5 0.691716 0.884545 0.017202 0.015455
5 0.823902 0.652500 0.017202 0.017727
5 0.910593 0.658182 0.015844 0.014545
5 0.890448 0.701364 0.017202 0.016364
5 0.954731 0.688864 0.016297 0.018636
5 0.835672 0.782955 0.019013 0.017727
5 0.884110 0.770227 0.018108 0.019545
5 0.910819 0.780909 0.012675 0.011818
5 0.814622 0.413636 0.017655 0.016364
5 0.809642 0.427273 0.016750 0.016364
5 0.904482 0.507727 0.016297 0.017273
5 0.923042 0.555000 0.017202 0.014545
5 0.944998 0.562727 0.020371 0.018182
5 0.588502 0.237500 0.019013 0.016818
5 0.640788 0.197045 0.020371 0.017727
5 0.721820 0.225455 0.017655 0.014545
5 0.801494 0.264773 0.016750 0.015909
5 0.817338 0.277727 0.018560 0.017273
5 0.836578 0.289545 0.019013 0.017273
5 0.885242 0.217955 0.016750 0.019545
5 0.731779 0.346591 0.017655 0.016818
5 0.589633 0.317955 0.017655 0.015909
5 0.563377 0.322727 0.016750 0.015455
5 0.904482 0.362955 0.021729 0.019545
5 0.403803 0.092045 0.017202 0.016818
5 0.384337 0.119091 0.015392 0.016364
5 0.443640 0.098182 0.017202 0.014545
5 0.457673 0.090682 0.017202 0.018636
5 0.463785 0.060000 0.014939 0.015455
5 0.474196 0.060227 0.015844 0.015909
5 0.440471 0.145000 0.018108 0.017273
5 0.451788 0.186136 0.019013 0.018636
5 0.526935 0.089091 0.016297 0.015455
5 0.528746 0.110227 0.019013 0.019545
5 0.552286 0.106591 0.017202 0.016818
5 0.584654 0.106364 0.017655 0.018182
5 0.536442 0.158864 0.017202 0.016818
5 0.568130 0.155000 0.015392 0.018182
5 0.610005 0.165227 0.017655 0.017727
5 0.680851 0.160000 0.017202 0.021818
5 0.701222 0.170682 0.017202 0.016818
5 0.317791 0.115455 0.016297 0.016364
5 0.308963 0.127955 0.021277 0.017727
5 0.292214 0.159318 0.017655 0.021364
5 0.237890 0.155227 0.022182 0.020455
5 0.167044 0.167273 0.017202 0.016364
5 0.177909 0.217500 0.019013 0.016818
5 0.147804 0.214318 0.017655 0.016818
5 0.140335 0.221818 0.019013 0.012727
5 0.145088 0.232955 0.015844 0.015000
5 0.157990 0.235000 0.019013 0.017273
5 0.117248 0.252045 0.017202 0.017727
5 0.133092 0.258409 0.017202 0.016818
5 0.185831 0.262727 0.018560 0.019091
5 0.198732 0.272727 0.018108 0.017273
5 0.263241 0.209773 0.015844 0.018636
5 0.276143 0.208182 0.018108 0.021818
5 0.267768 0.230455 0.020371 0.021818
5 0.275238 0.285227 0.019013 0.018636
5 0.516523 0.340909 0.017202 0.017273
5 0.478044 0.429773 0.017202 0.015000
5 0.476460 0.442500 0.016750 0.016818
5 0.259393 0.484773 0.017202 0.015909
5 0.219104 0.507500 0.018108 0.016818
5 0.249887 0.541818 0.019013 0.017273
5 0.281802 0.546818 0.016750 0.016364
5 0.276822 0.558409 0.021277 0.015909
5 0.270484 0.579773 0.018560 0.016818
5 0.305794 0.523182 0.014939 0.017273
5 0.311000 0.538182 0.016297 0.018182
5 0.329561 0.545455 0.016297 0.017273
5 0.376641 0.550000 0.016297 0.016364
5 0.411498 0.568182 0.017202 0.016364
5 0.466274 0.540000 0.013581 0.013636
5 0.488004 0.560455 0.016297 0.016364
5 0.080127 0.364773 0.019013 0.018636
5 0.172929 0.371364 0.024445 0.022727
5 0.156406 0.412273 0.016750 0.019091
5 0.133092 0.424091 0.017202 0.019091
5 0.143730 0.443409 0.021277 0.018636
5 0.110457 0.477045 0.020824 0.017727
5 0.093255 0.486591 0.016297 0.017727
5 0.031689 0.535909 0.017202 0.019091
5 0.133997 0.595682 0.019919 0.019545
5 0.085559 0.610000 0.020824 0.020909
5 0.043911 0.614773 0.019013 0.017727
5 0.040969 0.625682 0.015844 0.015000
5 0.073563 0.631136 0.018560 0.016818
5 0.138977 0.651136 0.019919 0.018636
5 0.060435 0.697955 0.019466 0.018636
5 0.167497 0.692045 0.019013 0.015909
5 0.288366 0.615455 0.018108 0.019091
5 0.289950 0.687045 0.016750 0.020455
5 0.272974 0.820682 0.019919 0.017727
5 0.259167 0.848182 0.016750 0.016364
5 0.650294 0.943409 0.016750 0.017727
5 0.559303 0.540909 0.020371 0.019091
5 0.116116 0.307500 0.022182 0.020455