5 0.086245 0.568162 0.018576 0.019094
5 0.130031 0.587256 0.021230 0.021758
5 0.179788 0.577043 0.021672 0.021758
5 0.145290 0.610568 0.021672 0.020426
5 0.073419 0.646536 0.020345 0.018650
5 0.090889 0.652531 0.024326 0.019094
5 0.141530 0.767318 0.019460 0.020426
5 0.158558 0.783304 0.024326 0.021314
5 0.241265 0.735568 0.019903 0.021758
5 0.258956 0.810169 0.019018 0.017318
5 0.283061 0.807948 0.016807 0.016430
5 0.321097 0.795959 0.020345 0.019094
5 0.340778 0.788410 0.023441 0.019982
5 0.296108 0.812611 0.019903 0.013321
5 0.300752 0.820382 0.019460 0.012877
5 0.308271 0.829041 0.020345 0.015098
5 0.248120 0.852798 0.018576 0.019982
5 0.273994 0.859902 0.019903 0.019982
5 0.273109 0.874334 0.019903 0.017762
5 0.297214 0.855018 0.013268 0.012877
5 0.311146 0.852575 0.014595 0.016874
5 0.376382 0.828153 0.021230 0.019538
5 0.319991 0.939831 0.018134 0.019094
5 0.340557 0.948490 0.025652 0.020426
5 0.418178 0.968917 0.019903 0.018650
5 0.468819 0.966252 0.022114 0.016874
5 0.483414 0.891874 0.019460 0.020870
5 0.498010 0.906083 0.018576 0.019094
5 0.494250 0.962922 0.022556 0.019982
5 0.536488 0.940941 0.015922 0.017762
5 0.605042 0.878330 0.019460 0.016874
5 0.567669 0.951155 0.019903 0.015986
5 0.603273 0.948490 0.017691 0.016874
5 0.634675 0.931394 0.020345 0.018206
5 0.666519 0.880329 0.021230 0.018206
5 0.669615 0.910968 0.020345 0.019982
5 0.691066 0.905861 0.020787 0.018650
5 0.698142 0.867451 0.022556 0.017318
5 0.753428 0.857682 0.022556 0.018206
5 0.747899 0.889876 0.019460 0.019538
5 0.531181 0.824378 0.025652 0.021758
5 0.590447 0.734236 0.022999 0.021758
5 0.685759 0.758437 0.024326 0.022202
5 0.715834 0.704929 0.022556 0.020870
5 0.773773 0.713810 0.020787 0.019094
5 0.765369 0.770426 0.019018 0.018650
5 0.720257 0.810391 0.020787 0.018650
5 0.816232 0.752442 0.019018 0.019982
5 0.861123 0.739787 0.018576 0.017762
5 0.862893 0.696492 0.018576 0.020870
5 0.893189 0.673623 0.019018 0.014210
5 0.898717 0.689831 0.020345 0.017318
5 0.612340 0.627442 0.022556 0.019538
5 0.712738 0.634547 0.026979 0.023979
5 0.744803 0.516874 0.022999 0.020426
5 0.835692 0.644316 0.020787 0.019538
5 0.883238 0.588366 0.017691 0.015986
5 0.912649 0.575266 0.020787 0.020870
5 0.911101 0.537078 0.022999 0.019094
5 0.766475 0.506217 0.018576 0.016874
5 0.828616 0.483570 0.017249 0.016874
5 0.825741 0.505773 0.015922 0.015098
5 0.837682 0.498002 0.018576 0.018206
5 0.872844 0.465808 0.019903 0.020426
5 0.899602 0.456705 0.018576 0.018206
5 0.813578 0.415853 0.020787 0.016430
5 0.800752 0.392318 0.022556 0.017318
5 0.732862 0.331261 0.022114 0.015986
5 0.778417 0.312389 0.020345 0.019982
5 0.808492 0.283526 0.020345 0.018206
5 0.870632 0.293073 0.020787 0.019538
5 0.810482 0.329929 0.019903 0.025755
5 0.883016 0.359236 0.020787 0.014210
5 0.769792 0.233792 0.020787 0.018206
5 0.596418 0.149201 0.019018 0.017762
5 0.607032 0.162078 0.019018 0.018650
5 0.569438 0.172069 0.023441 0.019982
5 0.532287 0.202709 0.012826 0.015542
5 0.547103 0.200044 0.017691 0.016430
5 0.582043 0.203375 0.020345 0.017762
5 0.681336 0.197602 0.019018 0.015986
5 0.691287 0.208703 0.016807 0.016874
5 0.719151 0.216474 0.021230 0.017318
5 0.737063 0.206039 0.019018 0.018650
5 0.737506 0.150977 0.018134 0.020426
5 0.546218 0.275533 0.016807 0.015542
5 0.644405 0.276421 0.020345 0.019094
5 0.641309 0.295737 0.018576 0.019538
5 0.644405 0.331705 0.019460 0.015098
5 0.585139 0.365675 0.021230 0.019982
5 0.632685 0.393650 0.022556 0.019094
5 0.581159 0.412522 0.022114 0.018650
5 0.535161 0.438055 0.021230 0.022647
5 0.488058 0.403197 0.020787 0.016874
5 0.483414 0.380107 0.021230 0.018650
5 0.430783 0.374556 0.020345 0.016430
5 0.401371 0.369005 0.018134 0.015098
5 0.432110 0.345249 0.019460 0.015542
5 0.432552 0.308837 0.017691 0.015542
5 0.390093 0.322602 0.015922 0.012877
5 0.388987 0.339032 0.016364 0.011101
5 0.428350 0.072824 0.021672 0.019538
5 0.427687 0.094361 0.016807 0.017318
5 0.513047 0.109680 0.017691 0.016874
5 0.469704 0.122558 0.016807 0.015986
5 0.471694 0.135213 0.014595 0.019094
5 0.451791 0.148313 0.022556 0.018650
5 0.371517 0.153197 0.015038 0.013321
5 0.381468 0.151865 0.018134 0.019538
5 0.374171 0.201377 0.019460 0.017318
5 0.466387 0.212700 0.019903 0.017762
5 0.481424 0.226243 0.012826 0.011101
5 0.222468 0.206705 0.021230 0.018206
5 0.295666 0.253330 0.025210 0.022647
5 0.351172 0.258659 0.022114 0.019982
5 0.403361 0.261545 0.021230 0.019538
5 0.451791 0.254885 0.012826 0.014210
5 0.459310 0.237123 0.018134 0.017762
5 0.500221 0.230462 0.013268 0.016874
5 0.342326 0.290187 0.016807 0.015542
5 0.347192 0.321936 0.016807 0.015098
5 0.243919 0.293073 0.024326 0.023091
5 0.214507 0.277087 0.020345 0.020426
5 0.088899 0.312389 0.020345 0.017318
5 0.193720 0.287300 0.022114 0.017762
5 0.121185 0.349245 0.025652 0.019094
5 0.155241 0.353686 0.022999 0.018206
5 0.183547 0.342140 0.022999 0.021758
5 0.332596 0.371892 0.018576 0.015542
5 0.032729 0.497114 0.016807 0.019094
5 0.075409 0.461146 0.022556 0.019094
5 0.078505 0.481572 0.022556 0.020870
5 0.107696 0.478686 0.019903 0.016874
5 0.142194 0.484014 0.022556 0.017762
5 0.326847 0.426510 0.020345 0.019982
5 0.339009 0.433615 0.019018 0.016430
5 0.300310 0.657416 0.022999 0.020870
5 0.301858 0.672069 0.020787 0.015542
5 0.350287 0.690275 0.023883 0.019094
5 0.400929 0.628552 0.023441 0.023535
5 0.536046 0.484458 0.022999 0.017762
5 0.256303 0.158970 0.025210 0.022202
5 0.526316 0.300178 0.014153 0.016874