5 0.290909 0.503864 0.017273 0.017727
5 0.206364 0.616818 0.017273 0.027273
5 0.329091 0.530455 0.020909 0.020909
5 0.192045 0.531364 0.018636 0.019091
5 0.160682 0.546591 0.019545 0.020455
5 0.111591 0.558636 0.018636 0.018182
5 0.258864 0.564091 0.021364 0.021818
5 0.295227 0.592500 0.017727 0.020455
5 0.294545 0.631818 0.019091 0.018182
5 0.236818 0.640455 0.025455 0.024545
5 0.171364 0.617045 0.020000 0.025000
5 0.198409 0.654091 0.021364 0.018182
5 0.400000 0.609091 0.020909 0.020909
5 0.304318 0.495682 0.020455 0.017727
5 0.329091 0.500682 0.022727 0.023182
5 0.349773 0.469545 0.018636 0.015455
5 0.384091 0.463182 0.020000 0.016364
5 0.381136 0.475455 0.018636 0.017273
5 0.392500 0.499773 0.018636 0.018636
5 0.401364 0.512045 0.019091 0.021364
5 0.408182 0.539091 0.019091 0.020000
5 0.416136 0.499773 0.020455 0.020455
5 0.428864 0.481591 0.021364 0.021364
5 0.464545 0.459318 0.018182 0.017727
5 0.473182 0.449091 0.017273 0.017273
5 0.076818 0.584091 0.021818 0.020909
5 0.022045 0.587500 0.018636 0.021364
5 0.087500 0.761136 0.015909 0.017727
5 0.133409 0.732500 0.018636 0.018636
5 0.211136 0.704545 0.016818 0.015455
5 0.212273 0.717273 0.020909 0.018182
5 0.283636 0.735000 0.019091 0.020909
5 0.142273 0.785455 0.018182 0.016364
5 0.146818 0.821818 0.016364 0.017273
5 0.157273 0.824318 0.017273 0.016818
5 0.251364 0.799545 0.023636 0.020000
5 0.213864 0.856818 0.021364 0.017273
5 0.220227 0.870455 0.018636 0.012727
5 0.323864 0.935909 0.018636 0.017273
5 0.300455 0.948636 0.020909 0.019091
5 0.440455 0.955682 0.020000 0.020455
5 0.479545 0.883409 0.018182 0.015000
5 0.572045 0.885455 0.018636 0.017273
5 0.484545 0.896364 0.021818 0.018182
5 0.434773 0.786136 0.023182 0.019545
5 0.494545 0.817273 0.023636 0.022727
5 0.530455 0.837273 0.020000 0.019091
5 0.561591 0.812045 0.019545 0.017727
5 0.591364 0.812045 0.018182 0.017727
5 0.591364 0.785455 0.019091 0.018182
5 0.643864 0.938182 0.019545 0.020000
5 0.664318 0.934545 0.021364 0.020000
5 0.666591 0.846818 0.019545 0.020000
5 0.763182 0.850000 0.020909 0.016364
5 0.828636 0.837045 0.020000 0.022273
5 0.797273 0.759545 0.017273 0.017273
5 0.765682 0.738636 0.019545 0.017273
5 0.805682 0.677273 0.015909 0.016364
5 0.695682 0.513864 0.020455 0.019545
5 0.734545 0.593636 0.019091 0.015455
5 0.845227 0.489545 0.018636 0.017273
5 0.749545 0.411591 0.020909 0.020455
5 0.876136 0.350455 0.020455 0.019091
5 0.906364 0.347500 0.020909 0.020455
5 0.895000 0.375000 0.019091 0.020000
5 0.864318 0.459773 0.017727 0.018636
5 0.899773 0.438182 0.018636 0.013636
5 0.902273 0.427955 0.017273 0.016818
5 0.632045 0.253182 0.023182 0.019091
5 0.697273 0.301591 0.019091 0.016818
5 0.753409 0.316364 0.021364 0.019091
5 0.785682 0.297500 0.020455 0.018636
5 0.798864 0.276818 0.020455 0.017273
5 0.848864 0.298864 0.020455 0.017727
5 0.879773 0.294545 0.022273 0.015455
5 0.886364 0.283409 0.020909 0.020455
5 0.650227 0.116591 0.019545 0.018636
5 0.734545 0.132045 0.019091 0.019545
5 0.790682 0.123409 0.018636 0.017727
5 0.829545 0.140455 0.019091 0.019091
5 0.785909 0.192727 0.020909 0.018182
5 0.887955 0.227045 0.019545 0.018636
5 0.884773 0.205455 0.018636 0.019091
5 0.477045 0.090682 0.019545 0.017727
5 0.535455 0.069091 0.017273 0.015455
5 0.547045 0.082955 0.015909 0.015000
5 0.561818 0.088182 0.018182 0.015455
5 0.560000 0.115682 0.018182 0.016818
5 0.584545 0.082727 0.015455 0.017273
5 0.597273 0.087955 0.017273 0.015909
5 0.617500 0.066364 0.017727 0.018182
5 0.616136 0.107500 0.018636 0.017727
5 0.632045 0.162273 0.016818 0.018182
5 0.645455 0.160682 0.017273 0.021364
5 0.643636 0.194318 0.019091 0.017727
5 0.652955 0.057500 0.020455 0.018636
5 0.683182 0.064545 0.017273 0.015455
5 0.716818 0.091591 0.017273 0.015909
5 0.411818 0.107727 0.019091 0.020000
5 0.415227 0.148636 0.019545 0.018182
5 0.533409 0.047273 0.019545 0.017273
5 0.496818 0.015909 0.020000 0.018182
5 0.282500 0.132500 0.018636 0.017727
5 0.244545 0.133864 0.018182 0.015909
5 0.250682 0.157500 0.015000 0.015909
5 0.250000 0.170227 0.017273 0.015000
5 0.219091 0.177955 0.018182 0.016818
5 0.197273 0.204545 0.018182 0.019091
5 0.373409 0.215227 0.017727 0.018636
5 0.140682 0.212045 0.014091 0.016818
5 0.090455 0.250000 0.017273 0.016364
5 0.115227 0.251818 0.014091 0.012727
5 0.145227 0.286818 0.017727 0.017273
5 0.045227 0.325227 0.015909 0.019545
5 0.082727 0.307273 0.014545 0.015455
5 0.091136 0.297955 0.014091 0.015909
5 0.180909 0.256136 0.011818 0.016818
5 0.149318 0.238409 0.015909 0.016818
5 0.190000 0.257955 0.013636 0.016818
5 0.186818 0.232273 0.014545 0.016364
5 0.157955 0.219318 0.014091 0.015909
5 0.166364 0.240227 0.015455 0.015909
5 0.180455 0.241136 0.015455 0.013182
5 0.174773 0.232045 0.014091 0.015909
5 0.055227 0.365000 0.015909 0.016364
5 0.068864 0.362727 0.016818 0.016364
5 0.111591 0.356136 0.022273 0.019545
5 0.114773 0.376136 0.020455 0.019545
5 0.133182 0.401364 0.017273 0.015455
5 0.117045 0.422045 0.016818 0.017727
5 0.133864 0.439091 0.016818 0.016364
5 0.092727 0.448636 0.016364 0.018182
5 0.109091 0.451136 0.020000 0.016818
5 0.182727 0.405000 0.019091 0.019091
5 0.181818 0.460909 0.020909 0.020909
5 0.152273 0.489773 0.020000 0.017727
5 0.314545 0.749318 0.019091 0.018636
5 0.354318 0.780909 0.021364 0.020000
5 0.387955 0.282500 0.020455 0.016818
5 0.055000 0.703636 0.011818 0.019091
5 0.066591 0.704545 0.015000 0.019091
5 0.118636 0.794773 0.020909 0.023182
5 0.138636 0.193636 0.019091 0.020909
5 0.476136 0.025000 0.015000 0.020000
5 0.487500 0.036818 0.015909 0.020000