5 0.589812 0.453289 0.019231 0.026859
5 0.470949 0.430712 0.034370 0.026859
5 0.382365 0.514792 0.026596 0.019852
5 0.436784 0.555080 0.037234 0.029583
5 0.526187 0.570845 0.025368 0.021409
5 0.500205 0.603348 0.020867 0.032698
5 0.447422 0.638770 0.022504 0.024134
5 0.328969 0.663488 0.032733 0.033865
5 0.405687 0.671857 0.022504 0.022577
5 0.610679 0.574348 0.022504 0.025302
5 0.633183 0.565590 0.019231 0.022577
5 0.532119 0.523939 0.022504 0.024134
5 0.554419 0.517711 0.025368 0.031141
5 0.665917 0.418645 0.019231 0.019852
5 0.648732 0.468859 0.020867 0.026859
5 0.275368 0.331841 0.023732 0.021409
5 0.177169 0.345076 0.023732 0.025302
5 0.149755 0.362982 0.016367 0.021409
5 0.216653 0.366874 0.019231 0.018295
5 0.209288 0.347217 0.022504 0.015570
5 0.149755 0.299728 0.025368 0.022577
5 0.129092 0.279486 0.019231 0.024134
5 0.157324 0.262359 0.022504 0.024134
5 0.217267 0.248930 0.014730 0.019852
5 0.247340 0.202219 0.026596 0.019852
5 0.215221 0.188789 0.016367 0.015570
5 0.436170 0.091670 0.018003 0.025302
5 0.505319 0.084274 0.016367 0.018295
5 0.531097 0.111133 0.023732 0.026859
5 0.566080 0.121059 0.022504 0.029583
5 0.442103 0.157649 0.011866 0.015570
5 0.480155 0.176139 0.022504 0.021409
5 0.478314 0.143636 0.025368 0.024134
5 0.282733 0.149864 0.016367 0.017906
5 0.301555 0.139354 0.018822 0.023355
5 0.311170 0.164266 0.014321 0.015570
5 0.357610 0.218178 0.018003 0.016738
5 0.356178 0.202024 0.018412 0.015570
5 0.377660 0.197548 0.014730 0.019074
5 0.406097 0.188400 0.010229 0.010121
5 0.399141 0.197548 0.015957 0.015181
5 0.386866 0.233554 0.016776 0.015570
5 0.389525 0.218373 0.017185 0.016349
5 0.404255 0.214870 0.016367 0.017127
5 0.418781 0.209420 0.015139 0.021020
5 0.431669 0.200856 0.013912 0.013235
5 0.436579 0.191514 0.017185 0.016349
5 0.203969 0.218373 0.015957 0.016349
5 0.181669 0.225185 0.018822 0.019074
5 0.171645 0.238420 0.015957 0.015181
5 0.191694 0.238225 0.014321 0.018684
5 0.442103 0.259439 0.015139 0.015960
5 0.239975 0.319969 0.017594 0.024134
5 0.255115 0.317439 0.013502 0.015960
5 0.343290 0.305177 0.021277 0.022577
5 0.364157 0.317049 0.018003 0.019074
5 0.413462 0.324056 0.014321 0.014402
5 0.421645 0.353250 0.014321 0.015960
5 0.365794 0.358311 0.019640 0.015181
5 0.367635 0.381277 0.020867 0.019852
5 0.404255 0.369988 0.018003 0.020631
5 0.453355 0.383028 0.018822 0.018684
5 0.204173 0.418645 0.026187 0.022188
5 0.234247 0.460490 0.019231 0.016349
5 0.160188 0.380109 0.016776 0.012067
5 0.161211 0.393344 0.018003 0.016738
5 0.101678 0.386726 0.022504 0.017517
5 0.096768 0.406384 0.016776 0.017906
5 0.074877 0.407552 0.022913 0.018684
5 0.085106 0.422927 0.013912 0.014402
5 0.095336 0.433048 0.015548 0.015181
5 0.062807 0.451538 0.016776 0.018684
5 0.083879 0.460101 0.013912 0.013235
5 0.103110 0.464578 0.008183 0.009731
5 0.452946 0.281822 0.014730 0.015570
5 0.446399 0.291748 0.013093 0.010510
5 0.445990 0.307318 0.018003 0.019074
5 0.457856 0.299338 0.013912 0.018684
5 0.461743 0.314325 0.011047 0.012067
5 0.474223 0.315687 0.012275 0.016349
5 0.477496 0.297781 0.013912 0.015570
5 0.487725 0.352666 0.018003 0.020241
5 0.089812 0.471390 0.014321 0.013235
5 0.085516 0.487155 0.018822 0.021409
5 0.172668 0.515376 0.019640 0.019463
5 0.178805 0.553328 0.023732 0.021409
5 0.192103 0.594979 0.017594 0.017517
5 0.170213 0.610160 0.016367 0.016738
5 0.273118 0.591670 0.013502 0.015570
5 0.285802 0.606656 0.019231 0.019852
5 0.108020 0.628649 0.019640 0.021798
5 0.095336 0.600039 0.013912 0.018295
5 0.115180 0.602958 0.013502 0.014792
5 0.117840 0.576878 0.014730 0.013235
5 0.120295 0.590113 0.019640 0.013235
5 0.100655 0.583301 0.016367 0.016738
5 0.097177 0.554301 0.019231 0.021020
5 0.123977 0.557610 0.013912 0.019852
5 0.107815 0.559946 0.011047 0.010510
5 0.105155 0.570455 0.012275 0.010510
5 0.221358 0.642273 0.013912 0.018684
5 0.205196 0.636045 0.015957 0.022577
5 0.488134 0.687427 0.016367 0.017127
5 0.266980 0.708252 0.021686 0.019074
5 0.228110 0.688011 0.018412 0.018295
5 0.152823 0.677501 0.015139 0.013624
5 0.111498 0.656286 0.020867 0.020241
5 0.128887 0.659595 0.013093 0.018295
5 0.111088 0.674582 0.020049 0.016349
5 0.374386 0.693850 0.013912 0.018295
5 0.349018 0.720903 0.013912 0.013235
5 0.355565 0.728883 0.013912 0.015181
5 0.384002 0.720125 0.015957 0.010899
5 0.383183 0.730634 0.014321 0.010899
5 0.391571 0.696769 0.016367 0.014013
5 0.394231 0.707863 0.016776 0.012067
5 0.410802 0.713507 0.018822 0.017906
5 0.435147 0.728299 0.015139 0.018684
5 0.418167 0.729467 0.013093 0.015570
5 0.424509 0.738809 0.011047 0.010121
5 0.401596 0.743480 0.016776 0.021020
5 0.417553 0.748151 0.016776 0.018684
5 0.458470 0.740561 0.010229 0.015181
5 0.447627 0.744258 0.012275 0.016349
5 0.466244 0.759829 0.016776 0.015570
5 0.380933 0.770728 0.016367 0.017906
5 0.357201 0.782795 0.009002 0.010121
5 0.319354 0.769171 0.006137 0.007007
5 0.430851 0.802647 0.016367 0.017127
5 0.479746 0.783184 0.015139 0.014013
5 0.490794 0.797976 0.016776 0.016349
5 0.481792 0.768782 0.013502 0.012456
5 0.491817 0.768976 0.008183 0.012067
5 0.488134 0.778708 0.007365 0.009731
5 0.497545 0.778902 0.014730 0.018684
5 0.163666 0.700467 0.013912 0.015181
5 0.142594 0.717400 0.019231 0.025691
5 0.157119 0.729661 0.019640 0.018295
5 0.172872 0.713896 0.012684 0.015570
5 0.182897 0.717400 0.013093 0.017127
5 0.188011 0.725185 0.011866 0.012456
5 0.181465 0.740561 0.008592 0.013624
5 0.161620 0.741534 0.009002 0.012456
5 0.172463 0.730634 0.010229 0.008564
5 0.173077 0.761191 0.018003 0.018295
5 0.192308 0.743869 0.013912 0.018684
5 0.204378 0.747373 0.015139 0.018684
5 0.192717 0.762359 0.016367 0.019074
5 0.204173 0.765668 0.014730 0.015570
5 0.222177 0.762359 0.019640 0.022188
5 0.209083 0.783963 0.017185 0.020241
5 0.224223 0.790385 0.015548 0.016738
5 0.231383 0.742507 0.010229 0.012067
5 0.221154 0.734332 0.017594 0.012845
5 0.219313 0.745621 0.013093 0.009731
5 0.245908 0.758856 0.017185 0.019852
5 0.260638 0.751654 0.013912 0.013235
5 0.263502 0.766251 0.015548 0.010510
5 0.258388 0.787855 0.024959 0.018684
5 0.262684 0.809848 0.012275 0.014402
5 0.253069 0.818606 0.016776 0.017127
5 0.279051 0.815298 0.013093 0.012845
5 0.277209 0.827754 0.016776 0.012845
5 0.283142 0.848190 0.021277 0.021020
5 0.317717 0.813935 0.019231 0.014792
5 0.322831 0.799533 0.013912 0.012456
5 0.391980 0.875049 0.014730 0.018684
5 0.369067 0.839042 0.018822 0.019074
5 0.374386 0.851304 0.013093 0.013235
5 0.342267 0.858895 0.006137 0.013624
5 0.331219 0.860257 0.016776 0.017127
5 0.319967 0.869794 0.018003 0.021409
5 0.494681 0.886532 0.014730 0.019074
5 0.288871 0.756325 0.018003 0.017906
5 0.304624 0.767419 0.012684 0.014402
5 0.307488 0.779292 0.012684 0.013235
5 0.295213 0.771701 0.007774 0.013624
5 0.283142 0.768976 0.010638 0.008953
5 0.286620 0.777540 0.011866 0.012067
5 0.508183 0.796030 0.019640 0.021798
5 0.540098 0.804788 0.023732 0.019074
5 0.549714 0.828338 0.019231 0.017127
5 0.555033 0.894511 0.018412 0.022577
5 0.553396 0.862203 0.015957 0.020241
5 0.519640 0.855391 0.020458 0.018295
5 0.533347 0.866874 0.012684 0.015570
5 0.514935 0.885948 0.015957 0.018684
5 0.529460 0.887699 0.013912 0.019074
5 0.577128 0.841573 0.016776 0.018684
5 0.594313 0.859089 0.018412 0.019463
5 0.633183 0.846633 0.026596 0.017127
5 0.667553 0.834177 0.023322 0.021798
5 0.709083 0.823278 0.008183 0.015570
5 0.758388 0.780265 0.018412 0.015960
5 0.794804 0.779875 0.017594 0.019074
5 0.763298 0.758077 0.020049 0.022966
5 0.664894 0.782989 0.016367 0.021409
5 0.638707 0.795640 0.017185 0.018684
5 0.610270 0.811016 0.020867 0.022188
5 0.841039 0.758077 0.020049 0.023745
5 0.810352 0.744453 0.024959 0.017517
5 0.811579 0.761970 0.022504 0.018295
5 0.785802 0.727910 0.019231 0.018684
5 0.823650 0.702608 0.016367 0.021020
5 0.652005 0.743869 0.021686 0.020241
5 0.560556 0.754768 0.017185 0.014792
5 0.572627 0.741534 0.013502 0.020241
5 0.546236 0.709615 0.018003 0.022577
5 0.505115 0.707474 0.015139 0.020631
5 0.607201 0.729856 0.018003 0.020241
5 0.628478 0.721292 0.017185 0.021798
5 0.647300 0.719346 0.019640 0.020241
5 0.663257 0.710004 0.018003 0.015570
5 0.603110 0.758272 0.021277 0.021020
5 0.630728 0.758466 0.013502 0.017517
5 0.620499 0.751265 0.011047 0.014013
5 0.503069 0.656481 0.020867 0.022188
5 0.504705 0.630596 0.019231 0.016349
5 0.529664 0.678669 0.017594 0.019074
5 0.597381 0.668159 0.017185 0.015181
5 0.597586 0.691514 0.015957 0.018295
5 0.615794 0.666407 0.014730 0.017906
5 0.624795 0.648696 0.022095 0.019852
5 0.655687 0.685091 0.018412 0.018684
5 0.669394 0.637408 0.022095 0.024523
5 0.665712 0.607435 0.018003 0.019074
5 0.684124 0.615998 0.015548 0.021409
5 0.702332 0.594784 0.016776 0.016349
5 0.750818 0.596730 0.020458 0.018684
5 0.818535 0.637602 0.020049 0.017127
5 0.935966 0.610354 0.020867 0.019463
5 0.889525 0.560724 0.023732 0.019074
5 0.847177 0.673219 0.011047 0.018295
5 0.825900 0.681004 0.018412 0.017517
5 0.810352 0.657065 0.021686 0.023355
5 0.775982 0.669716 0.015139 0.020631
5 0.760229 0.675749 0.016367 0.019463
5 0.727087 0.686843 0.009820 0.012845
5 0.696195 0.681783 0.013502 0.012845
5 0.682692 0.694823 0.017594 0.017127
5 0.695990 0.703970 0.013093 0.011288
5 0.698036 0.717011 0.013912 0.013235
5 0.685147 0.713313 0.010229 0.012845
5 0.691899 0.724796 0.016367 0.012456
5 0.769435 0.704749 0.015139 0.013624
5 0.776596 0.692098 0.015548 0.015570
5 0.783961 0.683924 0.013912 0.013235
5 0.751023 0.651421 0.015957 0.017517
5 0.755319 0.633710 0.019640 0.013235
5 0.754296 0.619891 0.015957 0.015181
5 0.647709 0.519074 0.013912 0.012845
5 0.525777 0.360452 0.019640 0.019463
5 0.641980 0.545154 0.019640 0.017517
5 0.679419 0.539704 0.018412 0.015181
5 0.679214 0.563060 0.022095 0.019852
5 0.679624 0.516154 0.019640 0.017906
5 0.719517 0.517322 0.019231 0.017906
5 0.735475 0.536785 0.015957 0.017127
5 0.768208 0.530946 0.019231 0.019463
5 0.770663 0.506617 0.023322 0.022966
5 0.803396 0.518295 0.017594 0.022188
5 0.917758 0.489101 0.024550 0.020631
5 0.942512 0.442779 0.022504 0.021409
5 0.869067 0.425068 0.018822 0.022577
5 0.924304 0.378163 0.022095 0.020631
5 0.882979 0.490852 0.014730 0.014013
5 0.886661 0.504866 0.015548 0.016349
5 0.895254 0.515765 0.019640 0.016349
5 0.791939 0.440833 0.015139 0.021409
5 0.776800 0.442974 0.014321 0.019463
5 0.753478 0.464578 0.015957 0.015181
5 0.729951 0.470611 0.015548 0.017906
5 0.693535 0.478007 0.019640 0.018684
5 0.777823 0.466913 0.021277 0.018295
5 0.780483 0.396847 0.020049 0.022966
5 0.754092 0.413974 0.016367 0.017517
5 0.745499 0.392760 0.021277 0.015570
5 0.741203 0.376022 0.017594 0.015570
5 0.706219 0.357337 0.015548 0.019463
5 0.644231 0.348190 0.018412 0.016738
5 0.637480 0.367458 0.019640 0.017127
5 0.633183 0.384585 0.015957 0.017906
5 0.582856 0.350136 0.016776 0.021409
5 0.787643 0.362203 0.021277 0.020631
5 0.890139 0.340405 0.026596 0.027637
5 0.825082 0.343519 0.020049 0.022966
5 0.718085 0.347217 0.020458 0.022577
5 0.690876 0.331647 0.019231 0.024134
5 0.653642 0.299533 0.020049 0.019852
5 0.628478 0.293694 0.019640 0.018295
5 0.610065 0.319190 0.020458 0.020241
5 0.604542 0.340016 0.018412 0.020631
5 0.570786 0.331063 0.022095 0.021409
5 0.519640 0.326975 0.011457 0.013235
5 0.584083 0.264694 0.020049 0.020241
5 0.527823 0.222265 0.019640 0.019463
5 0.538462 0.252822 0.016367 0.019852
5 0.569149 0.242896 0.013093 0.017127
5 0.588993 0.233749 0.023322 0.023745
5 0.631137 0.239393 0.016776 0.021020
5 0.657529 0.269560 0.022095 0.020631
5 0.736907 0.240171 0.018822 0.016349
5 0.762275 0.293694 0.019640 0.019074
5 0.808306 0.327365 0.019231 0.017906
5 0.871727 0.313741 0.020049 0.022577
5 0.908142 0.309654 0.018412 0.019074
5 0.883183 0.294278 0.016776 0.019463
5 0.869476 0.290580 0.013912 0.012067
5 0.870704 0.274620 0.018003 0.016738
5 0.885025 0.254185 0.018822 0.014792
5 0.866408 0.243285 0.019231 0.014013
5 0.864975 0.227520 0.022913 0.021409
5 0.838584 0.238614 0.020867 0.023355
5 0.790303 0.231802 0.021686 0.022188
5 0.811375 0.261970 0.014730 0.012456
5 0.845336 0.217789 0.016367 0.015960
5 0.838993 0.206501 0.008592 0.014402
5 0.827741 0.201440 0.010638 0.015181
5 0.807692 0.188595 0.019640 0.023745
5 0.692717 0.137602 0.019640 0.018295
5 0.683715 0.205333 0.009820 0.010510
5 0.671645 0.199299 0.016776 0.014013
5 0.667758 0.210977 0.017185 0.015570
5 0.602496 0.128065 0.017594 0.018684
5 0.608633 0.140132 0.007774 0.011678
5 0.618453 0.140132 0.013502 0.015570
5 0.543167 0.165045 0.012684 0.013235
5 0.534779 0.156481 0.013093 0.014013
5 0.515753 0.158038 0.019231 0.020241
5 0.490180 0.233359 0.022095 0.022966
5 0.640344 0.314909 0.020458 0.019463
5 0.974427 0.470806 0.027414 0.027637
5 0.979542 0.516933 0.020458 0.035812