6 0.517356 0.088991 0.011571 0.016884
6 0.482118 0.123637 0.011921 0.016532
6 0.481767 0.147380 0.013324 0.017587
6 0.467216 0.150721 0.018583 0.015828
6 0.313815 0.128210 0.016830 0.017235
6 0.260694 0.129265 0.019285 0.017939
6 0.290147 0.239360 0.024194 0.019346
6 0.440217 0.918924 0.015077 0.015828
6 0.708450 0.285262 0.019285 0.019698
6 0.856241 0.261344 0.013324 0.015477
6 0.862903 0.275589 0.016129 0.016532
6 0.860624 0.298276 0.015077 0.016884
6 0.844495 0.376891 0.019986 0.017235
6 0.896914 0.382694 0.017532 0.018994
6 0.930049 0.392191 0.017882 0.014070
6 0.862728 0.436335 0.018583 0.017939
6 0.797335 0.429652 0.018934 0.013718
6 0.729137 0.407668 0.016480 0.011256
6 0.728086 0.415934 0.014376 0.013718
6 0.671985 0.366866 0.020687 0.018291
6 0.658135 0.350862 0.017532 0.016532
6 0.621143 0.365283 0.016480 0.015125
6 0.575912 0.358776 0.022791 0.016884
6 0.705645 0.450580 0.017181 0.020401
6 0.733345 0.441259 0.015077 0.016532
6 0.759116 0.455329 0.018233 0.014421
6 0.729839 0.477313 0.012973 0.015477
6 0.730365 0.488217 0.017532 0.013366
6 0.767882 0.484348 0.014025 0.015477
6 0.772966 0.497186 0.013675 0.013718
6 0.944951 0.500000 0.017532 0.016532
6 0.927770 0.544847 0.016830 0.020401
6 0.823107 0.566831 0.017882 0.017235
6 0.811711 0.590573 0.018233 0.018291
6 0.746143 0.559620 0.016830 0.014773
6 0.671459 0.528315 0.018233 0.021104
6 0.742286 0.574921 0.018233 0.017235
6 0.646564 0.603060 0.023843 0.019346
6 0.590638 0.623637 0.019986 0.014773
6 0.485975 0.563665 0.016129 0.015828
6 0.501227 0.621527 0.018583 0.022511
6 0.717391 0.644390 0.016129 0.018994
6 0.754909 0.653711 0.013324 0.013718
6 0.856942 0.724938 0.016129 0.018994
6 0.876052 0.733908 0.018583 0.016532
6 0.506662 0.682202 0.017532 0.020753
6 0.457223 0.696096 0.015428 0.016180
6 0.487728 0.728632 0.014025 0.017939
6 0.862377 0.769434 0.017181 0.013014
6 0.812237 0.773830 0.015778 0.018291
6 0.842391 0.796518 0.019986 0.015125
6 0.799088 0.807422 0.018233 0.017939
6 0.808555 0.831868 0.012623 0.016180
6 0.772440 0.857897 0.018233 0.014070
6 0.752805 0.848575 0.018233 0.017235
6 0.730189 0.832044 0.017882 0.019346
6 0.721774 0.805839 0.017882 0.018291
6 0.714762 0.839958 0.012973 0.016884
6 0.703892 0.836616 0.016480 0.017235
6 0.686536 0.844003 0.015428 0.017235
6 0.678121 0.847872 0.014727 0.015828
6 0.626753 0.807422 0.020687 0.021456
6 0.524895 0.880936 0.019635 0.021456
6 0.495266 0.875484 0.018583 0.019698
6 0.469846 0.856314 0.018934 0.016532
6 0.453191 0.871614 0.013675 0.015477
6 0.405505 0.895709 0.019285 0.017939
6 0.424614 0.788779 0.018934 0.015125
6 0.460554 0.738656 0.015778 0.014070
6 0.450386 0.710165 0.010870 0.019698
6 0.442847 0.707176 0.010519 0.010904
6 0.421459 0.719838 0.014025 0.015125
6 0.432328 0.679212 0.011220 0.012663
6 0.403576 0.681674 0.014025 0.014773
6 0.378506 0.670243 0.016480 0.014421
6 0.386396 0.661977 0.011921 0.016180
6 0.407784 0.648083 0.019635 0.014421
6 0.386396 0.614492 0.018233 0.017587
6 0.380435 0.628034 0.011921 0.018642
6 0.342391 0.629617 0.013675 0.019698
6 0.253331 0.633837 0.015778 0.011256
6 0.221950 0.641928 0.018934 0.016884
6 0.196879 0.692930 0.017181 0.017587
6 0.259467 0.605171 0.019635 0.020049
6 0.264025 0.568765 0.019635 0.021104
6 0.323107 0.505980 0.015778 0.020753
6 0.370091 0.507035 0.016480 0.015125
6 0.268759 0.789307 0.016480 0.021104
6 0.285063 0.783152 0.009818 0.012311
6 0.285764 0.794056 0.015428 0.013718
6 0.224053 0.312170 0.014727 0.020049
6 0.311360 0.322019 0.018233 0.017939
6 0.336080 0.302673 0.019285 0.020753
6 0.342567 0.326240 0.017532 0.021456
6 0.323282 0.456208 0.015428 0.021808