6 0.462126 0.061941 0.015930 0.011262
6 0.404259 0.077343 0.014629 0.016893
6 0.371912 0.046042 0.014304 0.010600
6 0.364109 0.067241 0.017555 0.015899
6 0.322334 0.066578 0.015280 0.013912
6 0.317133 0.091255 0.012029 0.013581
6 0.330299 0.089268 0.022107 0.015568
6 0.349967 0.088109 0.017880 0.017224
6 0.345091 0.114276 0.015280 0.018549
6 0.321196 0.115270 0.014954 0.013912
6 0.581437 0.095561 0.020481 0.020205
6 0.601268 0.106327 0.016580 0.015237
6 0.631014 0.110633 0.011704 0.017224
6 0.635728 0.191289 0.015280 0.017555
6 0.619311 0.208678 0.015605 0.017887
6 0.577536 0.225075 0.017230 0.015568
6 0.550878 0.243955 0.015930 0.015568
6 0.527146 0.234680 0.019181 0.012256
6 0.447659 0.192613 0.015605 0.012256
6 0.425553 0.225406 0.020156 0.016231
6 0.355007 0.231534 0.017555 0.017887
6 0.250163 0.140278 0.015930 0.010931
6 0.264467 0.193110 0.013329 0.013249
6 0.258290 0.199901 0.015280 0.009606
6 0.256990 0.216297 0.016580 0.012587
6 0.442945 0.307055 0.013979 0.015899
6 0.454974 0.325936 0.014629 0.012587
6 0.416450 0.348791 0.015605 0.013912
6 0.434493 0.374793 0.017880 0.016231
6 0.460501 0.375455 0.012029 0.010268
6 0.469116 0.380258 0.013004 0.011924
6 0.479031 0.357900 0.012029 0.016231
6 0.489597 0.357237 0.007802 0.012256
6 0.502601 0.350282 0.011053 0.011593
6 0.515442 0.367175 0.010728 0.012918
6 0.531209 0.361544 0.011704 0.012256
6 0.542425 0.363365 0.010728 0.011924
6 0.548114 0.337032 0.013004 0.010931
6 0.566970 0.322623 0.011704 0.010600
6 0.572497 0.334713 0.011053 0.010268
6 0.585176 0.345479 0.014304 0.011262
6 0.569733 0.361544 0.010728 0.010931
6 0.558355 0.363365 0.012029 0.008612
6 0.564694 0.372640 0.007152 0.007287
6 0.562744 0.377277 0.011704 0.006625
6 0.572009 0.374793 0.010728 0.010268
6 0.592003 0.379927 0.013004 0.013912
6 0.619473 0.368996 0.016580 0.013912
6 0.503414 0.411891 0.011378 0.008943
6 0.507152 0.419675 0.013654 0.008612
6 0.519181 0.429778 0.013004 0.014243
6 0.497562 0.458264 0.017230 0.012918
6 0.476593 0.444187 0.011053 0.011262
6 0.466678 0.438556 0.013329 0.011924
6 0.448635 0.461742 0.009753 0.007950
6 0.451560 0.469029 0.011704 0.009937
6 0.606469 0.313846 0.011378 0.011593
6 0.615085 0.306393 0.013654 0.014574
6 0.608095 0.293972 0.013329 0.010931
6 0.665475 0.305068 0.013654 0.015237
6 0.713101 0.400298 0.013329 0.012256
6 0.742198 0.401954 0.015605 0.014906
6 0.937581 0.389699 0.014954 0.019543
6 0.905722 0.310368 0.016255 0.018549
6 0.924577 0.324445 0.014954 0.014243
6 0.914662 0.342994 0.013329 0.012918
6 0.919376 0.349619 0.010403 0.012256
6 0.868661 0.533289 0.014954 0.015237
6 0.801528 0.567406 0.019831 0.015899
6 0.730169 0.561444 0.014304 0.017224
6 0.670839 0.581981 0.021131 0.019212
6 0.682867 0.612123 0.013979 0.017224
6 0.657997 0.626698 0.014304 0.013912
6 0.647107 0.636138 0.017230 0.012256
6 0.632152 0.659490 0.013329 0.011262
6 0.555917 0.546373 0.015605 0.013581
6 0.516905 0.669924 0.013654 0.012256
6 0.504389 0.597880 0.018531 0.012587
6 0.450748 0.641603 0.010078 0.011262
6 0.436118 0.647731 0.015280 0.014243
6 0.479519 0.684001 0.018856 0.015237
6 0.462126 0.534283 0.013329 0.016562
6 0.445546 0.539748 0.014629 0.012256
6 0.437256 0.533620 0.011704 0.010600
6 0.428966 0.518549 0.011378 0.010268
6 0.433030 0.522855 0.008453 0.007618
6 0.421164 0.539914 0.013329 0.011924
6 0.423765 0.550679 0.012029 0.008281
6 0.414662 0.557966 0.019831 0.012918
6 0.376951 0.521365 0.015930 0.012587
6 0.374675 0.506293 0.012679 0.012918
6 0.348992 0.605002 0.012679 0.010268
6 0.360371 0.608314 0.012029 0.012918
6 0.353706 0.628354 0.012354 0.014574
6 0.508778 0.501822 0.012354 0.013249
6 0.299740 0.437893 0.016905 0.017224
6 0.251625 0.437728 0.016905 0.015568
6 0.201398 0.403279 0.021131 0.014906
6 0.230169 0.334217 0.016905 0.013912
6 0.187256 0.442862 0.013654 0.014574
6 0.173114 0.437893 0.013979 0.014574
6 0.160923 0.430109 0.014954 0.013581
6 0.152146 0.465386 0.014954 0.017224
6 0.105007 0.484763 0.021456 0.014243
6 0.125975 0.394833 0.015280 0.013249
6 0.086151 0.369493 0.017555 0.012918
6 0.100455 0.343491 0.014304 0.012587
6 0.143531 0.354753 0.021131 0.017224
6 0.140442 0.330739 0.015605 0.012256
6 0.222204 0.179198 0.017230 0.011924
6 0.201073 0.199569 0.014629 0.014243
6 0.235533 0.233521 0.013329 0.013249
6 0.229519 0.241636 0.011053 0.012256
6 0.216678 0.241471 0.018531 0.014574
6 0.218140 0.263498 0.013654 0.016231
6 0.133290 0.267970 0.016255 0.011262
6 0.201398 0.285359 0.015930 0.014243
6 0.215377 0.289831 0.008778 0.010600
6 0.221391 0.285691 0.008453 0.008281
6 0.185793 0.315667 0.013979 0.012587
6 0.338427 0.276913 0.020156 0.015237
6 0.129226 0.527161 0.017230 0.014243
6 0.119961 0.559457 0.016255 0.015899
6 0.145481 0.558132 0.017880 0.017887
6 0.131339 0.587777 0.020156 0.016231
6 0.190670 0.603180 0.019181 0.021862
6 0.194896 0.662140 0.012029 0.009937
6 0.199935 0.668599 0.009103 0.010931
6 0.209688 0.667274 0.013004 0.012918
6 0.214564 0.690129 0.013654 0.014906
6 0.268043 0.692282 0.017880 0.013912
6 0.354194 0.696091 0.014629 0.012918
6 0.216840 0.718781 0.013004 0.012587
6 0.229844 0.719112 0.014304 0.014574
6 0.258127 0.755879 0.014954 0.012587
6 0.269181 0.761842 0.011704 0.011262
6 0.298927 0.758032 0.013979 0.012256
6 0.307542 0.768466 0.012354 0.011924
6 0.324610 0.707519 0.009428 0.009937
6 0.325748 0.715137 0.009753 0.008612
6 0.334525 0.712156 0.009103 0.010600
6 0.346554 0.724412 0.012354 0.014574
6 0.359720 0.728884 0.012679 0.012918
6 0.383127 0.777575 0.016580 0.018218
6 0.451235 0.772938 0.013654 0.013581
6 0.472042 0.802915 0.016905 0.017224
6 0.504064 0.762339 0.013979 0.010268
6 0.529421 0.752898 0.014629 0.013912
6 0.550390 0.788837 0.018205 0.015568
6 0.602893 0.841173 0.017230 0.012256
6 0.591515 0.757039 0.013329 0.013581
6 0.603056 0.752898 0.013004 0.012587
6 0.616710 0.740643 0.013654 0.011924
6 0.604194 0.719278 0.013329 0.012918
6 0.687906 0.720934 0.014954 0.012918
6 0.776495 0.158827 0.022432 0.021530
6 0.235533 0.113448 0.017880 0.023518
6 0.255364 0.101524 0.019181 0.015568