6 0.555959 0.094818 0.018169 0.016913
6 0.240916 0.283195 0.018169 0.017272
6 0.492188 0.618028 0.015625 0.014034
6 0.876999 0.294890 0.021439 0.014754
6 0.318677 0.487585 0.016715 0.014394
6 0.592115 0.363800 0.017078 0.017992
6 0.942951 0.536524 0.014535 0.012235
6 0.398801 0.707809 0.014898 0.012954
6 0.842478 0.751529 0.013445 0.014754
6 0.633539 0.374055 0.016352 0.015473
6 0.730378 0.305685 0.015262 0.016193
6 0.253634 0.542461 0.015988 0.015473
6 0.314680 0.217164 0.018169 0.017632
6 0.637900 0.616409 0.017805 0.015833
6 0.480196 0.557935 0.019985 0.015473
6 0.579760 0.629183 0.016352 0.016193
6 0.599927 0.820799 0.019622 0.016553
6 0.614644 0.062612 0.016352 0.014394
6 0.908794 0.416337 0.014535 0.010795
6 0.670785 0.543361 0.015988 0.013674
6 0.867914 0.467794 0.013445 0.009356
6 0.708212 0.663548 0.013081 0.013674
6 0.365371 0.491544 0.016352 0.015113
6 0.328307 0.303167 0.014172 0.015473
6 0.346294 0.113710 0.015262 0.015113
6 0.710029 0.468334 0.010901 0.011155
6 0.464390 0.725621 0.014535 0.012594
6 0.440407 0.731738 0.014535 0.011875
6 0.856468 0.404642 0.015262 0.011875
6 0.804869 0.454300 0.013081 0.011155
6 0.326308 0.434509 0.020349 0.017632
6 0.356286 0.282296 0.017805 0.014754
6 0.245640 0.576107 0.012355 0.012235
6 0.327943 0.611011 0.013445 0.015113
6 0.173874 0.659230 0.017078 0.017272
6 0.488917 0.884491 0.017078 0.014394
6 0.885174 0.307665 0.014535 0.011515
6 0.673147 0.361641 0.014172 0.012235
6 0.488009 0.676142 0.012355 0.011515
6 0.925509 0.579705 0.015988 0.012954
6 0.369368 0.886110 0.015625 0.012594
6 0.746911 0.676682 0.013445 0.011875
6 0.793423 0.801547 0.014172 0.014034
6 0.461846 0.878014 0.013808 0.012235
6 0.817224 0.589780 0.013081 0.010076
6 0.805414 0.617128 0.013445 0.011515
6 0.513081 0.123965 0.019622 0.019072
6 0.648801 0.859302 0.015625 0.015113
6 0.397529 0.778697 0.017442 0.012954
6 0.399891 0.914358 0.014898 0.012235
6 0.416606 0.669126 0.014172 0.011875
6 0.436047 0.853544 0.018895 0.015833
6 0.939135 0.426412 0.014898 0.011515
6 0.418060 0.866139 0.013445 0.011515
6 0.733467 0.499100 0.011991 0.010795
6 0.734738 0.510076 0.010901 0.011155
6 0.363372 0.657071 0.010901 0.012235
6 0.394622 0.634761 0.014535 0.011515
6 0.210211 0.610112 0.010538 0.010435
6 0.779615 0.834653 0.016352 0.013314
6 0.738917 0.585282 0.011265 0.011155
6 0.502725 0.148255 0.015625 0.015113
6 0.682413 0.380173 0.010901 0.011155
6 0.736010 0.439906 0.015625 0.014754
6 0.297420 0.903922 0.014898 0.014394
6 0.257631 0.776718 0.017442 0.014754
6 0.694222 0.827816 0.012718 0.014034
6 0.418241 0.702051 0.015988 0.018712
6 0.374455 0.602555 0.013445 0.010435
6 0.672602 0.854624 0.014535 0.015113
6 0.775799 0.521051 0.012355 0.009356
6 0.769440 0.508816 0.011265 0.010076
6 0.388081 0.670565 0.012355 0.011875
6 0.686955 0.860381 0.014898 0.012954
6 0.234557 0.608852 0.011265 0.010076
6 0.434048 0.689816 0.013445 0.012954
6 0.366279 0.614789 0.013081 0.011155
6 0.701853 0.851385 0.012718 0.012954
6 0.357740 0.311083 0.012718 0.014754
6 0.240189 0.767542 0.017442 0.015833
6 0.372638 0.647715 0.013445 0.012954
6 0.255814 0.764124 0.014535 0.011155
6 0.732922 0.597697 0.009448 0.010076
6 0.511991 0.143577 0.015988 0.015833
6 0.431868 0.704210 0.011991 0.010795
6 0.760901 0.477690 0.015988 0.013314
6 0.739281 0.425873 0.015625 0.016193
6 0.880451 0.331054 0.020349 0.018712
6 0.722384 0.874775 0.022529 0.015833
6 0.734920 0.460058 0.015625 0.012594