7 0.294844 0.226548 0.115468 0.124955
7 0.415214 0.112278 0.146333 0.131112
7 0.662128 0.312387 0.087509 0.126403
7 0.703885 0.342448 0.082426 0.118435
7 0.842048 0.386454 0.110385 0.115176
7 0.665396 0.507244 0.100581 0.105397
7 0.487110 0.588917 0.090414 0.102137
7 0.398874 0.606845 0.080973 0.114813
7 0.343137 0.603586 0.084241 0.088736
7 0.296659 0.549801 0.079158 0.089098
7 0.274510 0.605216 0.077705 0.076059
7 0.228577 0.566099 0.061365 0.082579
7 0.287400 0.667331 0.100581 0.092358
7 0.199891 0.523723 0.062818 0.065918
7 0.155047 0.482796 0.132898 0.095618
7 0.173747 0.374321 0.121641 0.106845
7 0.473312 0.878486 0.121641 0.126403