7 0.554445 0.074106 0.073742 0.085626
7 0.622157 0.091472 0.083735 0.103851
7 0.464507 0.183459 0.115782 0.109697
7 0.397829 0.206499 0.079600 0.087689
7 0.660751 0.247077 0.083735 0.083563
7 0.575810 0.283528 0.071675 0.079436
7 0.671950 0.311726 0.093728 0.079436
7 0.502929 0.293501 0.051344 0.059491
7 0.461406 0.321871 0.069607 0.091472
7 0.413853 0.345083 0.091661 0.113824
7 0.359235 0.361245 0.107857 0.105571
7 0.327877 0.390646 0.138181 0.132050
7 0.303584 0.461314 0.146106 0.115887
7 0.332012 0.526994 0.081668 0.069120
7 0.488801 0.415750 0.075465 0.065337
7 0.643522 0.495702 0.094073 0.087689
7 0.543246 0.452201 0.075465 0.061210
7 0.608029 0.424862 0.075465 0.047111
7 0.551344 0.360213 0.063405 0.051238
7 0.277223 0.648212 0.081668 0.065337
7 0.257064 0.738136 0.065472 0.087689
7 0.374397 0.720942 0.101654 0.109697
7 0.709166 0.737105 0.128187 0.117950
7 0.785148 0.528886 0.101654 0.097662
7 0.718298 0.572558 0.109924 0.095598
7 0.191420 0.413686 0.111992 0.105915
7 0.697105 0.377407 0.136458 0.077373
7 0.485700 0.802785 0.150586 0.144085
7 0.197278 0.243982 0.103722 0.117950
7 0.127498 0.313790 0.097864 0.107634
7 0.114404 0.502751 0.087526 0.105915
7 0.120434 0.629986 0.075465 0.057084
7 0.196244 0.559319 0.114059 0.089752
7 0.193315 0.785763 0.083391 0.101788
7 0.715369 0.426066 0.104066 0.065337