7 0.392296 0.129276 0.164659 0.142600
7 0.280029 0.252611 0.119022 0.162405
7 0.175064 0.404753 0.157357 0.120994
7 0.125776 0.504681 0.139102 0.086784
7 0.191493 0.530789 0.066083 0.063378
7 0.218876 0.572200 0.077035 0.088585
7 0.301022 0.562297 0.073384 0.072380
7 0.260862 0.610011 0.087988 0.059777
7 0.286418 0.685632 0.102592 0.077782
7 0.338445 0.630717 0.078861 0.093986
7 0.410551 0.616313 0.102592 0.129996
7 0.489047 0.592006 0.102592 0.095787
7 0.666119 0.502881 0.102592 0.108390
7 0.640562 0.300324 0.087988 0.113792
7 0.709931 0.366042 0.102592 0.129996
7 0.836802 0.374145 0.093465 0.102989
7 0.484483 0.882787 0.151880 0.137198