8 0.635858 0.167505 0.010409 0.010784
8 0.606963 0.166427 0.011486 0.009346
8 0.657215 0.130661 0.009332 0.012581
8 0.680366 0.117721 0.010409 0.011862
8 0.789124 0.177750 0.011127 0.012581
8 0.805635 0.286305 0.006820 0.011862
8 0.748744 0.277498 0.008615 0.010065
8 0.739950 0.257009 0.010409 0.009346
8 0.841170 0.227894 0.010409 0.007908
8 0.825018 0.216571 0.009691 0.010424
8 0.834709 0.217829 0.007538 0.007189
8 0.791996 0.345794 0.011127 0.011503
8 0.639447 0.391984 0.011127 0.008986
8 0.467875 0.420022 0.011845 0.010424
8 0.823582 0.371136 0.012563 0.008986
8 0.853733 0.359094 0.012563 0.012940
8 0.873475 0.405464 0.012563 0.009346
8 0.832915 0.388030 0.011127 0.011143
8 0.510768 0.271927 0.010768 0.008986
8 0.527100 0.227714 0.011127 0.010424
8 0.516511 0.190151 0.010050 0.010065
8 0.509512 0.176851 0.012563 0.010784
8 0.497846 0.163372 0.008615 0.008986
8 0.479182 0.147735 0.008615 0.011503
8 0.452441 0.168224 0.013281 0.012221
8 0.426597 0.147376 0.015434 0.012940
8 0.373475 0.190151 0.013999 0.011503
8 0.341709 0.197879 0.014358 0.014738
8 0.408830 0.246585 0.012922 0.014378
8 0.437724 0.233285 0.012563 0.013659
8 0.480438 0.210460 0.011127 0.010424
8 0.498564 0.207045 0.006461 0.008627
8 0.507358 0.203451 0.008973 0.010784
8 0.497667 0.231668 0.009691 0.008986
8 0.497846 0.243170 0.006461 0.009705
8 0.490847 0.243710 0.006102 0.010784
8 0.476490 0.247304 0.011127 0.012221
8 0.454056 0.228972 0.007897 0.007908
8 0.458004 0.234543 0.006461 0.008986
8 0.466798 0.265636 0.008973 0.010784
8 0.439340 0.269051 0.008615 0.008986
8 0.463568 0.295471 0.008256 0.009346
8 0.430546 0.300324 0.009691 0.009705
8 0.372039 0.298167 0.008973 0.011143
8 0.400036 0.313264 0.007538 0.009705
8 0.412419 0.311107 0.009332 0.008267
8 0.450287 0.313623 0.009691 0.009705
8 0.423546 0.347771 0.009332 0.007549
8 0.419598 0.328181 0.008615 0.010065
8 0.395011 0.329439 0.009691 0.012581
8 0.375628 0.327283 0.011127 0.010424
8 0.367552 0.336449 0.008615 0.010784
8 0.294508 0.348311 0.011845 0.007908
8 0.151113 0.347592 0.009332 0.010065
8 0.164034 0.457764 0.009332 0.007549
8 0.319095 0.402049 0.010768 0.011143
8 0.316762 0.379942 0.010409 0.007908
8 0.338658 0.366643 0.010409 0.009346
8 0.346734 0.361251 0.011486 0.009346
8 0.346554 0.389288 0.009691 0.008627
8 0.383166 0.368979 0.008256 0.008267
8 0.407933 0.365744 0.007538 0.007549
8 0.396626 0.374191 0.007179 0.009346
8 0.384063 0.381919 0.007897 0.008267
8 0.362706 0.451653 0.008973 0.009705
8 0.474874 0.446801 0.010768 0.010784
8 0.552764 0.462797 0.011486 0.010424
8 0.646985 0.444105 0.007538 0.010424
8 0.454056 0.505032 0.010768 0.009346
8 0.359476 0.499101 0.010409 0.009705
8 0.630294 0.556075 0.007897 0.008627
8 0.080581 0.382099 0.012563 0.010065
8 0.061019 0.529655 0.011486 0.010424
8 0.077172 0.616822 0.011486 0.010065
8 0.082197 0.641804 0.010050 0.007549
8 0.089734 0.669123 0.009332 0.008986
8 0.099964 0.683861 0.008256 0.008267
8 0.101041 0.718368 0.011127 0.011862
8 0.114681 0.727894 0.011127 0.009346
8 0.151472 0.774802 0.008615 0.009705
8 0.129038 0.764378 0.009691 0.009705
8 0.138011 0.766175 0.007538 0.006830
8 0.190596 0.807513 0.008615 0.006830
8 0.399318 0.595075 0.015434 0.009705
8 0.444544 0.642344 0.008973 0.010784
8 0.216798 0.817038 0.010768 0.010784
8 0.268306 0.836808 0.007538 0.008627
8 0.280151 0.841301 0.008256 0.008267
8 0.317121 0.866283 0.009691 0.011503
8 0.395908 0.877606 0.006461 0.009705
8 0.425700 0.893602 0.007897 0.007189
8 0.430725 0.872753 0.007179 0.007908
8 0.435391 0.881021 0.007179 0.008627
8 0.442570 0.884975 0.007897 0.010065
8 0.458543 0.885155 0.010409 0.010424
8 0.407933 0.930266 0.007538 0.007908
8 0.386037 0.925413 0.007538 0.009705
8 0.341170 0.913012 0.006820 0.007908
8 0.351041 0.918404 0.008615 0.007189
8 0.364681 0.915708 0.007179 0.005392
8 0.365937 0.923976 0.005384 0.006830
8 0.447416 0.940510 0.006102 0.008267
8 0.457107 0.939073 0.004666 0.006830
8 0.421572 0.941589 0.008256 0.010424
8 0.445800 0.955428 0.008615 0.007189
8 0.430546 0.944824 0.006820 0.006111
8 0.481335 0.959921 0.007897 0.008267
8 0.458363 0.957405 0.006461 0.005392
8 0.484745 0.941050 0.006820 0.011503
8 0.478284 0.878505 0.008973 0.012221
8 0.513999 0.892164 0.010050 0.007908
8 0.533202 0.909418 0.009691 0.010784
8 0.559584 0.880482 0.008615 0.009705
8 0.570352 0.877606 0.007179 0.008986
8 0.578607 0.935478 0.007897 0.006830
8 0.617732 0.941589 0.010050 0.007549
8 0.648062 0.916786 0.011127 0.006111
8 0.579864 0.818476 0.009691 0.007908
8 0.590452 0.780733 0.008615 0.008627
8 0.611091 0.746585 0.009691 0.010784
8 0.610194 0.795111 0.007897 0.007189
8 0.627961 0.812185 0.007538 0.007549
8 0.632627 0.796190 0.007538 0.007189
8 0.648959 0.783070 0.011486 0.011862
8 0.647344 0.826743 0.011845 0.008627
8 0.686827 0.883717 0.009691 0.008986
8 0.701902 0.866104 0.009691 0.010424
8 0.687545 0.805536 0.010409 0.012221
8 0.702082 0.804457 0.010050 0.010065
8 0.741744 0.815600 0.011127 0.009346
8 0.754666 0.846334 0.008256 0.008267
8 0.806174 0.787203 0.009332 0.010784
8 0.728643 0.893781 0.007179 0.006111
8 0.688263 0.900611 0.008256 0.008986
8 0.693467 0.912114 0.012204 0.008267
8 0.713388 0.682423 0.008973 0.009705
8 0.650215 0.664809 0.010409 0.009705
8 0.590093 0.674874 0.013640 0.008267
8 0.629397 0.645219 0.009691 0.009346
8 0.647703 0.626887 0.009691 0.007908
8 0.856425 0.620776 0.010050 0.008627
8 0.854630 0.665528 0.012204 0.012581
8 0.840811 0.756111 0.008973 0.010424
8 0.897164 0.688174 0.008973 0.010424
8 0.920316 0.559310 0.010050 0.007908
8 0.915291 0.549245 0.009332 0.007908
8 0.921752 0.541697 0.010050 0.008627
8 0.925162 0.527318 0.008973 0.009346
8 0.915291 0.523904 0.009332 0.008986
8 0.899139 0.502157 0.011486 0.009346
8 0.859476 0.480590 0.011845 0.007908
8 0.919598 0.490295 0.010050 0.007189
8 0.920854 0.476815 0.010409 0.008986
8 0.891780 0.446441 0.011127 0.010065
8 0.921752 0.431524 0.008615 0.008986
8 0.928392 0.439971 0.010409 0.007908
8 0.913496 0.453451 0.010768 0.011143
8 0.909189 0.467829 0.010768 0.007549
8 0.526920 0.616283 0.009332 0.007549
8 0.529792 0.629942 0.010768 0.008986
8 0.466798 0.952372 0.006820 0.009705
8 0.376525 0.926851 0.007179 0.011862
8 0.695262 0.918045 0.008615 0.007189