8 0.622218 0.096849 0.009691 0.013247
8 0.612706 0.093627 0.008615 0.013247
8 0.707466 0.271393 0.008615 0.006445
8 0.705671 0.263516 0.012922 0.008593
8 0.430007 0.639993 0.004307 0.008951
8 0.426777 0.639635 0.002154 0.008951
8 0.418880 0.638740 0.005025 0.012889
8 0.407215 0.636054 0.004666 0.008235
8 0.403446 0.636054 0.005025 0.011815
8 0.397882 0.635696 0.005384 0.008951
8 0.157215 0.274078 0.012922 0.013247
8 0.108758 0.324561 0.014358 0.013247
8 0.122936 0.362155 0.013281 0.013963
8 0.239770 0.341747 0.014358 0.012531
8 0.271895 0.303795 0.012563 0.009667
8 0.287330 0.259578 0.010409 0.009309
8 0.305097 0.235768 0.012204 0.011099
8 0.270101 0.285356 0.010409 0.009309
8 0.264537 0.290369 0.007179 0.010025
8 0.274767 0.395095 0.006820 0.010383
8 0.229361 0.415324 0.012204 0.010741
8 0.295047 0.422485 0.008615 0.008593
8 0.448134 0.399212 0.014716 0.010025
8 0.432520 0.456856 0.012922 0.009309
8 0.554379 0.448084 0.012563 0.013247
8 0.589734 0.431615 0.013640 0.013963
8 0.652907 0.440924 0.014358 0.016112
8 0.547559 0.349445 0.011127 0.008593
8 0.512742 0.353204 0.013281 0.011099
8 0.522972 0.291801 0.010768 0.012889
8 0.501077 0.292696 0.010768 0.009667
8 0.480438 0.280165 0.009691 0.010383
8 0.501436 0.264590 0.010050 0.010741
8 0.503230 0.223237 0.012922 0.012531
8 0.551687 0.247583 0.008615 0.007519
8 0.540022 0.260473 0.009691 0.009667
8 0.425520 0.143394 0.008256 0.012531
8 0.432879 0.141246 0.007179 0.011815
8 0.460876 0.129252 0.007897 0.009309
8 0.470208 0.121375 0.009332 0.008593
8 0.463209 0.059434 0.012563 0.012889
8 0.498744 0.074293 0.013281 0.011099
8 0.346375 0.078410 0.013640 0.008593
8 0.529074 0.126566 0.011486 0.009667
8 0.549892 0.091658 0.012204 0.011457
8 0.570711 0.103652 0.008615 0.011099
8 0.564070 0.109560 0.011127 0.007161
8 0.592067 0.119585 0.010409 0.005013
8 0.602297 0.107769 0.007179 0.008593
8 0.590811 0.097923 0.007897 0.009667
8 0.581658 0.090763 0.007538 0.011815
8 0.587760 0.190655 0.009691 0.009667
8 0.622936 0.210168 0.007538 0.009309
8 0.622577 0.192624 0.008973 0.007877
8 0.639627 0.191550 0.007897 0.009309
8 0.634243 0.213212 0.008615 0.010383
8 0.643575 0.166846 0.007179 0.012889
8 0.655958 0.124776 0.006102 0.007519
8 0.645549 0.123344 0.008256 0.008235
8 0.646447 0.114214 0.007179 0.008593
8 0.216619 0.492660 0.013999 0.011457
8 0.268126 0.518618 0.008615 0.009667
8 0.375090 0.540100 0.008615 0.008951
8 0.471285 0.537415 0.008615 0.007161
8 0.526202 0.346223 0.007179 0.010741
8 0.538945 0.343895 0.005384 0.007519
8 0.693108 0.203187 0.007897 0.010383
8 0.674444 0.125671 0.007179 0.012173
8 0.672111 0.097923 0.011127 0.013247
8 0.607143 0.080917 0.006102 0.010025
8 0.601220 0.083781 0.009332 0.008593
8 0.706569 0.091837 0.010409 0.009667
8 0.638011 0.103294 0.007538 0.009667
8 0.632807 0.107232 0.007179 0.009667
8 0.672290 0.068922 0.007179 0.008235
8 0.770280 0.201575 0.010050 0.010025
8 0.775485 0.190476 0.012563 0.009309
8 0.810660 0.192803 0.012563 0.008951
8 0.814788 0.207662 0.007897 0.008593
8 0.798457 0.206946 0.009691 0.012173
8 0.710158 0.416935 0.011127 0.008235
8 0.531587 0.340136 0.007179 0.007161
8 0.533202 0.343000 0.003948 0.008593
8 0.714824 0.346760 0.011845 0.011099
8 0.722900 0.325636 0.012204 0.008235
8 0.722362 0.319191 0.011127 0.006087
8 0.717337 0.296634 0.008973 0.008951
8 0.695262 0.240960 0.010050 0.006445
8 0.694903 0.247404 0.007179 0.005013
8 0.705133 0.255281 0.008256 0.005729
8 0.709081 0.278375 0.008973 0.010383
8 0.905420 0.302900 0.007538 0.008593
8 0.900036 0.285893 0.008256 0.011815
8 0.937545 0.357143 0.008615 0.007519
8 0.946518 0.383280 0.010768 0.007519
8 0.896626 0.260652 0.010050 0.011457
8 0.850503 0.202470 0.006102 0.007519
8 0.856425 0.200501 0.007179 0.009309
8 0.943467 0.483172 0.011845 0.011815
8 0.923905 0.624776 0.007179 0.008593
8 0.907574 0.667562 0.012563 0.008951
8 0.837042 0.644289 0.010768 0.011099
8 0.745872 0.642320 0.009332 0.011457
8 0.705851 0.644647 0.009691 0.009667
8 0.701543 0.635517 0.008973 0.009309
8 0.672290 0.574293 0.010768 0.009309
8 0.652369 0.567132 0.010409 0.011457
8 0.621321 0.555675 0.010768 0.010741
8 0.613245 0.544039 0.011127 0.010383
8 0.634961 0.581275 0.010050 0.011099
8 0.661701 0.596670 0.011127 0.011815
8 0.647344 0.599714 0.011127 0.010741
8 0.639806 0.612782 0.010409 0.009667
8 0.626346 0.599714 0.011486 0.007877
8 0.625987 0.605979 0.007179 0.006803
8 0.604989 0.614035 0.008256 0.009309
8 0.596734 0.611350 0.007538 0.008951
8 0.591170 0.580021 0.012204 0.011457
8 0.562994 0.563552 0.011127 0.008593
8 0.559943 0.577336 0.009332 0.009667
8 0.518844 0.562836 0.010409 0.009309
8 0.540022 0.593806 0.011845 0.011099
8 0.574838 0.588614 0.006102 0.007877
8 0.569993 0.581275 0.007179 0.008951
8 0.583632 0.599356 0.010050 0.007877
8 0.569095 0.609918 0.010409 0.010383
8 0.521177 0.579305 0.011486 0.010741
8 0.517588 0.597207 0.007897 0.007877
8 0.594580 0.624776 0.008256 0.009309
8 0.603912 0.654314 0.009691 0.011815
8 0.572505 0.636412 0.008615 0.010383
8 0.564250 0.649123 0.010768 0.010025
8 0.529612 0.643931 0.011127 0.008951
8 0.508256 0.653777 0.007897 0.007161
8 0.514716 0.636054 0.010768 0.010383
8 0.509691 0.624597 0.008615 0.008235
8 0.483309 0.629073 0.009691 0.010741
8 0.533381 0.666130 0.012204 0.012531
8 0.530689 0.655209 0.010409 0.009309
8 0.564070 0.636412 0.006102 0.010383
8 0.558866 0.636233 0.006461 0.007161
8 0.576454 0.674364 0.010768 0.013963
8 0.565686 0.682599 0.008615 0.008951
8 0.610732 0.681704 0.005384 0.012889
8 0.615937 0.681704 0.007179 0.012889
8 0.495334 0.657000 0.005025 0.008593
8 0.490129 0.657537 0.005384 0.011815
8 0.660086 0.695131 0.008615 0.011099
8 0.905240 0.696026 0.009332 0.011457
8 0.682161 0.699785 0.010409 0.011815
8 0.805635 0.763695 0.013281 0.011457
8 0.796482 0.773720 0.010050 0.011457
8 0.770639 0.797530 0.007897 0.013963
8 0.751077 0.807734 0.015434 0.012173
8 0.608758 0.797530 0.015075 0.011815
8 0.747487 0.842821 0.008973 0.012173
8 0.612527 0.856964 0.012563 0.014680
8 0.307968 0.732725 0.009332 0.011099
8 0.333632 0.722163 0.010409 0.011457
8 0.455133 0.674185 0.010768 0.012889
8 0.451543 0.635696 0.009332 0.012531
8 0.456569 0.587361 0.010768 0.012531
8 0.441134 0.620122 0.010768 0.010741
8 0.412958 0.612424 0.010409 0.010383
8 0.412060 0.623165 0.011486 0.008951
8 0.394113 0.619943 0.007897 0.005371
8 0.384422 0.612782 0.009332 0.006087
8 0.379935 0.608306 0.008973 0.010025
8 0.382986 0.584676 0.010768 0.009309
8 0.383345 0.592195 0.007179 0.005013
8 0.354271 0.575009 0.008615 0.010025
8 0.342785 0.617794 0.009332 0.007519
8 0.310302 0.604547 0.006820 0.008951
8 0.288406 0.592911 0.006820 0.006445
8 0.331299 0.595596 0.006461 0.006803
8 0.337222 0.596312 0.008256 0.010383
8 0.343503 0.598102 0.008615 0.005371
8 0.346554 0.603473 0.007538 0.003938
8 0.379935 0.626387 0.007538 0.007519
8 0.388011 0.636770 0.007179 0.008951
8 0.382448 0.633906 0.006820 0.006803
8 0.436468 0.643752 0.007897 0.007877
8 0.423905 0.639635 0.004307 0.013963
8 0.411701 0.637129 0.006461 0.008235
8 0.400395 0.628894 0.006820 0.005371