8 0.139708 0.355062 0.014220 0.013144
8 0.345361 0.346004 0.012442 0.013499
8 0.402062 0.324689 0.011376 0.014210
8 0.427302 0.206572 0.012087 0.013854
8 0.442588 0.157904 0.013509 0.013144
8 0.438500 0.351155 0.009598 0.013854
8 0.329186 0.449023 0.012798 0.011368
8 0.308567 0.468206 0.010665 0.011368
8 0.434412 0.493606 0.014220 0.015275
8 0.448454 0.356128 0.011020 0.011723
8 0.459296 0.362522 0.011376 0.013144
8 0.476538 0.372469 0.013864 0.013144
8 0.531994 0.407638 0.010309 0.008881
8 0.599893 0.390409 0.014575 0.014920
8 0.580341 0.261989 0.010309 0.010302
8 0.615535 0.273179 0.013153 0.013499
8 0.634909 0.257371 0.012087 0.013854
8 0.637398 0.397336 0.014931 0.012433
8 0.560611 0.429485 0.013509 0.013499
8 0.599716 0.444760 0.011376 0.010657
8 0.591184 0.453996 0.009954 0.009947
8 0.542126 0.417052 0.014220 0.010657
8 0.799325 0.461812 0.014575 0.014920
8 0.682545 0.363233 0.017064 0.013854
8 0.700498 0.222735 0.011731 0.012078
8 0.749378 0.178508 0.016353 0.013854
8 0.712584 0.131616 0.013864 0.014565
8 0.728404 0.247780 0.011376 0.011723
8 0.738891 0.243339 0.009598 0.010657
8 0.783505 0.220071 0.012798 0.013854
8 0.760576 0.243872 0.013153 0.013854
8 0.790437 0.235702 0.013153 0.013144
8 0.810523 0.246536 0.012798 0.013499
8 0.794703 0.253996 0.011020 0.012078
8 0.866335 0.282238 0.011376 0.008171
8 0.838251 0.289520 0.009243 0.009236
8 0.838962 0.303730 0.012087 0.012789
8 0.891753 0.309769 0.013153 0.012789
8 0.925880 0.338544 0.011731 0.011368
8 0.911660 0.354352 0.012442 0.011723
8 0.907394 0.339254 0.011731 0.009947
8 0.913260 0.325400 0.012798 0.009236
8 0.907750 0.330018 0.011731 0.009236
8 0.679168 0.549201 0.014575 0.014210
8 0.628510 0.561989 0.012798 0.012078
8 0.552435 0.553996 0.016353 0.016696
8 0.523640 0.587922 0.012798 0.014920
8 0.483647 0.607460 0.013864 0.010657
8 0.924813 0.671226 0.015997 0.014565
8 0.916104 0.702842 0.013509 0.012433
8 0.659794 0.690941 0.013509 0.014920
8 0.588340 0.700178 0.011376 0.012789
8 0.579808 0.687744 0.012087 0.012078
8 0.494668 0.669805 0.011731 0.013144
8 0.478315 0.681528 0.010309 0.013854
8 0.460718 0.673535 0.014931 0.012789
8 0.522752 0.687744 0.008176 0.013499
8 0.514753 0.685613 0.007821 0.011368
8 0.488624 0.705151 0.013864 0.012789
8 0.466228 0.715986 0.011731 0.011012
8 0.473516 0.734281 0.011376 0.009236
8 0.562033 0.727709 0.013509 0.014565
8 0.558834 0.712789 0.012798 0.014565
8 0.547814 0.719005 0.010665 0.012078
8 0.743690 0.752043 0.016353 0.012078
8 0.824742 0.793606 0.014931 0.012078
8 0.744401 0.865364 0.013509 0.014210
8 0.725027 0.850444 0.013864 0.016341
8 0.541770 0.808171 0.009954 0.012789
8 0.532528 0.809414 0.009243 0.012433
8 0.543726 0.780817 0.013864 0.014210
8 0.542304 0.761634 0.009598 0.012789
8 0.455208 0.776909 0.011731 0.014210
8 0.476182 0.750266 0.011731 0.012078
8 0.890508 0.743517 0.011376 0.010657
8 0.877533 0.761279 0.010309 0.013499
8 0.406328 0.812789 0.011376 0.013499
8 0.367757 0.731794 0.014575 0.014210
8 0.362602 0.685258 0.014931 0.013499
8 0.392464 0.702131 0.014931 0.010302
8 0.438855 0.700710 0.014575 0.013144
8 0.431568 0.725755 0.012087 0.010657
8 0.507465 0.728774 0.008176 0.008881
8 0.498400 0.724334 0.009243 0.009236
8 0.560789 0.891119 0.013864 0.014565
8 0.501777 0.732682 0.007465 0.008171