8 0.668334 0.312113 0.005864 0.006194
8 0.664712 0.310908 0.004829 0.008603
8 0.860124 0.753613 0.010693 0.013765
8 0.365298 0.124398 0.009659 0.009291
8 0.456364 0.119236 0.008279 0.007915
8 0.459986 0.128355 0.009314 0.008259
8 0.492239 0.133001 0.011038 0.009291
8 0.609176 0.142120 0.009659 0.008947
8 0.639703 0.154680 0.009314 0.009291
8 0.621249 0.199931 0.009659 0.008259
8 0.607968 0.195458 0.008624 0.007571
8 0.502242 0.209738 0.008969 0.008603
8 0.474474 0.227805 0.010693 0.008259
8 0.475509 0.210599 0.010003 0.008947
8 0.469990 0.195802 0.013453 0.009635
8 0.434805 0.208190 0.008624 0.007571
8 0.429458 0.212319 0.007589 0.006882
8 0.395654 0.247075 0.011038 0.010323
8 0.382891 0.260840 0.011038 0.011700
8 0.345809 0.280454 0.008624 0.008947
8 0.343222 0.292842 0.011038 0.007571
8 0.373060 0.307123 0.009314 0.010668
8 0.371162 0.327770 0.008969 0.009291
8 0.336495 0.337061 0.010693 0.007226
8 0.421352 0.347385 0.010693 0.007226
8 0.459469 0.343083 0.011038 0.008947
8 0.533287 0.319511 0.010348 0.006538
8 0.540531 0.275981 0.008279 0.008947
8 0.544843 0.254301 0.009314 0.006882
8 0.533977 0.246559 0.008969 0.006538
8 0.512763 0.252409 0.010003 0.009979
8 0.588479 0.257054 0.011038 0.008259
8 0.577785 0.271851 0.010348 0.007571
8 0.581925 0.279250 0.007589 0.006538
8 0.570542 0.282003 0.008969 0.008603
8 0.620904 0.257054 0.007589 0.006882
8 0.624353 0.269098 0.008279 0.006194
8 0.619524 0.284067 0.010348 0.008603
8 0.617454 0.304886 0.008969 0.006194
8 0.615385 0.333276 0.010348 0.010668
8 0.596585 0.338266 0.009314 0.011012
8 0.552777 0.358224 0.009314 0.008259
8 0.390307 0.371301 0.010693 0.008259
8 0.322870 0.369924 0.011038 0.010323
8 0.206451 0.172574 0.010693 0.013421
8 0.192480 0.194942 0.011038 0.007915
8 0.177992 0.216105 0.009659 0.006882
8 0.169886 0.230557 0.007934 0.009635
8 0.151259 0.245354 0.009314 0.007571
8 0.152639 0.261012 0.007934 0.009291
8 0.140221 0.265313 0.008624 0.006194
8 0.131080 0.290606 0.008969 0.008603
8 0.138324 0.250516 0.008969 0.008947
8 0.137116 0.238644 0.008624 0.012044
8 0.772163 0.206125 0.010003 0.011012
8 0.803898 0.232278 0.010693 0.010323
8 0.816833 0.255678 0.010348 0.005506
8 0.811487 0.253785 0.006554 0.005850
8 0.795274 0.271507 0.009314 0.007571
8 0.902725 0.371129 0.009659 0.008603
8 0.890135 0.412078 0.008624 0.007226
8 0.905657 0.406745 0.008624 0.009635
8 0.899276 0.405368 0.006209 0.006194
8 0.872370 0.355471 0.006209 0.006194
8 0.879786 0.357708 0.005864 0.006538
8 0.852190 0.408981 0.008624 0.007915
8 0.859779 0.430833 0.012763 0.010323
8 0.833736 0.435306 0.009659 0.011700
8 0.822870 0.422918 0.010003 0.006194
8 0.801656 0.415175 0.009659 0.006538
8 0.801311 0.427564 0.008969 0.007226
8 0.786133 0.457330 0.011038 0.008947
8 0.908934 0.460771 0.009659 0.008947
8 0.921525 0.468341 0.007934 0.008947
8 0.914626 0.471783 0.007934 0.007571
8 0.935495 0.480902 0.006899 0.007226
8 0.921180 0.485031 0.005864 0.005162
8 0.917730 0.479697 0.006554 0.006194
8 0.924457 0.479353 0.009659 0.004129
8 0.677130 0.455437 0.010348 0.009291
8 0.722146 0.432897 0.009314 0.007571
8 0.785271 0.517378 0.010693 0.009979
8 0.923594 0.514797 0.010003 0.009635
8 0.926699 0.526153 0.005864 0.008259
8 0.923249 0.527185 0.006554 0.004818
8 0.917213 0.525465 0.006899 0.006882
8 0.924112 0.534928 0.008279 0.005162
8 0.925147 0.541982 0.007589 0.006882
8 0.923939 0.577426 0.008624 0.008259
8 0.644533 0.510323 0.010693 0.009635
8 0.618834 0.489677 0.008969 0.008947
8 0.582442 0.484171 0.010003 0.009635
8 0.590721 0.524260 0.011383 0.007915
8 0.583650 0.536304 0.009659 0.007915
8 0.567092 0.535616 0.009659 0.009291
8 0.561745 0.550069 0.008624 0.008603
8 0.546223 0.545251 0.010003 0.010668
8 0.558641 0.412423 0.012073 0.011356
8 0.608313 0.442361 0.010693 0.008603
8 0.624181 0.435306 0.011383 0.008259
8 0.660055 0.429456 0.010003 0.008947
8 0.669024 0.415520 0.010693 0.009979
8 0.663677 0.419649 0.008969 0.009291
8 0.681097 0.434790 0.008624 0.007915
8 0.673163 0.439092 0.008624 0.011700
8 0.692480 0.415003 0.008624 0.008259
8 0.695067 0.398142 0.011038 0.011012
8 0.602449 0.369236 0.008624 0.007571
8 0.606071 0.348589 0.008969 0.006194
8 0.636771 0.368720 0.009659 0.009291
8 0.678337 0.373193 0.007934 0.006538
8 0.683857 0.379904 0.007244 0.006194
8 0.689376 0.363902 0.009314 0.006538
8 0.697482 0.386786 0.007589 0.006882
8 0.704726 0.383001 0.007589 0.007571
8 0.714557 0.396937 0.008624 0.008603
8 0.677647 0.356676 0.007934 0.005850
8 0.670749 0.347901 0.007244 0.006194
8 0.679545 0.351514 0.008279 0.005850
8 0.677820 0.337749 0.008279 0.005850
8 0.661607 0.329147 0.008969 0.005850
8 0.725768 0.407777 0.007589 0.007571
8 0.735598 0.399518 0.007934 0.006882
8 0.761297 0.420337 0.007589 0.007226
8 0.751638 0.420853 0.007589 0.006882
8 0.747154 0.415864 0.008279 0.006538
8 0.779234 0.407089 0.008279 0.006882
8 0.757503 0.397798 0.006209 0.005506
8 0.773025 0.383517 0.006209 0.007226
8 0.771473 0.401583 0.007934 0.007571
8 0.753708 0.370957 0.008969 0.006194
8 0.753708 0.380420 0.006899 0.006538
8 0.746637 0.379215 0.005864 0.004818
8 0.740773 0.364246 0.007934 0.005850
8 0.731977 0.360977 0.006899 0.006194
8 0.719731 0.368892 0.008624 0.008947
8 0.721111 0.352374 0.007244 0.007571
8 0.717144 0.359085 0.006899 0.007226
8 0.709555 0.358741 0.007589 0.007915
8 0.709210 0.344804 0.010348 0.008947
8 0.706795 0.337922 0.006899 0.004818
8 0.705761 0.326566 0.004139 0.008259
8 0.700586 0.326222 0.006209 0.005506
8 0.779234 0.398830 0.006899 0.005506
8 0.784926 0.395733 0.005174 0.004818
8 0.777682 0.394012 0.005864 0.004129
8 0.764402 0.388334 0.006899 0.007226
8 0.765609 0.383689 0.005864 0.005506
8 0.761642 0.391432 0.005519 0.006538
8 0.738875 0.389539 0.006899 0.005506
8 0.742325 0.386442 0.006899 0.004818
8 0.725768 0.391087 0.004139 0.005162
8 0.722318 0.386270 0.005519 0.004474
8 0.729562 0.385754 0.006209 0.004129
8 0.729044 0.372849 0.006554 0.004474
8 0.739565 0.375946 0.004139 0.004474
8 0.730769 0.378355 0.007244 0.004474
8 0.647637 0.312285 0.007244 0.006538
8 0.632977 0.305575 0.006899 0.007571
8 0.507071 0.498279 0.011728 0.009635
8 0.639876 0.299036 0.006209 0.005506
8 0.655571 0.307811 0.005864 0.005162
8 0.671093 0.316758 0.006554 0.005850
8 0.682477 0.305747 0.006554 0.005850
8 0.675233 0.299553 0.007244 0.006538
8 0.684719 0.324501 0.005519 0.006882
8 0.690928 0.321060 0.005519 0.005506
8 0.694895 0.317275 0.005864 0.006194
8 0.651087 0.292154 0.006554 0.004818
8 0.655226 0.286648 0.007934 0.005506
8 0.652121 0.282347 0.006554 0.005162
8 0.426181 0.414659 0.009314 0.011012
8 0.448775 0.496903 0.011728 0.011700
8 0.422560 0.517722 0.006899 0.006538
8 0.398931 0.504990 0.010693 0.008603
8 0.409969 0.539917 0.010693 0.010323
8 0.465850 0.540606 0.010693 0.006882
8 0.336323 0.447522 0.009659 0.009291
8 0.358917 0.386614 0.008624 0.008603
8 0.276820 0.408637 0.014143 0.010668
8 0.233701 0.466277 0.010003 0.008259
8 0.224043 0.496043 0.006554 0.006538
8 0.225595 0.473331 0.009659 0.009291
8 0.190066 0.466449 0.010348 0.009291
8 0.189548 0.515141 0.008624 0.006882
8 0.122456 0.287164 0.006899 0.007226
8 0.108831 0.328458 0.010003 0.006538
8 0.112798 0.335685 0.008279 0.005162
8 0.108658 0.342567 0.006899 0.006538
8 0.077785 0.389711 0.009314 0.009291
8 0.077268 0.406745 0.008969 0.007571
8 0.083132 0.418445 0.008969 0.007571
8 0.061056 0.424123 0.006899 0.007915
8 0.074508 0.452684 0.007589 0.009291
8 0.056916 0.457158 0.008969 0.008603
8 0.113660 0.404508 0.010003 0.008603
8 0.118489 0.388162 0.007244 0.004818
8 0.120214 0.382829 0.005864 0.005850
8 0.131080 0.386614 0.008969 0.007915
8 0.125733 0.389367 0.004484 0.007915
8 0.131080 0.413627 0.008969 0.007571
8 0.139876 0.419821 0.007244 0.008259
8 0.126250 0.430145 0.006899 0.006882
8 0.117109 0.423262 0.008624 0.006882
8 0.150224 0.440812 0.010693 0.008259
8 0.139186 0.446834 0.005864 0.005850
8 0.131597 0.456469 0.007244 0.006538
8 0.140911 0.454577 0.008624 0.006194
8 0.155743 0.460771 0.006554 0.006194
8 0.148155 0.464728 0.006554 0.007915
8 0.157123 0.478149 0.006554 0.007915
8 0.143843 0.478149 0.005519 0.007915
8 0.163677 0.495010 0.010003 0.007226
8 0.062953 0.482278 0.009314 0.007915
8 0.051225 0.492257 0.007934 0.007226
8 0.042946 0.486063 0.007244 0.006538
8 0.063643 0.504129 0.009314 0.004818
8 0.060538 0.498968 0.006554 0.004129
8 0.042083 0.505506 0.006899 0.007571
8 0.051742 0.514453 0.007589 0.006194
8 0.043463 0.516690 0.007589 0.007226
8 0.043463 0.526325 0.007589 0.005850
8 0.058296 0.525465 0.008279 0.007571
8 0.157123 0.507398 0.007244 0.007226
8 0.167644 0.506538 0.008279 0.009635
8 0.159365 0.524604 0.008969 0.007915
8 0.166954 0.519959 0.008279 0.007571
8 0.177647 0.536304 0.008969 0.008603
8 0.162297 0.533551 0.007244 0.007226
8 0.154364 0.536304 0.007934 0.009291
8 0.166954 0.552478 0.007589 0.007915
8 0.161780 0.552822 0.006899 0.007915
8 0.367368 0.558844 0.009659 0.009635
8 0.345809 0.589814 0.010003 0.008947
8 0.333736 0.606504 0.007934 0.008603
8 0.211970 0.592567 0.010693 0.007571
8 0.187651 0.586201 0.008279 0.007226
8 0.187133 0.572780 0.006554 0.006538
8 0.172646 0.578114 0.010693 0.006882
8 0.183684 0.561597 0.007934 0.006882
8 0.181097 0.566070 0.008969 0.005506
8 0.200931 0.607708 0.010693 0.007571
8 0.076751 0.568823 0.008624 0.007571
8 0.045533 0.545939 0.008969 0.005850
8 0.044326 0.555403 0.007934 0.005506
8 0.067954 0.549381 0.007589 0.006538
8 0.067782 0.555403 0.009314 0.008259
8 0.051742 0.599105 0.008969 0.008259
8 0.390997 0.557639 0.012763 0.009979
8 0.452225 0.560736 0.011038 0.011356
8 0.467575 0.569167 0.009314 0.008947
8 0.418938 0.581900 0.010693 0.011700
8 0.443256 0.607020 0.008969 0.010323
8 0.462401 0.618204 0.008624 0.010668
8 0.481718 0.633517 0.009314 0.008259
8 0.462401 0.645217 0.010003 0.009635
8 0.474819 0.649002 0.008624 0.008947
8 0.481890 0.660358 0.008279 0.008259
8 0.537082 0.701480 0.006899 0.008603
8 0.476371 0.681349 0.008279 0.008947
8 0.440497 0.708362 0.005519 0.007226
8 0.447913 0.730041 0.008624 0.008603
8 0.420145 0.746215 0.011038 0.010668
8 0.419455 0.735547 0.007589 0.005850
8 0.414971 0.731246 0.007589 0.008259
8 0.410486 0.727288 0.005519 0.005162
8 0.392549 0.742602 0.009659 0.008259
8 0.390997 0.721783 0.007934 0.007226
8 0.398068 0.711803 0.009659 0.008603
8 0.413763 0.702340 0.007244 0.009635
8 0.410831 0.671198 0.008969 0.008603
8 0.407382 0.685994 0.007589 0.007226
8 0.405830 0.698383 0.006554 0.005850
8 0.414453 0.642464 0.007244 0.008259
8 0.406692 0.641259 0.006899 0.007915
8 0.392549 0.630592 0.009659 0.007226
8 0.350121 0.619064 0.009659 0.006194
8 0.404967 0.658293 0.009659 0.006882
8 0.380476 0.669993 0.010348 0.010323
8 0.318558 0.610633 0.009314 0.007915
8 0.277509 0.621301 0.014143 0.007915
8 0.275267 0.632312 0.014488 0.012044
8 0.248017 0.634549 0.014488 0.007571
8 0.222318 0.634377 0.007934 0.007915
8 0.214902 0.618548 0.011038 0.008603
8 0.197999 0.628011 0.008969 0.008259
8 0.200414 0.645217 0.008279 0.009635
8 0.218179 0.645905 0.010693 0.007571
8 0.216454 0.652443 0.008624 0.007571
8 0.332873 0.659842 0.009659 0.007226
8 0.307865 0.670681 0.008624 0.008259
8 0.356502 0.687027 0.009314 0.008603
8 0.383753 0.695458 0.006554 0.006194
8 0.377716 0.701136 0.006209 0.008603
8 0.370645 0.720750 0.008624 0.009291
8 0.349603 0.717137 0.010003 0.008947
8 0.347361 0.740709 0.010348 0.009979
8 0.334081 0.743290 0.007244 0.008259
8 0.319938 0.722987 0.010003 0.008259
8 0.308382 0.705781 0.008969 0.008947
8 0.261125 0.687371 0.008969 0.009979
8 0.242842 0.679284 0.008279 0.008947
8 0.240773 0.692017 0.009659 0.008947
8 0.257675 0.701996 0.009659 0.008259
8 0.266126 0.707846 0.010003 0.009635
8 0.253708 0.725568 0.011383 0.007915
8 0.266471 0.736235 0.007934 0.009979
8 0.252846 0.749484 0.006899 0.008259
8 0.201966 0.746903 0.011383 0.006538
8 0.180580 0.677047 0.007934 0.010668
8 0.091756 0.622333 0.008279 0.007915
8 0.071059 0.622161 0.011728 0.009635
8 0.078820 0.669133 0.008624 0.007226
8 0.085029 0.678424 0.007244 0.008603
8 0.112798 0.682381 0.006899 0.008947
8 0.105036 0.678940 0.005864 0.007571
8 0.096585 0.682037 0.009659 0.007571
8 0.090376 0.688231 0.008279 0.007571
8 0.096930 0.698727 0.007589 0.006538
8 0.116937 0.708706 0.008969 0.006538
8 0.114177 0.693393 0.007589 0.005506
8 0.110038 0.698211 0.008279 0.007571
8 0.124008 0.692877 0.005864 0.007226
8 0.144360 0.711287 0.007934 0.006882
8 0.141083 0.704577 0.008279 0.008603
8 0.135047 0.700791 0.005864 0.005850
8 0.132632 0.690124 0.007934 0.005162
8 0.131597 0.694942 0.007934 0.004474
8 0.158848 0.718858 0.007934 0.006882
8 0.139358 0.725568 0.008279 0.007226
8 0.143498 0.737784 0.008969 0.006882
8 0.144360 0.747935 0.010693 0.005850
8 0.169196 0.730213 0.009314 0.010323
8 0.183857 0.730557 0.006209 0.006194
8 0.198517 0.738644 0.008624 0.007226
8 0.185926 0.738300 0.008279 0.007915
8 0.193687 0.735203 0.007244 0.005162
8 0.209727 0.754646 0.005519 0.007571
8 0.214557 0.754301 0.004829 0.006882
8 0.224043 0.758087 0.005174 0.004818
8 0.234736 0.758431 0.005174 0.005506
8 0.230252 0.762904 0.005174 0.006194
8 0.442739 0.762732 0.009314 0.006538
8 0.229562 0.772368 0.005864 0.007226
8 0.233184 0.770475 0.006209 0.006194
8 0.239910 0.768066 0.006554 0.005506
8 0.246292 0.773056 0.006209 0.007226
8 0.246809 0.781659 0.009314 0.005162
8 0.262159 0.780110 0.006209 0.004129
8 0.260090 0.790262 0.006899 0.005850
8 0.220593 0.816930 0.010003 0.008947
8 0.280269 0.790778 0.007244 0.006882
8 0.273715 0.799036 0.007244 0.008947
8 0.285788 0.797832 0.008624 0.007915
8 0.286651 0.809360 0.006899 0.006882
8 0.298896 0.797316 0.007934 0.006194
8 0.305105 0.802306 0.009314 0.007226
8 0.305278 0.810220 0.008969 0.007915
8 0.326147 0.804198 0.008624 0.008259
8 0.343049 0.785616 0.006554 0.008259
8 0.375474 0.783551 0.010003 0.008947
8 0.348224 0.794219 0.010003 0.005506
8 0.346671 0.799553 0.008969 0.006538
8 0.467230 0.834825 0.008624 0.007571
8 0.401518 0.838782 0.006209 0.009291
8 0.394619 0.846352 0.008279 0.008603
8 0.379096 0.822953 0.008969 0.010668
8 0.362884 0.818479 0.007589 0.007226
8 0.347016 0.817103 0.006209 0.005850
8 0.350466 0.823125 0.004829 0.006194
8 0.336840 0.822436 0.009314 0.007571
8 0.327009 0.830007 0.008279 0.008259
8 0.342877 0.831383 0.008279 0.007571
8 0.354605 0.832588 0.008969 0.007915
8 0.372887 0.830351 0.004829 0.013076
8 0.368058 0.830007 0.006209 0.009635
8 0.488962 0.834825 0.007934 0.010323
8 0.539151 0.806435 0.010348 0.009291
8 0.517420 0.819339 0.009659 0.010323
8 0.655743 0.693737 0.007589 0.009635
8 0.376854 0.862870 0.007934 0.006538
8 0.355985 0.874570 0.007589 0.007226
8 0.330804 0.883861 0.007589 0.008603
8 0.311487 0.900034 0.006899 0.007226
8 0.332184 0.906745 0.007589 0.007571
8 0.322180 0.915175 0.008279 0.006538
8 0.339772 0.926187 0.008969 0.007226
8 0.366678 0.911734 0.008279 0.007226
8 0.406692 0.901411 0.009659 0.010668
8 0.401000 0.919993 0.009314 0.009979
8 0.386685 0.927220 0.008969 0.008603
8 0.376337 0.933758 0.010348 0.009291
8 0.410314 0.938747 0.005864 0.006194
8 0.443256 0.945802 0.010348 0.007226
8 0.449810 0.956641 0.008279 0.006194
8 0.468092 0.938575 0.006899 0.006538
8 0.471197 0.945286 0.006209 0.005506
8 0.464471 0.947866 0.004484 0.006538
8 0.502760 0.905196 0.010693 0.009291
8 0.501380 0.914831 0.009314 0.007915
8 0.502587 0.941328 0.005519 0.009979
8 0.497930 0.940812 0.005864 0.007571
8 0.550535 0.915692 0.007589 0.011012
8 0.545360 0.919821 0.008279 0.011700
8 0.558641 0.931005 0.010003 0.007915
8 0.569852 0.928940 0.006899 0.009979
8 0.616764 0.913799 0.008279 0.010668
8 0.627803 0.914315 0.006899 0.007571
8 0.636771 0.919477 0.006899 0.006194
8 0.659538 0.908637 0.008969 0.008603
8 0.688513 0.869924 0.011038 0.011012
8 0.700069 0.888334 0.010003 0.010668
8 0.713867 0.876290 0.008624 0.008603
8 0.721801 0.870613 0.010003 0.008947
8 0.751811 0.817619 0.010693 0.010323
8 0.756123 0.854267 0.006899 0.005850
8 0.759227 0.870096 0.006899 0.007915
8 0.753018 0.870268 0.007589 0.007571
8 0.779407 0.850826 0.007244 0.007915
8 0.787685 0.830179 0.007934 0.007226
8 0.794584 0.836029 0.009314 0.007226
8 0.801656 0.818823 0.007589 0.005850
8 0.791652 0.754301 0.008279 0.008259
8 0.827699 0.801617 0.006554 0.007915
8 0.825112 0.792154 0.007589 0.006882
8 0.833218 0.789917 0.006554 0.006538
8 0.840117 0.784067 0.008624 0.008603
8 0.845119 0.771163 0.005519 0.005506
8 0.848568 0.768926 0.005519 0.006538
8 0.848913 0.775292 0.006209 0.006194
8 0.865471 0.741397 0.008969 0.007226
8 0.875302 0.726772 0.009314 0.008259
8 0.875992 0.733999 0.007244 0.004129
8 0.889790 0.700447 0.008624 0.006538
8 0.885995 0.681521 0.009314 0.007226
8 0.896689 0.684962 0.007934 0.009979
8 0.902553 0.646765 0.005864 0.007226
8 0.908244 0.647281 0.006899 0.008259
8 0.907899 0.614074 0.008969 0.005850
8 0.917213 0.613214 0.007589 0.008259
8 0.915661 0.619064 0.007934 0.006194