8 0.864622 0.251855 0.007479 0.005935
8 0.860135 0.243694 0.005984 0.005935
8 0.665482 0.921736 0.007105 0.005193
8 0.552169 0.949926 0.004862 0.005193
8 0.454749 0.948813 0.007479 0.007418
8 0.427076 0.945104 0.006731 0.005935
8 0.417913 0.945660 0.005610 0.007789
8 0.392109 0.944177 0.007853 0.007047
8 0.377711 0.932307 0.006731 0.007047
8 0.354525 0.925445 0.005984 0.007418
8 0.347981 0.924332 0.006358 0.007418
8 0.335079 0.921921 0.007479 0.006306
8 0.334144 0.916358 0.007853 0.007047
8 0.321242 0.915801 0.006731 0.006677
8 0.312079 0.910423 0.007105 0.007047
8 0.114061 0.749073 0.005236 0.007789
8 0.631638 0.176743 0.007479 0.006306
8 0.504862 0.151521 0.005984 0.006306
8 0.449888 0.146142 0.007479 0.007418
8 0.394353 0.185831 0.006358 0.006677
8 0.361070 0.191209 0.007853 0.008531
8 0.475505 0.169139 0.006358 0.005935
8 0.654450 0.118138 0.006731 0.006306
8 0.660060 0.180082 0.008227 0.005564
8 0.685490 0.143731 0.007479 0.008531
8 0.709237 0.132047 0.006358 0.007418
8 0.532349 0.182122 0.007105 0.006677
8 0.500935 0.213093 0.007105 0.005564
8 0.455497 0.233309 0.006731 0.006677
8 0.426328 0.244807 0.006731 0.007418
8 0.528609 0.209199 0.005610 0.006677
8 0.517203 0.237018 0.006731 0.005935
8 0.546746 0.234421 0.007479 0.006677
8 0.495325 0.249815 0.007853 0.007047
8 0.483171 0.267062 0.006731 0.005935
8 0.454936 0.269102 0.007105 0.006306
8 0.761032 0.276892 0.007479 0.006306
8 0.528048 0.276892 0.005236 0.006306
8 0.478684 0.297663 0.007479 0.007047
8 0.443717 0.299889 0.009349 0.007789
8 0.384256 0.294325 0.008601 0.007789
8 0.817128 0.199740 0.007479 0.007047
8 0.769634 0.297292 0.008227 0.006306
8 0.851346 0.242025 0.006358 0.005564
8 0.825916 0.309347 0.007105 0.005935
8 0.807592 0.368509 0.007105 0.007047
8 0.649963 0.405786 0.007479 0.007418
8 0.463164 0.314911 0.007105 0.008160
8 0.425206 0.310645 0.007479 0.008531
8 0.412865 0.311387 0.007479 0.006306
8 0.386874 0.323442 0.007105 0.006677
8 0.302730 0.339763 0.007105 0.005935
8 0.405759 0.328079 0.008227 0.007789
8 0.431002 0.329006 0.007853 0.008160
8 0.433246 0.346810 0.007105 0.006677
8 0.158003 0.328635 0.007105 0.005193
8 0.355647 0.356639 0.005984 0.007789
8 0.347046 0.360720 0.008227 0.006306
8 0.324233 0.372033 0.008227 0.005935
8 0.323485 0.393546 0.007479 0.006677
8 0.390613 0.365912 0.007105 0.007047
8 0.352842 0.384088 0.008601 0.007789
8 0.416043 0.364985 0.006358 0.006677
8 0.391922 0.378895 0.008227 0.007789
8 0.472513 0.421921 0.007105 0.007789
8 0.403515 0.371291 0.008975 0.008902
8 0.924271 0.593843 0.006358 0.005935
8 0.920531 0.583272 0.007105 0.005564
8 0.921092 0.557493 0.006731 0.005935
8 0.906881 0.533939 0.006731 0.007047
8 0.867614 0.509458 0.008227 0.005564
8 0.901645 0.477188 0.006731 0.005564
8 0.886126 0.433791 0.006358 0.006306
8 0.838444 0.396699 0.007479 0.005564
8 0.870606 0.386313 0.007479 0.006306
8 0.846485 0.412463 0.007105 0.005935
8 0.933620 0.465504 0.007105 0.005193
8 0.923710 0.486091 0.008975 0.007047
8 0.920344 0.500000 0.005236 0.005935
8 0.927263 0.522997 0.005610 0.006677
8 0.939230 0.473850 0.007853 0.007047
8 0.854899 0.650037 0.006731 0.005564
8 0.850224 0.695846 0.008601 0.006677
8 0.830217 0.787092 0.008975 0.006677
8 0.792446 0.815282 0.007479 0.006677
8 0.724570 0.839577 0.006358 0.006306
8 0.684742 0.826224 0.005984 0.006306
8 0.669970 0.826224 0.007105 0.006306
8 0.680441 0.886869 0.007105 0.005935
8 0.664921 0.904859 0.006731 0.006306
8 0.736350 0.871476 0.006731 0.004822
8 0.627337 0.844399 0.005610 0.006306
8 0.631638 0.800260 0.008227 0.007789
8 0.616118 0.813056 0.006358 0.006677
8 0.609387 0.827337 0.004862 0.005564
8 0.593493 0.810089 0.005984 0.005193
8 0.573485 0.794139 0.005610 0.005193
8 0.596672 0.761499 0.007105 0.005935
8 0.560583 0.831788 0.006731 0.006306
8 0.623972 0.935831 0.006358 0.005935
8 0.546746 0.890022 0.006731 0.005564
8 0.506358 0.919510 0.005984 0.005935
8 0.535527 0.892990 0.005236 0.005564
8 0.489155 0.901892 0.006731 0.004822
8 0.452880 0.884829 0.007479 0.007789
8 0.432124 0.889651 0.007105 0.006306
8 0.415295 0.888909 0.007105 0.006306
8 0.398280 0.896142 0.007479 0.007418
8 0.405198 0.875742 0.007853 0.005935
8 0.368736 0.878524 0.006731 0.007047
8 0.290015 0.862018 0.007853 0.008160
8 0.252992 0.833642 0.007853 0.005564
8 0.243455 0.829933 0.006731 0.006306
8 0.191660 0.804896 0.007853 0.007418
8 0.082835 0.359978 0.007853 0.007789
8 0.162678 0.440096 0.008975 0.008531
8 0.053291 0.505378 0.008601 0.007047
8 0.064136 0.594770 0.008601 0.006306
8 0.067876 0.620364 0.007853 0.007047
8 0.073672 0.647997 0.008975 0.008160
8 0.081713 0.663390 0.007105 0.007789
8 0.081152 0.698257 0.006731 0.007789
8 0.164921 0.795252 0.006731 0.007418
8 0.128833 0.759644 0.007105 0.006677
8 0.106769 0.746662 0.006358 0.006677
8 0.094241 0.707715 0.008227 0.005935
8 0.391735 0.593843 0.007105 0.007418
8 0.520381 0.624815 0.007105 0.007047
8 0.435677 0.643546 0.008227 0.008160
8 0.522438 0.638724 0.007479 0.006677
8 0.642109 0.682307 0.007479 0.005564
8 0.581152 0.687871 0.008227 0.006306
8 0.642296 0.642619 0.006358 0.005564
8 0.705310 0.703450 0.005984 0.006306
8 0.622289 0.660237 0.006731 0.006677
8 0.629394 0.570289 0.005984 0.006306
8 0.654076 0.458642 0.008227 0.006306
8 0.364996 0.448071 0.007479 0.007418
8 0.556283 0.471068 0.007853 0.007418
8 0.478684 0.450297 0.006731 0.007418
8 0.358078 0.494251 0.007853 0.007047
8 0.453067 0.507418 0.007853 0.005935
8 0.377711 0.332159 0.006731 0.007047
8 0.408003 0.884829 0.006731 0.006306
8 0.522064 0.165059 0.008227 0.007418
8 0.537958 0.194547 0.009349 0.008531
8 0.520568 0.211239 0.006731 0.006306
8 0.474009 0.231825 0.005610 0.005193
8 0.477375 0.236091 0.006358 0.005564
8 0.509910 0.246662 0.005610 0.005935
8 0.515894 0.246105 0.005610 0.004822
8 0.857143 0.250185 0.005984 0.006306
8 0.892109 0.721996 0.008601 0.007789
8 0.705497 0.916914 0.006358 0.005193
8 0.590688 0.957159 0.008601 0.007047
8 0.670344 0.938056 0.008601 0.005193
8 0.668100 0.933049 0.009349 0.004822
8 0.928384 0.510571 0.007105 0.008531
8 0.930067 0.561944 0.008227 0.008160
8 0.926515 0.576409 0.006358 0.006677
8 0.954749 0.606083 0.000748 0.000000