9 0.828389 0.140174 0.014605 0.016491
9 0.805568 0.121164 0.012780 0.017865
9 0.184162 0.436097 0.012323 0.010994
9 0.172068 0.386166 0.009128 0.008246
9 0.169329 0.377920 0.009128 0.009162
9 0.105431 0.377004 0.009128 0.009162
9 0.104747 0.366926 0.010497 0.009162
9 0.193519 0.556115 0.015518 0.016491
9 0.552259 0.128722 0.014605 0.011910
9 0.391830 0.111086 0.017800 0.018781
9 0.375628 0.129180 0.021908 0.021988
9 0.414423 0.237517 0.011867 0.007787
9 0.436787 0.234311 0.015518 0.013284
9 0.406435 0.424874 0.010497 0.011452
9 0.415107 0.431974 0.016887 0.013743
9 0.427659 0.421438 0.017344 0.019240
9 0.398676 0.413651 0.015974 0.014659
9 0.390005 0.385479 0.011410 0.014201
9 0.384528 0.400137 0.015062 0.016033
9 0.300091 0.406322 0.012323 0.016491
9 0.340712 0.387082 0.020539 0.019240
9 0.363761 0.366697 0.018257 0.007787
9 0.391602 0.365323 0.019169 0.008704
9 0.382017 0.354100 0.016431 0.013743
9 0.391146 0.347229 0.016431 0.011910
9 0.467366 0.434952 0.020082 0.020614
9 0.682565 0.408612 0.023277 0.021988
9 0.747376 0.427852 0.026928 0.028401
9 0.951848 0.476180 0.020539 0.017865
9 0.955272 0.458772 0.017344 0.008704
9 0.954131 0.448236 0.018713 0.010536
9 0.949110 0.404260 0.020539 0.020614
9 0.929028 0.336693 0.019626 0.024737
9 0.901643 0.274393 0.023277 0.029317
9 0.838658 0.333715 0.024190 0.024279
9 0.846417 0.180257 0.020539 0.023362
9 0.818120 0.162620 0.018713 0.027485
9 0.954359 0.498397 0.019169 0.021988
9 0.966454 0.508246 0.013236 0.013284
9 0.952990 0.584746 0.022821 0.021530
9 0.925148 0.516949 0.022821 0.025195
9 0.900046 0.550389 0.025559 0.025195
9 0.852122 0.547412 0.022821 0.026569
9 0.760155 0.529546 0.020539 0.018323
9 0.743724 0.557490 0.019626 0.020156
9 0.709722 0.546267 0.014605 0.016949
9 0.668416 0.543747 0.026928 0.025653
9 0.481287 0.500458 0.021451 0.016949
9 0.471018 0.488777 0.013692 0.014659
9 0.923779 0.643610 0.013692 0.016491
9 0.913738 0.649107 0.011867 0.012826
9 0.909859 0.655520 0.015974 0.012826
9 0.905751 0.663765 0.017800 0.015575
9 0.912369 0.693999 0.020082 0.025653
9 0.689639 0.568255 0.020995 0.021530
9 0.787084 0.601237 0.023277 0.019698
9 0.780922 0.579249 0.020995 0.018781
9 0.748060 0.576729 0.019169 0.018323
9 0.717481 0.570545 0.012780 0.015117
9 0.733911 0.607192 0.027385 0.028859
9 0.698768 0.617728 0.023733 0.028859
9 0.612506 0.924416 0.025559 0.021988
9 0.534687 0.946633 0.023277 0.027027
9 0.520310 0.709116 0.013692 0.018323
9 0.510497 0.701328 0.015062 0.017407
9 0.492926 0.710032 0.015518 0.021072
9 0.487905 0.690105 0.015518 0.015117
9 0.505249 0.681860 0.020082 0.020614
9 0.532177 0.693312 0.013692 0.018781
9 0.543816 0.703848 0.016887 0.016033
9 0.540621 0.717820 0.024190 0.010994
9 0.535144 0.730875 0.020539 0.016033
9 0.570059 0.723546 0.022821 0.014201
9 0.570744 0.710261 0.019626 0.016033
9 0.451392 0.585662 0.028298 0.026111
9 0.445687 0.608795 0.025103 0.028401
9 0.405751 0.647045 0.023733 0.033440
9 0.243268 0.742327 0.009128 0.011452
9 0.243724 0.708887 0.010954 0.015117
9 0.243040 0.815621 0.017800 0.017865
9 0.306025 0.871049 0.016887 0.018781
9 0.304427 0.897618 0.018257 0.018781
9 0.371976 0.854787 0.016431 0.019240
9 0.383615 0.823408 0.018713 0.021530
9 0.403925 0.798672 0.020082 0.021530
9 0.405979 0.769125 0.016887 0.013743
9 0.422866 0.763399 0.018713 0.016033
9 0.443405 0.777600 0.017800 0.018781
9 0.484254 0.759734 0.017344 0.016949
9 0.451848 0.839899 0.019169 0.016949
9 0.504792 0.823637 0.019169 0.018323
9 0.517800 0.840815 0.016887 0.016033
9 0.330899 0.766606 0.020082 0.016949
9 0.299407 0.764773 0.020995 0.017865
9 0.556823 0.773477 0.016431 0.018781
9 0.565039 0.807146 0.014605 0.015575
9 0.532177 0.868530 0.015518 0.016491
9 0.589685 0.835776 0.018257 0.017865
9 0.697855 0.852038 0.013692 0.014659
9 0.714514 0.843564 0.016887 0.017865
9 0.777042 0.845396 0.015062 0.014201
9 0.797125 0.826844 0.014149 0.014659
9 0.834322 0.769125 0.016431 0.014659
9 0.251027 0.745305 0.010041 0.013743
9 0.260612 0.745534 0.010954 0.012368
9 0.281150 0.711406 0.011867 0.010994
9 0.336376 0.703848 0.016431 0.015117
9 0.300548 0.710948 0.013236 0.012826
9 0.310132 0.718965 0.013236 0.011452
9 0.350068 0.748969 0.016431 0.015575
9 0.326563 0.669262 0.011410 0.010078
9 0.340712 0.640403 0.019626 0.015575
9 0.308307 0.675905 0.015062 0.011452
9 0.290050 0.677966 0.010497 0.010994
9 0.291876 0.665140 0.012323 0.011910
9 0.292560 0.646587 0.013692 0.013284
9 0.275445 0.685983 0.015062 0.015117
9 0.249658 0.696290 0.013692 0.010078
9 0.284345 0.725378 0.010041 0.007787
9 0.287084 0.733623 0.010954 0.011452
9 0.293930 0.750344 0.011867 0.012826
9 0.311045 0.739120 0.011410 0.009620
9 0.459379 0.687815 0.020539 0.020614
9 0.471474 0.718736 0.021908 0.018323
9 0.606116 0.695373 0.017344 0.016491
9 0.643314 0.672927 0.024190 0.020156
9 0.084208 0.615437 0.017800 0.016949
9 0.128252 0.607192 0.014605 0.014201
9 0.163624 0.698122 0.015062 0.015575
9 0.186216 0.598946 0.012780 0.012368
9 0.201050 0.585204 0.011410 0.011452
9 0.212688 0.575355 0.010954 0.010994
9 0.217481 0.603527 0.015062 0.014201
9 0.219991 0.580623 0.012780 0.011452
9 0.242127 0.588410 0.012323 0.014201
9 0.263122 0.604902 0.013236 0.012368
9 0.252624 0.628722 0.010497 0.011452
9 0.262209 0.629638 0.008672 0.009620
9 0.270653 0.638800 0.008215 0.008704
9 0.276586 0.646129 0.010041 0.008704
9 0.260612 0.660330 0.010954 0.009620
9 0.261068 0.651168 0.011867 0.009620
9 0.271337 0.653000 0.008672 0.008704
9 0.306709 0.614750 0.020995 0.021988
9 0.307166 0.587265 0.017344 0.020156
9 0.331127 0.587265 0.018713 0.020156
9 0.314012 0.563903 0.018257 0.018323
9 0.232999 0.565964 0.014149 0.014201
9 0.153583 0.471141 0.014149 0.013284
9 0.133957 0.509162 0.013236 0.015117
9 0.129165 0.530921 0.015518 0.015575
9 0.175034 0.513972 0.012323 0.011910
9 0.190552 0.513743 0.012323 0.011452
9 0.182337 0.500916 0.012323 0.009620
9 0.181424 0.490609 0.009585 0.011910
9 0.196486 0.488548 0.012323 0.009620
9 0.197398 0.498855 0.011410 0.010994
9 0.212004 0.510994 0.014149 0.013284
9 0.235281 0.513743 0.013236 0.012368
9 0.231858 0.494961 0.010954 0.011452
9 0.262209 0.494961 0.014149 0.011452
9 0.282291 0.533669 0.017800 0.014659
9 0.251255 0.452588 0.014149 0.014659
9 0.265404 0.459689 0.016887 0.018781
9 0.186673 0.448236 0.015518 0.012368
9 0.204245 0.551077 0.012323 0.010994
9 0.360110 0.445946 0.018257 0.017865
9 0.390233 0.449382 0.015518 0.017407
9 0.379963 0.499771 0.015062 0.015575
9 0.405066 0.514430 0.015062 0.014659
9 0.081926 0.439762 0.016887 0.012826
9 0.115701 0.385708 0.011410 0.012826
9 0.123003 0.348603 0.013236 0.011910
9 0.136696 0.385021 0.010497 0.012368
9 0.146737 0.387082 0.011410 0.012826
9 0.167275 0.360055 0.015062 0.014659
9 0.151529 0.432661 0.015518 0.013284
9 0.195801 0.432432 0.011867 0.012826
9 0.218850 0.382272 0.012323 0.014201
9 0.263122 0.415941 0.015062 0.014659
9 0.292332 0.393495 0.015974 0.017407
9 0.176403 0.397160 0.017800 0.012826
9 0.222273 0.357306 0.013692 0.015575
9 0.146508 0.256528 0.012780 0.011910
9 0.141944 0.263857 0.010954 0.011910
9 0.122319 0.282639 0.011867 0.010078
9 0.122547 0.289281 0.012323 0.008704
9 0.122090 0.306459 0.015062 0.012826
9 0.141031 0.300733 0.012780 0.012368
9 0.124829 0.329134 0.009585 0.010536
9 0.130534 0.336235 0.011867 0.011910
9 0.189639 0.319285 0.014149 0.013743
9 0.187357 0.282639 0.013236 0.016491
9 0.214286 0.227439 0.012323 0.014201
9 0.214058 0.340586 0.017344 0.016033
9 0.330443 0.284929 0.014605 0.016491
9 0.318120 0.311040 0.016431 0.013743
9 0.346874 0.304856 0.016431 0.015117
9 0.330215 0.322492 0.015974 0.015575
9 0.325650 0.348832 0.016887 0.016949
9 0.318120 0.397847 0.015518 0.015117
9 0.335463 0.427623 0.019169 0.018781
9 0.353720 0.422813 0.011867 0.013743
9 0.342538 0.403115 0.019626 0.014659
9 0.363533 0.380669 0.013236 0.011910
9 0.369010 0.396244 0.012323 0.013743
9 0.376084 0.432203 0.018257 0.016033
9 0.401871 0.381127 0.013236 0.017407
9 0.442948 0.395557 0.019626 0.017865
9 0.420812 0.408612 0.015518 0.012826
9 0.360110 0.357994 0.010954 0.012368
9 0.425148 0.297297 0.016887 0.015575
9 0.383843 0.316995 0.011867 0.011910
9 0.386581 0.335547 0.018257 0.016033
9 0.515290 0.379295 0.016431 0.015575
9 0.543816 0.303940 0.014149 0.016949
9 0.643770 0.341961 0.015974 0.016033
9 0.395253 0.316537 0.010041 0.010994
9 0.417846 0.216216 0.013236 0.010994
9 0.418759 0.227897 0.013236 0.009620
9 0.451164 0.211406 0.011410 0.012368
9 0.465997 0.221026 0.014605 0.013284
9 0.453218 0.228355 0.013692 0.012368
9 0.485623 0.235227 0.018257 0.015117
9 0.429256 0.238662 0.010497 0.010078
9 0.267001 0.098259 0.012780 0.011452
9 0.312414 0.082226 0.014149 0.014201
9 0.330899 0.087723 0.013692 0.013284
9 0.330671 0.105818 0.013236 0.011910
9 0.316294 0.147045 0.011867 0.011910
9 0.309448 0.153000 0.012780 0.012826
9 0.257873 0.173843 0.013692 0.011452
9 0.387266 0.087036 0.012323 0.010994
9 0.419671 0.072148 0.015974 0.013284
9 0.376540 0.054512 0.013692 0.011910
9 0.436330 0.054054 0.011867 0.010994
9 0.443861 0.047183 0.012323 0.012826
9 0.460064 0.068026 0.013692 0.014201
9 0.474897 0.046267 0.012323 0.010994
9 0.476495 0.036189 0.011867 0.011910
9 0.487449 0.092533 0.014605 0.012826
9 0.513921 0.035960 0.010954 0.011452
9 0.520539 0.027027 0.009585 0.011910
9 0.525331 0.034585 0.010041 0.009620
9 0.550205 0.048099 0.014149 0.010994
9 0.547467 0.031150 0.012323 0.010994
9 0.561159 0.036418 0.012323 0.010536
9 0.577362 0.037334 0.013692 0.010536
9 0.585806 0.032982 0.011410 0.012826
9 0.561616 0.061154 0.012323 0.011452
9 0.611821 0.028172 0.008672 0.009620
9 0.625970 0.040999 0.013236 0.011452
9 0.690552 0.056574 0.014605 0.011452
9 0.708124 0.073752 0.012323 0.010078
9 0.715199 0.063903 0.010041 0.009620
9 0.726609 0.064132 0.012780 0.011910
9 0.668644 0.097572 0.011867 0.012826
9 0.685532 0.114292 0.015518 0.013284
9 0.549521 0.139945 0.010954 0.010536
9 0.567321 0.149565 0.012780 0.012368
9 0.745322 0.110857 0.011867 0.012826
9 0.759927 0.109482 0.010954 0.010994
9 0.768827 0.101466 0.012323 0.012368
9 0.783660 0.120018 0.011867 0.010994
9 0.797809 0.140861 0.010041 0.009620
9 0.802145 0.135593 0.009585 0.010078
9 0.708124 0.214842 0.018713 0.014659
9 0.783889 0.223317 0.015974 0.015117
9 0.671383 0.275996 0.013692 0.009620
9 0.678457 0.270270 0.010497 0.013743
9 0.781378 0.305314 0.014605 0.014201
9 0.538110 0.223775 0.007303 0.009620
9 0.530123 0.233852 0.011410 0.008704
9 0.530351 0.226065 0.010041 0.008704
9 0.623231 0.238204 0.015062 0.013743
9 0.673209 0.329592 0.013692 0.014201
9 0.701050 0.330967 0.016431 0.014201
9 0.710406 0.343106 0.015062 0.015575
9 0.762665 0.368530 0.015518 0.016949
9 0.794386 0.338296 0.012323 0.015117