9 0.631435 0.295763 0.018143 0.025424
9 0.650844 0.316102 0.028270 0.021186
9 0.546203 0.276059 0.022363 0.028390
9 0.508650 0.326907 0.028270 0.028390
9 0.466878 0.244068 0.026582 0.029661
9 0.583966 0.154873 0.021097 0.024153
9 0.582489 0.106144 0.024051 0.019915
9 0.631857 0.145127 0.024051 0.015678
9 0.633122 0.173941 0.018143 0.022458
9 0.702954 0.201059 0.016878 0.019915
9 0.771308 0.268856 0.021097 0.022458
9 0.624051 0.371398 0.016878 0.024153
9 0.639241 0.360805 0.016878 0.019915
9 0.790717 0.345127 0.021097 0.030932
9 0.799367 0.318432 0.026582 0.019915
9 0.813291 0.258898 0.018143 0.033898
9 0.833966 0.246822 0.019831 0.026695
9 0.804430 0.207839 0.019831 0.028390
9 0.783333 0.215890 0.019831 0.024153
9 0.752954 0.170551 0.024051 0.015678
9 0.755485 0.187500 0.024051 0.018220
9 0.847890 0.363347 0.022363 0.022458
9 0.835232 0.405297 0.022363 0.024153
9 0.783755 0.463771 0.024051 0.028390
9 0.854219 0.432839 0.026582 0.022458
9 0.894304 0.451907 0.022363 0.026695
9 0.906540 0.321610 0.024051 0.021186
9 0.932278 0.341737 0.030802 0.024153
9 0.838608 0.502119 0.024051 0.025424
9 0.821730 0.548093 0.024051 0.024153
9 0.887975 0.535381 0.024051 0.018220
9 0.932278 0.521822 0.019831 0.022458
9 0.887553 0.643008 0.028270 0.024153
9 0.807806 0.615466 0.026582 0.028390
9 0.772785 0.576907 0.024051 0.022458
9 0.743671 0.600636 0.011392 0.024153
9 0.759705 0.603390 0.018143 0.021186
9 0.880380 0.548093 0.013924 0.018220
9 0.643671 0.563136 0.013924 0.025424
9 0.405063 0.186653 0.021097 0.019915
9 0.377004 0.174153 0.015612 0.025424
9 0.460549 0.194492 0.019831 0.021186
9 0.485865 0.170551 0.019831 0.018220
9 0.440928 0.160593 0.025316 0.021186
9 0.420464 0.128602 0.024051 0.022458
9 0.464979 0.110381 0.025316 0.019915
9 0.537131 0.067797 0.021097 0.025424
9 0.512025 0.062500 0.024051 0.019915
9 0.444937 0.066737 0.022363 0.019915
9 0.516878 0.090678 0.025316 0.025424
9 0.510338 0.115466 0.026582 0.015678
9 0.509916 0.132839 0.019831 0.019915
9 0.416878 0.084110 0.016878 0.018220
9 0.475527 0.136229 0.012658 0.018220
9 0.489451 0.142797 0.012658 0.016949
9 0.400844 0.095763 0.012658 0.013559
9 0.410759 0.103390 0.011392 0.012712
9 0.340928 0.085169 0.020253 0.016102
9 0.181857 0.178390 0.021097 0.016949
9 0.135654 0.208898 0.022363 0.020339
9 0.302954 0.187924 0.016034 0.009746
9 0.300844 0.198093 0.016034 0.009746
9 0.319198 0.212076 0.018987 0.018220
9 0.312025 0.244703 0.015612 0.011441
9 0.335654 0.247034 0.018143 0.013559
9 0.310127 0.264619 0.016034 0.015678
9 0.244093 0.311017 0.013924 0.016949
9 0.143882 0.321610 0.016034 0.016949
9 0.130802 0.354237 0.021097 0.021186
9 0.059283 0.393432 0.019831 0.019068
9 0.274684 0.334746 0.016878 0.017797
9 0.349789 0.278178 0.016878 0.019068
9 0.313291 0.352542 0.013924 0.013559
9 0.300422 0.373941 0.017722 0.018220
9 0.113924 0.430085 0.016878 0.020339
9 0.091983 0.485593 0.013502 0.016102
9 0.152110 0.493220 0.018143 0.013559
9 0.264768 0.433263 0.013924 0.013983
9 0.281646 0.437076 0.015612 0.015678
9 0.324684 0.425847 0.015612 0.011864
9 0.319198 0.435805 0.015612 0.014831
9 0.359072 0.418432 0.013502 0.014831
9 0.425105 0.396186 0.010549 0.012712
9 0.416667 0.422881 0.010549 0.012712
9 0.453376 0.403602 0.013924 0.013983
9 0.470675 0.409534 0.014768 0.011441
9 0.445570 0.420551 0.016878 0.014831
9 0.443882 0.473729 0.017722 0.017797
9 0.413924 0.469492 0.017722 0.016949
9 0.338186 0.484110 0.015612 0.019068
9 0.303376 0.474576 0.016878 0.016949
9 0.265823 0.473093 0.020253 0.015678
9 0.188186 0.507839 0.012658 0.018220
9 0.142827 0.578390 0.015612 0.022034
9 0.057384 0.559110 0.016034 0.022458
9 0.153165 0.681144 0.017722 0.015678
9 0.186498 0.649153 0.017722 0.016949
9 0.229958 0.632203 0.016034 0.025424
9 0.216245 0.576059 0.015612 0.019068
9 0.245570 0.597881 0.017722 0.017797
9 0.287764 0.592585 0.013502 0.015678
9 0.322574 0.525847 0.015612 0.016102
9 0.292405 0.521610 0.011814 0.016102
9 0.262869 0.501483 0.012658 0.015678
9 0.247890 0.486017 0.015612 0.012712
9 0.233966 0.508475 0.010549 0.012712
9 0.425527 0.531144 0.015612 0.013983
9 0.339662 0.567797 0.011814 0.013559
9 0.324895 0.576059 0.016034 0.014831
9 0.304852 0.574788 0.011392 0.013983
9 0.256118 0.551271 0.009283 0.016102
9 0.267722 0.543008 0.011392 0.015678
9 0.256962 0.529873 0.009283 0.011441
9 0.241983 0.527331 0.014768 0.013983
9 0.287342 0.543856 0.008439 0.011441
9 0.294515 0.538559 0.012658 0.013559
9 0.434388 0.593644 0.013924 0.016102
9 0.502743 0.547458 0.013924 0.016102
9 0.523840 0.552331 0.015612 0.024153
9 0.583966 0.558263 0.016878 0.015678
9 0.558650 0.579873 0.012658 0.013983
9 0.512658 0.597669 0.016878 0.015678
9 0.466034 0.602542 0.010549 0.016949
9 0.581646 0.639619 0.015612 0.014831
9 0.662236 0.625212 0.014768 0.015678
9 0.777426 0.598729 0.019831 0.017797
9 0.777426 0.698305 0.013924 0.013559
9 0.763502 0.712924 0.015612 0.013983
9 0.685865 0.629025 0.011392 0.014831
9 0.697679 0.639195 0.014768 0.013983
9 0.645359 0.707203 0.018987 0.021186
9 0.594726 0.694280 0.014768 0.013983
9 0.557384 0.679873 0.017722 0.019915
9 0.595992 0.654873 0.015612 0.015678
9 0.598523 0.670339 0.018143 0.016949
9 0.543460 0.614407 0.009283 0.022034
9 0.534810 0.614619 0.010549 0.019915
9 0.450844 0.608263 0.011392 0.009746
9 0.455063 0.598517 0.007173 0.010593
9 0.348945 0.616737 0.013502 0.018220
9 0.333966 0.615466 0.014768 0.014831
9 0.330591 0.638347 0.014768 0.019068
9 0.346203 0.661229 0.013924 0.019915
9 0.489662 0.701271 0.014768 0.016102
9 0.337553 0.692373 0.011814 0.012712
9 0.350000 0.702119 0.013924 0.013559
9 0.343249 0.722458 0.018987 0.016102
9 0.325105 0.734110 0.018143 0.015678
9 0.247257 0.515254 0.012658 0.016102
9 0.224473 0.818432 0.016878 0.019915
9 0.272152 0.825847 0.013502 0.017797
9 0.286920 0.827331 0.013502 0.018220
9 0.379536 0.843220 0.013924 0.016102
9 0.397679 0.861653 0.018143 0.019915
9 0.493038 0.858686 0.013924 0.013983
9 0.457595 0.786017 0.013924 0.017797
9 0.487764 0.774576 0.013502 0.016949
9 0.499156 0.729449 0.021097 0.014831
9 0.507806 0.902966 0.009705 0.012712
9 0.521730 0.904873 0.015612 0.014831
9 0.521308 0.889831 0.018987 0.011864
9 0.635232 0.853390 0.013924 0.016949
9 0.517300 0.802754 0.016034 0.013983
9 0.501899 0.762924 0.010549 0.010593
9 0.513080 0.767585 0.011814 0.015678
9 0.546414 0.732839 0.016878 0.015678
9 0.591983 0.717373 0.017722 0.011864
9 0.586920 0.737712 0.011814 0.012712
9 0.602321 0.741102 0.014768 0.016949
9 0.619831 0.765254 0.012658 0.016949
9 0.592194 0.773093 0.013924 0.015678
9 0.590717 0.804237 0.013502 0.016949
9 0.572785 0.814195 0.011392 0.015678
9 0.562658 0.808051 0.009705 0.016102
9 0.575949 0.794703 0.013502 0.014831
9 0.539451 0.780932 0.015612 0.016949
9 0.560759 0.782627 0.016034 0.017797
9 0.552321 0.755720 0.009283 0.019068
9 0.564979 0.754237 0.011814 0.016102
9 0.724684 0.786864 0.013924 0.016102
9 0.718565 0.806780 0.013502 0.016949
9 0.735232 0.820127 0.019831 0.019068
9 0.357173 0.898729 0.018987 0.017797
9 0.188186 0.755085 0.012658 0.013559
9 0.191772 0.734534 0.019831 0.019068
9 0.164768 0.727331 0.019831 0.023305
9 0.193882 0.610593 0.010549 0.009322
9 0.202110 0.620127 0.012658 0.013983
9 0.306751 0.850424 0.017722 0.017797
9 0.243882 0.858898 0.011814 0.013559
9 0.252743 0.860593 0.012658 0.009322
9 0.249156 0.872669 0.013924 0.013983
9 0.329747 0.857627 0.010549 0.017797
9 0.340717 0.857415 0.011392 0.019068
9 0.637764 0.770551 0.006329 0.014831
9 0.645781 0.770339 0.011392 0.012712
9 0.614346 0.582627 0.007595 0.009322
9 0.621730 0.577119 0.009705 0.012712
9 0.738397 0.633686 0.010970 0.012288
9 0.749156 0.627754 0.013080 0.008051
9 0.750633 0.637500 0.007595 0.008898
9 0.757806 0.647246 0.010970 0.011441