9 0.142045 0.795086 0.015909 0.014835
9 0.153409 0.817803 0.017727 0.017617
9 0.192500 0.830783 0.017727 0.015763
9 0.210455 0.819425 0.023636 0.022717
9 0.208182 0.874131 0.017273 0.019008
9 0.443409 0.914465 0.018636 0.017153
9 0.535455 0.863700 0.020909 0.018544
9 0.493864 0.965693 0.015909 0.018544
9 0.612500 0.951553 0.014091 0.008809
9 0.608864 0.958971 0.010455 0.010663
9 0.473636 0.637691 0.015455 0.016226
9 0.557273 0.765415 0.020909 0.020399
9 0.712955 0.810153 0.009545 0.008809
9 0.851591 0.639314 0.021364 0.019471
9 0.740227 0.339128 0.018636 0.018081
9 0.782500 0.310848 0.020455 0.017153
9 0.830455 0.251043 0.019091 0.017153
9 0.890000 0.274455 0.019091 0.016690
9 0.938636 0.360918 0.020909 0.018081
9 0.690227 0.309226 0.020455 0.018544
9 0.702273 0.248725 0.016364 0.017153
9 0.729091 0.222531 0.017273 0.015763
9 0.731364 0.257302 0.017273 0.017617
9 0.823864 0.192397 0.011364 0.012981
9 0.834318 0.181270 0.016818 0.014835
9 0.831136 0.192629 0.010455 0.010663
9 0.838409 0.196338 0.012273 0.013445
9 0.845227 0.214418 0.013182 0.014372
9 0.855682 0.226008 0.015909 0.016226
9 0.525227 0.172462 0.015000 0.017617
9 0.757727 0.143950 0.018182 0.014372
9 0.764773 0.127028 0.015000 0.016690
9 0.777500 0.141168 0.015909 0.015299
9 0.310909 0.108484 0.016364 0.015763
9 0.363182 0.231340 0.017273 0.016690
9 0.315455 0.250348 0.019091 0.015763
9 0.368636 0.263097 0.019091 0.017153
9 0.463182 0.293000 0.018182 0.016690
9 0.315000 0.338897 0.017273 0.015763
9 0.332955 0.340519 0.016818 0.019935
9 0.435909 0.392443 0.015455 0.013445
9 0.441364 0.400556 0.017273 0.014835
9 0.403182 0.502318 0.016364 0.019008
9 0.640455 0.488873 0.021818 0.021790
9 0.136364 0.484701 0.020000 0.017153
9 0.221818 0.453176 0.019091 0.019008
9 0.203864 0.493973 0.018636 0.018081
9 0.322273 0.544274 0.018182 0.016690
9 0.374091 0.560964 0.019091 0.018544
9 0.173636 0.390125 0.019091 0.019008
9 0.048409 0.544043 0.019545 0.016226
9 0.128409 0.630969 0.015909 0.017617
9 0.662727 0.415624 0.019091 0.018081