9 0.876737 0.219901 0.016136 0.016622
9 0.868893 0.207098 0.012102 0.014376
9 0.854325 0.204403 0.011654 0.017071
9 0.848274 0.183064 0.014792 0.015723
9 0.938817 0.701707 0.026446 0.020665
9 0.891080 0.418239 0.016136 0.018868
9 0.318019 0.239892 0.012999 0.015274
9 0.307934 0.252022 0.016136 0.010782
9 0.711564 0.765049 0.015688 0.013477
9 0.811295 0.652740 0.015240 0.009883
9 0.826759 0.696541 0.015688 0.018419
9 0.637831 0.532794 0.013447 0.015274
9 0.785522 0.609164 0.016584 0.014376
9 0.764231 0.639937 0.014343 0.015723
9 0.740251 0.669811 0.016584 0.011680
9 0.649485 0.684861 0.023308 0.016622
9 0.723218 0.744385 0.019274 0.015274
9 0.312864 0.901617 0.025997 0.022462
9 0.395563 0.207772 0.035410 0.030997
9 0.438144 0.224843 0.023756 0.026505
9 0.482295 0.232929 0.020619 0.030997
9 0.791349 0.200584 0.026446 0.030997
9 0.626625 0.105121 0.020619 0.020665
9 0.609592 0.099057 0.016136 0.017520
9 0.662483 0.067610 0.027790 0.022013
9 0.409234 0.023360 0.025101 0.025157
9 0.638279 0.034367 0.023308 0.026505
9 0.382116 0.053684 0.026446 0.017520
9 0.225908 0.759659 0.015240 0.013477
9 0.247199 0.761006 0.014792 0.012579
9 0.174810 0.759659 0.016136 0.012579
9 0.179740 0.782120 0.015240 0.014376
9 0.199910 0.811545 0.018826 0.016622
9 0.209323 0.783243 0.012550 0.012129
9 0.213805 0.777179 0.013447 0.010782
9 0.238234 0.803684 0.020170 0.015274
9 0.266248 0.806828 0.016136 0.015274
9 0.261542 0.778077 0.014792 0.013477
9 0.268041 0.784142 0.012550 0.011231
9 0.282833 0.785040 0.015240 0.013028
9 0.321605 0.766397 0.014792 0.012579
9 0.345585 0.807278 0.013447 0.011680
9 0.350964 0.801662 0.014343 0.013028
9 0.252801 0.858715 0.014343 0.013926
9 0.269834 0.876460 0.009861 0.010782
9 0.279471 0.874663 0.012999 0.014376
9 0.296728 0.927224 0.014343 0.015274
9 0.225459 0.905660 0.015240 0.013477
9 0.365755 0.836478 0.014343 0.013477
9 0.415957 0.890611 0.017033 0.013926
9 0.496862 0.893756 0.012999 0.013028
9 0.481398 0.911500 0.013447 0.013477
9 0.470417 0.939128 0.015688 0.013926
9 0.517257 0.925202 0.016136 0.012129
9 0.423801 0.953953 0.016584 0.016622
9 0.518602 0.970575 0.015240 0.016622
9 0.558494 0.901617 0.014343 0.013477
9 0.531600 0.890386 0.011654 0.013477
9 0.540789 0.893980 0.011206 0.009883
9 0.545944 0.888365 0.012550 0.013926
9 0.564321 0.944969 0.011654 0.011231
9 0.570820 0.938005 0.012102 0.010782
9 0.590991 0.917565 0.015688 0.013028
9 0.572837 0.971249 0.010758 0.011680
9 0.590766 0.965858 0.013447 0.012579
9 0.450471 0.834232 0.014343 0.011680
9 0.470417 0.829066 0.012102 0.010332
9 0.483191 0.823226 0.012550 0.011231
9 0.498655 0.841420 0.012102 0.009883
9 0.506051 0.836253 0.011654 0.011231
9 0.494621 0.857143 0.012999 0.011680
9 0.518602 0.856918 0.013447 0.011231
9 0.525997 0.871743 0.010309 0.011231
9 0.532497 0.878257 0.010758 0.008985
9 0.570596 0.865678 0.010758 0.013477
9 0.581802 0.876235 0.012550 0.012129
9 0.599283 0.854223 0.011654 0.011231
9 0.609144 0.834232 0.012550 0.011680
9 0.595025 0.825696 0.012999 0.012579
9 0.555132 0.818733 0.016584 0.014825
9 0.558270 0.798518 0.012999 0.011231
9 0.552443 0.838275 0.011206 0.009883
9 0.547736 0.847260 0.010758 0.009883
9 0.555580 0.848383 0.012102 0.011231
9 0.549081 0.857367 0.013447 0.011231
9 0.540565 0.853549 0.008068 0.009883
9 0.533841 0.850180 0.008965 0.010332
9 0.595921 0.870395 0.009413 0.010332
9 0.602420 0.871069 0.008965 0.011680
9 0.619453 0.862084 0.014343 0.012579
9 0.577320 0.846586 0.009861 0.010332
9 0.582250 0.842318 0.012550 0.010782
9 0.566786 0.837376 0.010309 0.010782
9 0.559390 0.838050 0.008965 0.010332
9 0.589870 0.834681 0.014343 0.012579
9 0.359928 0.731132 0.014343 0.013028
9 0.417974 0.806828 0.014792 0.012579
9 0.474227 0.769991 0.011654 0.011680
9 0.488570 0.775831 0.011654 0.013477
9 0.510533 0.745283 0.013447 0.012579
9 0.413492 0.719901 0.013895 0.011231
9 0.410354 0.709119 0.014792 0.013926
9 0.629762 0.811995 0.013447 0.013028
9 0.637831 0.829066 0.013447 0.013028
9 0.652622 0.827493 0.012550 0.013477
9 0.641416 0.857817 0.013447 0.012129
9 0.684671 0.847035 0.015688 0.014825
9 0.677051 0.805930 0.013895 0.013477
9 0.716495 0.800314 0.012999 0.012129
9 0.743837 0.832435 0.012999 0.012579
9 0.731286 0.873315 0.011206 0.012579
9 0.744509 0.873540 0.013447 0.012129
9 0.817346 0.853774 0.015688 0.013028
9 0.751457 0.858041 0.013895 0.013477
9 0.647019 0.904762 0.012102 0.011680
9 0.707306 0.903639 0.014343 0.010332
9 0.704617 0.914196 0.012550 0.011680
9 0.735993 0.894879 0.015240 0.012579
9 0.114971 0.678571 0.017481 0.015723
9 0.139623 0.690476 0.013895 0.013477
9 0.149485 0.701033 0.012999 0.010332
9 0.143882 0.716532 0.013447 0.010782
9 0.159570 0.718553 0.011654 0.010332
9 0.161811 0.708670 0.016136 0.013028
9 0.156656 0.737421 0.015688 0.013926
9 0.164500 0.674528 0.012550 0.012129
9 0.171672 0.683288 0.015240 0.012579
9 0.209547 0.687781 0.016584 0.014376
9 0.090094 0.568059 0.014343 0.013028
9 0.108023 0.568733 0.014343 0.012579
9 0.087405 0.605346 0.016136 0.015723
9 0.128642 0.605795 0.013447 0.012129
9 0.108472 0.626235 0.016136 0.011680
9 0.144330 0.593441 0.013447 0.012579
9 0.169431 0.592318 0.013447 0.013028
9 0.139848 0.576595 0.015240 0.011231
9 0.136038 0.559075 0.011206 0.012129
9 0.129314 0.547170 0.011206 0.010782
9 0.097042 0.546271 0.012999 0.011680
9 0.083371 0.578841 0.009861 0.007637
9 0.165621 0.557727 0.012999 0.011231
9 0.166293 0.547170 0.010758 0.011680
9 0.176602 0.547844 0.013447 0.012129
9 0.121918 0.646226 0.015240 0.011231
9 0.087181 0.528302 0.012999 0.010782
9 0.136486 0.498652 0.014792 0.011680
9 0.187360 0.537062 0.012550 0.011231
9 0.217391 0.432165 0.012550 0.009883
9 0.227925 0.471923 0.012102 0.013926
9 0.251681 0.455076 0.013895 0.011680
9 0.240923 0.428347 0.014792 0.011231
9 0.256387 0.420934 0.015240 0.012579
9 0.271179 0.468553 0.014343 0.015274
9 0.253698 0.480907 0.014343 0.013926
9 0.315329 0.460467 0.013895 0.012579
9 0.336844 0.447215 0.012999 0.012129
9 0.345809 0.463612 0.012999 0.012579
9 0.360825 0.474843 0.013447 0.012579
9 0.127073 0.368374 0.012999 0.012579
9 0.145899 0.365004 0.012102 0.010332
9 0.117884 0.388814 0.013447 0.011231
9 0.121022 0.401842 0.011654 0.011231
9 0.128642 0.415544 0.008965 0.010782
9 0.136934 0.416891 0.010309 0.013477
9 0.177275 0.423405 0.012999 0.013028
9 0.181757 0.401168 0.011206 0.009883
9 0.189377 0.389712 0.008516 0.010332
9 0.194980 0.403414 0.009861 0.011680
9 0.214926 0.400494 0.013895 0.011231
9 0.203944 0.375112 0.010758 0.009883
9 0.185567 0.355121 0.011654 0.012129
9 0.163156 0.367026 0.009861 0.009883
9 0.168310 0.375786 0.008516 0.008535
9 0.171672 0.370395 0.007172 0.007637
9 0.180861 0.380728 0.009413 0.007637
9 0.185119 0.375112 0.008965 0.008985
9 0.210220 0.365229 0.012550 0.014376
9 0.216271 0.376909 0.011206 0.010782
9 0.226132 0.369272 0.010309 0.008985
9 0.225908 0.384097 0.007172 0.006289
9 0.225235 0.377134 0.007620 0.007637
9 0.230614 0.381402 0.008516 0.008086
9 0.242268 0.379605 0.013895 0.011680
9 0.256387 0.404762 0.011654 0.011680
9 0.265800 0.392633 0.014343 0.010782
9 0.248543 0.367475 0.011206 0.008985
9 0.255043 0.364780 0.010758 0.009883
9 0.265352 0.359389 0.011654 0.010782
9 0.272972 0.368823 0.011654 0.010782
9 0.080681 0.377808 0.013447 0.014376
9 0.268265 0.599955 0.013895 0.012129
9 0.268489 0.631851 0.014343 0.010332
9 0.341999 0.718553 0.013447 0.013926
9 0.320484 0.575247 0.016136 0.014825
9 0.396683 0.619272 0.014343 0.013028
9 0.411026 0.612084 0.016136 0.013028
9 0.413043 0.573001 0.016584 0.013028
9 0.291797 0.397574 0.012550 0.012579
9 0.334379 0.376909 0.012550 0.012579
9 0.342447 0.387691 0.014343 0.013477
9 0.391304 0.425876 0.012550 0.012579
9 0.395114 0.416442 0.011206 0.009883
9 0.403182 0.429695 0.014792 0.015723
9 0.385477 0.353324 0.013447 0.012129
9 0.373375 0.341420 0.012550 0.012579
9 0.356118 0.343217 0.013895 0.015274
9 0.345361 0.342767 0.011206 0.010782
9 0.320932 0.343217 0.014343 0.010782
9 0.389287 0.376011 0.013895 0.009883
9 0.395787 0.368374 0.011654 0.010782
9 0.402286 0.362309 0.012999 0.011231
9 0.406544 0.348607 0.012550 0.011680
9 0.408785 0.354223 0.008965 0.011231
9 0.415733 0.356244 0.011206 0.010782
9 0.447333 0.391509 0.010758 0.013926
9 0.455849 0.388365 0.014343 0.013926
9 0.177275 0.295373 0.012102 0.013028
9 0.217167 0.304807 0.012999 0.012129
9 0.217167 0.285040 0.013895 0.012129
9 0.231735 0.275382 0.012550 0.010782
9 0.194756 0.338275 0.010309 0.010782
9 0.203048 0.339847 0.009861 0.011231
9 0.227476 0.333109 0.012102 0.011231
9 0.238010 0.327269 0.011654 0.011231
9 0.238458 0.316262 0.011654 0.012579
9 0.261094 0.319632 0.012999 0.010332
9 0.263335 0.310647 0.011206 0.011231
9 0.310399 0.294250 0.012102 0.009883
9 0.316226 0.305256 0.012999 0.012129
9 0.308830 0.314241 0.011654 0.012129
9 0.298521 0.327044 0.011654 0.010782
9 0.295159 0.338500 0.012999 0.011231
9 0.122591 0.267969 0.013895 0.013028
9 0.133348 0.284591 0.013895 0.013926
9 0.136486 0.310872 0.012999 0.011680
9 0.113178 0.325022 0.015688 0.013926
9 0.105334 0.295148 0.012550 0.010782
9 0.111161 0.290881 0.009861 0.011231
9 0.119229 0.290431 0.010758 0.010332
9 0.162259 0.231806 0.014343 0.012579
9 0.199462 0.221923 0.013447 0.012579
9 0.225684 0.194070 0.013895 0.013477
9 0.235320 0.240341 0.015240 0.014376
9 0.277678 0.233378 0.011206 0.012129
9 0.269834 0.247978 0.012550 0.012579
9 0.341103 0.243261 0.014343 0.013028
9 0.321381 0.275606 0.010758 0.010332
9 0.307037 0.267520 0.010758 0.012129
9 0.313537 0.273360 0.011206 0.009434
9 0.327656 0.214735 0.012550 0.010782
9 0.346257 0.212264 0.013895 0.013028
9 0.307710 0.184861 0.009413 0.009434
9 0.301434 0.192498 0.012102 0.011231
9 0.318019 0.196092 0.011206 0.009434
9 0.331690 0.193845 0.009861 0.009434
9 0.335500 0.188005 0.009413 0.008535
9 0.330121 0.182390 0.010309 0.009883
9 0.340654 0.328841 0.012550 0.012579
9 0.351412 0.299191 0.009861 0.010782
9 0.354774 0.307053 0.013895 0.013028
9 0.363290 0.289533 0.012999 0.011231
9 0.369789 0.295822 0.012550 0.012129
9 0.381892 0.292453 0.015240 0.012579
9 0.397804 0.289533 0.012999 0.012129
9 0.397804 0.314690 0.015688 0.013926
9 0.408113 0.267969 0.015688 0.013028
9 0.427163 0.312219 0.012550 0.012579
9 0.427163 0.336029 0.010758 0.011680
9 0.441730 0.334232 0.012102 0.009883
9 0.447781 0.327718 0.013447 0.012129
9 0.457418 0.285265 0.013895 0.012579
9 0.468848 0.330638 0.013447 0.014376
9 0.483191 0.324124 0.012550 0.012129
9 0.493277 0.260557 0.012999 0.013477
9 0.521963 0.280997 0.015688 0.014825
9 0.231062 0.154537 0.012102 0.011680
9 0.245854 0.171384 0.015688 0.013926
9 0.268489 0.161500 0.013447 0.013926
9 0.301210 0.122192 0.014343 0.013477
9 0.313312 0.106244 0.013447 0.013028
9 0.292694 0.166217 0.012550 0.009883
9 0.307710 0.162399 0.011206 0.011231
9 0.323622 0.166667 0.011654 0.012579
9 0.360377 0.157457 0.012550 0.012129
9 0.349171 0.138365 0.011654 0.012579
9 0.346257 0.150045 0.012102 0.011680
9 0.358359 0.111635 0.011206 0.011231
9 0.372255 0.099506 0.013895 0.013028
9 0.340879 0.082884 0.015688 0.013028
9 0.382564 0.143756 0.011206 0.011680
9 0.394666 0.127583 0.012999 0.013477
9 0.404975 0.110063 0.012999 0.011680
9 0.392873 0.101078 0.009413 0.008985
9 0.388391 0.107592 0.009413 0.009434
9 0.418422 0.125112 0.013895 0.012129
9 0.410802 0.143531 0.013895 0.012129
9 0.392425 0.145553 0.008516 0.011680
9 0.431869 0.142633 0.010309 0.010332
9 0.439041 0.142857 0.010309 0.010782
9 0.445540 0.134771 0.013447 0.010782
9 0.450695 0.128032 0.010309 0.011680
9 0.430749 0.100180 0.012550 0.011680
9 0.446885 0.100629 0.012550 0.013477
9 0.469296 0.137691 0.013447 0.013028
9 0.443523 0.163297 0.013895 0.013028
9 0.489467 0.121069 0.010758 0.011231
9 0.495966 0.132525 0.012999 0.012579
9 0.496414 0.079066 0.015688 0.012579
9 0.513671 0.079964 0.009861 0.009883
9 0.571044 0.051438 0.013447 0.013028
9 0.560063 0.110063 0.013895 0.012579
9 0.581802 0.097934 0.011654 0.010782
9 0.523756 0.065813 0.014792 0.013028
9 0.502913 0.064690 0.011654 0.012579
9 0.541685 0.150719 0.016584 0.012129
9 0.578664 0.151168 0.013447 0.013028
9 0.582474 0.128257 0.011206 0.009434
9 0.585612 0.137466 0.011206 0.010782
9 0.602869 0.146226 0.013447 0.012129
9 0.637158 0.146002 0.014792 0.012579
9 0.652398 0.124888 0.012102 0.012579
9 0.672792 0.128032 0.013447 0.012579
9 0.689825 0.151168 0.012550 0.013926
9 0.671224 0.189578 0.013895 0.011680
9 0.527790 0.189802 0.012999 0.010332
9 0.504931 0.204627 0.014792 0.013028
9 0.556701 0.208895 0.013447 0.012579
9 0.580009 0.205076 0.013447 0.012129
9 0.714254 0.128482 0.013895 0.013477
9 0.526446 0.232480 0.013895 0.012129
9 0.560959 0.254492 0.012999 0.010332
9 0.592784 0.250449 0.014792 0.013028
9 0.611385 0.260108 0.015240 0.013477
9 0.591439 0.294924 0.013895 0.013028
9 0.649485 0.234726 0.015240 0.013028
9 0.673913 0.210243 0.012102 0.011680
9 0.683326 0.222372 0.013895 0.010782
9 0.699014 0.246181 0.013895 0.011680
9 0.681981 0.272911 0.012999 0.013028
9 0.534065 0.371743 0.016584 0.015723
9 0.558494 0.381177 0.013447 0.012129
9 0.575751 0.379605 0.013895 0.011680
9 0.586060 0.347934 0.012999 0.012129
9 0.592784 0.328392 0.012999 0.013477
9 0.610713 0.343666 0.015688 0.014376
9 0.620350 0.321204 0.013447 0.013477
9 0.640296 0.353774 0.013895 0.013926
9 0.634917 0.387691 0.013895 0.014376
9 0.682429 0.358266 0.012999 0.013028
9 0.657329 0.335355 0.012102 0.012129
9 0.641192 0.312893 0.013895 0.013028
9 0.657329 0.313118 0.012102 0.011680
9 0.671224 0.314016 0.012999 0.012579
9 0.668086 0.324798 0.012102 0.011680
9 0.495966 0.402516 0.016584 0.013477
9 0.487001 0.413971 0.014792 0.012129
9 0.487898 0.444295 0.012999 0.011680
9 0.534514 0.459119 0.012102 0.009883
9 0.538548 0.444070 0.009413 0.009434
9 0.546168 0.443172 0.011206 0.011231
9 0.564545 0.435310 0.012999 0.011680
9 0.573958 0.431042 0.012999 0.010332
9 0.569251 0.419811 0.011654 0.012129
9 0.590542 0.446765 0.012999 0.013028
9 0.608247 0.424528 0.014343 0.014376
9 0.627970 0.437107 0.012550 0.009883
9 0.579561 0.476640 0.011654 0.009883
9 0.551546 0.483603 0.015688 0.012129
9 0.534738 0.490791 0.014343 0.013028
9 0.600179 0.472372 0.015240 0.013028
9 0.611833 0.479560 0.012550 0.011231
9 0.622591 0.490117 0.010758 0.012579
9 0.641416 0.490791 0.016136 0.012129
9 0.633124 0.462938 0.012999 0.013926
9 0.646795 0.466757 0.013447 0.011680
9 0.406096 0.537960 0.011654 0.010332
9 0.410802 0.545373 0.012102 0.008985
9 0.443971 0.490791 0.012102 0.011231
9 0.459211 0.506514 0.012999 0.008535
9 0.454953 0.523585 0.012550 0.013028
9 0.502017 0.499775 0.016136 0.013028
9 0.509189 0.522237 0.013447 0.013028
9 0.535634 0.523810 0.016136 0.014376
9 0.577095 0.511231 0.014792 0.013477
9 0.549753 0.578616 0.013895 0.014376
9 0.607799 0.554582 0.014343 0.012129
9 0.620126 0.539084 0.013895 0.012579
9 0.626625 0.553010 0.011654 0.013477
9 0.723891 0.309524 0.012550 0.012579
9 0.724563 0.294025 0.012999 0.013028
9 0.728373 0.277628 0.011654 0.010782
9 0.732631 0.268868 0.012999 0.012129
9 0.748991 0.272462 0.013447 0.012129
9 0.787763 0.236074 0.013895 0.012129
9 0.769386 0.293801 0.011206 0.012579
9 0.782609 0.295148 0.012550 0.011680
9 0.749888 0.316038 0.014343 0.013926
9 0.767817 0.325247 0.012550 0.010782
9 0.779471 0.325022 0.013447 0.013028
9 0.786643 0.317610 0.012550 0.012579
9 0.804572 0.286613 0.013447 0.010782
9 0.806365 0.294924 0.011654 0.010332
9 0.846706 0.299865 0.014343 0.013028
9 0.864411 0.273360 0.014792 0.014825
9 0.893545 0.289757 0.015688 0.013477
9 0.880995 0.302785 0.015688 0.014376
9 0.852084 0.314690 0.013447 0.013028
9 0.865755 0.325921 0.016584 0.013926
9 0.872255 0.313792 0.009861 0.009434
9 0.882116 0.338050 0.015240 0.013926
9 0.732407 0.395328 0.015240 0.014376
9 0.751233 0.374214 0.012550 0.013477
9 0.810175 0.364331 0.012999 0.013477
9 0.930300 0.348383 0.015688 0.013028
9 0.947333 0.318733 0.014792 0.013028
9 0.853653 0.387242 0.013895 0.014376
9 0.867324 0.401617 0.013447 0.014376
9 0.878754 0.405211 0.013895 0.013477
9 0.973330 0.450584 0.014792 0.012579
9 0.946661 0.461815 0.014343 0.011680
9 0.919095 0.452830 0.014792 0.015274
9 0.916629 0.491015 0.013447 0.012579
9 0.966383 0.502695 0.017929 0.015274
9 0.965710 0.522686 0.012999 0.013028
9 0.952488 0.541105 0.015240 0.013028
9 0.861945 0.519766 0.016136 0.011680
9 0.883012 0.540881 0.012550 0.013477
9 0.840654 0.514151 0.014792 0.014825
9 0.834603 0.490117 0.013447 0.013477
9 0.809054 0.484726 0.014343 0.011680
9 0.788884 0.492138 0.013447 0.012129
9 0.770731 0.510108 0.012999 0.012129
9 0.786419 0.528976 0.014792 0.013926
9 0.767817 0.489218 0.015240 0.009883
9 0.758628 0.479335 0.012102 0.010782
9 0.752801 0.504492 0.012999 0.012579
9 0.544823 0.712938 0.012102 0.011680
9 0.563424 0.691599 0.013447 0.010332
9 0.572389 0.706199 0.012550 0.009883
9 0.575078 0.770889 0.012550 0.010782
9 0.590318 0.738994 0.009861 0.009883
9 0.595249 0.752471 0.010758 0.008985
9 0.593232 0.763477 0.010309 0.009434
9 0.596145 0.711141 0.010758 0.011680
9 0.587405 0.718329 0.009413 0.010782
9 0.597490 0.689128 0.010758 0.009883
9 0.610264 0.692049 0.012102 0.010332
9 0.624608 0.680144 0.012102 0.010782
9 0.632452 0.688005 0.009861 0.009434
9 0.626401 0.741914 0.011206 0.010332
9 0.636486 0.734501 0.012550 0.011680
9 0.656656 0.723944 0.012550 0.012129
9 0.661811 0.754043 0.013895 0.013028
9 0.669431 0.727089 0.009413 0.010332
9 0.677275 0.727987 0.008068 0.011231
9 0.683774 0.732480 0.009413 0.007637
9 0.687360 0.713387 0.012999 0.011680
9 0.647243 0.777853 0.011654 0.009434
9 0.697445 0.779200 0.011654 0.011231
9 0.701255 0.694295 0.012999 0.013028
9 0.691842 0.681716 0.009413 0.009434
9 0.650157 0.785265 0.012102 0.010782
9 0.717391 0.774933 0.012999 0.011680
9 0.727476 0.768643 0.009861 0.009883
9 0.722546 0.725966 0.011654 0.009883
9 0.737562 0.730683 0.012999 0.011231
9 0.770058 0.743486 0.011654 0.011680
9 0.726132 0.706873 0.010758 0.009434
9 0.706186 0.715858 0.011206 0.008535
9 0.703496 0.732255 0.009413 0.008985
9 0.709996 0.724843 0.010758 0.008535
9 0.714478 0.705975 0.008965 0.008535
9 0.805468 0.781896 0.011654 0.011231
9 0.818467 0.790431 0.009861 0.012129
9 0.835500 0.794025 0.014343 0.013926
9 0.814881 0.757412 0.010758 0.011680
9 0.849843 0.726190 0.009861 0.010332
9 0.860601 0.723270 0.011654 0.008985
9 0.865979 0.715633 0.012550 0.010782
9 0.806365 0.702606 0.012550 0.009883
9 0.907441 0.750225 0.014792 0.014376
9 0.836620 0.752471 0.012999 0.011680
9 0.820708 0.748428 0.008068 0.007188
9 0.530704 0.599281 0.015240 0.011680
9 0.551098 0.644654 0.012102 0.012579
9 0.556701 0.666217 0.011654 0.012579
9 0.567459 0.661950 0.012550 0.013028
9 0.602645 0.604223 0.015688 0.012579
9 0.614747 0.636343 0.012102 0.011231
9 0.595025 0.662174 0.012102 0.012579
9 0.595697 0.674753 0.010758 0.007188
9 0.632004 0.648922 0.011654 0.011231
9 0.642537 0.608491 0.015688 0.013028
9 0.650381 0.586253 0.012550 0.011680
9 0.676602 0.643082 0.011206 0.012129
9 0.670327 0.650045 0.011206 0.011680
9 0.640744 0.672282 0.010309 0.010332
9 0.698342 0.647350 0.012550 0.013477
9 0.702152 0.636568 0.011206 0.010782
9 0.700807 0.620845 0.012999 0.012579
9 0.688481 0.586927 0.013447 0.012129
9 0.720081 0.628482 0.012999 0.010782
9 0.742940 0.656110 0.012102 0.011231
9 0.738906 0.633423 0.013895 0.011680
9 0.764007 0.672956 0.012102 0.013477
9 0.720977 0.696541 0.009413 0.007637
9 0.722546 0.683962 0.008068 0.010332
9 0.728373 0.679919 0.008068 0.008535
9 0.738682 0.688455 0.008965 0.008535
9 0.744509 0.682839 0.008965 0.008086
9 0.775885 0.694070 0.014343 0.012579
9 0.861945 0.698562 0.009861 0.012579
9 0.876737 0.699910 0.012550 0.011680
9 0.892873 0.663522 0.013447 0.011680
9 0.889960 0.672731 0.010309 0.010332
9 0.895787 0.682390 0.012999 0.011680
9 0.833707 0.645328 0.009861 0.011231
9 0.841103 0.642633 0.012999 0.013926
9 0.845585 0.620395 0.013895 0.011680
9 0.852084 0.611635 0.012550 0.011231
9 0.795159 0.639039 0.017033 0.014825
9 0.808158 0.664645 0.011654 0.011231
9 0.775437 0.626685 0.013447 0.010782
9 0.763111 0.616577 0.012102 0.011231
9 0.748543 0.629829 0.009861 0.008985
9 0.739130 0.608491 0.011654 0.008535
9 0.720977 0.601752 0.013895 0.012129
9 0.722994 0.533917 0.012550 0.011231
9 0.745406 0.530548 0.013447 0.013477
9 0.721649 0.548742 0.010758 0.009434
9 0.730390 0.551438 0.012102 0.010332
9 0.704169 0.548742 0.012550 0.011231
9 0.691170 0.557053 0.009861 0.009883
9 0.695876 0.571878 0.011206 0.010782
9 0.680188 0.568284 0.007620 0.008985
9 0.685567 0.574798 0.008516 0.006739
9 0.710220 0.566262 0.008516 0.009434
9 0.719857 0.566936 0.008965 0.008985
9 0.721874 0.575247 0.010309 0.007637
9 0.772972 0.576595 0.012102 0.011231
9 0.791797 0.575472 0.011206 0.008985
9 0.794039 0.586029 0.008516 0.008535
9 0.804572 0.580638 0.009861 0.008535
9 0.805468 0.596137 0.011654 0.011680
9 0.761766 0.588724 0.011206 0.007637
9 0.767817 0.595687 0.008965 0.008985
9 0.752801 0.597934 0.008516 0.009883
9 0.817346 0.563118 0.013895 0.013926
9 0.837293 0.569182 0.011654 0.013477
9 0.847602 0.581312 0.011654 0.010782
9 0.828104 0.589847 0.012102 0.012579
9 0.792694 0.556604 0.013895 0.011680
9 0.779695 0.557727 0.011206 0.010332
9 0.764231 0.555256 0.009861 0.009883
9 0.676602 0.550539 0.012102 0.008535
9 0.670775 0.547170 0.010309 0.005391
9 0.668758 0.539533 0.010758 0.008985
9 0.671224 0.532120 0.007620 0.007637
9 0.679292 0.531222 0.012102 0.010332
9 0.692066 0.513477 0.011654 0.009883
9 0.621246 0.506065 0.008965 0.009434
9 0.629762 0.508760 0.008068 0.008535
9 0.652174 0.570755 0.012550 0.012129
9 0.655760 0.522237 0.008965 0.009434
9 0.656656 0.537062 0.010758 0.008535
9 0.681085 0.499326 0.010309 0.011231
9 0.688705 0.495283 0.010309 0.011231
9 0.715150 0.492588 0.013895 0.010332
9 0.715150 0.511680 0.013895 0.013477
9 0.690946 0.478437 0.014792 0.011680
9 0.698117 0.428796 0.013895 0.014825
9 0.681981 0.450584 0.010309 0.009883
9 0.675034 0.458446 0.012550 0.010332
9 0.705513 0.453279 0.013447 0.013477
9 0.738906 0.464735 0.011206 0.012129
9 0.735545 0.473720 0.008068 0.009434
9 0.740923 0.480458 0.010758 0.008535
9 0.754370 0.469003 0.012550 0.013477