9 0.437580 0.111135 0.017160 0.018415
9 0.579151 0.139400 0.019734 0.018415
9 0.536680 0.041970 0.019734 0.021413
9 0.276276 0.098929 0.019734 0.019700
9 0.253539 0.102784 0.011154 0.012848
9 0.230802 0.143041 0.017160 0.017131
9 0.242814 0.160600 0.021450 0.021413
9 0.187688 0.153747 0.018447 0.021413
9 0.448091 0.181585 0.018447 0.015418
9 0.563063 0.207281 0.018447 0.023983
9 0.670742 0.193790 0.018447 0.022698
9 0.599957 0.227195 0.029601 0.026981
9 0.924496 0.374732 0.024024 0.019700
9 0.780352 0.357173 0.019734 0.021413
9 0.694123 0.344325 0.017160 0.012848
9 0.692836 0.358030 0.019734 0.017131
9 0.761476 0.407281 0.015444 0.019700
9 0.793865 0.407495 0.018447 0.022698
9 0.824539 0.578373 0.017160 0.025268
9 0.716860 0.497216 0.019734 0.021413
9 0.625483 0.452034 0.012870 0.018415
9 0.521450 0.405996 0.014157 0.017131
9 0.613900 0.454818 0.015444 0.021413
9 0.467181 0.367024 0.019734 0.021413
9 0.490776 0.317345 0.021450 0.015418
9 0.109610 0.383298 0.018447 0.019700
9 0.048477 0.424411 0.015444 0.017131
9 0.041613 0.545824 0.021450 0.025268
9 0.144573 0.480942 0.017160 0.019700
9 0.239382 0.520771 0.017160 0.017131
9 0.376877 0.455675 0.014157 0.017131
9 0.496568 0.643469 0.018447 0.014133
9 0.564565 0.675589 0.015444 0.018415
9 0.667310 0.721199 0.022737 0.019700
9 0.630631 0.767238 0.017160 0.018415
9 0.317031 0.832976 0.019734 0.019700
9 0.724796 0.742612 0.018447 0.017131
9 0.746246 0.775803 0.025311 0.018415
9 0.710425 0.770878 0.021450 0.017131
9 0.652939 0.814989 0.019734 0.017131
9 0.704848 0.870450 0.021450 0.018415
9 0.818962 0.814989 0.017160 0.017131
9 0.838481 0.822270 0.022737 0.015418
9 0.821536 0.833833 0.019734 0.015418
9 0.671600 0.925910 0.014157 0.012848
9 0.773059 0.885867 0.011154 0.010707
9 0.763835 0.874304 0.008151 0.008994
9 0.762977 0.881585 0.007293 0.008137
9 0.759331 0.887794 0.008580 0.010278
9 0.738953 0.891221 0.014157 0.010278
9 0.724796 0.898073 0.011583 0.012848