9 0.371659 0.522039 0.029954 0.033976
9 0.477419 0.412534 0.028571 0.032599
9 0.408986 0.397383 0.025346 0.022498
9 0.410369 0.340450 0.022581 0.029844
9 0.469355 0.219467 0.029954 0.028466
9 0.424194 0.216253 0.027189 0.033976
9 0.410369 0.145087 0.025346 0.018365
9 0.514747 0.156107 0.021198 0.021120
9 0.328802 0.080579 0.029954 0.022498
9 0.271889 0.184573 0.021198 0.023875
9 0.824654 0.207989 0.027189 0.028466
9 0.688940 0.253903 0.028571 0.023875
9 0.725576 0.290634 0.025346 0.023875
9 0.691475 0.306933 0.025346 0.022498
9 0.602995 0.276400 0.027189 0.018365
9 0.613134 0.298209 0.027189 0.025253
9 0.692396 0.407943 0.032719 0.029844
9 0.819355 0.432277 0.031336 0.027089
9 0.269816 0.637971 0.025346 0.025253
9 0.177189 0.647842 0.035484 0.028466
9 0.096774 0.570937 0.034101 0.032599
9 0.061982 0.633379 0.027189 0.025253
9 0.105530 0.745409 0.028571 0.025253
9 0.559447 0.636134 0.017512 0.021579
9 0.636636 0.635904 0.022581 0.023875
9 0.747696 0.630854 0.026267 0.022957
9 0.479954 0.884757 0.022581 0.023875
9 0.774885 0.879247 0.032719 0.021120
9 0.842166 0.810147 0.025346 0.025253
9 0.845622 0.747704 0.018433 0.027089
9 0.773041 0.719697 0.020737 0.019743
9 0.736406 0.685032 0.023963 0.018365
9 0.807373 0.621671 0.021198 0.015611
9 0.841475 0.641644 0.023963 0.027089
9 0.808525 0.653352 0.015207 0.020202
9 0.591705 0.407254 0.014747 0.015611
9 0.581797 0.416896 0.013364 0.015611
9 0.923272 0.645776 0.017051 0.015152
9 0.943548 0.645776 0.017972 0.018825
9 0.932258 0.663453 0.014747 0.016529
9 0.897926 0.723140 0.010599 0.009183
9 0.901843 0.732323 0.011982 0.009183
9 0.899539 0.739899 0.011982 0.011478
9 0.912212 0.729798 0.013364 0.016070
9 0.883180 0.750689 0.014286 0.012856
9 0.875576 0.765381 0.016590 0.016529
9 0.119124 0.245638 0.020737 0.018365
9 0.102995 0.261938 0.015207 0.014233
9 0.062212 0.331956 0.017512 0.016529
9 0.100922 0.302112 0.019355 0.015611
9 0.116129 0.315886 0.018433 0.019284