10 0.464937 0.716255 0.026118 0.023272
10 0.443470 0.525421 0.022540 0.020408
10 0.859571 0.731651 0.028980 0.027569
10 0.891234 0.506087 0.024329 0.026137
10 0.870483 0.506803 0.022182 0.031149
10 0.858855 0.565163 0.031127 0.022556
10 0.786225 0.416577 0.023971 0.032581
10 0.757066 0.442356 0.025760 0.026853
10 0.847943 0.502864 0.025760 0.023272
10 0.870662 0.458826 0.031843 0.026853
10 0.750268 0.480487 0.026476 0.020766
10 0.728265 0.472431 0.031127 0.026137
10 0.712343 0.453276 0.025045 0.024347
10 0.709123 0.398496 0.023614 0.025063
10 0.688551 0.404583 0.022540 0.024347
10 0.683005 0.342463 0.030054 0.026853
10 0.775671 0.379699 0.029338 0.031149
10 0.726655 0.242213 0.018605 0.037594
10 0.699463 0.271572 0.024329 0.021124
10 0.712701 0.242392 0.015742 0.030075
10 0.693023 0.242034 0.025045 0.024347
10 0.659928 0.239527 0.022540 0.029359
10 0.649195 0.354637 0.021109 0.023272
10 0.628444 0.361081 0.031127 0.032581
10 0.311270 0.439134 0.040072 0.027569
10 0.316995 0.412281 0.024329 0.031149
10 0.383363 0.517007 0.026834 0.029359
10 0.397317 0.498031 0.032558 0.018618
10 0.426118 0.465449 0.023614 0.028643
10 0.418247 0.506087 0.019320 0.026137
10 0.419141 0.531865 0.026118 0.027569
10 0.485510 0.571429 0.033631 0.024347
10 0.484079 0.550841 0.028623 0.021840
10 0.456530 0.546724 0.029338 0.025063
10 0.310018 0.634801 0.017531 0.028643
10 0.195528 0.696384 0.037567 0.039384
10 0.290698 0.668815 0.026834 0.025063
10 0.401610 0.683673 0.026118 0.041174
10 0.375313 0.691013 0.023614 0.033656
10 0.418426 0.712854 0.036136 0.039384
10 0.443113 0.678124 0.032558 0.025063
10 0.429875 0.599893 0.031127 0.027569
10 0.408945 0.587540 0.025760 0.025063
10 0.374776 0.581096 0.032558 0.023631
10 0.367800 0.534909 0.023614 0.023631
10 0.352952 0.514859 0.027549 0.028643
10 0.340966 0.523631 0.020751 0.027569
10 0.334705 0.544397 0.026118 0.037594
10 0.331843 0.572324 0.022540 0.027569
10 0.313059 0.569817 0.023614 0.031149
10 0.292308 0.571608 0.020036 0.026137
10 0.278712 0.544218 0.025045 0.035088
10 0.283005 0.459721 0.023614 0.023631
10 0.279428 0.483709 0.035063 0.025063
10 0.249195 0.477265 0.032558 0.028643
10 0.317352 0.510741 0.025045 0.026853
10 0.326834 0.499284 0.022540 0.027569
10 0.373345 0.457035 0.021825 0.026853
10 0.400894 0.451844 0.021825 0.015038
10 0.420572 0.445399 0.017531 0.030075
10 0.399284 0.434300 0.020036 0.025063
10 0.327013 0.172753 0.057245 0.052632
10 0.572272 0.157537 0.052594 0.050125
10 0.332916 0.229323 0.054741 0.052632
10 0.243292 0.297888 0.055098 0.047977
10 0.224329 0.319012 0.040787 0.042965
10 0.177281 0.363767 0.059750 0.047977
10 0.126655 0.387397 0.047943 0.047977
10 0.143292 0.440566 0.052594 0.050483
10 0.316458 0.355532 0.059750 0.055138
10 0.245617 0.359112 0.059750 0.042965
10 0.241145 0.395632 0.040787 0.050125
10 0.172630 0.409953 0.040429 0.040816
10 0.454383 0.405120 0.047943 0.050483
10 0.421288 0.390977 0.052594 0.055138
10 0.211628 0.407447 0.038283 0.055138
10 0.514490 0.464196 0.050089 0.045471
10 0.276386 0.405120 0.050447 0.054780
10 0.200894 0.534730 0.050447 0.045471
10 0.191592 0.556212 0.045438 0.036162
10 0.178533 0.607948 0.047943 0.064447
10 0.166726 0.672932 0.066547 0.052632
10 0.253667 0.449875 0.040072 0.045471
10 0.340608 0.419083 0.030054 0.040458
10 0.237388 0.503043 0.043292 0.038668
10 0.303399 0.474758 0.038640 0.033656
10 0.515564 0.503043 0.047943 0.038668
10 0.395528 0.399212 0.052594 0.047977
10 0.284615 0.504296 0.047585 0.036162
10 0.350626 0.460616 0.038640 0.047619
10 0.377639 0.426244 0.036136 0.036162
10 0.215027 0.597386 0.059392 0.057644
10 0.231485 0.661117 0.031485 0.047619
10 0.288193 0.751880 0.059750 0.050125
10 0.245796 0.657537 0.040787 0.050483
10 0.251699 0.539563 0.038283 0.040816
10 0.255098 0.579663 0.050089 0.035804
10 0.405903 0.559613 0.045438 0.038668
10 0.523971 0.558360 0.045438 0.045471
10 0.380143 0.613856 0.045438 0.047619
10 0.306977 0.548872 0.040787 0.040816
10 0.439177 0.501432 0.026118 0.030433
10 0.349195 0.487111 0.027191 0.030433
10 0.479070 0.602041 0.045796 0.038310
10 0.562791 0.691729 0.057245 0.057286
10 0.536852 0.637487 0.047585 0.057644
10 0.489624 0.640888 0.043292 0.040816
10 0.282290 0.635159 0.038640 0.047977
10 0.358855 0.556033 0.045796 0.031507
10 0.375492 0.747225 0.045438 0.055138
10 0.361002 0.634085 0.032916 0.034372
10 0.336494 0.636233 0.028980 0.040816
10 0.255098 0.698890 0.055098 0.047977
10 0.572093 0.522019 0.047943 0.047977
10 0.460286 0.453455 0.036136 0.052632
10 0.600537 0.530254 0.038283 0.050125
10 0.396601 0.477086 0.036136 0.043323
10 0.427191 0.629073 0.045796 0.040816
10 0.306977 0.691729 0.045796 0.047977
10 0.453131 0.740064 0.050447 0.035804
10 0.449553 0.709273 0.038283 0.040816
10 0.612165 0.660938 0.057245 0.057286
10 0.459034 0.550304 0.000716 0.000716
10 0.467263 0.517186 0.040787 0.043323
10 0.309481 0.597386 0.040787 0.034014
10 0.251521 0.862692 0.042934 0.059792
10 0.347048 0.736484 0.035778 0.042965
10 0.447227 0.573935 0.052236 0.033656
10 0.599284 0.827426 0.050089 0.050125
10 0.308050 0.894737 0.047943 0.057286
10 0.602862 0.887576 0.057245 0.047977
10 0.369410 0.881668 0.043292 0.050483
10 0.666547 0.855532 0.047943 0.045471
10 0.422540 0.919441 0.050089 0.050125
10 0.633453 0.536162 0.038283 0.061941
10 0.648658 0.439313 0.050089 0.057286
10 0.568694 0.643394 0.045438 0.045829
10 0.637030 0.232904 0.045438 0.045471
10 0.620572 0.278912 0.045438 0.047977
10 0.697138 0.218761 0.043292 0.035804
10 0.342218 0.691729 0.036136 0.052274
10 0.784258 0.240064 0.042934 0.045471
10 0.616995 0.376835 0.043292 0.036162
10 0.636852 0.334407 0.040787 0.035804
10 0.733631 0.280165 0.040429 0.036162
10 0.861002 0.245972 0.036136 0.047977
10 0.672451 0.276584 0.045438 0.034014
10 0.661717 0.298962 0.033989 0.026495
10 0.823256 0.252954 0.040787 0.047619
10 0.813775 0.284819 0.036136 0.036162
10 0.666369 0.330827 0.038283 0.033656
10 0.856172 0.282492 0.040787 0.035804
10 0.706440 0.314357 0.043292 0.033656
10 0.886762 0.339062 0.054741 0.055138
10 0.843292 0.317759 0.047943 0.045471
10 0.805546 0.313104 0.052594 0.036162
10 0.753667 0.238811 0.033989 0.033656
10 0.666547 0.385070 0.033631 0.034014
10 0.684258 0.372180 0.036136 0.036162
10 0.694633 0.494808 0.052594 0.050125
10 0.753667 0.326173 0.000358 0.000716
10 0.720751 0.353204 0.038283 0.031149
10 0.740787 0.317938 0.045438 0.031507
10 0.749016 0.362692 0.028980 0.045829
10 0.623971 0.397959 0.047943 0.036162
10 0.797317 0.346044 0.036136 0.036162
10 0.666369 0.827426 0.052594 0.031507
10 0.830233 0.348550 0.036136 0.036162
10 0.734884 0.395632 0.042934 0.050125
10 0.763148 0.508951 0.033631 0.036162
10 0.812522 0.376835 0.042934 0.031149
10 0.812522 0.405120 0.042934 0.045471
10 0.732558 0.445220 0.038283 0.036162
10 0.651163 0.539742 0.040787 0.045471
10 0.459034 0.663444 0.047943 0.047977
10 0.703041 0.424096 0.040787 0.036162
10 0.831485 0.446473 0.038640 0.038668
10 0.760644 0.415682 0.033631 0.033656
10 0.777281 0.464196 0.043292 0.036162
10 0.856172 0.450054 0.031485 0.031507
10 0.819678 0.529001 0.038640 0.038310
10 0.896243 0.484246 0.035778 0.043323
10 0.396601 0.519513 0.026834 0.024347
10 0.852594 0.478160 0.033631 0.036162
10 0.854919 0.639814 0.038283 0.038668
10 0.904472 0.530075 0.042934 0.036162
10 0.875134 0.543144 0.026476 0.033656
10 0.853846 0.540637 0.040429 0.033656
10 0.741860 0.506624 0.038283 0.050125
10 0.919857 0.581991 0.040787 0.036162
10 0.817352 0.710526 0.047585 0.052632
10 0.883363 0.624597 0.033631 0.036162
10 0.842039 0.603294 0.036136 0.035804
10 0.804293 0.749373 0.040787 0.040816
10 0.864401 0.701217 0.033631 0.038310
10 0.755993 0.828500 0.042934 0.047977
10 0.910376 0.692982 0.036136 0.045471
10 0.873882 0.752954 0.033989 0.033656
10 0.724329 0.858038 0.045438 0.050483
10 0.819678 0.771930 0.047943 0.042965
10 0.847943 0.581991 0.033631 0.031149
10 0.371735 0.918188 0.033631 0.038310
10 0.892844 0.587898 0.038283 0.033656