11 0.368504 0.072413 0.009418 0.018368
11 0.360830 0.083716 0.028253 0.026846
11 0.382281 0.077711 0.023021 0.018368
11 0.382281 0.100318 0.029997 0.038856
11 0.363446 0.104557 0.029997 0.026846
11 0.314091 0.123101 0.028253 0.021547
11 0.298744 0.108089 0.021277 0.026846
11 0.290896 0.118686 0.026509 0.026846
11 0.383153 0.211233 0.024765 0.023313
11 0.350366 0.209467 0.028253 0.023313
11 0.487269 0.190215 0.029997 0.023667
11 0.512382 0.204168 0.034880 0.023313
11 0.584758 0.136877 0.028253 0.025079
11 0.706313 0.162310 0.026509 0.040622
11 0.794036 0.288944 0.061039 0.045920
11 0.837984 0.387496 0.028253 0.023313
11 0.714859 0.363123 0.036624 0.030378
11 0.689745 0.426704 0.024765 0.042388
11 0.645971 0.389262 0.040460 0.037443
11 0.589118 0.396326 0.033484 0.026846
11 0.532961 0.378665 0.048832 0.037443
11 0.578654 0.436242 0.029997 0.030378
11 0.679630 0.513246 0.038716 0.037443
11 0.646843 0.569057 0.038716 0.033910
11 0.648587 0.612504 0.028253 0.026846
11 0.645099 0.630166 0.035228 0.019781
11 0.709801 0.678029 0.033484 0.025079
11 0.707185 0.648357 0.031740 0.025079
11 0.591734 0.523490 0.028253 0.033910
11 0.596093 0.546450 0.026509 0.026846
11 0.550227 0.476510 0.035228 0.030378
11 0.554587 0.507948 0.033484 0.019781
11 0.512382 0.446839 0.038368 0.026846
11 0.533136 0.572589 0.028253 0.026846
11 0.471050 0.506182 0.035228 0.026846
11 0.436519 0.544684 0.031740 0.026846
11 0.478898 0.637937 0.033484 0.031791
11 0.424486 0.649241 0.041856 0.030378
11 0.326299 0.564641 0.017789 0.021547
11 0.343390 0.559343 0.024765 0.039209
11 0.414196 0.394560 0.031740 0.033910
11 0.427799 0.341929 0.031740 0.030378
11 0.360830 0.286295 0.031740 0.040622
11 0.339030 0.347227 0.033484 0.037443
11 0.311475 0.363123 0.029997 0.026846
11 0.296128 0.393677 0.040460 0.032144
11 0.286536 0.271459 0.028253 0.042741
11 0.234043 0.283645 0.036972 0.035323
11 0.241018 0.335217 0.036972 0.026846
11 0.235787 0.377782 0.033484 0.032144
11 0.129752 0.362239 0.038368 0.032144
11 0.290896 0.486224 0.029997 0.028612
11 0.267701 0.489580 0.035228 0.035323
11 0.273805 0.522607 0.029997 0.021547
11 0.117719 0.452137 0.031740 0.030378
11 0.300488 0.523490 0.035228 0.030378
11 0.118591 0.487107 0.033484 0.030378
11 0.133938 0.533204 0.033484 0.025079
11 0.122079 0.573472 0.026509 0.035676
11 0.149634 0.575945 0.029997 0.037089
11 0.101325 0.624868 0.033136 0.040975
11 0.278863 0.622218 0.040112 0.035676
11 0.182421 0.646591 0.036972 0.035676
11 0.204744 0.712999 0.033484 0.032144
11 0.225323 0.789827 0.036972 0.038856
11 0.674398 0.728718 0.031740 0.035323
11 0.631148 0.770576 0.024765 0.035676
11 0.588246 0.775874 0.038716 0.025079
11 0.587374 0.833451 0.040460 0.028612
11 0.518312 0.811551 0.026509 0.037089
11 0.462330 0.883080 0.031740 0.040975
11 0.424486 0.882197 0.031392 0.035676
11 0.329787 0.899682 0.038716 0.038856
11 0.288280 0.881314 0.038716 0.037443
11 0.588246 0.904981 0.035228 0.038856
11 0.788978 0.846521 0.033484 0.023667
11 0.055110 0.625751 0.015347 0.037796
11 0.048134 0.511127 0.009069 0.043094
11 0.084758 0.310491 0.025811 0.050865
11 0.113010 0.262275 0.033484 0.061109
11 0.192013 0.167255 0.029648 0.037796
11 0.543251 0.047510 0.029648 0.019428
11 0.844088 0.212469 0.034880 0.039209
11 0.755842 0.882727 0.025811 0.023313
11 0.437565 0.956906 0.019184 0.015542
11 0.416986 0.953903 0.029648 0.022254
11 0.356121 0.936948 0.018137 0.014483
11 0.337286 0.929707 0.024416 0.015542