11 0.469928 0.155098 0.027536 0.034707
11 0.389130 0.145155 0.034783 0.025669
11 0.356884 0.146963 0.027536 0.029284
11 0.465399 0.071764 0.029348 0.036515
11 0.508152 0.238069 0.029348 0.022054
11 0.522645 0.364064 0.040217 0.041938
11 0.462681 0.384490 0.027536 0.032899
11 0.462681 0.293384 0.031159 0.022054
11 0.452717 0.323753 0.022101 0.022054
11 0.439493 0.315618 0.027536 0.027477
11 0.409058 0.296095 0.031159 0.034707
11 0.304167 0.197035 0.036594 0.046999
11 0.274638 0.164678 0.027536 0.036515
11 0.331884 0.359544 0.034783 0.040130
11 0.315942 0.329176 0.031159 0.040130
11 0.272826 0.294288 0.023913 0.038322
11 0.288225 0.392625 0.036594 0.031092
11 0.203986 0.315618 0.036232 0.023861
11 0.133333 0.361352 0.027536 0.032899
11 0.229891 0.529103 0.041667 0.032899
11 0.286413 0.593456 0.025725 0.018438
11 0.261232 0.598879 0.036232 0.032899
11 0.263949 0.702458 0.045290 0.050615
11 0.090217 0.579356 0.027536 0.032899
11 0.823370 0.649855 0.032971 0.048807
11 0.783152 0.609544 0.045290 0.039769
11 0.767029 0.535430 0.049275 0.034707
11 0.836051 0.488250 0.040217 0.032899
11 0.729348 0.422090 0.031159 0.025669
11 0.796558 0.361171 0.047464 0.057845
11 0.879710 0.295192 0.027536 0.032899
11 0.720471 0.343275 0.038043 0.032899
11 0.661413 0.270246 0.034420 0.036515
11 0.594384 0.288865 0.029348 0.027477
11 0.671196 0.180043 0.029348 0.041938
11 0.734783 0.120210 0.038406 0.043745
11 0.792029 0.161967 0.038406 0.027477
11 0.365036 0.085322 0.029348 0.027477
11 0.754529 0.872198 0.041667 0.040130
11 0.077899 0.343818 0.024638 0.033984
11 0.105797 0.326103 0.026087 0.027477
11 0.439130 0.052242 0.024638 0.023500
11 0.288587 0.118402 0.023551 0.023500
11 0.265942 0.125813 0.019565 0.019523