11 0.361790 0.063668 0.033046 0.022837
11 0.289673 0.111419 0.027883 0.022837
11 0.223236 0.159516 0.038210 0.022837
11 0.206368 0.169550 0.020998 0.019377
11 0.217384 0.206401 0.039587 0.031488
11 0.293115 0.174740 0.031325 0.029758
11 0.320310 0.167128 0.031325 0.041522
11 0.388296 0.084083 0.030981 0.043599
11 0.406196 0.160381 0.029604 0.031488
11 0.248021 0.236332 0.039587 0.036678
11 0.458003 0.238062 0.034768 0.026298
11 0.613769 0.155190 0.036489 0.031488
11 0.660413 0.091869 0.038210 0.038408
11 0.616179 0.247578 0.034423 0.031488
11 0.720826 0.122664 0.033046 0.024567
11 0.428227 0.297924 0.039931 0.022837
11 0.554217 0.277509 0.015835 0.029758
11 0.371256 0.319204 0.031325 0.024567
11 0.498967 0.361938 0.034768 0.038062
11 0.426506 0.335467 0.029604 0.023183
11 0.405336 0.330450 0.027883 0.026298
11 0.287952 0.363841 0.027883 0.024567
11 0.235284 0.343253 0.034768 0.041522
11 0.170568 0.367128 0.038210 0.034602
11 0.309983 0.390311 0.041652 0.033218
11 0.268503 0.432872 0.033046 0.033218
11 0.109294 0.425260 0.031325 0.031142
11 0.078657 0.397059 0.020998 0.032872
11 0.443546 0.392734 0.036145 0.034602
11 0.685026 0.309862 0.039931 0.036332
11 0.828055 0.243253 0.043029 0.033218
11 0.759897 0.314014 0.043029 0.034948
11 0.710499 0.384256 0.033046 0.028028
11 0.822031 0.426817 0.041308 0.031488
11 0.761790 0.487543 0.029604 0.026298
11 0.791394 0.558651 0.030981 0.034948
11 0.839931 0.586851 0.039931 0.036678
11 0.812737 0.807266 0.036489 0.033218
11 0.240275 0.572318 0.044750 0.038062
11 0.307401 0.631142 0.022719 0.029758
11 0.278485 0.640657 0.033046 0.031488
11 0.103442 0.660381 0.039587 0.036332
11 0.301549 0.743253 0.034423 0.024913
11 0.050602 0.418512 0.020654 0.037716
11 0.186403 0.161592 0.015491 0.020761
11 0.235800 0.123702 0.020654 0.018339