11 0.355908 0.159271 0.033862 0.024170
11 0.535663 0.204004 0.022334 0.019841
11 0.543948 0.226010 0.022334 0.019120
11 0.526657 0.225649 0.018012 0.018398
11 0.518192 0.247114 0.022695 0.022367
11 0.488653 0.244048 0.027738 0.017677
11 0.498739 0.258838 0.020533 0.017677
11 0.502161 0.284091 0.018732 0.020563
11 0.709654 0.155844 0.028818 0.028860
11 0.739733 0.182540 0.028458 0.029582
11 0.762248 0.211219 0.025216 0.024170
11 0.624640 0.341991 0.025216 0.024531
11 0.406520 0.277597 0.029179 0.016955
11 0.403458 0.293831 0.023775 0.019120
11 0.348703 0.256133 0.023775 0.018038
11 0.354107 0.266955 0.017291 0.015152
11 0.327450 0.280483 0.021614 0.021284
11 0.302594 0.314935 0.024496 0.026696
11 0.343840 0.300144 0.024135 0.022367
11 0.377341 0.348124 0.020533 0.018759
11 0.500360 0.370130 0.022334 0.016595
11 0.511167 0.386544 0.018732 0.019841
11 0.476405 0.413240 0.020533 0.023449
11 0.445965 0.412879 0.019452 0.018398
11 0.465958 0.435786 0.021974 0.022367
11 0.515130 0.439033 0.025216 0.025253
11 0.548271 0.449856 0.022334 0.020924
11 0.555476 0.484127 0.023055 0.025253
11 0.500000 0.473304 0.022334 0.018038
11 0.451369 0.474747 0.018012 0.020202
11 0.443804 0.505051 0.025216 0.020924
11 0.387428 0.469697 0.024135 0.017316
11 0.373019 0.437049 0.022695 0.023449
11 0.354107 0.398449 0.016571 0.019120
11 0.367075 0.401154 0.015130 0.023088
11 0.317543 0.409452 0.026297 0.022367
11 0.328350 0.443001 0.018372 0.014430
11 0.332493 0.452922 0.018012 0.014791
11 0.330151 0.484668 0.025576 0.024170
11 0.386527 0.498737 0.026657 0.024892
11 0.726945 0.407107 0.023055 0.023449
11 0.780620 0.376263 0.023055 0.024531
11 0.721722 0.451118 0.028458 0.025613
11 0.731088 0.478896 0.021974 0.022727
11 0.780079 0.503427 0.021974 0.024170
11 0.857169 0.342172 0.023415 0.018398
11 0.885987 0.388889 0.031340 0.036075
11 0.850324 0.431097 0.032061 0.027417
11 0.848163 0.480159 0.028458 0.026696
11 0.781700 0.524892 0.025216 0.023088
11 0.710375 0.531746 0.028818 0.024531
11 0.736671 0.547980 0.023055 0.024531
11 0.553494 0.543470 0.029179 0.023449
11 0.480728 0.546717 0.024135 0.019841
11 0.573667 0.568903 0.024856 0.020924
11 0.697767 0.576840 0.020893 0.019481
11 0.740814 0.605880 0.019092 0.020563
11 0.840958 0.586400 0.025576 0.024892
11 0.900937 0.617965 0.025216 0.023810
11 0.775756 0.671898 0.021254 0.022006
11 0.785663 0.681277 0.015130 0.018398
11 0.800072 0.679654 0.020173 0.023088
11 0.848523 0.711941 0.019813 0.024892
11 0.884726 0.731241 0.018732 0.021645
11 0.666427 0.623737 0.024496 0.018038
11 0.689481 0.667929 0.020893 0.022727
11 0.673091 0.678752 0.023415 0.023449
11 0.623559 0.653319 0.025216 0.021645
11 0.620137 0.705808 0.019813 0.023449
11 0.654539 0.709055 0.024496 0.020563
11 0.692723 0.728896 0.023055 0.024892
11 0.715238 0.736291 0.013329 0.014430
11 0.551513 0.667027 0.024496 0.021645
11 0.493876 0.676046 0.025216 0.022367
11 0.471902 0.731782 0.023055 0.019841
11 0.583573 0.769300 0.013689 0.014069
11 0.594741 0.775794 0.017291 0.016234
11 0.610050 0.800144 0.031340 0.024531
11 0.652918 0.773449 0.021254 0.025253
11 0.677233 0.771284 0.021614 0.024531
11 0.700829 0.805556 0.023415 0.028139
11 0.821506 0.798882 0.023415 0.022727
11 0.767651 0.851551 0.018012 0.020563
11 0.745317 0.854437 0.013689 0.014069
11 0.754863 0.861652 0.021974 0.019841
11 0.724063 0.869949 0.023775 0.021284
11 0.704791 0.886003 0.019092 0.011544
11 0.653458 0.913059 0.024496 0.019481
11 0.600324 0.867244 0.024856 0.022367
11 0.584834 0.892677 0.022695 0.022727
11 0.550072 0.867785 0.022334 0.017677
11 0.483429 0.832792 0.018732 0.018398
11 0.477305 0.840909 0.012248 0.011544
11 0.408682 0.887626 0.021254 0.019841
11 0.446866 0.710137 0.024856 0.020563
11 0.460375 0.694805 0.018732 0.021645
11 0.447406 0.691017 0.015850 0.019841
11 0.432277 0.690657 0.018012 0.020563
11 0.320425 0.891775 0.024135 0.021645
11 0.415706 0.933442 0.020893 0.014069
11 0.524135 0.933081 0.013689 0.009740
11 0.114193 0.700216 0.025216 0.025253
11 0.184618 0.794372 0.019813 0.022367
11 0.155620 0.767677 0.014409 0.014430
11 0.222622 0.839105 0.030259 0.023810
11 0.287464 0.614358 0.024496 0.018038
11 0.346001 0.624820 0.024856 0.024531
11 0.389229 0.644661 0.021254 0.018759
11 0.389769 0.660714 0.022334 0.019841
11 0.419308 0.664502 0.022334 0.022367
11 0.432637 0.581710 0.026657 0.024170
11 0.407601 0.597222 0.016931 0.021284
11 0.424352 0.609127 0.020893 0.018398
11 0.281880 0.523449 0.024856 0.022367
11 0.257745 0.531566 0.020533 0.021284
11 0.245677 0.540584 0.023055 0.019841
11 0.213617 0.463745 0.027378 0.022727
11 0.239193 0.436328 0.025937 0.026335
11 0.219200 0.404401 0.024856 0.021645
11 0.252702 0.408550 0.021974 0.015512
11 0.199388 0.288781 0.029179 0.025613