12 0.638610 0.107639 0.025483 0.029003
12 0.672394 0.100899 0.025097 0.022876
12 0.666409 0.117034 0.021622 0.026552
12 0.682432 0.119690 0.021236 0.026961
12 0.702510 0.125000 0.018147 0.026144
12 0.705405 0.149101 0.020849 0.024510
12 0.746525 0.169935 0.025097 0.026961
12 0.761583 0.176266 0.026641 0.031454
12 0.729730 0.143587 0.016216 0.016748
12 0.717375 0.146650 0.017761 0.021242
12 0.638031 0.197304 0.028958 0.029412
12 0.561583 0.143178 0.030502 0.024918
12 0.560232 0.161152 0.026255 0.018382
12 0.564479 0.179126 0.026255 0.021650
12 0.506950 0.197508 0.022394 0.026552
12 0.517761 0.191176 0.021622 0.021242
12 0.477027 0.236315 0.028958 0.027369
12 0.523745 0.236315 0.022780 0.026552
12 0.540154 0.239992 0.019305 0.024101
12 0.568533 0.196283 0.022780 0.017565
12 0.565444 0.214461 0.018919 0.025327
12 0.579923 0.209355 0.013900 0.021650
12 0.594402 0.206087 0.020463 0.020833
12 0.540734 0.193219 0.021236 0.015523
12 0.538996 0.205678 0.025483 0.018382
12 0.543629 0.216912 0.016988 0.017157
12 0.627992 0.252247 0.027413 0.025735
12 0.646139 0.227941 0.025869 0.028595
12 0.698263 0.239175 0.027413 0.031454
12 0.548456 0.292892 0.032046 0.028595
12 0.820656 0.223243 0.025097 0.023284
12 0.842664 0.233252 0.021236 0.022876
12 0.854054 0.243668 0.020849 0.023284
12 0.840734 0.253881 0.015830 0.018382
12 0.830309 0.260212 0.022008 0.018791
12 0.827992 0.246324 0.021236 0.016340
12 0.825097 0.235498 0.019305 0.012663
12 0.808880 0.271038 0.023938 0.020833
12 0.814672 0.282271 0.023166 0.022059
12 0.845174 0.290850 0.025483 0.026961
12 0.870077 0.296569 0.023552 0.022059
12 0.901544 0.300449 0.026255 0.028186
12 0.869884 0.315155 0.025483 0.015114
12 0.867375 0.328840 0.024324 0.017974
12 0.870463 0.349673 0.035135 0.035131
12 0.888031 0.360294 0.025483 0.026961
12 0.834749 0.326389 0.023938 0.022876
12 0.808108 0.311887 0.022394 0.017565
12 0.812934 0.329861 0.019691 0.022467
12 0.800386 0.337010 0.021622 0.022876
12 0.787066 0.315564 0.019691 0.016748
12 0.784942 0.329861 0.022394 0.020016
12 0.763707 0.310662 0.022394 0.021650
12 0.770656 0.319444 0.021622 0.021242
12 0.718919 0.303922 0.024710 0.021242
12 0.660425 0.296569 0.022780 0.024510
12 0.646911 0.300858 0.027413 0.023284
12 0.742471 0.322304 0.019305 0.019608
12 0.731853 0.329248 0.025097 0.022059
12 0.718340 0.344771 0.025869 0.022059
12 0.736293 0.359069 0.023166 0.023693
12 0.775869 0.370711 0.024324 0.023284
12 0.836100 0.362541 0.035907 0.033905
12 0.852124 0.341095 0.021622 0.021242
12 0.860425 0.375613 0.019691 0.018382
12 0.625676 0.333538 0.024324 0.018382
12 0.623938 0.344363 0.023938 0.017974
12 0.611969 0.361315 0.027799 0.029003
12 0.590347 0.393382 0.030116 0.026961
12 0.668726 0.391544 0.024710 0.024101
12 0.649035 0.369281 0.020077 0.017974
12 0.648842 0.354371 0.020463 0.020833
12 0.664865 0.357639 0.016988 0.024101
12 0.680502 0.362541 0.018147 0.029003
12 0.700772 0.366422 0.021622 0.024510
12 0.711776 0.381332 0.019691 0.017565
12 0.716988 0.368668 0.013900 0.015114
12 0.726448 0.380310 0.021236 0.022059
12 0.733591 0.401961 0.023166 0.021242
12 0.681853 0.414216 0.023166 0.024510
12 0.933398 0.458946 0.025869 0.022467
12 0.912934 0.441381 0.022780 0.026552
12 0.898842 0.445466 0.017761 0.023284
12 0.885135 0.446487 0.017375 0.022876
12 0.865251 0.398897 0.022394 0.017565
12 0.866216 0.411356 0.018919 0.013889
12 0.819691 0.406658 0.023166 0.019199
12 0.824517 0.427083 0.022780 0.023284
12 0.787645 0.420139 0.026255 0.023284
12 0.744208 0.428922 0.025869 0.023693
12 0.718919 0.427083 0.024710 0.024918
12 0.693050 0.454657 0.023166 0.021242
12 0.697104 0.489379 0.025869 0.025327
12 0.711004 0.474877 0.018919 0.019199
12 0.723359 0.481209 0.018147 0.021242
12 0.742857 0.493873 0.019305 0.022876
12 0.752510 0.482230 0.014672 0.016748
12 0.764286 0.483660 0.016602 0.023693
12 0.755019 0.496324 0.015058 0.016340
12 0.766795 0.505515 0.021622 0.017565
12 0.766409 0.521855 0.014672 0.018382
12 0.754440 0.531658 0.023938 0.022467
12 0.779923 0.540645 0.022394 0.022467
12 0.773166 0.464665 0.020463 0.023284
12 0.786873 0.461397 0.016216 0.023284
12 0.798069 0.465686 0.013127 0.026144
12 0.840734 0.463644 0.025097 0.024510
12 0.816602 0.484273 0.025483 0.037990
12 0.900965 0.495711 0.028185 0.027369
12 0.933398 0.487337 0.028958 0.028595
12 0.870849 0.476103 0.025869 0.024101
12 0.866795 0.490605 0.020849 0.016340
12 0.870270 0.501838 0.038610 0.020016
12 0.884942 0.515523 0.023938 0.022876
12 0.905598 0.535743 0.027413 0.028186
12 0.851931 0.527778 0.024324 0.020425
12 0.816409 0.519812 0.022780 0.022467
12 0.832046 0.523693 0.020077 0.022059
12 0.843822 0.511029 0.015058 0.014706
12 0.855598 0.513072 0.016988 0.013889
12 0.815058 0.462214 0.020077 0.015931
12 0.829344 0.502451 0.017761 0.021242
12 0.730502 0.521855 0.023938 0.020016
12 0.674517 0.514706 0.022394 0.019608
12 0.691506 0.534518 0.020849 0.019199
12 0.687838 0.550858 0.018147 0.017565
12 0.699807 0.547794 0.011197 0.015523
12 0.714672 0.537786 0.021622 0.021650
12 0.732819 0.536969 0.019305 0.018382
12 0.728378 0.553717 0.023552 0.020016
12 0.603668 0.462623 0.027413 0.025735
12 0.578958 0.453023 0.022780 0.019608
12 0.562934 0.434436 0.019305 0.024101
12 0.547297 0.433824 0.018147 0.023693
12 0.557915 0.454657 0.020077 0.017974
12 0.551351 0.465891 0.021622 0.018382
12 0.564093 0.476307 0.021622 0.021242
12 0.579344 0.468342 0.021236 0.021650
12 0.531467 0.472018 0.025097 0.021650
12 0.537452 0.489175 0.021622 0.018382
12 0.542278 0.500204 0.021236 0.020833
12 0.558494 0.499387 0.023552 0.024918
12 0.590734 0.498570 0.022394 0.022467
12 0.564093 0.525327 0.021622 0.022059
12 0.580695 0.522263 0.019305 0.019199
12 0.608687 0.517770 0.022780 0.018382
12 0.616795 0.507353 0.023552 0.022059
12 0.584556 0.532680 0.020077 0.018791
12 0.580502 0.544935 0.023552 0.021242
12 0.618340 0.531863 0.019691 0.019608
12 0.636680 0.533701 0.021622 0.017565
12 0.637259 0.547794 0.021236 0.019608
12 0.655792 0.546569 0.021236 0.021242
12 0.665830 0.540237 0.018919 0.020016
12 0.630502 0.564134 0.020077 0.019608
12 0.638224 0.572712 0.020077 0.018791
12 0.667181 0.590074 0.018533 0.019199
12 0.656178 0.585989 0.022008 0.021650
12 0.713127 0.568015 0.022394 0.025735
12 0.737645 0.590482 0.022008 0.020833
12 0.749228 0.582721 0.023552 0.019199
12 0.740734 0.569853 0.020463 0.018791
12 0.750000 0.560253 0.018147 0.017565
12 0.755598 0.601103 0.020077 0.022467
12 0.788803 0.606822 0.025483 0.024918
12 0.770849 0.638072 0.028185 0.026144
12 0.817375 0.623366 0.030116 0.035948
12 0.812162 0.564542 0.027413 0.026144
12 0.840347 0.556168 0.025869 0.020833
12 0.867568 0.564542 0.023166 0.021242
12 0.878378 0.555760 0.018533 0.015931
12 0.838803 0.576389 0.020463 0.018791
12 0.848069 0.565564 0.016602 0.015114
12 0.849614 0.575980 0.016602 0.015523
12 0.857722 0.584355 0.018919 0.019199
12 0.865444 0.590482 0.019691 0.018382
12 0.864093 0.604575 0.021622 0.015523
12 0.863514 0.618668 0.022008 0.020016
12 0.845753 0.610294 0.018147 0.020425
12 0.836486 0.618260 0.019691 0.018382
12 0.840347 0.633170 0.021236 0.018791
12 0.837259 0.648693 0.023552 0.019608
12 0.833398 0.656046 0.018147 0.014706
12 0.799228 0.658292 0.029344 0.021650
12 0.804633 0.681985 0.043243 0.033088
12 0.841120 0.667892 0.016602 0.017157
12 0.830888 0.713644 0.025483 0.022059
12 0.808687 0.709967 0.022780 0.023693
12 0.800193 0.717116 0.022780 0.021650
12 0.751737 0.708538 0.023938 0.020833
12 0.668919 0.694240 0.023552 0.023284
12 0.632819 0.661356 0.023166 0.022059
12 0.654633 0.627451 0.021236 0.019608
12 0.654826 0.606822 0.022394 0.019199
12 0.682625 0.603145 0.021622 0.024918
12 0.645367 0.672181 0.022008 0.019199
12 0.651544 0.659518 0.019691 0.023284
12 0.664865 0.653186 0.021622 0.025327
12 0.669305 0.627247 0.013514 0.015931
12 0.672973 0.613971 0.013127 0.015523
12 0.721622 0.733047 0.021622 0.021650
12 0.744788 0.726716 0.020849 0.021242
12 0.770656 0.719567 0.030888 0.019199
12 0.815637 0.751225 0.029730 0.027778
12 0.787838 0.777369 0.025869 0.022876
12 0.758301 0.781250 0.026255 0.022467
12 0.718919 0.839461 0.028571 0.027778
12 0.688996 0.815564 0.024324 0.022467
12 0.709073 0.811275 0.025097 0.023693
12 0.690541 0.737132 0.025869 0.023284
12 0.650193 0.734886 0.028571 0.026961
12 0.643822 0.690564 0.024324 0.021650
12 0.649228 0.698325 0.021236 0.020016
12 0.625290 0.780637 0.029730 0.026961
12 0.694788 0.759600 0.022780 0.022467
12 0.706178 0.768995 0.020077 0.019199
12 0.714093 0.778186 0.021236 0.017157
12 0.719305 0.790645 0.020849 0.024101
12 0.731853 0.794526 0.015058 0.022059
12 0.744981 0.791871 0.018147 0.022467
12 0.555985 0.692402 0.027799 0.024510
12 0.526255 0.695261 0.023938 0.025327
12 0.529923 0.731822 0.026641 0.025735
12 0.509459 0.749796 0.025869 0.024918
12 0.524903 0.804739 0.026641 0.026144
12 0.452124 0.805147 0.021622 0.020425
12 0.476062 0.808824 0.023938 0.020425
12 0.478764 0.830270 0.027027 0.025735
12 0.452896 0.767565 0.022394 0.022059
12 0.440154 0.783701 0.023166 0.021650
12 0.420849 0.785335 0.021622 0.021650
12 0.468147 0.758170 0.018147 0.023693
12 0.480502 0.756536 0.017375 0.022876
12 0.581853 0.674224 0.023938 0.022467
12 0.490347 0.688521 0.020849 0.020016
12 0.631467 0.833946 0.025097 0.027369
12 0.648842 0.848243 0.024324 0.025735
12 0.666409 0.864583 0.020077 0.021650
12 0.654826 0.874387 0.023938 0.022467
12 0.675869 0.875613 0.022780 0.024918
12 0.380116 0.858456 0.027413 0.028186
12 0.402317 0.841708 0.020849 0.021650
12 0.411390 0.872141 0.016602 0.016340
12 0.427992 0.870302 0.020463 0.020016
12 0.415444 0.882761 0.019305 0.011438
12 0.435135 0.885212 0.017761 0.015523
12 0.433977 0.899918 0.020849 0.021242
12 0.488224 0.888685 0.023552 0.028186
12 0.505598 0.893995 0.019691 0.024918
12 0.529923 0.887868 0.030502 0.031454
12 0.576062 0.912990 0.029344 0.028595
12 0.597104 0.888480 0.028185 0.030229
12 0.418340 0.820057 0.021236 0.017565
12 0.427220 0.842933 0.015830 0.014297
12 0.459266 0.858456 0.023552 0.021650
12 0.439575 0.842729 0.020463 0.021242
12 0.418147 0.849877 0.020849 0.020016
12 0.249035 0.748162 0.037838 0.030637
12 0.286680 0.739788 0.026641 0.024510
12 0.322394 0.806168 0.030888 0.028186
12 0.275483 0.716912 0.025097 0.022059
12 0.291506 0.709150 0.020077 0.022876
12 0.309073 0.708129 0.023552 0.026552
12 0.321429 0.674632 0.021236 0.017565
12 0.330502 0.686275 0.025483 0.025327
12 0.374517 0.743260 0.024710 0.023284
12 0.413514 0.748162 0.027027 0.022467
12 0.379151 0.701797 0.023166 0.024510
12 0.367181 0.690972 0.025483 0.018382
12 0.369498 0.677288 0.018533 0.017157
12 0.381274 0.675041 0.015058 0.023284
12 0.402510 0.669730 0.024324 0.024918
12 0.381274 0.637663 0.028185 0.022876
12 0.297490 0.645221 0.025869 0.023284
12 0.280309 0.632557 0.023938 0.019199
12 0.260425 0.649306 0.020463 0.017565
12 0.268147 0.662990 0.022008 0.017157
12 0.269884 0.678717 0.025483 0.021650
12 0.279923 0.657067 0.018533 0.020833
12 0.415058 0.718954 0.017761 0.018791
12 0.454440 0.725490 0.020077 0.017974
12 0.470849 0.722631 0.018919 0.019608
12 0.483591 0.702410 0.016602 0.012663
12 0.517375 0.665441 0.022394 0.022059
12 0.494981 0.666054 0.016988 0.024101
12 0.477799 0.665850 0.028185 0.021242
12 0.467375 0.643791 0.023552 0.026144
12 0.481660 0.643382 0.020463 0.019608
12 0.513127 0.634191 0.022394 0.019199
12 0.544015 0.650735 0.020849 0.023693
12 0.558494 0.648897 0.014286 0.016748
12 0.568533 0.652778 0.016602 0.017157
12 0.451351 0.647876 0.034749 0.027778
12 0.434749 0.649714 0.018533 0.015931
12 0.454440 0.706904 0.016216 0.014297
12 0.443822 0.710989 0.018147 0.016748
12 0.437645 0.725286 0.019691 0.018382
12 0.174517 0.694444 0.031660 0.026961
12 0.166216 0.639502 0.028185 0.032271
12 0.246718 0.621732 0.027027 0.026144
12 0.240541 0.574142 0.027027 0.028186
12 0.271042 0.587827 0.029344 0.026961
12 0.303282 0.600082 0.023552 0.022876
12 0.326062 0.582721 0.020463 0.026552
12 0.340734 0.584150 0.019691 0.024510
12 0.358108 0.594975 0.022780 0.023284
12 0.375869 0.593954 0.019691 0.021242
12 0.373745 0.610090 0.027027 0.023284
12 0.408108 0.619690 0.023938 0.024510
12 0.426448 0.583538 0.024324 0.022467
12 0.433012 0.605392 0.021236 0.021242
12 0.450579 0.594567 0.021622 0.023284
12 0.473938 0.580882 0.025097 0.027778
12 0.463707 0.599673 0.019305 0.017157
12 0.474710 0.618056 0.031274 0.030229
12 0.487645 0.617239 0.021622 0.026961
12 0.499228 0.583538 0.021622 0.021650
12 0.504826 0.595997 0.022008 0.022059
12 0.480502 0.531250 0.022780 0.024101
12 0.414865 0.518995 0.024324 0.022467
12 0.358687 0.563521 0.027799 0.024918
12 0.335714 0.544526 0.026641 0.023693
12 0.337066 0.520629 0.023938 0.021650
12 0.313707 0.502451 0.019691 0.025327
12 0.331274 0.501430 0.020849 0.024918
12 0.276641 0.537786 0.027413 0.024101
12 0.257915 0.526348 0.026255 0.024918
12 0.264479 0.505515 0.027027 0.026552
12 0.186873 0.535539 0.025483 0.026961
12 0.194595 0.494690 0.027799 0.025327
12 0.612162 0.554330 0.029730 0.025327
12 0.583012 0.566789 0.021622 0.016748
12 0.587259 0.580678 0.023166 0.021650
12 0.595174 0.597222 0.020463 0.019608
12 0.628764 0.587827 0.026641 0.022059
12 0.601931 0.615400 0.025483 0.018382
12 0.580116 0.618056 0.029730 0.034314
12 0.562162 0.622141 0.023166 0.022059
12 0.550386 0.605801 0.019691 0.017974
12 0.537645 0.610703 0.022008 0.019608
12 0.540927 0.582312 0.028571 0.020833
12 0.563320 0.570261 0.022394 0.021242
12 0.545367 0.540033 0.019691 0.015523
12 0.515058 0.551062 0.021622 0.019608
12 0.516795 0.568015 0.023552 0.017565
12 0.529151 0.551879 0.018147 0.018791
12 0.545367 0.551675 0.020463 0.016748
12 0.546525 0.566381 0.022008 0.019199
12 0.500386 0.536969 0.023166 0.020016
12 0.496525 0.522876 0.021622 0.018791
12 0.474517 0.497753 0.025483 0.019199
12 0.479344 0.480801 0.023552 0.020425
12 0.459073 0.473856 0.026255 0.022059
12 0.425869 0.475694 0.026255 0.021650
12 0.409846 0.483660 0.020463 0.021242
12 0.406757 0.497141 0.025097 0.016340
12 0.396718 0.488766 0.020463 0.021650
12 0.376641 0.492034 0.022780 0.019199
12 0.361004 0.500000 0.022394 0.022876
12 0.380502 0.513889 0.020463 0.022059
12 0.392471 0.508170 0.021236 0.019608
12 0.150193 0.358456 0.030116 0.028186
12 0.134749 0.423407 0.031660 0.025735
12 0.189768 0.457108 0.029730 0.030229
12 0.195946 0.433824 0.023552 0.028595
12 0.212355 0.437908 0.020849 0.023693
12 0.230309 0.433824 0.022780 0.022876
12 0.220077 0.417484 0.022394 0.017974
12 0.215830 0.404412 0.027799 0.019608
12 0.166988 0.382557 0.024324 0.026552
12 0.187838 0.388480 0.024324 0.024510
12 0.202896 0.388889 0.019691 0.020425
12 0.215637 0.367239 0.022780 0.020425
12 0.224131 0.353962 0.022780 0.023284
12 0.248649 0.358456 0.029344 0.027369
12 0.258301 0.341503 0.024710 0.023693
12 0.260232 0.311479 0.028571 0.025735
12 0.276834 0.354167 0.024710 0.025327
12 0.300000 0.387255 0.022394 0.023693
12 0.221429 0.386846 0.022780 0.017157
12 0.266023 0.432190 0.025483 0.025327
12 0.296139 0.414420 0.020849 0.024918
12 0.311197 0.413194 0.023166 0.028186
12 0.325290 0.390727 0.028185 0.026552
12 0.354826 0.361724 0.027027 0.025735
12 0.354247 0.340686 0.028958 0.031046
12 0.398649 0.347835 0.023552 0.020016
12 0.422587 0.358864 0.026641 0.023284
12 0.428378 0.345180 0.020463 0.021242
12 0.358880 0.410335 0.029730 0.027369
12 0.348649 0.427288 0.025483 0.024510
12 0.373938 0.433211 0.025869 0.024101
12 0.398263 0.403595 0.025869 0.024510
12 0.385907 0.393587 0.021236 0.026552
12 0.458687 0.404003 0.027799 0.024510
12 0.442471 0.348652 0.020849 0.025735
12 0.504633 0.450572 0.028571 0.026961
12 0.477220 0.460989 0.027027 0.024101
12 0.394595 0.462623 0.027027 0.020016
12 0.393050 0.443219 0.023938 0.018791
12 0.335714 0.460172 0.023552 0.023284
12 0.330116 0.472222 0.025483 0.021242
12 0.312162 0.459355 0.017375 0.020833
12 0.300772 0.464461 0.017761 0.022059
12 0.279730 0.453023 0.025097 0.022059
12 0.276834 0.470180 0.025483 0.022876
12 0.379344 0.236724 0.035907 0.031454
12 0.353282 0.191176 0.033205 0.035131
12 0.852317 0.360294 0.012741 0.015523
12 0.760425 0.393791 0.018919 0.017974
12 0.773552 0.399306 0.010425 0.012663
12 0.760232 0.407475 0.014672 0.013480
12 0.771815 0.412990 0.013900 0.018791
12 0.717568 0.125000 0.013514 0.019608
12 0.728571 0.125408 0.009266 0.023693
12 0.737645 0.127042 0.010425 0.015523
12 0.739189 0.149101 0.027413 0.029412
12 0.844402 0.398693 0.020849 0.017974
12 0.841699 0.410539 0.018533 0.012255
12 0.853089 0.417688 0.018919 0.010212
12 0.850386 0.431577 0.014286 0.024918
12 0.861969 0.433211 0.010425 0.022467
12 0.869498 0.424632 0.009266 0.012663
12 0.878571 0.429739 0.022780 0.022059
12 0.838610 0.497549 0.009266 0.015523
12 0.847104 0.498570 0.014672 0.013480
12 0.823552 0.650531 0.016216 0.011846
12 0.825097 0.665645 0.019305 0.016748
12 0.836680 0.683007 0.013900 0.021242
12 0.819498 0.675041 0.016602 0.006944
12 0.826641 0.684028 0.012355 0.015931
12 0.816988 0.683007 0.016988 0.009804
12 0.825869 0.697917 0.020849 0.013480
12 0.769112 0.732639 0.014672 0.010212
12 0.757143 0.733864 0.016216 0.015114
12 0.755985 0.745302 0.020849 0.028186
12 0.752124 0.760825 0.016988 0.017565
12 0.741313 0.743464 0.016988 0.016340
12 0.737452 0.756332 0.016988 0.016748
12 0.732625 0.763276 0.018147 0.015114
12 0.731274 0.775531 0.018533 0.013480
12 0.794595 0.760417 0.023938 0.023284
12 0.778958 0.741830 0.021236 0.013889
12 0.782819 0.751430 0.022780 0.016748
12 0.568533 0.646038 0.014286 0.012663
12 0.572973 0.636846 0.027799 0.019608
12 0.601931 0.646038 0.021622 0.020016
12 0.603089 0.631127 0.017761 0.016340
12 0.612934 0.629085 0.015830 0.018791
12 0.620077 0.622958 0.019305 0.015523
12 0.625483 0.613154 0.019305 0.008987
12 0.619691 0.604167 0.015444 0.013889
12 0.630502 0.600694 0.015444 0.015114
12 0.693822 0.612745 0.017761 0.013072
12 0.687066 0.622753 0.021236 0.018382
12 0.681467 0.636029 0.013127 0.013072
12 0.675290 0.645221 0.023166 0.024918
12 0.289189 0.366422 0.028571 0.015523
12 0.401158 0.381944 0.029344 0.022876
12 0.413900 0.897876 0.025483 0.014706
12 0.422780 0.833538 0.023166 0.017565
12 0.449614 0.850082 0.025869 0.024510
12 0.482239 0.718954 0.021622 0.021242
12 0.494402 0.712418 0.018147 0.017157
12 0.467568 0.670956 0.013127 0.014297
12 0.444402 0.655229 0.020849 0.014706
12 0.459266 0.667484 0.013514 0.013072
12 0.453668 0.673611 0.010811 0.009804
12 0.456178 0.681373 0.011197 0.007353
12 0.467954 0.685458 0.011583 0.013889
12 0.461390 0.690972 0.011583 0.011029
12 0.418340 0.674224 0.012741 0.012663
12 0.423359 0.683619 0.014286 0.017565
12 0.429151 0.665033 0.011969 0.013072
12 0.435135 0.673815 0.010811 0.009395
12 0.438996 0.665850 0.006950 0.011438
12 0.446332 0.667688 0.011583 0.011846
12 0.444788 0.674632 0.007722 0.007761
12 0.436100 0.684436 0.010425 0.012663
12 0.447297 0.681985 0.010425 0.008578
12 0.449421 0.687500 0.013127 0.008987
12 0.449035 0.693832 0.010039 0.006944
12 0.444208 0.700368 0.011197 0.009395
12 0.437452 0.695466 0.010039 0.012663