12 0.415857 0.084256 0.028760 0.025010
12 0.438982 0.058221 0.022930 0.018040
12 0.441508 0.074621 0.027983 0.019680
12 0.459775 0.067856 0.020210 0.025010
12 0.479984 0.062116 0.020987 0.022550
12 0.494365 0.081386 0.022542 0.020090
12 0.500777 0.071341 0.019821 0.018040
12 0.490089 0.055146 0.016323 0.021730
12 0.500972 0.051456 0.012437 0.020910
12 0.509911 0.061501 0.015546 0.018860
12 0.522153 0.061091 0.021376 0.027060
12 0.541197 0.074621 0.020599 0.023780
12 0.557326 0.073596 0.018655 0.024190
12 0.532064 0.161952 0.028760 0.027880
12 0.458026 0.162567 0.029149 0.025010
12 0.482122 0.182862 0.026817 0.022960
12 0.367276 0.160107 0.028760 0.024190
12 0.374271 0.176097 0.025651 0.023370
12 0.387874 0.188192 0.024874 0.022140
12 0.400117 0.200082 0.022153 0.019680
12 0.424796 0.193727 0.018655 0.017630
12 0.418578 0.203977 0.017878 0.019270
12 0.628449 0.078721 0.022542 0.027060
12 0.640109 0.082616 0.015546 0.019270
12 0.653712 0.075236 0.020987 0.020910
12 0.668092 0.076671 0.017878 0.022960
12 0.645356 0.093891 0.022930 0.016400
12 0.660902 0.091636 0.017489 0.016810
12 0.654878 0.104346 0.021764 0.017630
12 0.642246 0.126691 0.020599 0.021320
12 0.653906 0.133046 0.020599 0.021730
12 0.684804 0.120746 0.024874 0.025010
12 0.711232 0.111931 0.020210 0.021320
12 0.737077 0.096556 0.027594 0.025010
12 0.717062 0.128946 0.021764 0.020090
12 0.722114 0.141246 0.022542 0.019270
12 0.737272 0.150062 0.017878 0.017220
12 0.756316 0.156212 0.024874 0.024600
12 0.693937 0.158057 0.022930 0.020910
12 0.664011 0.161542 0.019821 0.019680
12 0.676253 0.174867 0.020987 0.019270
12 0.715896 0.162157 0.023319 0.023370
12 0.705402 0.187372 0.023319 0.022140
12 0.724835 0.185732 0.018655 0.018040
12 0.740575 0.185527 0.019044 0.020090
12 0.623980 0.187372 0.020599 0.021320
12 0.635834 0.189422 0.015546 0.018040
12 0.648465 0.177942 0.022153 0.018860
12 0.651574 0.190857 0.020599 0.017630
12 0.669841 0.188807 0.021376 0.020910
12 0.665371 0.231447 0.024874 0.020910
12 0.721337 0.235957 0.022542 0.021730
12 0.735134 0.215252 0.016712 0.016400
12 0.741353 0.224067 0.017489 0.015990
12 0.735328 0.250103 0.021764 0.021320
12 0.756899 0.203362 0.021376 0.020500
12 0.761757 0.212587 0.018655 0.018450
12 0.756121 0.225502 0.017489 0.019680
12 0.759425 0.236367 0.019433 0.016810
12 0.772250 0.231857 0.015546 0.015170
12 0.781772 0.220787 0.018267 0.023370
12 0.798290 0.231037 0.019433 0.021730
12 0.808589 0.224477 0.019044 0.023370
12 0.817140 0.211767 0.023708 0.021730
12 0.845705 0.214227 0.023319 0.025010
12 0.859697 0.239237 0.028760 0.028290
12 0.835989 0.265068 0.024096 0.023370
12 0.801205 0.266708 0.028372 0.023370
12 0.768169 0.272448 0.022153 0.020910
12 0.804897 0.280853 0.021764 0.019680
12 0.817334 0.285363 0.020987 0.022140
12 0.832686 0.291923 0.022153 0.018860
12 0.860863 0.297458 0.027206 0.025830
12 0.701904 0.266298 0.024096 0.022550
12 0.666343 0.260968 0.018267 0.016810
12 0.677808 0.258098 0.011660 0.013530
12 0.672950 0.269988 0.015935 0.014350
12 0.626700 0.244157 0.024485 0.020910
12 0.602604 0.241082 0.022153 0.020500
12 0.606685 0.220377 0.022542 0.017630
12 0.613486 0.210127 0.024485 0.016810
12 0.628644 0.266708 0.019821 0.020090
12 0.644967 0.282698 0.022153 0.021730
12 0.666731 0.297868 0.026040 0.021730
12 0.614458 0.275318 0.018655 0.015990
12 0.612709 0.265068 0.016712 0.015170
12 0.596774 0.269783 0.019044 0.021320
12 0.646133 0.310578 0.023708 0.022550
12 0.712204 0.311193 0.022153 0.018860
12 0.720754 0.300123 0.018267 0.021320
12 0.732414 0.297663 0.015157 0.020500
12 0.746211 0.290898 0.020210 0.024190
12 0.762534 0.308733 0.023319 0.024600
12 0.776525 0.310578 0.014769 0.018450
12 0.786047 0.303813 0.011271 0.014760
12 0.792849 0.299918 0.010882 0.015990
12 0.786242 0.314268 0.011660 0.011890
12 0.794015 0.313243 0.014769 0.014760
12 0.806646 0.308528 0.016712 0.015990
12 0.808784 0.322468 0.020210 0.016810
12 0.790906 0.327593 0.022542 0.021320
12 0.774194 0.333333 0.020987 0.021320
12 0.847066 0.329848 0.019044 0.018450
12 0.845705 0.343173 0.023319 0.018040
12 0.812864 0.352809 0.022930 0.020090
12 0.795569 0.373924 0.025651 0.022140
12 0.821998 0.369824 0.020210 0.016400
12 0.827633 0.356499 0.013603 0.015170
12 0.834240 0.363469 0.014380 0.020090
12 0.845317 0.366544 0.015546 0.018860
12 0.856588 0.365519 0.013991 0.018450
12 0.859697 0.379869 0.023319 0.016810
12 0.865332 0.390324 0.021376 0.016400
12 0.845900 0.393399 0.022930 0.016810
12 0.842596 0.407544 0.020210 0.018040
12 0.796347 0.423329 0.026428 0.022550
12 0.823552 0.419229 0.024874 0.024190
12 0.853284 0.415744 0.023708 0.021320
12 0.754955 0.373514 0.022930 0.021320
12 0.725029 0.350349 0.019044 0.016810
12 0.732802 0.364494 0.015157 0.015580
12 0.724835 0.367774 0.013991 0.012300
12 0.727750 0.378639 0.019821 0.016810
12 0.704431 0.383764 0.019044 0.018040
12 0.699184 0.353629 0.020210 0.017630
12 0.675476 0.352604 0.017878 0.019680
12 0.662456 0.355679 0.016712 0.017630
12 0.637388 0.348093 0.024096 0.018860
12 0.657987 0.375974 0.024096 0.021320
12 0.652157 0.411234 0.020987 0.017220
12 0.678002 0.418409 0.021376 0.019270
12 0.697046 0.408159 0.020599 0.018450
12 0.710843 0.398319 0.019433 0.019270
12 0.717645 0.411029 0.018267 0.017630
12 0.739215 0.406929 0.018655 0.016810
12 0.734357 0.419434 0.018267 0.015580
12 0.748154 0.424559 0.020210 0.018450
12 0.701904 0.338868 0.016323 0.015990
12 0.714147 0.333538 0.015935 0.015170
12 0.711426 0.349323 0.015157 0.014760
12 0.863000 0.428864 0.019044 0.018040
12 0.842013 0.428659 0.016712 0.015990
12 0.847843 0.441164 0.015935 0.013940
12 0.871551 0.446084 0.018267 0.016400
12 0.858142 0.454285 0.017878 0.018040
12 0.871939 0.460640 0.019044 0.015990
12 0.833074 0.460025 0.026817 0.022140
12 0.797513 0.461050 0.029538 0.023370
12 0.836572 0.478065 0.023708 0.022140
12 0.885154 0.488725 0.024485 0.022140
12 0.873300 0.483600 0.022542 0.019270
12 0.864555 0.479295 0.019044 0.014760
12 0.863778 0.499795 0.025262 0.017220
12 0.861446 0.512095 0.026040 0.016400
12 0.891178 0.530545 0.026428 0.023780
12 0.843373 0.527060 0.021764 0.020910
12 0.816362 0.531775 0.022153 0.021320
12 0.831325 0.535875 0.017878 0.017220
12 0.817917 0.550841 0.019821 0.021730
12 0.801205 0.567651 0.023708 0.020910
12 0.841625 0.542640 0.015935 0.016810
12 0.832297 0.548995 0.019821 0.013940
12 0.879907 0.548380 0.020987 0.020910
12 0.856782 0.543665 0.019044 0.019680
12 0.864944 0.547970 0.012825 0.018450
12 0.880295 0.570111 0.026428 0.020910
12 0.857171 0.589381 0.023708 0.020910
12 0.852312 0.606806 0.020987 0.021320
12 0.842208 0.614186 0.014769 0.020500
12 0.830742 0.616441 0.018267 0.019270
12 0.828993 0.600656 0.020210 0.013120
12 0.837738 0.574211 0.015935 0.014350
12 0.818694 0.610906 0.017489 0.022960
12 0.809949 0.607216 0.017101 0.018860
12 0.793237 0.606191 0.022542 0.022550
12 0.777691 0.590611 0.023319 0.021730
12 0.830354 0.640426 0.022153 0.023780
12 0.852895 0.660517 0.026040 0.024600
12 0.815974 0.656212 0.022153 0.021730
12 0.740575 0.610086 0.024485 0.021320
12 0.743296 0.661952 0.028372 0.025010
12 0.738826 0.563756 0.021764 0.018860
12 0.725612 0.579336 0.019433 0.020500
12 0.713175 0.577081 0.022542 0.021730
12 0.707346 0.560271 0.021764 0.016810
12 0.689468 0.556376 0.020210 0.021320
12 0.705791 0.546330 0.020987 0.017630
12 0.765449 0.436654 0.021376 0.022140
12 0.742907 0.438909 0.022153 0.019270
12 0.711426 0.432759 0.023708 0.019270
12 0.689468 0.424354 0.013991 0.010660
12 0.681695 0.433169 0.017878 0.014350
12 0.655461 0.437064 0.022153 0.013940
12 0.651963 0.447724 0.021376 0.014760
12 0.685192 0.479090 0.016323 0.018450
12 0.672367 0.481755 0.019433 0.021320
12 0.681500 0.499590 0.020599 0.020090
12 0.691799 0.517835 0.018655 0.020500
12 0.710455 0.532185 0.018655 0.017220
12 0.708511 0.510660 0.025651 0.020910
12 0.702293 0.497745 0.014769 0.011480
12 0.704431 0.488110 0.015157 0.010250
12 0.702876 0.478475 0.015935 0.013940
12 0.714147 0.484215 0.014380 0.016400
12 0.629810 0.449569 0.019821 0.017630
12 0.637971 0.460640 0.019821 0.015990
12 0.638360 0.477040 0.018267 0.016810
12 0.651380 0.480115 0.016323 0.018040
12 0.618733 0.479295 0.024874 0.022960
12 0.613098 0.455720 0.020599 0.017630
12 0.597357 0.449774 0.020210 0.014760
12 0.598523 0.435629 0.022542 0.018450
12 0.570540 0.442804 0.019433 0.017220
12 0.574427 0.469250 0.019433 0.015990
12 0.564905 0.482370 0.020599 0.018450
12 0.583949 0.474990 0.016712 0.015990
12 0.585698 0.488315 0.017101 0.015580
12 0.599106 0.506970 0.018267 0.016810
12 0.610377 0.514555 0.017489 0.020500
12 0.627283 0.525625 0.019433 0.016400
12 0.640497 0.537105 0.020987 0.018040
12 0.656044 0.538130 0.014769 0.013530
12 0.649436 0.551251 0.020210 0.014350
12 0.651185 0.561296 0.018267 0.014760
12 0.631947 0.553916 0.018655 0.015580
12 0.617178 0.548380 0.019433 0.018450
12 0.611154 0.565396 0.020599 0.018860
12 0.592693 0.557401 0.017101 0.015990
12 0.583560 0.569086 0.018267 0.016400
12 0.584337 0.520500 0.019821 0.016810
12 0.567042 0.544280 0.015546 0.016810
12 0.556937 0.505740 0.020987 0.014350
12 0.558686 0.515990 0.019821 0.015170
12 0.567237 0.526445 0.018267 0.018040
12 0.653129 0.597786 0.022930 0.020500
12 0.608822 0.598401 0.023708 0.018450
12 0.632530 0.588561 0.015157 0.014350
12 0.621065 0.589381 0.014769 0.014350
12 0.639914 0.627101 0.024485 0.025010
12 0.616401 0.646986 0.024096 0.022140
12 0.593471 0.625871 0.021764 0.020090
12 0.575204 0.602091 0.020987 0.019270
12 0.550525 0.575031 0.020599 0.019270
12 0.514574 0.578926 0.025651 0.021320
12 0.515546 0.601066 0.017489 0.018040
12 0.500777 0.603321 0.020599 0.021730
12 0.527400 0.610496 0.017878 0.019680
12 0.541586 0.616441 0.015935 0.015990
12 0.637583 0.674252 0.024485 0.021730
12 0.629032 0.702337 0.023708 0.020500
12 0.582200 0.660312 0.020210 0.018450
12 0.574621 0.640836 0.019044 0.019680
12 0.563933 0.645961 0.016323 0.014350
12 0.552274 0.628331 0.017101 0.019270
12 0.540031 0.635506 0.026817 0.020500
12 0.523319 0.650062 0.026040 0.018450
12 0.520793 0.659082 0.027206 0.015170
12 0.498640 0.693112 0.021764 0.019270
12 0.514380 0.689012 0.014380 0.014350
12 0.523902 0.692497 0.013214 0.014760
12 0.519821 0.675892 0.012048 0.011890
12 0.529538 0.678762 0.010494 0.010250
12 0.537116 0.676302 0.010105 0.009430
12 0.537699 0.601681 0.018267 0.015990
12 0.546638 0.605576 0.015935 0.017220
12 0.583949 0.675482 0.015935 0.011070
12 0.588224 0.688397 0.019821 0.014760
12 0.583171 0.700287 0.019044 0.017220
12 0.569180 0.713817 0.019044 0.018860
12 0.560630 0.696597 0.015157 0.013120
12 0.554994 0.706027 0.014769 0.012300
12 0.542363 0.695162 0.014380 0.012710
12 0.559269 0.671587 0.012437 0.009840
12 0.776525 0.706437 0.025651 0.022960
12 0.796735 0.707667 0.024096 0.026240
12 0.816168 0.727552 0.024096 0.020090
12 0.820443 0.712382 0.025651 0.018450
12 0.836572 0.717097 0.020599 0.026240
12 0.772833 0.770808 0.026040 0.025420
12 0.767586 0.802993 0.028760 0.025010
12 0.716479 0.807913 0.027594 0.026650
12 0.699572 0.826363 0.020987 0.020910
12 0.668869 0.739032 0.026428 0.021730
12 0.630198 0.772858 0.024485 0.019680
12 0.644773 0.786798 0.024874 0.022140
12 0.610571 0.780443 0.022542 0.019270
12 0.606685 0.725092 0.019433 0.016810
12 0.598912 0.732062 0.021764 0.018450
12 0.590167 0.749282 0.022930 0.017630
12 0.588418 0.770808 0.021764 0.018040
12 0.572872 0.781263 0.022542 0.019270
12 0.680334 0.830053 0.023708 0.023370
12 0.641663 0.822878 0.023319 0.022140
12 0.630198 0.821033 0.013603 0.017630
12 0.617567 0.818983 0.020987 0.020090
12 0.587641 0.814268 0.019433 0.018040
12 0.598717 0.818983 0.019044 0.015170
12 0.606685 0.826363 0.017101 0.012710
12 0.602798 0.838048 0.020210 0.018040
12 0.586669 0.838048 0.019821 0.019680
12 0.574427 0.865519 0.022542 0.020500
12 0.610571 0.859984 0.016323 0.014350
12 0.622037 0.850349 0.021376 0.017220
12 0.632724 0.858344 0.020210 0.019270
12 0.639332 0.868594 0.018655 0.013530
12 0.622620 0.871259 0.020987 0.021320
12 0.500777 0.852809 0.028372 0.023780
12 0.512631 0.773473 0.026428 0.022550
12 0.548387 0.755023 0.027206 0.024190
12 0.496113 0.734727 0.021376 0.021320
12 0.479013 0.732882 0.022930 0.017630
12 0.476681 0.719967 0.024485 0.017220
12 0.482705 0.711152 0.023319 0.015990
12 0.462689 0.678967 0.021376 0.018040
12 0.478041 0.649036 0.021764 0.018860
12 0.534979 0.727142 0.018267 0.014350
12 0.534784 0.716482 0.016323 0.013530
12 0.547027 0.713407 0.015935 0.012300
12 0.557520 0.720992 0.019044 0.015170
12 0.534201 0.688397 0.014380 0.013120
12 0.432569 0.743337 0.018655 0.017220
12 0.445977 0.747027 0.021376 0.022140
12 0.397590 0.732472 0.025651 0.018450
12 0.376603 0.731037 0.019433 0.017220
12 0.379712 0.691062 0.022542 0.016810
12 0.390789 0.662977 0.022153 0.021320
12 0.402837 0.657032 0.022153 0.019270
12 0.423630 0.656622 0.020987 0.018450
12 0.439953 0.646576 0.025651 0.015580
12 0.443063 0.660517 0.025651 0.018860
12 0.475126 0.609881 0.023708 0.020090
12 0.495531 0.623411 0.026428 0.020090
12 0.406335 0.629561 0.025262 0.021730
12 0.380295 0.626896 0.026817 0.018860
12 0.365332 0.606806 0.024096 0.018860
12 0.354450 0.594506 0.021764 0.018860
12 0.341819 0.601476 0.024485 0.019680
12 0.376215 0.572981 0.020210 0.016810
12 0.387291 0.560066 0.023708 0.018040
12 0.402060 0.573801 0.022153 0.018450
12 0.406335 0.563346 0.020599 0.014760
12 0.433346 0.561706 0.027206 0.022140
12 0.327050 0.653137 0.028372 0.022140
12 0.302176 0.654572 0.022930 0.019270
12 0.297901 0.634071 0.024485 0.020910
12 0.291683 0.597171 0.025262 0.019270
12 0.309755 0.576466 0.023319 0.017220
12 0.315002 0.568676 0.024485 0.016400
12 0.336572 0.569701 0.024874 0.018450
12 0.337155 0.555146 0.026040 0.016400
12 0.495531 0.534235 0.023319 0.018860
12 0.503109 0.519885 0.022930 0.016400
12 0.514769 0.528085 0.021376 0.018860
12 0.535562 0.531365 0.020210 0.018040
12 0.547610 0.525215 0.018655 0.017220
12 0.544501 0.544690 0.024874 0.019270
12 0.472600 0.511070 0.024874 0.018450
12 0.469685 0.492620 0.024485 0.021730
12 0.449864 0.497130 0.027594 0.018450
12 0.455888 0.475195 0.025651 0.019680
12 0.472211 0.451620 0.024874 0.019270
12 0.413719 0.439729 0.024485 0.021730
12 0.421298 0.518040 0.027206 0.022550
12 0.411582 0.533620 0.023319 0.015990
12 0.400311 0.544895 0.020210 0.015580
12 0.414108 0.546945 0.022930 0.017220
12 0.387291 0.523780 0.027594 0.016810
12 0.376215 0.510660 0.021764 0.019270
12 0.388651 0.512095 0.019433 0.015580
12 0.354644 0.511275 0.026817 0.020500
12 0.362223 0.472940 0.021764 0.018450
12 0.345122 0.472325 0.023319 0.019680
12 0.345317 0.455720 0.019044 0.015990
12 0.358337 0.453260 0.017101 0.019270
12 0.508939 0.456745 0.026817 0.022140
12 0.522542 0.466175 0.020599 0.017220
12 0.532841 0.473350 0.022542 0.017630
12 0.545278 0.463715 0.023319 0.017220
12 0.538476 0.439114 0.022153 0.018040
12 0.521959 0.437884 0.023319 0.013940
12 0.524485 0.427224 0.026040 0.015580
12 0.546638 0.425379 0.023708 0.019270
12 0.282744 0.799303 0.029926 0.024190
12 0.320054 0.839278 0.028372 0.025420
12 0.407890 0.843173 0.035367 0.032390
12 0.434318 0.815908 0.029149 0.020500
12 0.413914 0.804838 0.025651 0.023780
12 0.424990 0.788028 0.024485 0.021320
12 0.438010 0.778803 0.025651 0.023370
12 0.391566 0.776343 0.026040 0.019270
12 0.388263 0.752153 0.022542 0.020910
12 0.382239 0.763838 0.023708 0.019680
12 0.368636 0.755843 0.024485 0.017630
12 0.342596 0.741492 0.029149 0.025010
12 0.345900 0.698442 0.028760 0.025830
12 0.314808 0.704182 0.027983 0.025830
12 0.248543 0.699877 0.023708 0.024600
12 0.234551 0.660517 0.025262 0.026240
12 0.145161 0.636531 0.028372 0.029930
12 0.127089 0.574416 0.026428 0.028700
12 0.156238 0.582411 0.025651 0.024190
12 0.173921 0.575441 0.020599 0.022550
12 0.204236 0.608241 0.022153 0.023370
12 0.209677 0.634686 0.026040 0.027060
12 0.221920 0.605576 0.020987 0.021320
12 0.232608 0.592456 0.022153 0.022960
12 0.215896 0.583436 0.020599 0.020500
12 0.205014 0.574621 0.021376 0.021730
12 0.189662 0.568881 0.024096 0.021730
12 0.204625 0.556991 0.019821 0.021730
12 0.186358 0.543870 0.019821 0.017630
12 0.189468 0.525215 0.020599 0.019680
12 0.207734 0.517835 0.025262 0.023780
12 0.209677 0.496925 0.024485 0.024600
12 0.229887 0.498360 0.018267 0.025010
12 0.242907 0.500000 0.013991 0.025010
12 0.252623 0.501640 0.017101 0.020910
12 0.269141 0.511685 0.022153 0.022140
12 0.291683 0.502870 0.023708 0.025830
12 0.330354 0.500000 0.022542 0.024190
12 0.329965 0.519885 0.022542 0.024600
12 0.289545 0.529930 0.023319 0.025830
12 0.279052 0.537105 0.020987 0.020500
12 0.263311 0.569086 0.021376 0.021320
12 0.285853 0.579746 0.020599 0.018860
12 0.197046 0.472530 0.024096 0.026650
12 0.290517 0.439729 0.024485 0.026650
12 0.301399 0.460230 0.026817 0.023370
12 0.332297 0.424559 0.020987 0.023370
12 0.358920 0.420664 0.025262 0.018860
12 0.356393 0.404879 0.020987 0.018450
12 0.366693 0.397909 0.022930 0.022550
12 0.257870 0.340713 0.027594 0.031160
12 0.212592 0.316728 0.025651 0.027470
12 0.342596 0.284133 0.026040 0.027880
12 0.348232 0.234932 0.024096 0.023780
12 0.356005 0.224887 0.019433 0.018450
12 0.378546 0.257073 0.017101 0.022960
12 0.397396 0.251128 0.021376 0.021730
12 0.375826 0.212997 0.020210 0.016810
12 0.377769 0.224682 0.020210 0.022960
12 0.390595 0.229807 0.020987 0.017630
12 0.407695 0.211152 0.019433 0.018860
12 0.431014 0.292743 0.027983 0.027060
12 0.480762 0.212997 0.024096 0.025010
12 0.528177 0.233087 0.024096 0.021730
12 0.521376 0.245797 0.028372 0.022550
12 0.520404 0.288643 0.027206 0.029520
12 0.521376 0.314678 0.025262 0.025010
12 0.519238 0.352809 0.027206 0.026650
12 0.584337 0.206232 0.026817 0.024600
12 0.562767 0.282288 0.019433 0.023370
12 0.547998 0.287618 0.021764 0.022550
12 0.555771 0.298893 0.021764 0.017220
12 0.584337 0.308938 0.025262 0.024190
12 0.607462 0.320623 0.022542 0.021320
12 0.580257 0.279828 0.024096 0.027470
12 0.503692 0.411644 0.019433 0.022140
12 0.516712 0.406724 0.019044 0.022140
12 0.541003 0.412054 0.022542 0.019680
12 0.564710 0.406929 0.022542 0.024190
12 0.538088 0.567856 0.019821 0.013940
12 0.626117 0.583026 0.015546 0.010660
12 0.629227 0.569906 0.019433 0.015580
12 0.652351 0.497540 0.026817 0.015990
12 0.651185 0.510250 0.022930 0.008610
12 0.647688 0.519065 0.018267 0.009020
12 0.661873 0.521525 0.013214 0.009840
12 0.659347 0.531775 0.018267 0.010660
12 0.723475 0.523780 0.013603 0.012710
12 0.716673 0.511685 0.016323 0.005740
12 0.715702 0.508200 0.019821 0.009430
12 0.715702 0.498975 0.017489 0.005740
12 0.527011 0.670562 0.008550 0.008610
12 0.535950 0.668922 0.008550 0.009430
12 0.551108 0.649446 0.012437 0.009840
12 0.556549 0.658262 0.010882 0.010250
12 0.552857 0.660107 0.008939 0.008200
12 0.539448 0.651292 0.014769 0.011070
12 0.547610 0.656827 0.013214 0.004920
12 0.543335 0.662362 0.014769 0.010250
12 0.543335 0.672817 0.010882 0.011480
12 0.550913 0.673432 0.007384 0.010250
12 0.559658 0.679992 0.009328 0.011070
12 0.548193 0.682247 0.012825 0.009020
12 0.547998 0.688192 0.016323 0.011890
12 0.596580 0.677327 0.013991 0.014760