12 0.659931 0.103966 0.037651 0.038276
12 0.697755 0.158276 0.037997 0.035172
12 0.706908 0.206724 0.032815 0.041034
12 0.738860 0.213793 0.032470 0.037241
12 0.551123 0.142241 0.041796 0.038276
12 0.428670 0.133966 0.042832 0.039655
12 0.497927 0.243448 0.041105 0.037931
12 0.439724 0.227414 0.039378 0.038276
12 0.327979 0.219310 0.035579 0.036552
12 0.396718 0.239483 0.034888 0.027241
12 0.399309 0.265690 0.039378 0.028621
12 0.608808 0.304655 0.041105 0.041724
12 0.549741 0.358276 0.040415 0.035862
12 0.434542 0.378966 0.035233 0.034483
12 0.348877 0.299655 0.037306 0.035862
12 0.259585 0.303621 0.041105 0.036897
12 0.212608 0.313103 0.038342 0.039310
12 0.324180 0.395345 0.041105 0.033448
12 0.309326 0.313103 0.030052 0.035172
12 0.325389 0.330690 0.037306 0.023448
12 0.337306 0.353103 0.030052 0.030345
12 0.317444 0.353103 0.024180 0.026897
12 0.239724 0.382069 0.036615 0.035172
12 0.255613 0.403448 0.035924 0.035172
12 0.313817 0.434483 0.040415 0.034483
12 0.400518 0.439310 0.039033 0.036552
12 0.445250 0.476379 0.038687 0.036207
12 0.436788 0.431034 0.023834 0.033103
12 0.458722 0.432759 0.022107 0.027586
12 0.599136 0.487069 0.039724 0.038276
12 0.445596 0.520862 0.037997 0.041034
12 0.610881 0.378966 0.039724 0.034483
12 0.599655 0.405517 0.037306 0.037931
12 0.758031 0.372931 0.039724 0.043103
12 0.824180 0.297759 0.032470 0.043793
12 0.788083 0.295862 0.033506 0.034483
12 0.804663 0.306897 0.027288 0.034483
12 0.858722 0.416552 0.037997 0.039310
12 0.816580 0.438966 0.033851 0.035862
12 0.795164 0.452414 0.034542 0.036552
12 0.672021 0.364483 0.036960 0.035172
12 0.705354 0.357931 0.030397 0.035172
12 0.683765 0.345000 0.027979 0.024483
12 0.841796 0.477241 0.037997 0.035862
12 0.748014 0.461724 0.036269 0.033103
12 0.770121 0.482586 0.040415 0.038276
12 0.786528 0.526207 0.033851 0.033103
12 0.652850 0.599483 0.037997 0.038966
12 0.517271 0.595000 0.039033 0.039655
12 0.781520 0.582069 0.039724 0.037241
12 0.615544 0.702241 0.045596 0.040345
12 0.369085 0.613966 0.036960 0.033448
12 0.682902 0.713103 0.036615 0.036552
12 0.806563 0.635862 0.035233 0.033793
12 0.574611 0.602069 0.039033 0.033793
12 0.588428 0.627586 0.039033 0.034483
12 0.791364 0.767759 0.042142 0.040345
12 0.552850 0.802586 0.036960 0.039655
12 0.506218 0.805000 0.034888 0.037586
12 0.532297 0.852759 0.039378 0.038621
12 0.426770 0.791897 0.040415 0.040345
12 0.371675 0.762241 0.034542 0.029310
12 0.325043 0.771207 0.039378 0.037586
12 0.356995 0.798448 0.036269 0.036207
12 0.408117 0.844310 0.041105 0.035517
12 0.428497 0.881552 0.028670 0.028621
12 0.399309 0.874828 0.031088 0.022759
12 0.405181 0.917586 0.029016 0.033793
12 0.381174 0.907414 0.027288 0.036897
12 0.210881 0.730517 0.037651 0.036897
12 0.171503 0.684828 0.043869 0.035862
12 0.134370 0.567759 0.040760 0.038276
12 0.183938 0.547241 0.038342 0.035172
12 0.258031 0.585345 0.033851 0.036897
12 0.228497 0.592241 0.031434 0.040345
12 0.245941 0.651379 0.033161 0.037931
12 0.281693 0.623621 0.036960 0.027931
12 0.274266 0.650345 0.033851 0.033103
12 0.235751 0.694655 0.025907 0.032069
12 0.211917 0.696552 0.023834 0.034483
12 0.269603 0.697586 0.027288 0.037931
12 0.292746 0.696897 0.025216 0.033793
12 0.339378 0.636724 0.036269 0.032069
12 0.323661 0.627586 0.032470 0.033103
12 0.331779 0.701552 0.039724 0.030000
12 0.321934 0.679138 0.034542 0.029310
12 0.308808 0.551897 0.033851 0.032759
12 0.278756 0.541724 0.035233 0.030345
12 0.249741 0.508276 0.033161 0.036552
12 0.283938 0.472069 0.037997 0.031724
12 0.326943 0.496207 0.036269 0.031724
12 0.309326 0.518103 0.027288 0.031379
12 0.288946 0.510172 0.026598 0.028621
12 0.280311 0.502414 0.030743 0.032414
12 0.899309 0.634483 0.039033 0.037931
12 0.874439 0.673448 0.041796 0.037931
12 0.858722 0.636724 0.037997 0.033448
12 0.855786 0.603276 0.032124 0.031379
12 0.870294 0.524138 0.029361 0.037241
12 0.932124 0.514138 0.043869 0.039310
12 0.873575 0.583103 0.034542 0.035172
12 0.887219 0.572759 0.038342 0.024828
12 0.891710 0.551207 0.035579 0.024483
12 0.895682 0.523621 0.025561 0.029310