13 0.583593 0.285360 0.019617 0.025676
13 0.194828 0.384009 0.054391 0.048198
13 0.758582 0.321622 0.049487 0.045946
13 0.444717 0.198874 0.055729 0.042793
13 0.454079 0.258559 0.032546 0.041441
13 0.461436 0.759234 0.040125 0.050901
13 0.584708 0.910586 0.038787 0.047297
13 0.332590 0.373874 0.042800 0.039640
13 0.435132 0.166667 0.046366 0.041441
13 0.454971 0.329730 0.039679 0.049550
13 0.476594 0.058108 0.050825 0.048649
13 0.571779 0.857883 0.051271 0.041892
13 0.899911 0.562162 0.039679 0.053153
13 0.202407 0.420495 0.048150 0.044595
13 0.608783 0.273649 0.036112 0.040991
13 0.533883 0.845045 0.026304 0.037838
13 0.534106 0.148198 0.041016 0.044144
13 0.664289 0.140766 0.044583 0.052703
13 0.700178 0.683784 0.050379 0.060360
13 0.563308 0.173423 0.041462 0.040541
13 0.893669 0.236486 0.058404 0.049550
13 0.325903 0.411486 0.048150 0.051802
13 0.695720 0.793694 0.031654 0.037838
13 0.253901 0.648874 0.028979 0.038288
13 0.618145 0.156982 0.043246 0.038288
13 0.616139 0.453378 0.031208 0.034685
13 0.694605 0.412838 0.036558 0.031081
13 0.211770 0.721622 0.040125 0.052252
13 0.582256 0.370495 0.028533 0.034685
13 0.657379 0.820946 0.031654 0.048198
13 0.334374 0.507432 0.035667 0.044595
13 0.331030 0.740991 0.037896 0.031532
13 0.587160 0.127703 0.038342 0.037387
13 0.832367 0.697297 0.049933 0.061261
13 0.623941 0.124324 0.033437 0.032432
13 0.853990 0.279730 0.044137 0.045045
13 0.351092 0.185360 0.052162 0.053604
13 0.900357 0.517568 0.044137 0.040541
13 0.553946 0.058333 0.052162 0.058108
13 0.771066 0.795946 0.029871 0.046847
13 0.593848 0.311486 0.041908 0.041892
13 0.867142 0.395495 0.046366 0.053153
13 0.366919 0.756532 0.039233 0.040991
13 0.823451 0.256532 0.036558 0.047297
13 0.489746 0.729955 0.038787 0.033784
13 0.533214 0.014414 0.052608 0.028828
13 0.562416 0.949550 0.047704 0.051351
13 0.510477 0.200901 0.047258 0.043243
13 0.299376 0.222748 0.057512 0.045495
13 0.740526 0.343919 0.044583 0.039189
13 0.337049 0.704505 0.041016 0.029730
13 0.471244 0.291892 0.033883 0.040541
13 0.450290 0.375225 0.045475 0.048649
13 0.530539 0.265991 0.027642 0.051802
13 0.397013 0.885811 0.053946 0.055405
13 0.737851 0.467568 0.040125 0.034234
13 0.161837 0.719820 0.032992 0.055856
13 0.314980 0.461036 0.042354 0.053604
13 0.609006 0.829054 0.049933 0.050000
13 0.797370 0.720721 0.032546 0.045045
13 0.835934 0.431982 0.033883 0.036937
13 0.758359 0.578378 0.030317 0.036036
13 0.738297 0.209685 0.042800 0.055405
13 0.740303 0.784685 0.032546 0.041441
13 0.308738 0.181081 0.041462 0.045946
13 0.716005 0.872748 0.049041 0.053604
13 0.934463 0.568919 0.046366 0.046847
13 0.404815 0.372748 0.034775 0.050901
13 0.193491 0.573198 0.035667 0.036486
13 0.868034 0.520721 0.038342 0.046847
13 0.646233 0.940541 0.044137 0.059459
13 0.911280 0.295045 0.058850 0.060360
13 0.865582 0.332658 0.043246 0.056306
13 0.859563 0.210811 0.053500 0.044144
13 0.357780 0.680856 0.066429 0.047297
13 0.694828 0.073423 0.053946 0.054955
13 0.706420 0.746396 0.047704 0.042342
13 0.696166 0.588739 0.048596 0.042342
13 0.784886 0.566667 0.036112 0.035135
13 0.855551 0.454730 0.023183 0.028378
13 0.866696 0.169820 0.043691 0.061261
13 0.804057 0.364414 0.039679 0.054955
13 0.876282 0.488739 0.033437 0.032432
13 0.585377 0.408108 0.023183 0.032432
13 0.649354 0.402703 0.045921 0.044144
13 0.518056 0.398874 0.038342 0.050000
13 0.277084 0.692342 0.030762 0.041441
13 0.417075 0.826126 0.047704 0.045946
13 0.629068 0.574550 0.034775 0.035586
13 0.243424 0.773874 0.026750 0.045946
13 0.878288 0.449099 0.030317 0.029730
13 0.563977 0.778378 0.059741 0.046847
13 0.606554 0.370721 0.030762 0.021622
13 0.773741 0.845270 0.058404 0.050901
13 0.497102 0.828153 0.045475 0.040991
13 0.286670 0.778378 0.024075 0.046847
13 0.652697 0.538964 0.030317 0.031982
13 0.339055 0.243468 0.058404 0.025676
13 0.558181 0.402703 0.030317 0.036937
13 0.658939 0.443018 0.027642 0.037387
13 0.550156 0.805180 0.047258 0.036486
13 0.356219 0.630856 0.051716 0.036486
13 0.777307 0.348198 0.031654 0.045045
13 0.374944 0.521622 0.029425 0.027027
13 0.677664 0.468919 0.024075 0.024324
13 0.260588 0.747973 0.027196 0.023874
13 0.694383 0.438964 0.042354 0.029279
13 0.866696 0.426802 0.029425 0.024775
13 0.642666 0.464189 0.016496 0.022072
13 0.675881 0.809910 0.033883 0.043243
13 0.485510 0.265315 0.024075 0.039640
13 0.629514 0.547748 0.037450 0.034234
13 0.632412 0.505405 0.037004 0.051351
13 0.233393 0.663514 0.024521 0.030631
13 0.255684 0.679955 0.022737 0.026577
13 0.272626 0.772748 0.023629 0.035586
13 0.501337 0.246171 0.025412 0.029279
13 0.654704 0.582207 0.020062 0.027477
13 0.529202 0.822973 0.028533 0.034234
13 0.564646 0.275901 0.017387 0.038288
13 0.365359 0.503378 0.032546 0.021171
13 0.627062 0.486937 0.034329 0.029730
13 0.660945 0.480180 0.020954 0.024324