13 0.309615 0.090603 0.025413 0.031184
13 0.329310 0.234935 0.028378 0.028234
13 0.412749 0.243995 0.024142 0.029499
13 0.427997 0.292035 0.032613 0.029499
13 0.348581 0.329751 0.029648 0.034134
13 0.396019 0.339654 0.025413 0.031184
13 0.371453 0.369153 0.027107 0.031184
13 0.136806 0.414454 0.027107 0.036662
13 0.225540 0.475769 0.028378 0.035398
13 0.547014 0.499579 0.034307 0.034134
13 0.652690 0.471134 0.027107 0.022756
13 0.585345 0.621787 0.022872 0.032448
13 0.879077 0.560261 0.015671 0.019806
13 0.864464 0.568057 0.021177 0.018542
13 0.838839 0.598399 0.024142 0.025284
13 0.869547 0.622208 0.025413 0.028234
13 0.903007 0.632743 0.027107 0.024020
13 0.566074 0.299831 0.024142 0.028234
13 0.600381 0.254530 0.024142 0.022756
13 0.629394 0.283607 0.022872 0.029499
13 0.744600 0.179520 0.031343 0.022756
13 0.812791 0.140118 0.025413 0.034134
13 0.884583 0.218500 0.024142 0.024020
13 0.924185 0.309102 0.029648 0.024020
13 0.785049 0.270965 0.024142 0.026970
13 0.766624 0.258112 0.027107 0.024020