13 0.428391 0.100968 0.035383 0.035339
13 0.223041 0.256626 0.029907 0.026925
13 0.563184 0.512831 0.026959 0.043753
13 0.824979 0.588347 0.032435 0.036601
13 0.730623 0.615482 0.036647 0.031132
13 0.683446 0.668279 0.029907 0.029870
13 0.731466 0.673328 0.038332 0.034077
13 0.500000 0.746950 0.031171 0.028187
13 0.709562 0.734329 0.028222 0.034077
13 0.759056 0.769247 0.031171 0.028187
13 0.939975 0.703828 0.029907 0.018511
13 0.580876 0.905764 0.022746 0.026925
13 0.133109 0.795541 0.022746 0.026925
13 0.147430 0.820993 0.022746 0.029870