13 0.584200 0.843737 0.027443 0.032640
13 0.345114 0.887597 0.027443 0.035496
13 0.134719 0.614443 0.033264 0.032640
13 0.083992 0.531416 0.033264 0.041208
13 0.064033 0.495920 0.039085 0.035496
13 0.141996 0.450632 0.024532 0.029784
13 0.463825 0.603427 0.028690 0.038352
13 0.328482 0.453488 0.025780 0.035496
13 0.467568 0.461852 0.030353 0.021216
13 0.469647 0.484496 0.022869 0.024072
13 0.758212 0.408813 0.040333 0.031008
13 0.892100 0.467564 0.046154 0.038352
13 0.523909 0.383313 0.033264 0.033864
13 0.487734 0.322317 0.033264 0.025296
13 0.457588 0.354549 0.030353 0.032640
13 0.422037 0.361893 0.031601 0.031008
13 0.415800 0.316197 0.027443 0.021216
13 0.349480 0.204202 0.018711 0.024072
13 0.368815 0.213586 0.031601 0.019992
13 0.410395 0.209302 0.025780 0.031008
13 0.540333 0.127091 0.028690 0.033864
13 0.710395 0.199918 0.027859 0.017136
13 0.733264 0.226846 0.021206 0.029376
13 0.712682 0.218482 0.019127 0.019992