13 0.367592 0.944104 0.025694 0.026928
13 0.381268 0.837209 0.021550 0.031008
13 0.157273 0.750918 0.030253 0.033864
13 0.124948 0.412077 0.034397 0.046512
13 0.125984 0.311098 0.038956 0.033864
13 0.123083 0.279478 0.033154 0.032640
13 0.215292 0.276622 0.028595 0.032640
13 0.373601 0.382497 0.028595 0.035496
13 0.411521 0.575683 0.033154 0.042432
13 0.485495 0.478580 0.028595 0.021216
13 0.485702 0.456344 0.025694 0.024072
13 0.844592 0.686863 0.025694 0.029784
13 0.760879 0.560996 0.027352 0.026928
13 0.577082 0.418401 0.036055 0.028152
13 0.578326 0.348633 0.030253 0.029784
13 0.538127 0.360465 0.030253 0.028152
13 0.497928 0.348021 0.024451 0.031008
13 0.522379 0.308242 0.036055 0.033864
13 0.578947 0.213586 0.037298 0.028152
13 0.730626 0.211342 0.033154 0.026928
13 0.523622 0.178091 0.024451 0.022440
13 0.535640 0.195838 0.022793 0.026928
13 0.831123 0.362097 0.024451 0.022440
13 0.837339 0.392493 0.022793 0.021216
13 0.823249 0.379437 0.021136 0.018768