13 0.797921 0.159708 0.032432 0.033820
13 0.597297 0.181628 0.033680 0.032568
13 0.247193 0.208559 0.029522 0.037996
13 0.321830 0.427975 0.032432 0.040919
13 0.038462 0.459708 0.037838 0.042589
13 0.389397 0.656994 0.029522 0.029645
13 0.272557 0.893319 0.029522 0.029645
13 0.697297 0.769937 0.028274 0.026722
13 0.720374 0.743841 0.021206 0.025470
13 0.725364 0.784134 0.025364 0.032568
13 0.624948 0.544676 0.024116 0.031315
13 0.646362 0.573486 0.025364 0.029645
13 0.714137 0.482255 0.025364 0.028392
13 0.737630 0.463883 0.024116 0.028392
13 0.561123 0.345929 0.037838 0.035491
13 0.709148 0.285804 0.029522 0.031315
13 0.538669 0.410438 0.021206 0.028392
13 0.587110 0.432777 0.022453 0.031315
13 0.569023 0.425052 0.019543 0.032568