13 0.445240 0.142707 0.041281 0.048198
13 0.701348 0.145641 0.032856 0.033948
13 0.545282 0.547360 0.028222 0.039396
13 0.353623 0.688181 0.028222 0.032691
13 0.319292 0.860645 0.031171 0.029757
13 0.724094 0.927703 0.018534 0.028080
13 0.705350 0.764669 0.029907 0.029757
13 0.620051 0.729044 0.026959 0.029757
13 0.547599 0.742456 0.026959 0.028080
13 0.579612 0.770956 0.031171 0.033948
13 0.527591 0.807837 0.024010 0.025566
13 0.540438 0.865675 0.026959 0.028080
13 0.039596 0.504191 0.022746 0.026823
13 0.034541 0.530386 0.026959 0.025566