14 0.543958 0.100000 0.026723 0.023417
14 0.321069 0.114779 0.029435 0.024568
14 0.367545 0.205374 0.030209 0.032246
14 0.511038 0.262188 0.024400 0.022265
14 0.484314 0.322649 0.029822 0.029559
14 0.623160 0.357582 0.027111 0.024952
14 0.473857 0.393666 0.017428 0.023417
14 0.438226 0.375432 0.027498 0.020729
14 0.320101 0.239155 0.018978 0.018426
14 0.268784 0.220154 0.027885 0.022649
14 0.221534 0.187908 0.027111 0.024952
14 0.208559 0.221497 0.025949 0.019962
14 0.180674 0.251823 0.025174 0.025336
14 0.144462 0.255854 0.027885 0.019578
14 0.292215 0.265835 0.018203 0.018810
14 0.278660 0.279079 0.023625 0.021497
14 0.272076 0.357582 0.025949 0.024952
14 0.326878 0.362956 0.024012 0.021881
14 0.351278 0.334165 0.020139 0.018042
14 0.360767 0.349136 0.022851 0.018042
14 0.359218 0.372937 0.021301 0.021113
14 0.335980 0.379463 0.021301 0.018042
14 0.329783 0.391555 0.021301 0.019962
14 0.237994 0.348944 0.027498 0.024568
14 0.235476 0.324184 0.024787 0.021113
14 0.171766 0.331862 0.029822 0.024184
14 0.142719 0.316507 0.026723 0.020345
14 0.144462 0.346641 0.022463 0.022265
14 0.207591 0.372553 0.022463 0.018042
14 0.151239 0.389635 0.027498 0.021497
14 0.071456 0.394818 0.021301 0.022649
14 0.072231 0.430902 0.021301 0.021881
14 0.160147 0.435701 0.023625 0.022265
14 0.072424 0.506910 0.025562 0.022649
14 0.097018 0.541651 0.026723 0.022265
14 0.137103 0.545298 0.024012 0.022649
14 0.164020 0.528023 0.025949 0.020345
14 0.171960 0.547025 0.026336 0.023800
14 0.211270 0.569674 0.030596 0.026871
14 0.230635 0.502879 0.025949 0.023033
14 0.219404 0.448752 0.027498 0.024568
14 0.236638 0.458925 0.024787 0.024184
14 0.305383 0.416315 0.026723 0.024184
14 0.307707 0.466603 0.021301 0.021113
14 0.287180 0.476775 0.026723 0.022265
14 0.299187 0.490979 0.022851 0.017658
14 0.266460 0.516891 0.024012 0.021113
14 0.266847 0.542610 0.024012 0.020345
14 0.322037 0.515163 0.025174 0.019962
14 0.426801 0.451056 0.019365 0.019962
14 0.480635 0.467946 0.020139 0.015355
14 0.513168 0.510557 0.025562 0.029175
14 0.482378 0.527255 0.025174 0.023417
14 0.379938 0.597697 0.029435 0.020729
14 0.441325 0.600192 0.026723 0.025720
14 0.406855 0.649328 0.031371 0.023417
14 0.494771 0.621305 0.024400 0.021113
14 0.547057 0.622457 0.029047 0.026488
14 0.592951 0.599040 0.022463 0.026488
14 0.611929 0.598848 0.022463 0.026104
14 0.609218 0.540115 0.024787 0.022265
14 0.603796 0.483109 0.025562 0.022649
14 0.578428 0.464683 0.027498 0.019578
14 0.590434 0.432438 0.027498 0.024184
14 0.555771 0.416123 0.025562 0.018426
14 0.538536 0.418426 0.014330 0.011516
14 0.542990 0.428791 0.021689 0.017658
14 0.555383 0.437620 0.018590 0.026104
14 0.662084 0.455662 0.032146 0.027639
14 0.667699 0.485413 0.023238 0.021113
14 0.693067 0.538004 0.028273 0.021113
14 0.081332 0.624760 0.026336 0.025720
14 0.104570 0.664107 0.017041 0.022265
14 0.083850 0.673704 0.025949 0.019194
14 0.191518 0.766219 0.025174 0.024568
14 0.165957 0.818042 0.019752 0.016891
14 0.235089 0.828407 0.025562 0.023033
14 0.480054 0.695777 0.026723 0.024952
14 0.479086 0.671785 0.027111 0.021497
14 0.499613 0.673321 0.024787 0.023800
14 0.502905 0.713436 0.025949 0.022649
14 0.541634 0.765643 0.027498 0.024184
14 0.561774 0.788676 0.016654 0.022649
14 0.537568 0.805758 0.027111 0.023033
14 0.559837 0.829750 0.020527 0.024952
14 0.579589 0.661612 0.027498 0.025720
14 0.596437 0.656814 0.020914 0.023800
14 0.611735 0.643954 0.032920 0.028791
14 0.602634 0.684453 0.022463 0.019962
14 0.612703 0.701344 0.027885 0.022265
14 0.605926 0.736084 0.024400 0.024952
14 0.608443 0.769674 0.027111 0.021497
14 0.618900 0.795585 0.026336 0.022649
14 0.649303 0.746641 0.025174 0.023800
14 0.640008 0.691747 0.025174 0.031478
14 0.663439 0.697505 0.027885 0.029942
14 0.666150 0.736468 0.018590 0.021113
14 0.248644 0.891939 0.017041 0.016507
14 0.290666 0.910940 0.022076 0.021497
14 0.329396 0.915931 0.027498 0.025336
14 0.369675 0.866027 0.026723 0.026104
14 0.412858 0.924376 0.028660 0.026104
14 0.406274 0.948177 0.017041 0.013052
14 0.481022 0.855086 0.022463 0.024952
14 0.536019 0.935893 0.027885 0.027639
14 0.585399 0.956430 0.025174 0.013436
14 0.608249 0.939539 0.024400 0.022649
14 0.644268 0.941075 0.026723 0.019578
14 0.716305 0.894626 0.018978 0.022649
14 0.730248 0.890787 0.019752 0.022649
14 0.716499 0.857965 0.026336 0.023800
14 0.693648 0.823800 0.021689 0.016123
14 0.667699 0.799808 0.024787 0.024184
14 0.765105 0.811132 0.025174 0.024568
14 0.756197 0.748369 0.028273 0.023417
14 0.712045 0.737236 0.026723 0.021881
14 0.693648 0.758541 0.020914 0.016891
14 0.704880 0.718618 0.022463 0.023033
14 0.703524 0.630134 0.026723 0.022649
14 0.721146 0.643186 0.028660 0.022649
14 0.835786 0.600768 0.024787 0.022265
14 0.751162 0.708445 0.024400 0.022649
14 0.780790 0.704415 0.021689 0.018426
14 0.788536 0.692706 0.017816 0.016507
14 0.822812 0.690211 0.025174 0.023033
14 0.809644 0.702495 0.018978 0.022265
14 0.835786 0.715547 0.019365 0.018426
14 0.830364 0.726296 0.022463 0.013052
14 0.828040 0.737044 0.023238 0.023033
14 0.897366 0.745106 0.017816 0.017658
14 0.739156 0.245106 0.027498 0.025720