14 0.530188 0.136412 0.040130 0.042965
14 0.569053 0.129968 0.033984 0.031507
14 0.672090 0.136770 0.036153 0.035804
14 0.572487 0.257250 0.037961 0.030433
14 0.489154 0.246151 0.033261 0.025421
14 0.505965 0.292159 0.027115 0.032939
14 0.520246 0.305943 0.026030 0.026853
14 0.600506 0.341926 0.033984 0.028643
14 0.665582 0.288937 0.031092 0.032939
14 0.704628 0.296813 0.026753 0.031507
14 0.761208 0.281776 0.027115 0.033656
14 0.787780 0.315252 0.027477 0.028285
14 0.739154 0.314536 0.027838 0.026853
14 0.740600 0.333154 0.027838 0.024705
14 0.837129 0.358754 0.027838 0.031507
14 0.632683 0.360723 0.031815 0.030433
14 0.602133 0.371106 0.027838 0.029717
14 0.565618 0.401182 0.037961 0.029001
14 0.436370 0.390261 0.031815 0.031507
14 0.335141 0.337093 0.028923 0.026137
14 0.270607 0.204082 0.027838 0.030075
14 0.356291 0.402077 0.029284 0.035088
14 0.303507 0.398854 0.030007 0.033656
14 0.293384 0.417293 0.022054 0.024705
14 0.495842 0.442356 0.027115 0.029717
14 0.490962 0.477802 0.031092 0.029001
14 0.615691 0.413176 0.025307 0.030075
14 0.634309 0.411386 0.017715 0.022914
14 0.646240 0.409058 0.024946 0.026137
14 0.650940 0.427139 0.024946 0.021482
14 0.690347 0.424991 0.026392 0.022914
14 0.692336 0.440208 0.023861 0.018260
14 0.699385 0.459184 0.027115 0.029717
14 0.729935 0.403509 0.021692 0.033656
14 0.745119 0.400823 0.021692 0.028285
14 0.774223 0.374687 0.031453 0.026853
14 0.753796 0.429467 0.024584 0.029001
14 0.819595 0.397064 0.032538 0.028643
14 0.808930 0.421232 0.025669 0.030433
14 0.779646 0.428034 0.022777 0.029001
14 0.770788 0.469030 0.021692 0.023631
14 0.855929 0.392947 0.029284 0.026137
14 0.848518 0.414250 0.022415 0.029359
14 0.873644 0.428392 0.026392 0.029717
14 0.841106 0.440029 0.024946 0.023631
14 0.849602 0.459900 0.035430 0.029717
14 0.778923 0.396885 0.025669 0.026853
14 0.764642 0.404583 0.020246 0.023631
14 0.777296 0.446831 0.037599 0.026495
14 0.812364 0.478339 0.023138 0.031507
14 0.793926 0.483530 0.020246 0.013247
14 0.790311 0.472431 0.018800 0.024705
14 0.851772 0.498926 0.023138 0.023989
14 0.823753 0.500000 0.024223 0.026137
14 0.808207 0.527211 0.017715 0.028285
14 0.825560 0.533298 0.024946 0.023989
14 0.826103 0.515575 0.019523 0.020766
14 0.854302 0.525779 0.029646 0.028285
14 0.849964 0.554422 0.026753 0.027569
14 0.868583 0.547619 0.022777 0.016828
14 0.863521 0.559434 0.015546 0.017544
14 0.854121 0.567311 0.016992 0.015396
14 0.861533 0.582528 0.022415 0.022198
14 0.877802 0.576978 0.020969 0.022556
14 0.873644 0.592911 0.019884 0.023631
14 0.888648 0.598818 0.022415 0.026137
14 0.865148 0.612245 0.023138 0.022198
14 0.878344 0.616004 0.018438 0.022556
14 0.895155 0.619943 0.020246 0.025421
14 0.927332 0.637845 0.023861 0.024705
14 0.875452 0.630147 0.020607 0.021482
14 0.882140 0.646259 0.020246 0.024347
14 0.896421 0.649302 0.019161 0.021124
14 0.882863 0.669710 0.018800 0.026853
14 0.900940 0.676513 0.025307 0.021840
14 0.909074 0.687612 0.016992 0.018260
14 0.888648 0.697279 0.031815 0.026853
14 0.884671 0.720909 0.020969 0.025421
14 0.905098 0.714465 0.016992 0.016828
14 0.687816 0.551020 0.037961 0.030075
14 0.566522 0.570712 0.032538 0.031507
14 0.451374 0.665055 0.030730 0.026853
14 0.444505 0.692087 0.029284 0.030791
14 0.462762 0.744540 0.031815 0.029717
14 0.391179 0.642499 0.033984 0.029001
14 0.802784 0.825815 0.030007 0.032581
14 0.640817 0.832796 0.026392 0.034372
14 0.770065 0.869137 0.031092 0.026137
14 0.720174 0.899391 0.025307 0.023631
14 0.709147 0.908163 0.016269 0.019692
14 0.587129 0.913892 0.026753 0.037594
14 0.566161 0.929108 0.023861 0.023631
14 0.553326 0.941103 0.028561 0.026137
14 0.469450 0.921411 0.038684 0.026853
14 0.373463 0.702112 0.033984 0.029359
14 0.422451 0.928034 0.025669 0.027211
14 0.413594 0.943072 0.024584 0.022198
14 0.391179 0.945936 0.021692 0.019334
14 0.402025 0.920874 0.023138 0.026495
14 0.388467 0.928750 0.025669 0.024347
14 0.376717 0.911923 0.015907 0.016470
14 0.363341 0.917114 0.021692 0.027569
14 0.346529 0.911923 0.027838 0.025779
14 0.330803 0.918904 0.031092 0.027569
14 0.333153 0.895990 0.026392 0.026137
14 0.310376 0.902256 0.030007 0.032939
14 0.300795 0.882743 0.029646 0.027569
14 0.279465 0.875582 0.023861 0.028285
14 0.160521 0.771393 0.022415 0.017544
14 0.169197 0.786430 0.023138 0.030433
14 0.189805 0.791264 0.019523 0.031507
14 0.193962 0.818117 0.029284 0.026495
14 0.214931 0.845865 0.027838 0.028285
14 0.224693 0.858038 0.016269 0.026853
14 0.237346 0.866094 0.016992 0.022914
14 0.248915 0.867168 0.018438 0.026495
14 0.251265 0.890082 0.020246 0.026495
14 0.263919 0.873255 0.022415 0.034372
14 0.268077 0.659685 0.027838 0.026853
14 0.283442 0.600430 0.034707 0.035088
14 0.353218 0.592374 0.023138 0.026853
14 0.366594 0.580021 0.021692 0.026495
14 0.380333 0.566953 0.031092 0.025421
14 0.247289 0.572682 0.023138 0.026137
14 0.231562 0.560150 0.025669 0.023989
14 0.090202 0.661296 0.039407 0.034372
14 0.133044 0.755460 0.032538 0.031507
14 0.187455 0.543502 0.035069 0.033656
14 0.205712 0.496957 0.023138 0.027927
14 0.223427 0.484425 0.024584 0.034372
14 0.172813 0.453813 0.023861 0.029717
14 0.178959 0.434658 0.025307 0.023631
14 0.153109 0.367884 0.029284 0.026853
14 0.171728 0.335840 0.023138 0.022198
14 0.154013 0.329932 0.023138 0.026137
14 0.155640 0.300573 0.028561 0.026853
14 0.185466 0.288758 0.023138 0.024705