14 0.833595 0.710330 0.016896 0.009819
14 0.748134 0.889238 0.009430 0.008641
14 0.736739 0.893559 0.013360 0.013354
14 0.313360 0.920856 0.014538 0.014533
14 0.432220 0.950707 0.015717 0.012176
14 0.660118 0.929301 0.021218 0.017282
14 0.603929 0.948350 0.016503 0.011390
14 0.715914 0.728397 0.019646 0.019246
14 0.644990 0.685585 0.022397 0.021603
14 0.534774 0.431461 0.014931 0.012176
14 0.530452 0.421838 0.012574 0.009427
14 0.722986 0.229969 0.023576 0.025530
14 0.513752 0.094462 0.029470 0.029458
14 0.492141 0.264336 0.025540 0.023566
14 0.612967 0.356638 0.039293 0.023566
14 0.340864 0.208366 0.029470 0.029458
14 0.291749 0.121956 0.041257 0.029458
14 0.834971 0.583464 0.035363 0.033386
14 0.689587 0.530440 0.027505 0.017675
14 0.607073 0.537313 0.027505 0.019639
14 0.724951 0.634525 0.019646 0.021603
14 0.703340 0.621760 0.019646 0.019639
14 0.771906 0.797133 0.026326 0.024745
14 0.726719 0.843873 0.024754 0.021603
14 0.702554 0.814808 0.023576 0.018460
14 0.677603 0.788885 0.020825 0.017675
14 0.625540 0.788885 0.020432 0.017675
14 0.570530 0.824234 0.024361 0.017675
14 0.570923 0.784368 0.019646 0.016496
14 0.551473 0.763158 0.025540 0.019639
14 0.547937 0.803614 0.024754 0.019639
14 0.556778 0.931068 0.024361 0.021603
14 0.495285 0.851532 0.017682 0.019639
14 0.436346 0.927730 0.021611 0.022781
14 0.352456 0.924784 0.022790 0.020817
14 0.387819 0.868421 0.020432 0.019639
14 0.622986 0.928712 0.021611 0.020817
14 0.509037 0.716614 0.021611 0.020817
14 0.484676 0.698350 0.017682 0.019639
14 0.414735 0.658288 0.033399 0.023566
14 0.381336 0.606049 0.033399 0.019639
14 0.440864 0.607031 0.024361 0.025530
14 0.496857 0.625884 0.020825 0.017675
14 0.546562 0.622742 0.023576 0.025530
14 0.479175 0.531422 0.026326 0.019639
14 0.511198 0.519639 0.027505 0.023566
14 0.477603 0.476434 0.025540 0.019639
14 0.418664 0.458366 0.029470 0.018853
14 0.321611 0.530047 0.021611 0.024745
14 0.267583 0.562451 0.027505 0.022781
14 0.215521 0.592891 0.025540 0.020817
14 0.226719 0.522781 0.020432 0.019639
14 0.263065 0.533975 0.020825 0.018460
14 0.174656 0.572270 0.026326 0.022781
14 0.165422 0.551060 0.019646 0.015711
14 0.136739 0.573645 0.027505 0.025530
14 0.209430 0.785350 0.023576 0.024745
14 0.255796 0.846426 0.023576 0.022781
14 0.660904 0.480951 0.020432 0.022388
14 0.596464 0.480951 0.023576 0.020817
14 0.581925 0.433818 0.027505 0.022388
14 0.569548 0.464650 0.018468 0.015711
14 0.669352 0.689709 0.021611 0.019639
14 0.708055 0.707777 0.018861 0.018853
14 0.761100 0.733700 0.022790 0.019639
14 0.754813 0.695405 0.019646 0.013747
14 0.698428 0.748036 0.016896 0.012962
14 0.670727 0.729772 0.020432 0.019639
14 0.656974 0.740573 0.020432 0.017675
14 0.612770 0.733700 0.024754 0.019639
14 0.619057 0.764729 0.029470 0.018853
14 0.484086 0.676355 0.024361 0.020424
14 0.505501 0.674784 0.018468 0.019639
14 0.591552 0.596819 0.021611 0.022388
14 0.612770 0.597800 0.020825 0.022781
14 0.465029 0.401807 0.021611 0.023566
14 0.465815 0.326984 0.025540 0.022388
14 0.425737 0.383936 0.023969 0.016104
14 0.547151 0.417714 0.016896 0.015318
14 0.545972 0.439513 0.019253 0.020424
14 0.654813 0.450707 0.029470 0.023174
14 0.301179 0.251178 0.018468 0.015318
14 0.246169 0.234289 0.025540 0.023174
14 0.194695 0.204242 0.025540 0.024352
14 0.186837 0.241359 0.023969 0.023174
14 0.260314 0.293598 0.020039 0.021603
14 0.273281 0.277101 0.017682 0.016104
14 0.160904 0.273566 0.020039 0.021603
14 0.125540 0.282404 0.023183 0.026709
14 0.158743 0.354478 0.022790 0.020031
14 0.125933 0.340927 0.022397 0.018068
14 0.129862 0.371367 0.023969 0.021603
14 0.141061 0.415750 0.024361 0.017675
14 0.062083 0.425570 0.023576 0.022388
14 0.066601 0.461312 0.022397 0.021603
14 0.072888 0.533975 0.020825 0.020031
14 0.098232 0.568932 0.026719 0.019246
14 0.152456 0.458955 0.022790 0.020817
14 0.213949 0.468775 0.022397 0.020817
14 0.232809 0.478005 0.024754 0.018068
14 0.294695 0.507659 0.019646 0.013747
14 0.301179 0.482129 0.015324 0.018460
14 0.281925 0.490377 0.021611 0.019246
14 0.296464 0.431068 0.020039 0.020817
14 0.319253 0.405145 0.020825 0.018460
14 0.327112 0.394933 0.019253 0.014533
14 0.347544 0.384721 0.021611 0.019246
14 0.348723 0.360566 0.017682 0.018853
14 0.337132 0.346229 0.013360 0.017675
14 0.314145 0.375295 0.020825 0.020031
14 0.259528 0.375295 0.020039 0.023174
14 0.198035 0.394540 0.024361 0.020031
14 0.220236 0.343284 0.024754 0.025137
14 0.223379 0.365475 0.026326 0.020817
14 0.117682 0.693048 0.020825 0.019246
14 0.092141 0.652200 0.020825 0.020817
14 0.099411 0.702082 0.022790 0.025530
14 0.618271 0.698547 0.023969 0.018460
14 0.585265 0.662412 0.025540 0.026316
14 0.600982 0.654360 0.020039 0.021995
14 0.608055 0.682050 0.020039 0.014533
14 0.608448 0.635114 0.023969 0.013354
14 0.618664 0.643559 0.016896 0.012962
14 0.822200 0.674588 0.023183 0.020817
14 0.789784 0.679104 0.014145 0.011783
14 0.784872 0.691477 0.017682 0.019246
14 0.813949 0.687942 0.014538 0.015318
14 0.838703 0.700903 0.020825 0.012176
14 0.833202 0.723881 0.019253 0.018068
14 0.741650 0.873134 0.020825 0.016496
14 0.728487 0.879615 0.022004 0.020031