14 0.482581 0.065778 0.021505 0.024076
14 0.770968 0.214316 0.020215 0.021066
14 0.656344 0.355331 0.026667 0.023646
14 0.406882 0.384351 0.026667 0.022356
14 0.314194 0.469690 0.017634 0.016767
14 0.298065 0.476354 0.012903 0.011178
14 0.346667 0.230009 0.024086 0.023216
14 0.279785 0.267197 0.021935 0.022786
14 0.193333 0.355116 0.027957 0.025795
14 0.168602 0.648753 0.022366 0.020636
14 0.296774 0.630267 0.024946 0.023216
14 0.416344 0.710662 0.022366 0.024076
14 0.412903 0.780095 0.026667 0.023646
14 0.721720 0.600602 0.019785 0.021496
14 0.735914 0.575881 0.027527 0.022786
14 0.482151 0.861995 0.024086 0.025795
14 0.572903 0.898323 0.024946 0.023646
14 0.646452 0.777730 0.022366 0.022356
14 0.693763 0.857696 0.022366 0.023216
14 0.768817 0.778160 0.022796 0.025795
14 0.803656 0.735598 0.027097 0.024936
14 0.901505 0.660576 0.024946 0.027085