14 0.440668 0.090490 0.026951 0.026886
14 0.637168 0.200843 0.023331 0.022071
14 0.704344 0.253210 0.020113 0.022472
14 0.275945 0.153892 0.032180 0.022873
14 0.274940 0.313604 0.022124 0.022071
14 0.506235 0.366372 0.024537 0.022472
14 0.697104 0.573234 0.023331 0.030899
14 0.434433 0.672352 0.024135 0.026886
14 0.310137 0.739567 0.024940 0.026485
14 0.266291 0.571228 0.022526 0.026886
14 0.181014 0.481942 0.024940 0.023274
14 0.247184 0.385032 0.017297 0.022071
14 0.283186 0.408708 0.016090 0.025281
14 0.267498 0.406100 0.016895 0.018459
14 0.401448 0.475522 0.020917 0.027287
14 0.371480 0.478531 0.024537 0.022873
14 0.337088 0.505016 0.027353 0.030899
14 0.311344 0.537319 0.030571 0.022472
14 0.312550 0.565811 0.021722 0.020064