14 0.441419 0.044881 0.013894 0.009644
14 0.558956 0.042841 0.008637 0.012240
14 0.521404 0.043954 0.018400 0.011499
14 0.500376 0.042470 0.013143 0.011499
14 0.382651 0.060460 0.015772 0.020030
14 0.361434 0.064355 0.013894 0.013724
14 0.308111 0.109421 0.016147 0.022997
14 0.292339 0.116283 0.013894 0.020401
14 0.260984 0.143361 0.014270 0.018175
14 0.245024 0.141320 0.016898 0.023739
14 0.312242 0.382418 0.019902 0.025223
14 0.329891 0.356639 0.022906 0.024110
14 0.212542 0.377226 0.021029 0.022997
14 0.200713 0.387611 0.024409 0.021513
14 0.290274 0.537648 0.016523 0.018175
14 0.641757 0.475148 0.020278 0.020772
14 0.627300 0.496847 0.019151 0.021142
14 0.544874 0.551743 0.023282 0.023368
14 0.643447 0.557678 0.019902 0.018917
14 0.680999 0.601632 0.020653 0.018546
14 0.672550 0.619622 0.021029 0.022626
14 0.636312 0.650223 0.022906 0.024481
14 0.434848 0.650964 0.027037 0.022997
14 0.369884 0.505564 0.021780 0.022997
14 0.366128 0.536536 0.020278 0.019659
14 0.407435 0.554525 0.025535 0.023739
14 0.403305 0.597923 0.023282 0.022997
14 0.250282 0.597366 0.025160 0.027819
14 0.203905 0.544325 0.028539 0.024852
14 0.150394 0.573628 0.030417 0.025593
14 0.301540 0.720512 0.027788 0.026335
14 0.277694 0.761869 0.025911 0.022255
14 0.444048 0.501298 0.019902 0.020401
14 0.432595 0.497218 0.012768 0.018175
14 0.328389 0.501484 0.025911 0.023739
14 0.269245 0.517990 0.023282 0.022626
14 0.237514 0.471810 0.028915 0.022255
14 0.216861 0.492025 0.027413 0.024852
14 0.195268 0.451224 0.023282 0.021142
14 0.164852 0.403932 0.024033 0.026706
14 0.087683 0.446958 0.022155 0.021513
14 0.044686 0.557307 0.027788 0.018175
14 0.041682 0.464577 0.024033 0.021142
14 0.067030 0.356639 0.022906 0.024110
14 0.283890 0.437315 0.024784 0.020030
14 0.240518 0.503709 0.019151 0.015579
14 0.243710 0.489429 0.027788 0.013724
14 0.372888 0.606269 0.024033 0.024852
14 0.401051 0.629266 0.021029 0.021142
14 0.341532 0.625927 0.021404 0.018175
14 0.344912 0.610349 0.022155 0.018917
14 0.280886 0.557493 0.021029 0.017804
14 0.292903 0.569547 0.018776 0.018175
14 0.285205 0.573999 0.020653 0.015208
14 0.301727 0.547663 0.019902 0.015950
14 0.298535 0.519844 0.016523 0.011499
14 0.304168 0.530601 0.021029 0.010757
14 0.248780 0.408754 0.022155 0.020030
14 0.293654 0.403190 0.024033 0.021513
14 0.233571 0.421921 0.024784 0.024852
14 0.236012 0.362760 0.024409 0.024481
14 0.200150 0.325482 0.024784 0.021884
14 0.203342 0.353116 0.027413 0.023739
14 0.307736 0.272441 0.026662 0.026335
14 0.295156 0.343472 0.019527 0.017804
14 0.303980 0.362389 0.022906 0.025223
14 0.188697 0.431009 0.018400 0.020030
14 0.199399 0.425074 0.018025 0.017804
14 0.198648 0.407641 0.027788 0.019288
14 0.614908 0.757418 0.019151 0.024481
14 0.645325 0.771328 0.022155 0.025593
14 0.805295 0.772812 0.025911 0.026335
14 0.754225 0.665801 0.019902 0.027448
14 0.720428 0.712908 0.024409 0.018546
14 0.723244 0.687685 0.016523 0.020030
14 0.731130 0.697144 0.020278 0.014466
14 0.751784 0.613501 0.019527 0.025223
14 0.789335 0.593843 0.027037 0.022997
14 0.779196 0.529488 0.024033 0.024852
14 0.846038 0.643917 0.029290 0.023739
14 0.873075 0.665801 0.023282 0.025223
14 0.865753 0.607381 0.025911 0.022626
14 0.866128 0.553783 0.022906 0.023739
14 0.876831 0.527819 0.021029 0.020030
14 0.808862 0.508346 0.024033 0.022626
14 0.826699 0.484421 0.022906 0.022997
14 0.786894 0.488501 0.016147 0.017062
14 0.798723 0.484978 0.017274 0.024110
14 0.778258 0.439911 0.022155 0.024481
14 0.753474 0.417656 0.025160 0.023739
14 0.782952 0.368509 0.027788 0.022626
14 0.771686 0.385200 0.020278 0.018175
14 0.839842 0.412092 0.025911 0.023739
14 0.820879 0.432493 0.022531 0.025223
14 0.825385 0.349592 0.021780 0.024852
14 0.843973 0.288205 0.025160 0.023739
14 0.877394 0.367211 0.022155 0.022255
14 0.911566 0.492211 0.026662 0.026706
14 0.896170 0.543212 0.021404 0.021884
14 0.893353 0.391506 0.023282 0.024852
14 0.907247 0.336981 0.030041 0.032270
14 0.833834 0.243880 0.025911 0.026335
14 0.849042 0.229228 0.023282 0.025964
14 0.772437 0.141135 0.025535 0.024852
14 0.733947 0.133531 0.025911 0.024481
14 0.678558 0.081231 0.015772 0.020772
14 0.711228 0.097552 0.017274 0.018546
14 0.729816 0.104970 0.022155 0.017062
14 0.583928 0.076224 0.024033 0.021884
14 0.566091 0.079191 0.022155 0.025593
14 0.523845 0.064726 0.024033 0.025593
14 0.485543 0.082344 0.027788 0.026706
14 0.484792 0.052856 0.017274 0.024852
14 0.464138 0.056009 0.018025 0.023739
14 0.451183 0.123702 0.019151 0.021884
14 0.435036 0.126298 0.019151 0.025593
14 0.392978 0.105156 0.020653 0.017433
14 0.385280 0.083828 0.020278 0.017804
14 0.374014 0.108865 0.020278 0.022626
14 0.453060 0.823257 0.025160 0.021142
14 0.336650 0.830304 0.027413 0.025593
14 0.366879 0.875185 0.031543 0.029303
14 0.274315 0.307122 0.011641 0.014095
14 0.220616 0.296921 0.022155 0.018175
14 0.206722 0.262055 0.020653 0.020401
14 0.224183 0.262055 0.021029 0.021142
14 0.227187 0.278190 0.020278 0.019288
14 0.207661 0.279674 0.015772 0.020030
14 0.214983 0.221996 0.028164 0.022626
14 0.214420 0.200111 0.023282 0.018917
14 0.234134 0.191580 0.019902 0.024852
14 0.263612 0.168027 0.024784 0.024481
14 0.288772 0.180267 0.021029 0.019288
14 0.280323 0.193991 0.022155 0.020030
14 0.273751 0.220512 0.020278 0.021884
14 0.260796 0.231639 0.022906 0.024852
14 0.335712 0.102930 0.023282 0.025593
14 0.332332 0.126113 0.024033 0.022997
14 0.319940 0.137797 0.020278 0.018175
14 0.232257 0.160794 0.022155 0.024110
14 0.304356 0.135015 0.014645 0.017804