14 0.401115 0.074747 0.037175 0.024354
14 0.440892 0.074560 0.029740 0.024728
14 0.432156 0.094417 0.026394 0.023979
14 0.416914 0.102848 0.021190 0.022855
14 0.402416 0.096853 0.021933 0.016111
14 0.474721 0.086549 0.023048 0.027726
14 0.492937 0.087299 0.020818 0.021731
14 0.491822 0.068003 0.028253 0.024354
14 0.473048 0.040839 0.016729 0.014987
14 0.496283 0.044773 0.022305 0.019858
14 0.527138 0.118396 0.019331 0.026227
14 0.543680 0.121019 0.021190 0.020982
14 0.587361 0.087673 0.026766 0.023230
14 0.574349 0.061821 0.021561 0.025478
14 0.593680 0.061072 0.018587 0.026976
14 0.612825 0.055264 0.015242 0.016860
14 0.632528 0.061821 0.015985 0.016486
14 0.668216 0.069127 0.018216 0.013863
14 0.628810 0.077370 0.024907 0.028100
14 0.663197 0.103410 0.024535 0.024728
14 0.682900 0.104721 0.020074 0.029599
14 0.346097 0.088985 0.023048 0.020607
14 0.360037 0.095167 0.015242 0.015736
14 0.326022 0.104534 0.032714 0.026227
14 0.354461 0.119333 0.030112 0.024354
14 0.378253 0.137692 0.025651 0.021356
14 0.364126 0.148745 0.017472 0.018734
14 0.320446 0.136193 0.026766 0.024354
14 0.299071 0.142375 0.024164 0.019483
14 0.295167 0.155114 0.026022 0.020982
14 0.338662 0.183589 0.027509 0.026227
14 0.353160 0.172537 0.020074 0.022855
14 0.374535 0.232859 0.027138 0.025852
14 0.333086 0.253840 0.014870 0.013863
14 0.278625 0.198764 0.021933 0.022855
14 0.295539 0.202885 0.020074 0.021356
14 0.292007 0.217310 0.023420 0.022480
14 0.284572 0.232109 0.019703 0.019108
14 0.277881 0.214500 0.022677 0.021356
14 0.255948 0.257025 0.026394 0.025478
14 0.771190 0.133758 0.021190 0.021731
14 0.799442 0.155489 0.020446 0.021731
14 0.814870 0.167291 0.020074 0.022106
14 0.811524 0.196141 0.027509 0.028100
14 0.845167 0.208318 0.022677 0.025478
14 0.900929 0.313039 0.022677 0.028100
14 0.882714 0.323529 0.027138 0.026602
14 0.884201 0.371675 0.026394 0.028475
14 0.934387 0.430686 0.026394 0.031098
14 0.853903 0.426939 0.024535 0.025852
14 0.899628 0.453915 0.030483 0.028100
14 0.908922 0.481454 0.031970 0.030723
14 0.852416 0.487261 0.020074 0.025103
14 0.831041 0.506182 0.023420 0.025478
14 0.806320 0.433496 0.020818 0.023979
14 0.795353 0.446797 0.024164 0.022855
14 0.769888 0.474522 0.026766 0.025103
14 0.787175 0.500749 0.024164 0.025103
14 0.647955 0.507306 0.022305 0.026976
14 0.631970 0.520420 0.026766 0.023230
14 0.537546 0.557700 0.025279 0.027351
14 0.628439 0.585987 0.025651 0.023979
14 0.766729 0.591233 0.024164 0.023230
14 0.786245 0.550955 0.019331 0.017610
14 0.797584 0.553391 0.020446 0.021731
14 0.801115 0.576995 0.024535 0.027726
14 0.824535 0.561259 0.025279 0.027726
14 0.903532 0.583552 0.022677 0.024354
14 0.863383 0.613338 0.024164 0.024728
14 0.876952 0.630011 0.024535 0.022855
14 0.846097 0.634695 0.027509 0.027726
14 0.761338 0.656800 0.030483 0.023230
14 0.657249 0.639753 0.022305 0.020607
14 0.407249 0.630573 0.028625 0.026976
14 0.603717 0.677407 0.025279 0.022480
14 0.646468 0.656426 0.028996 0.024728
14 0.722677 0.665418 0.026766 0.027726
14 0.837361 0.686587 0.024164 0.028100
14 0.808364 0.720120 0.026394 0.026976
14 0.828439 0.745036 0.028625 0.028100
14 0.714870 0.720307 0.026766 0.031847
14 0.677138 0.732297 0.019703 0.020607
14 0.684572 0.743350 0.024907 0.018734
14 0.668030 0.755714 0.027509 0.023230
14 0.739033 0.838891 0.030483 0.033720
14 0.584572 0.797490 0.024907 0.024354
14 0.558736 0.776695 0.026766 0.024728
14 0.383271 0.806107 0.032714 0.024354
14 0.259294 0.668602 0.031599 0.030348
14 0.224164 0.705695 0.031970 0.032596
14 0.268587 0.784376 0.027138 0.030348
14 0.287546 0.838142 0.033829 0.032971
14 0.381784 0.600225 0.026022 0.021731
14 0.321561 0.587486 0.021561 0.020982
14 0.329182 0.573248 0.024164 0.020232
14 0.355948 0.572874 0.024907 0.027726
14 0.389405 0.571937 0.024164 0.024354
14 0.403532 0.530910 0.027881 0.026976
14 0.447584 0.483140 0.029740 0.028100
14 0.379554 0.470401 0.028996 0.025103
14 0.368401 0.502623 0.026022 0.024354
14 0.338104 0.459161 0.029368 0.027351
14 0.308922 0.478082 0.018587 0.026976
14 0.300743 0.497003 0.019331 0.019858
14 0.295353 0.485575 0.023420 0.017984
14 0.277881 0.505620 0.021190 0.019108
14 0.282900 0.519483 0.031227 0.020607
14 0.237732 0.535032 0.024907 0.026227
14 0.206877 0.471338 0.030855 0.028475
14 0.149628 0.487636 0.029368 0.026602
14 0.233457 0.423005 0.028253 0.025478
14 0.256320 0.408205 0.026394 0.025103
14 0.253717 0.434058 0.027138 0.031847
14 0.276766 0.459535 0.026394 0.025103
14 0.312639 0.385725 0.026022 0.022855
14 0.266543 0.360435 0.028253 0.027726
14 0.222119 0.376171 0.028625 0.023979
14 0.120632 0.349756 0.028625 0.024354
14 0.223606 0.354253 0.033829 0.023604
14 0.072862 0.348632 0.025279 0.019108
14 0.049628 0.445298 0.024164 0.025103
14 0.122862 0.254215 0.028625 0.026602
14 0.094610 0.283252 0.015985 0.014987
14 0.203346 0.325403 0.027509 0.027351
14 0.254647 0.282690 0.024535 0.023604
14 0.281413 0.299925 0.023792 0.025852
14 0.258364 0.310416 0.022305 0.025103
14 0.242379 0.317909 0.019331 0.022106
14 0.234944 0.334957 0.020818 0.021731
14 0.283086 0.349569 0.027138 0.024728
14 0.326022 0.353503 0.025279 0.028850
14 0.352602 0.337767 0.018959 0.028100
14 0.347955 0.319783 0.026022 0.024354
14 0.343494 0.297490 0.027509 0.024728
14 0.373048 0.314912 0.024164 0.029599