15 0.192280 0.259272 0.027620 0.031084
15 0.112252 0.407453 0.025496 0.024373
15 0.529391 0.442247 0.027620 0.023313
15 0.531870 0.526846 0.023371 0.018721
15 0.430595 0.532851 0.029037 0.022254
15 0.419086 0.557224 0.022309 0.020841
15 0.268414 0.547686 0.029037 0.024373
15 0.054178 0.436065 0.016289 0.017308
15 0.186084 0.660014 0.026558 0.030025
15 0.216891 0.760155 0.028683 0.025433
15 0.255666 0.803426 0.031161 0.027905
15 0.353399 0.747616 0.029745 0.037089
15 0.419618 0.626810 0.027620 0.032144
15 0.590297 0.605263 0.031161 0.022960
15 0.669263 0.654892 0.026912 0.028965
15 0.744157 0.697457 0.032224 0.020841
15 0.696176 0.743024 0.027620 0.027905
15 0.523548 0.873013 0.030099 0.030025