15 0.864748 0.337393 0.014128 0.017496
15 0.890937 0.305146 0.022398 0.031904
15 0.383529 0.519554 0.032391 0.031218
15 0.350276 0.673928 0.036871 0.029846
15 0.368539 0.704631 0.027912 0.032247
15 0.427464 0.651458 0.036871 0.039108
15 0.419538 0.687479 0.034804 0.030189
15 0.412819 0.718010 0.030324 0.032247
15 0.417298 0.756432 0.030324 0.045969
15 0.471916 0.684220 0.034804 0.050429
15 0.469676 0.774443 0.039283 0.027787
15 0.504652 0.786964 0.027912 0.052830
15 0.514817 0.720240 0.039283 0.036707
15 0.535320 0.669468 0.043763 0.034648
15 0.545658 0.614065 0.027912 0.037050
15 0.479841 0.570154 0.036871 0.039108
15 0.613715 0.478731 0.032391 0.023671
15 0.612853 0.449228 0.030669 0.032590
15 0.584252 0.317153 0.027912 0.029846
15 0.592867 0.260206 0.023088 0.027787
15 0.602688 0.217324 0.019297 0.025729
15 0.659373 0.285935 0.024466 0.025729
15 0.728980 0.274957 0.024466 0.027787
15 0.757926 0.376672 0.029979 0.032247
15 0.771537 0.425386 0.030324 0.034305
15 0.747760 0.288508 0.020675 0.020583
15 0.922467 0.631046 0.037216 0.038765
15 0.926947 0.596055 0.032391 0.036707
15 0.940558 0.495540 0.036871 0.043568
15 0.924707 0.451458 0.041695 0.045969
15 0.893005 0.393654 0.027912 0.034648
15 0.884907 0.339451 0.025500 0.034648
15 0.857684 0.324357 0.018608 0.014751
15 0.798932 0.309262 0.025844 0.027101