15 0.251318 0.115276 0.019684 0.014432
15 0.220211 0.140971 0.019332 0.015839
15 0.210545 0.155579 0.022496 0.016895
15 0.184710 0.177226 0.015817 0.016543
15 0.329877 0.090461 0.011599 0.014080
15 0.337610 0.093453 0.020035 0.027807
15 0.352197 0.088525 0.017575 0.017951
15 0.336380 0.168075 0.029525 0.032735
15 0.443058 0.086589 0.027768 0.026751
15 0.494903 0.085885 0.026011 0.026047
15 0.372759 0.278599 0.031283 0.022879
15 0.454833 0.275431 0.027417 0.024991
15 0.502109 0.268215 0.022144 0.019007
15 0.548155 0.211545 0.017223 0.023231
15 0.569772 0.213833 0.018278 0.019359
15 0.573111 0.233017 0.019332 0.021823
15 0.594903 0.238120 0.019332 0.020063
15 0.551670 0.262584 0.015114 0.014080
15 0.562566 0.258008 0.015114 0.014080
15 0.568893 0.270503 0.019332 0.017951
15 0.594728 0.264872 0.017575 0.017951
15 0.614938 0.273847 0.015114 0.013376
15 0.389982 0.304470 0.023550 0.020415
15 0.463445 0.347237 0.020738 0.020767
15 0.479613 0.332277 0.022847 0.018303
15 0.520738 0.303766 0.020738 0.016191
15 0.502109 0.352693 0.022847 0.016895
15 0.532689 0.325062 0.021441 0.019359
15 0.546221 0.306230 0.021090 0.027455
15 0.563796 0.308694 0.014060 0.012672
15 0.574165 0.294263 0.018629 0.017599
15 0.586643 0.287047 0.012654 0.015839
15 0.594903 0.303062 0.019332 0.016191
15 0.617399 0.295143 0.017223 0.017951
15 0.626011 0.284055 0.016872 0.019007
15 0.643585 0.279303 0.011248 0.014432
15 0.657645 0.280887 0.021090 0.020415
15 0.598418 0.317318 0.017926 0.010912
15 0.593497 0.329461 0.017926 0.014080
15 0.628120 0.314854 0.019684 0.016543
15 0.638664 0.327174 0.016169 0.018655
15 0.656766 0.306054 0.017926 0.017951
15 0.658172 0.326822 0.018629 0.016543
15 0.613181 0.340373 0.019332 0.020415
15 0.598418 0.344245 0.017926 0.014784
15 0.582074 0.354101 0.022496 0.019007
15 0.535325 0.407955 0.022496 0.020415
15 0.561511 0.415875 0.022144 0.023583
15 0.601230 0.397043 0.016520 0.014080
15 0.623374 0.424146 0.027065 0.026047
15 0.653954 0.395987 0.020738 0.016895
15 0.653954 0.380148 0.022847 0.016895
15 0.658875 0.364132 0.017926 0.015839
15 0.670299 0.357973 0.015466 0.014784
15 0.676450 0.371348 0.017223 0.016191
15 0.678383 0.312390 0.011951 0.014432
15 0.687346 0.312038 0.015114 0.013024
15 0.679789 0.327526 0.021090 0.023583
15 0.709490 0.358677 0.013005 0.019711
15 0.716872 0.358501 0.010896 0.015136
15 0.377153 0.374516 0.016872 0.014080
15 0.358348 0.393875 0.025659 0.022527
15 0.316169 0.413411 0.024253 0.020063
15 0.341828 0.461457 0.031283 0.021823
15 0.740949 0.440514 0.030228 0.026399
15 0.785413 0.388244 0.024956 0.022527
15 0.817223 0.388244 0.016872 0.019007
15 0.668014 0.507040 0.031986 0.023583
15 0.770123 0.470433 0.026714 0.019359
15 0.742882 0.507568 0.021441 0.019711
15 0.748682 0.553150 0.029525 0.024991
15 0.650615 0.604365 0.026011 0.027455
15 0.706503 0.631116 0.028822 0.028863
15 0.741476 0.656107 0.023550 0.027455
15 0.685940 0.666667 0.020035 0.014080
15 0.684710 0.682154 0.023199 0.022527
15 0.744640 0.697290 0.026362 0.023935
15 0.722496 0.722985 0.024956 0.022527
15 0.724605 0.746216 0.022847 0.019007
15 0.778207 0.787751 0.022496 0.021119
15 0.643409 0.704505 0.027065 0.020767
15 0.611775 0.708377 0.020035 0.017951
15 0.630580 0.728265 0.018278 0.013376
15 0.641125 0.732137 0.015466 0.015488
15 0.619332 0.758360 0.022496 0.020063
15 0.627592 0.800422 0.026362 0.021119
15 0.623023 0.820486 0.023550 0.022527
15 0.592267 0.779127 0.019684 0.020063
15 0.562214 0.809574 0.024253 0.017599
15 0.526889 0.786343 0.020387 0.021119
15 0.491037 0.747976 0.023902 0.019711
15 0.442882 0.758184 0.022496 0.017599
15 0.375395 0.717705 0.025308 0.020415
15 0.372056 0.763640 0.024956 0.017247
15 0.376274 0.791799 0.020035 0.021471
15 0.347627 0.775959 0.021793 0.016543
15 0.348506 0.788983 0.015114 0.014432
15 0.379262 0.815206 0.018981 0.017599
15 0.397715 0.820134 0.018629 0.018303
15 0.475923 0.640620 0.018981 0.018303
15 0.486995 0.624956 0.017926 0.025695
15 0.500879 0.625836 0.017575 0.021119
15 0.522496 0.624076 0.030580 0.018303
15 0.476274 0.616332 0.011248 0.010560
15 0.479965 0.602429 0.015114 0.009504
15 0.488752 0.599965 0.013708 0.015839
15 0.459402 0.591517 0.014763 0.015136
15 0.432162 0.629532 0.017223 0.014432
15 0.423550 0.654699 0.016872 0.014080
15 0.404218 0.648539 0.018981 0.018655
15 0.415114 0.635340 0.021090 0.017599
15 0.414763 0.612988 0.020387 0.020767
15 0.377856 0.621612 0.021793 0.018303
15 0.384886 0.642555 0.016872 0.014432
15 0.365202 0.637980 0.021090 0.011616
15 0.369244 0.646779 0.010193 0.012320
15 0.354130 0.600669 0.015114 0.014432
15 0.325483 0.655051 0.019684 0.017599
15 0.278559 0.525695 0.027768 0.025695
15 0.364675 0.582893 0.022847 0.016895
15 0.335501 0.508976 0.013005 0.014784
15 0.349209 0.510032 0.016520 0.018303
15 0.365729 0.514960 0.018629 0.019007
15 0.365202 0.527807 0.014763 0.016543
15 0.375395 0.520239 0.011248 0.011968
15 0.377153 0.527983 0.011248 0.011264
15 0.370475 0.543647 0.016169 0.017951
15 0.388928 0.536607 0.018629 0.017247
15 0.412127 0.544351 0.015114 0.011616
15 0.401933 0.557550 0.016520 0.016895
15 0.412654 0.553502 0.012654 0.012320
15 0.424253 0.580253 0.019684 0.014432
15 0.419859 0.590989 0.014411 0.013376
15 0.447100 0.570046 0.014060 0.012320
15 0.450264 0.579901 0.017575 0.015839
15 0.187522 0.596269 0.015114 0.016191
15 0.165905 0.586941 0.023902 0.015839
15 0.146397 0.596445 0.015817 0.013024
15 0.137610 0.604893 0.012302 0.007392
15 0.139192 0.619676 0.021793 0.015839
15 0.158524 0.619324 0.014763 0.013728
15 0.145343 0.636396 0.021441 0.014080
15 0.160984 0.635164 0.014763 0.013024
15 0.121793 0.648363 0.022847 0.018303
15 0.139367 0.673530 0.019332 0.017247
15 0.184710 0.720697 0.020035 0.017951
15 0.207206 0.746568 0.024253 0.019711
15 0.192443 0.686906 0.017223 0.012320
15 0.167838 0.652763 0.021441 0.015136
15 0.172935 0.662795 0.011951 0.011968
15 0.188401 0.663499 0.016872 0.014080
15 0.200176 0.661915 0.010896 0.013024
15 0.209666 0.675642 0.025659 0.020063
15 0.225308 0.696058 0.018981 0.014432
15 0.244112 0.734249 0.020738 0.015488
15 0.250791 0.717881 0.019332 0.013728
15 0.245694 0.707673 0.012654 0.012320
15 0.271529 0.696586 0.013708 0.012672
15 0.289807 0.693946 0.018629 0.018655
15 0.313181 0.684090 0.018981 0.017247
15 0.274868 0.732665 0.018278 0.016543
15 0.276977 0.721049 0.018278 0.014432
15 0.289807 0.718057 0.015114 0.019711
15 0.317223 0.710841 0.018629 0.016543
15 0.322847 0.697642 0.016520 0.017599
15 0.330580 0.687610 0.021441 0.017247
15 0.300879 0.751496 0.029525 0.021823
15 0.324956 0.752024 0.017926 0.017247
15 0.092443 0.714009 0.012654 0.010208
15 0.099824 0.728969 0.010545 0.013376
15 0.140422 0.768039 0.014411 0.011968
15 0.389807 0.894403 0.028120 0.022527
15 0.487346 0.833685 0.027065 0.027103
15 0.469244 0.915171 0.030931 0.021823
15 0.577680 0.896691 0.022847 0.022879
15 0.656766 0.900035 0.024956 0.019007
15 0.664323 0.911827 0.012654 0.013728
15 0.730580 0.856917 0.023550 0.027807
15 0.119508 0.616156 0.015466 0.013024
15 0.123374 0.605421 0.012654 0.009856
15 0.128120 0.593805 0.012302 0.011968
15 0.126714 0.583421 0.013708 0.013024
15 0.125659 0.573214 0.020738 0.011616
15 0.113181 0.565294 0.016169 0.012672
15 0.105097 0.557550 0.014060 0.012672
15 0.260457 0.336853 0.024605 0.024639
15 0.150791 0.202922 0.014060 0.012320
15 0.130931 0.229497 0.013005 0.010560
15 0.115290 0.244808 0.010545 0.010208
15 0.151670 0.789159 0.020738 0.022527
15 0.064851 0.600317 0.026362 0.023583
15 0.158172 0.234073 0.022496 0.019007
15 0.167135 0.192714 0.012302 0.017951
15 0.114060 0.276311 0.020738 0.024639
15 0.094200 0.303590 0.018981 0.017247
15 0.081722 0.317318 0.009490 0.008800
15 0.091037 0.323126 0.012654 0.012672
15 0.074341 0.331221 0.013005 0.009856
15 0.066081 0.340197 0.011951 0.013728
15 0.070475 0.352693 0.013005 0.010560
15 0.068717 0.387188 0.017926 0.019007
15 0.071705 0.415523 0.016872 0.013728
15 0.061336 0.445794 0.013005 0.017951
15 0.075923 0.454945 0.018278 0.015136
15 0.047803 0.459345 0.014060 0.010560
15 0.045870 0.470433 0.013005 0.011616
15 0.076977 0.475361 0.016872 0.013024
15 0.049385 0.500880 0.013005 0.014784
15 0.080141 0.500176 0.014060 0.016191
15 0.066608 0.537663 0.015817 0.019359
15 0.073989 0.519887 0.017926 0.012672
15 0.060105 0.509328 0.012654 0.014080
15 0.081371 0.576558 0.019332 0.016191
15 0.060105 0.481345 0.013357 0.012320
15 0.067838 0.493488 0.009139 0.010560
15 0.081371 0.546639 0.011599 0.007744
15 0.093146 0.550334 0.014060 0.010208
15 0.097715 0.582541 0.009842 0.013376
15 0.100000 0.571806 0.008084 0.009504
15 0.109666 0.581309 0.012654 0.015839
15 0.113533 0.597853 0.013357 0.016543