15 0.392896 0.517767 0.043494 0.052764
15 0.487314 0.574659 0.036607 0.048098
15 0.439471 0.653625 0.036607 0.040919
15 0.361906 0.683417 0.029358 0.038765
15 0.382022 0.714106 0.031896 0.038406
15 0.524103 0.799174 0.034070 0.029074
15 0.434578 0.694006 0.026821 0.026920
15 0.428779 0.722362 0.034070 0.031228
15 0.432222 0.764896 0.046031 0.035894
15 0.493113 0.772075 0.043856 0.040919
15 0.530265 0.716439 0.041319 0.033740
15 0.483690 0.680905 0.029358 0.033740
15 0.550381 0.659727 0.038782 0.038765
15 0.554005 0.619526 0.027184 0.033740
15 0.622146 0.470388 0.048206 0.029074
15 0.618521 0.444544 0.036607 0.038406
15 0.577927 0.307430 0.036607 0.029074
15 0.587532 0.258973 0.041319 0.036253
15 0.592244 0.216260 0.041319 0.026920
15 0.643530 0.282484 0.038782 0.045944
15 0.715295 0.261307 0.029358 0.050251
15 0.745198 0.361630 0.041319 0.043431
15 0.768938 0.403087 0.036607 0.045944
15 0.740304 0.271895 0.031533 0.019742
15 0.879848 0.286073 0.029358 0.038765
15 0.797572 0.291996 0.036607 0.021895
15 0.889453 0.374731 0.034070 0.035894
15 0.844146 0.301508 0.019572 0.017229
15 0.852483 0.321429 0.026821 0.029074
15 0.919355 0.424444 0.031533 0.026920
15 0.934940 0.470388 0.038782 0.038406
15 0.937296 0.567480 0.034070 0.033740
15 0.930047 0.606425 0.034070 0.031228
15 0.878760 0.314250 0.031533 0.029074