15 0.560289 0.225408 0.023827 0.027586
15 0.386282 0.248276 0.028881 0.023956
15 0.462094 0.313249 0.028159 0.026134
15 0.507401 0.063521 0.027076 0.026134
15 0.557401 0.057532 0.025271 0.025045
15 0.594946 0.063158 0.017329 0.015971
15 0.603430 0.075136 0.016968 0.019601
15 0.619495 0.070599 0.022383 0.021416
15 0.646931 0.086025 0.015162 0.018875
15 0.662455 0.086388 0.023105 0.024682
15 0.703430 0.150635 0.021300 0.021053
15 0.721661 0.155898 0.018051 0.023593
15 0.722383 0.133938 0.023827 0.025408
15 0.464440 0.065154 0.023466 0.022868
15 0.441336 0.061706 0.018412 0.015245
15 0.429964 0.058984 0.012996 0.010526
15 0.422924 0.077314 0.029964 0.023956
15 0.400000 0.088929 0.018773 0.015245
15 0.387184 0.076044 0.011191 0.011252
15 0.383394 0.068603 0.012996 0.010889
15 0.376354 0.063339 0.016968 0.014156
15 0.376354 0.086207 0.016968 0.011252
15 0.379242 0.103811 0.024910 0.015245
15 0.354513 0.083666 0.019495 0.016334
15 0.355957 0.101089 0.017329 0.025045
15 0.332852 0.132668 0.018051 0.010526
15 0.325993 0.121416 0.014440 0.014882
15 0.338267 0.117967 0.017329 0.013793
15 0.343863 0.107441 0.016245 0.012341
15 0.340433 0.095281 0.015884 0.011978
15 0.331769 0.083303 0.011552 0.006897
15 0.338087 0.076225 0.009025 0.010163
15 0.312094 0.092740 0.016245 0.012704
15 0.313718 0.081488 0.014440 0.014156
15 0.311191 0.135753 0.022383 0.018875
15 0.295668 0.149909 0.018773 0.015971
15 0.268051 0.132123 0.016245 0.013793
15 0.268231 0.118330 0.015884 0.011615
15 0.279061 0.105626 0.015162 0.013793
15 0.284296 0.134664 0.023466 0.016697
15 0.280505 0.161706 0.013718 0.009800
15 0.250903 0.183848 0.021661 0.017060
15 0.245668 0.195463 0.021300 0.014882
15 0.229783 0.155172 0.019134 0.010526
15 0.188087 0.173321 0.015162 0.016334
15 0.178520 0.183303 0.013357 0.008711
15 0.211011 0.163884 0.011913 0.011978
15 0.267329 0.300907 0.032130 0.023956
15 0.326354 0.312160 0.020939 0.018875
15 0.198195 0.230309 0.018051 0.014882
15 0.211372 0.234301 0.015523 0.011978
15 0.212455 0.216334 0.018412 0.014519
15 0.155054 0.195826 0.014079 0.011978
15 0.191336 0.247005 0.020217 0.011252
15 0.190072 0.258984 0.017690 0.014882
15 0.174549 0.255717 0.024188 0.020690
15 0.170578 0.277858 0.016968 0.013430
15 0.166065 0.290381 0.021661 0.012341
15 0.170217 0.301270 0.021300 0.017423
15 0.140614 0.324682 0.023466 0.017786
15 0.166606 0.328675 0.017690 0.017060
15 0.172022 0.348276 0.029964 0.022142
15 0.174910 0.369328 0.023466 0.017060
15 0.110289 0.286933 0.017690 0.014882
15 0.091877 0.303448 0.014079 0.012341
15 0.264801 0.175318 0.024910 0.031216
15 0.223646 0.200000 0.018412 0.029764
15 0.381227 0.343739 0.025271 0.019601
15 0.351625 0.368966 0.017329 0.017786
15 0.336462 0.368058 0.020217 0.020327
15 0.048195 0.427405 0.018412 0.019238
15 0.047112 0.474955 0.019134 0.017060
15 0.058664 0.487840 0.017690 0.023230
15 0.127798 0.477132 0.029603 0.023593
15 0.178881 0.450635 0.028520 0.017060
15 0.178700 0.390563 0.018051 0.015971
15 0.270397 0.392015 0.030325 0.023956
15 0.180144 0.416515 0.019495 0.014156
15 0.191155 0.423230 0.020578 0.017423
15 0.191155 0.436661 0.023466 0.019601
15 0.206679 0.442831 0.014801 0.018875
15 0.169314 0.516878 0.028881 0.026134
15 0.104332 0.565880 0.021661 0.021053
15 0.121661 0.564065 0.022383 0.025408
15 0.301986 0.477858 0.027798 0.030127
15 0.326715 0.474773 0.020939 0.020327
15 0.489170 0.474229 0.029603 0.026497
15 0.347112 0.507260 0.019134 0.017060
15 0.322383 0.520327 0.023827 0.017060
15 0.366065 0.515971 0.023105 0.022868
15 0.407040 0.521234 0.022744 0.020327
15 0.421119 0.545009 0.019856 0.019238
15 0.350000 0.530127 0.021300 0.018512
15 0.325993 0.543920 0.020217 0.016334
15 0.317870 0.577314 0.020578 0.018512
15 0.341877 0.552813 0.015162 0.015971
15 0.354693 0.548457 0.013357 0.016697
15 0.365704 0.555172 0.016606 0.011978
15 0.366968 0.569328 0.021300 0.022142
15 0.351444 0.590744 0.024188 0.025771
15 0.341877 0.617241 0.022383 0.026497
15 0.390072 0.562976 0.027798 0.021779
15 0.412094 0.570962 0.028520 0.027586
15 0.393863 0.611252 0.018773 0.015245
15 0.379061 0.634846 0.015884 0.013793
15 0.340253 0.666425 0.024910 0.020327
15 0.356318 0.698730 0.023105 0.023230
15 0.374549 0.728131 0.024188 0.018149
15 0.403249 0.675681 0.024549 0.020690
15 0.413538 0.698911 0.020578 0.021416
15 0.431769 0.703267 0.014440 0.022142
15 0.389711 0.650272 0.026354 0.019238
15 0.394946 0.638657 0.023827 0.026497
15 0.418231 0.643376 0.019856 0.021416
15 0.453610 0.623049 0.022744 0.020690
15 0.478159 0.629583 0.027798 0.022142
15 0.529242 0.589837 0.027437 0.023956
15 0.572022 0.583303 0.026354 0.024682
15 0.505596 0.539020 0.024188 0.019601
15 0.525451 0.545009 0.018412 0.023593
15 0.544765 0.519238 0.018773 0.017786
15 0.572744 0.533212 0.021300 0.021779
15 0.590433 0.541924 0.019134 0.018875
15 0.585921 0.518330 0.018773 0.019601
15 0.578520 0.495281 0.019134 0.019964
15 0.084838 0.645009 0.023827 0.024682
15 0.105235 0.660617 0.023466 0.021779
15 0.118953 0.754809 0.024188 0.023593
15 0.149278 0.777132 0.025632 0.022505
15 0.252708 0.841924 0.024549 0.022868
15 0.303791 0.909074 0.024188 0.020690
15 0.458845 0.904356 0.034657 0.030853
15 0.477798 0.933938 0.024910 0.029038
15 0.478700 0.818330 0.038267 0.034483
15 0.530325 0.793829 0.030325 0.022505
15 0.535018 0.777495 0.018773 0.018149
15 0.553610 0.777858 0.021300 0.021779
15 0.575632 0.775862 0.022744 0.025045
15 0.591336 0.763702 0.026715 0.023956
15 0.724729 0.842650 0.035018 0.032305
15 0.738628 0.685844 0.026715 0.017786
15 0.747473 0.663339 0.034296 0.026497
15 0.847473 0.633394 0.027076 0.024682
15 0.738989 0.634846 0.025993 0.031942
15 0.760289 0.622323 0.020217 0.014882
15 0.745848 0.598185 0.020939 0.018149
15 0.731227 0.605808 0.016968 0.014519
15 0.792238 0.564610 0.021300 0.020690
15 0.801805 0.541379 0.023105 0.017060
15 0.887365 0.532668 0.028881 0.025771
15 0.786462 0.518512 0.029242 0.022868
15 0.760469 0.532486 0.032852 0.019601
15 0.763538 0.517604 0.020217 0.015245
15 0.757401 0.499819 0.028881 0.022505
15 0.740975 0.551906 0.015523 0.013430
15 0.688989 0.529038 0.035018 0.022142
15 0.688087 0.500907 0.014440 0.016697
15 0.704152 0.499093 0.021300 0.018875
15 0.713899 0.514156 0.022022 0.020690
15 0.727256 0.497822 0.016245 0.015608
15 0.706318 0.480399 0.016968 0.017060
15 0.719856 0.477858 0.012274 0.011978
15 0.732310 0.482214 0.011191 0.009074
15 0.741877 0.488022 0.012996 0.014882
15 0.737004 0.473140 0.013357 0.011978
15 0.747292 0.457713 0.013718 0.012341
15 0.751444 0.475318 0.014801 0.017060
15 0.759928 0.468058 0.012996 0.011978
15 0.770217 0.478040 0.016968 0.015245
15 0.772202 0.462432 0.019495 0.021779
15 0.760469 0.450817 0.020578 0.021053
15 0.726534 0.454265 0.016968 0.014156
15 0.703069 0.447913 0.019134 0.018149
15 0.725090 0.525227 0.014079 0.008711
15 0.719314 0.529946 0.013357 0.009437
15 0.722383 0.538657 0.018051 0.015971
15 0.725090 0.546642 0.014801 0.012341
15 0.730144 0.555898 0.013357 0.008348
15 0.712274 0.541742 0.020217 0.014156
15 0.710830 0.551906 0.016606 0.010526
15 0.718592 0.559347 0.016245 0.013067
15 0.752347 0.581125 0.017329 0.018149
15 0.735921 0.579492 0.016968 0.012704
15 0.725812 0.593285 0.022744 0.014156
15 0.722383 0.583303 0.018051 0.010163
15 0.719495 0.575318 0.026715 0.013793
15 0.619134 0.543376 0.018773 0.021053
15 0.635921 0.531216 0.016245 0.017786
15 0.626173 0.496189 0.022744 0.022505
15 0.646209 0.493285 0.019495 0.023956
15 0.598736 0.515608 0.019134 0.019238
15 0.590794 0.490200 0.022022 0.017060
15 0.579783 0.465517 0.025993 0.024319
15 0.561191 0.465336 0.019856 0.015971
15 0.553791 0.452995 0.023827 0.019601
15 0.570397 0.444828 0.022383 0.017786
15 0.565884 0.430309 0.025632 0.025771
15 0.550722 0.402359 0.030686 0.025045
15 0.620578 0.388022 0.025271 0.025408
15 0.703430 0.380762 0.024910 0.029764
15 0.685018 0.413793 0.027798 0.026134
15 0.717870 0.421779 0.016245 0.019601
15 0.734477 0.415426 0.020578 0.017786
15 0.746029 0.397459 0.021300 0.018875
15 0.761733 0.382214 0.023827 0.021053
15 0.780686 0.413249 0.019134 0.022142
15 0.757401 0.430309 0.020939 0.011978
15 0.737004 0.443920 0.025632 0.018875
15 0.779242 0.311434 0.039350 0.033394
15 0.830866 0.260436 0.027798 0.025045
15 0.807040 0.206534 0.037184 0.027586
15 0.773105 0.194555 0.025632 0.023230
15 0.035740 0.513975 0.016606 0.015245
15 0.055415 0.518512 0.014079 0.011252
15 0.059386 0.509074 0.015523 0.017060
15 0.066968 0.430309 0.013357 0.012704
15 0.066245 0.352813 0.018412 0.015245
15 0.138087 0.248457 0.016968 0.016334
15 0.146209 0.218149 0.017329 0.015971
15 0.178520 0.171325 0.009025 0.008711
15 0.190614 0.758621 0.025993 0.032668
15 0.189892 0.786388 0.032491 0.020690
15 0.191697 0.808530 0.025993 0.020690