16 0.324188 0.142702 0.043321 0.042014
16 0.346570 0.150851 0.038267 0.045998
16 0.444946 0.144332 0.035740 0.048895
16 0.479783 0.141978 0.046209 0.051431
16 0.543141 0.180188 0.051625 0.056863
16 0.633394 0.139442 0.042960 0.058674
16 0.661552 0.151394 0.038628 0.039116
16 0.442238 0.257878 0.056318 0.051431
16 0.406318 0.228721 0.050903 0.045273
16 0.380325 0.240674 0.045848 0.041652
16 0.344224 0.289207 0.058123 0.053242
16 0.757581 0.339732 0.047292 0.052879
16 0.847834 0.239225 0.050903 0.048171
16 0.863357 0.272184 0.052347 0.042376
16 0.873285 0.306049 0.037545 0.035494
16 0.891155 0.325244 0.047292 0.036219
16 0.838448 0.378848 0.037906 0.039841
16 0.856498 0.397139 0.045848 0.037305
16 0.888087 0.428468 0.042599 0.055053
16 0.457040 0.615900 0.058484 0.047447
16 0.598736 0.597610 0.059567 0.049258
16 0.616968 0.637993 0.052708 0.042376
16 0.580866 0.698660 0.049819 0.051431
16 0.755235 0.661173 0.054874 0.056863
16 0.914440 0.508330 0.049819 0.050344
16 0.812996 0.690148 0.049097 0.033683
16 0.791336 0.734335 0.044765 0.042376
16 0.725451 0.733792 0.059567 0.056501
16 0.462274 0.720029 0.060289 0.048533
16 0.353791 0.727816 0.055596 0.047447
16 0.216968 0.626403 0.060650 0.051793
16 0.358664 0.556320 0.054513 0.048533
16 0.264982 0.540022 0.049097 0.046360
16 0.486101 0.859652 0.068231 0.045998
16 0.522924 0.830858 0.050903 0.050706
16 0.539711 0.806592 0.048375 0.040565
16 0.666968 0.789931 0.054513 0.048533
16 0.649639 0.861101 0.044404 0.051068
16 0.539892 0.882832 0.042238 0.046722
16 0.607942 0.877762 0.025993 0.041652
16 0.572924 0.875951 0.023827 0.046722
16 0.585921 0.877218 0.029603 0.056501
16 0.240794 0.434444 0.052708 0.051068
16 0.294404 0.483520 0.046570 0.042738
16 0.332671 0.477182 0.045848 0.056863
16 0.387545 0.387541 0.043682 0.049982
16 0.355235 0.389352 0.041877 0.043463
16 0.338628 0.370337 0.044765 0.031510
16 0.339892 0.350417 0.044404 0.041652
16 0.363538 0.327961 0.047653 0.048895