17 0.587181 0.066724 0.031702 0.030532
17 0.346141 0.138250 0.023777 0.022642
17 0.282047 0.150943 0.023088 0.029503
17 0.290662 0.202401 0.022398 0.027444
17 0.522571 0.419211 0.028601 0.030189
17 0.425741 0.447170 0.037560 0.022985
17 0.294624 0.478731 0.027567 0.029846
17 0.390420 0.504631 0.028256 0.028816
17 0.461406 0.490738 0.028256 0.021612
17 0.456926 0.514580 0.026878 0.025386
17 0.293935 0.638593 0.030324 0.027787
17 0.326499 0.638593 0.023777 0.031218
17 0.577877 0.608919 0.028256 0.028816
17 0.586837 0.566552 0.028256 0.024357
17 0.792557 0.773585 0.028946 0.026758
17 0.800827 0.830875 0.025500 0.024700
17 0.592867 0.922642 0.025844 0.022298
17 0.686079 0.892967 0.031702 0.027444