17 0.369863 0.165988 0.039985 0.036640
17 0.326175 0.183753 0.035542 0.043301
17 0.300074 0.188934 0.035913 0.036640
17 0.326916 0.215581 0.037023 0.035159
17 0.481488 0.155070 0.033691 0.028868
17 0.531470 0.138601 0.029248 0.032198
17 0.483525 0.184123 0.037023 0.032939
17 0.568493 0.177831 0.027767 0.026277
17 0.659941 0.172650 0.035913 0.033679
17 0.610330 0.212435 0.029989 0.034049
17 0.631063 0.250000 0.032210 0.029978
17 0.656794 0.236121 0.031100 0.034049
17 0.550167 0.228534 0.021474 0.022576
17 0.564050 0.226129 0.018141 0.028127
17 0.581822 0.227609 0.021103 0.021466
17 0.587745 0.242968 0.025546 0.024796
17 0.514439 0.242228 0.032210 0.023316
17 0.523325 0.254441 0.034432 0.027757
17 0.549241 0.278127 0.018141 0.025537
17 0.568308 0.269985 0.024435 0.028497
17 0.444280 0.262953 0.034061 0.029238
17 0.403554 0.276092 0.039985 0.027387
17 0.333950 0.274981 0.041466 0.030348
17 0.235653 0.237232 0.035913 0.036269
17 0.378563 0.309956 0.030729 0.038120
17 0.364865 0.327535 0.027027 0.029608
17 0.407627 0.324759 0.024435 0.034419
17 0.429656 0.328275 0.031470 0.031828
17 0.396150 0.350296 0.030359 0.027757
17 0.487967 0.333642 0.028878 0.026277
17 0.501481 0.322539 0.027027 0.029978
17 0.521659 0.307735 0.021474 0.025537
17 0.538504 0.309215 0.020363 0.027017
17 0.553314 0.299778 0.027767 0.029608
17 0.576268 0.330311 0.029989 0.027757
17 0.713069 0.322909 0.029619 0.030718
17 0.263236 0.362879 0.040726 0.032198
17 0.348204 0.356403 0.031470 0.034789
17 0.404110 0.385455 0.035913 0.037380
17 0.493336 0.357698 0.032210 0.032198
17 0.541836 0.364915 0.031470 0.035529
17 0.610885 0.416358 0.030359 0.031828
17 0.609959 0.440970 0.030729 0.034419
17 0.675491 0.490563 0.029248 0.026277
17 0.614772 0.543301 0.032210 0.033309
17 0.546094 0.439674 0.032581 0.030348
17 0.484265 0.448372 0.031840 0.031458
17 0.397631 0.428942 0.039985 0.035529
17 0.368937 0.416358 0.035913 0.031828
17 0.343576 0.420429 0.032581 0.032568
17 0.324880 0.411547 0.023325 0.030348
17 0.300259 0.427091 0.030359 0.033309
17 0.318401 0.476129 0.032581 0.027757
17 0.323214 0.497409 0.035542 0.034049
17 0.323029 0.524981 0.030729 0.032198
17 0.320067 0.538675 0.012218 0.012953
17 0.350426 0.514249 0.021844 0.022576
17 0.348204 0.531088 0.026287 0.028127
17 0.374306 0.533494 0.020733 0.037380
17 0.398001 0.521651 0.023695 0.029238
17 0.389670 0.538860 0.021844 0.031828
17 0.426694 0.502221 0.026287 0.033309
17 0.449833 0.475574 0.028138 0.025167
17 0.455017 0.495744 0.032581 0.026277
17 0.499630 0.515544 0.020363 0.018505
17 0.495372 0.527202 0.021474 0.024056
17 0.511847 0.524426 0.023325 0.023686
17 0.363754 0.572909 0.034432 0.032568
17 0.487412 0.572169 0.024065 0.033309
17 0.397260 0.588638 0.017031 0.020355
17 0.412995 0.602702 0.016660 0.016654
17 0.420770 0.614360 0.018882 0.014064
17 0.413180 0.635640 0.034802 0.035899
17 0.542392 0.598631 0.031100 0.027757
17 0.609404 0.585862 0.030359 0.034049
17 0.560348 0.624537 0.029989 0.029978
17 0.593854 0.642672 0.027397 0.027017
17 0.620326 0.629349 0.029248 0.030718
17 0.638837 0.654515 0.026287 0.029238
17 0.514809 0.641377 0.041836 0.034789
17 0.465198 0.646003 0.034432 0.029978
17 0.447982 0.652110 0.020733 0.023686
17 0.438356 0.677276 0.024435 0.023686
17 0.442799 0.662842 0.028138 0.019985
17 0.516475 0.683198 0.031100 0.026647
17 0.533321 0.704848 0.041836 0.035899
17 0.577379 0.716506 0.033691 0.035529
17 0.509996 0.726684 0.030729 0.029238
17 0.475009 0.727609 0.025176 0.018505
17 0.473713 0.708734 0.032951 0.025907
17 0.516846 0.755551 0.028138 0.028497
17 0.611070 0.757217 0.031470 0.028868
17 0.601444 0.781643 0.022584 0.028868
17 0.627730 0.784974 0.029989 0.029608
17 0.372455 0.648594 0.034802 0.035159
17 0.349870 0.672465 0.024435 0.028127
17 0.315439 0.673020 0.028138 0.026277
17 0.321548 0.685788 0.026287 0.023686
17 0.309885 0.720022 0.034802 0.031458
17 0.340244 0.743338 0.031100 0.032198
17 0.379119 0.746669 0.032581 0.023316
17 0.410033 0.713175 0.024806 0.028868
17 0.381710 0.691340 0.020733 0.030348
17 0.366161 0.685603 0.019252 0.020355
17 0.363199 0.699482 0.019993 0.020725
17 0.372270 0.711140 0.029989 0.018135
17 0.372084 0.727979 0.031840 0.022946
17 0.349130 0.705033 0.020733 0.024426
17 0.334876 0.708734 0.025546 0.025167
17 0.308219 0.778312 0.035913 0.032568
17 0.809330 0.484086 0.027397 0.028127
17 0.831914 0.508697 0.032581 0.036640
17 0.808034 0.522021 0.019622 0.027017
17 0.809145 0.554219 0.029989 0.029978
17 0.808034 0.641747 0.032210 0.039970
17 0.789893 0.663768 0.035172 0.030718
17 0.877268 0.666358 0.029989 0.035899
17 0.792669 0.713360 0.035542 0.036640
17 0.842836 0.744819 0.033691 0.035899
17 0.786561 0.792561 0.028508 0.024796
17 0.761940 0.832346 0.030359 0.028127
17 0.712699 0.831051 0.026657 0.030718
17 0.682895 0.826055 0.030729 0.026647
17 0.626805 0.808660 0.028138 0.024426
17 0.664569 0.856773 0.027397 0.029608
17 0.654202 0.872317 0.031100 0.029608
17 0.667345 0.920429 0.025546 0.028127
17 0.566272 0.884160 0.036653 0.025907
17 0.523510 0.903220 0.027397 0.028497
17 0.484820 0.917283 0.034432 0.034419
17 0.507775 0.933568 0.029989 0.027017
17 0.457423 0.848075 0.035913 0.032198
17 0.369123 0.907846 0.040726 0.031828
17 0.304517 0.808660 0.027767 0.030348
17 0.280822 0.806440 0.026287 0.029608
17 0.467975 0.960215 0.026657 0.027017
17 0.492225 0.962620 0.023325 0.017765
17 0.439652 0.960585 0.032210 0.018875
17 0.402814 0.952443 0.029619 0.028497
17 0.376342 0.949112 0.032951 0.021095
17 0.278786 0.904700 0.033321 0.025537
17 0.074972 0.664693 0.032210 0.032568
17 0.117364 0.704478 0.022954 0.024796
17 0.121251 0.741303 0.025546 0.027387
17 0.124954 0.763694 0.021844 0.029978
17 0.132544 0.777942 0.014809 0.017765
17 0.149019 0.790526 0.018141 0.016284
17 0.198445 0.836603 0.032581 0.029238
17 0.246946 0.843634 0.038504 0.035899
17 0.210663 0.851591 0.026657 0.030348
17 0.227879 0.865655 0.021103 0.027387
17 0.251388 0.882494 0.025176 0.016654
17 0.034987 0.454293 0.026287 0.035159
17 0.066827 0.485936 0.038874 0.040711
17 0.194743 0.491303 0.031840 0.031458
17 0.095150 0.555699 0.042207 0.041081
17 0.053128 0.565877 0.031470 0.036269
17 0.817105 0.293671 0.027397 0.026277
17 0.804517 0.355477 0.028138 0.037380
17 0.774898 0.388786 0.033321 0.036640
17 0.888375 0.370096 0.029248 0.031088
17 0.898001 0.389896 0.029989 0.031458
17 0.057016 0.376203 0.031100 0.052184