17 0.291898 0.148443 0.031163 0.025606
17 0.280817 0.162111 0.033934 0.033564
17 0.265062 0.146540 0.023892 0.023875
17 0.252770 0.146021 0.018006 0.017301
17 0.238400 0.144118 0.020429 0.019031
17 0.221087 0.142734 0.025970 0.025260
17 0.226974 0.161765 0.016967 0.012803
17 0.213989 0.177682 0.017313 0.014879
17 0.222819 0.170588 0.010734 0.017301
17 0.233033 0.177682 0.009695 0.018339
17 0.247057 0.171972 0.018352 0.016609
17 0.254501 0.162111 0.021468 0.025952
17 0.237881 0.194810 0.021468 0.017993
17 0.206717 0.190484 0.019391 0.016955
17 0.199446 0.202422 0.021468 0.014533
17 0.220741 0.198443 0.015582 0.015571
17 0.230090 0.209862 0.028047 0.016955
17 0.221780 0.221972 0.023199 0.016955
17 0.197368 0.214879 0.025623 0.017993
17 0.203255 0.231834 0.017313 0.022145
17 0.220222 0.243599 0.021468 0.026298
17 0.184211 0.237197 0.028393 0.024567
17 0.171572 0.255363 0.022507 0.024221
17 0.178151 0.271972 0.021814 0.014533
17 0.169668 0.293772 0.024931 0.022145
17 0.202043 0.289965 0.025970 0.019377
17 0.206544 0.272491 0.023892 0.019723
17 0.211046 0.263495 0.016274 0.014187
17 0.199273 0.256574 0.018352 0.015571
17 0.251039 0.326125 0.031163 0.030104
17 0.320464 0.313841 0.037050 0.033218
17 0.182479 0.305017 0.013850 0.014187
17 0.197715 0.313322 0.020083 0.015571
17 0.183864 0.315225 0.013158 0.013149
17 0.173130 0.316955 0.018006 0.016609
17 0.184211 0.324567 0.014543 0.014533
17 0.194598 0.327163 0.022853 0.017647
17 0.195983 0.338927 0.024238 0.017647
17 0.191828 0.349135 0.015235 0.013149
17 0.186288 0.354498 0.016620 0.019031
17 0.170187 0.341522 0.027355 0.020761
17 0.167417 0.363149 0.014889 0.022491
17 0.117902 0.253114 0.025277 0.020415
17 0.144217 0.398270 0.027355 0.024221
17 0.241170 0.122491 0.017659 0.017993
17 0.258137 0.117128 0.021814 0.015571
17 0.291724 0.094810 0.026662 0.020761
17 0.343837 0.098962 0.033241 0.030450
17 0.362708 0.063322 0.022507 0.009689
17 0.399584 0.055363 0.031856 0.022837
17 0.478186 0.039100 0.024931 0.023529
17 0.577562 0.053460 0.031856 0.030796
17 0.599204 0.066436 0.027355 0.034602
17 0.634003 0.086332 0.035319 0.034948
17 0.662916 0.112284 0.032202 0.035640
17 0.734591 0.124740 0.035665 0.025260
17 0.753463 0.152768 0.028393 0.028720
17 0.656163 0.071107 0.039474 0.029412
17 0.679709 0.337370 0.029086 0.023529
17 0.690789 0.355017 0.031856 0.026298
17 0.729224 0.361246 0.020776 0.026990
17 0.739439 0.331142 0.019737 0.020069
17 0.756060 0.330450 0.019737 0.021453
17 0.757445 0.344637 0.016967 0.016609
17 0.772853 0.343599 0.015235 0.024913
17 0.772853 0.367128 0.023546 0.022837
17 0.753116 0.363668 0.022853 0.024221
17 0.814924 0.381661 0.028047 0.029758
17 0.678670 0.404498 0.029086 0.024913
17 0.698234 0.395675 0.030817 0.030104
17 0.749134 0.413668 0.027355 0.031488
17 0.793975 0.426990 0.022161 0.032526
17 0.836911 0.443945 0.025623 0.026990
17 0.827043 0.455536 0.019737 0.020415
17 0.816136 0.464533 0.020083 0.021107
17 0.885215 0.496021 0.026662 0.025952
17 0.770429 0.479758 0.024931 0.016955
17 0.752597 0.459516 0.020429 0.024221
17 0.739266 0.445329 0.020083 0.022145
17 0.789301 0.501211 0.017659 0.019723
17 0.808345 0.518339 0.019737 0.021453
17 0.682133 0.439792 0.020776 0.020761
17 0.700312 0.454152 0.019044 0.016955
17 0.702389 0.465052 0.016274 0.013149
17 0.720568 0.465917 0.019391 0.019031
17 0.711738 0.476471 0.020429 0.018685
17 0.738054 0.503806 0.020429 0.024221
17 0.763158 0.505709 0.015928 0.019723
17 0.677632 0.490311 0.025623 0.020761
17 0.701177 0.504152 0.020083 0.024221
17 0.677632 0.507785 0.024238 0.019031
17 0.609418 0.456920 0.031856 0.027336
17 0.613227 0.487370 0.031856 0.024567
17 0.620499 0.510381 0.025623 0.024221
17 0.617036 0.539965 0.024931 0.030104
17 0.632791 0.530104 0.022507 0.022837
17 0.657375 0.523702 0.022507 0.026644
17 0.690443 0.529758 0.019391 0.020761
17 0.512465 0.438581 0.038781 0.037716
17 0.466586 0.469204 0.034280 0.038062
17 0.778566 0.519031 0.018352 0.017993
17 0.760907 0.531488 0.014197 0.020069
17 0.769737 0.529758 0.015235 0.020761
17 0.751039 0.547924 0.017313 0.022491
17 0.709141 0.558997 0.019391 0.018339
17 0.786704 0.532526 0.011773 0.020069
17 0.798476 0.532526 0.012465 0.020069
17 0.799515 0.546540 0.016620 0.021107
17 0.811981 0.556228 0.017313 0.017647
17 0.779952 0.541696 0.022507 0.016263
17 0.778740 0.555017 0.017313 0.018685
17 0.694945 0.607612 0.027701 0.026298
17 0.725762 0.579585 0.018006 0.024221
17 0.734591 0.571972 0.014889 0.015917
17 0.765062 0.557785 0.019044 0.020761
17 0.797611 0.567301 0.018352 0.016955
17 0.797438 0.581142 0.018006 0.016263
17 0.819425 0.578720 0.021122 0.019031
17 0.813539 0.587370 0.016274 0.017647
17 0.784280 0.620761 0.020776 0.026990
17 0.765755 0.585986 0.023199 0.021107
17 0.754675 0.579758 0.020429 0.019723
17 0.739093 0.580796 0.014889 0.018339
17 0.744287 0.592388 0.019044 0.019377
17 0.819079 0.648443 0.025970 0.024221
17 0.795533 0.691349 0.024584 0.024221
17 0.582583 0.620242 0.032202 0.028028
17 0.492036 0.587543 0.041551 0.028374
17 0.475242 0.603979 0.026662 0.027336
17 0.443213 0.602249 0.023546 0.023875
17 0.431267 0.614706 0.025970 0.024567
17 0.454120 0.555363 0.026662 0.023529
17 0.420014 0.659689 0.032548 0.027336
17 0.440616 0.701038 0.028047 0.026298
17 0.431267 0.508997 0.021122 0.022837
17 0.421918 0.516263 0.019044 0.020069
17 0.408760 0.512457 0.021814 0.025606
17 0.422611 0.532526 0.028740 0.020761
17 0.426073 0.548270 0.024584 0.023183
17 0.411011 0.573529 0.025623 0.024567
17 0.385042 0.695848 0.039474 0.030450
17 0.382271 0.741003 0.034626 0.030796
17 0.392313 0.771626 0.033934 0.029758
17 0.467278 0.776990 0.039820 0.032872
17 0.570810 0.747578 0.031510 0.027336
17 0.417936 0.896194 0.027008 0.032526
17 0.439231 0.903633 0.027355 0.030796
17 0.517313 0.910035 0.026316 0.022145
17 0.606821 0.873183 0.032202 0.041869
17 0.653220 0.860727 0.027355 0.027336
17 0.676420 0.860900 0.026662 0.029066
17 0.706025 0.829585 0.018006 0.017647
17 0.717452 0.823875 0.022161 0.019377
17 0.723684 0.809516 0.017313 0.012803
17 0.718490 0.802941 0.022161 0.014879
17 0.743940 0.786332 0.020429 0.023875
17 0.730436 0.726125 0.028047 0.032180
17 0.765062 0.743772 0.024584 0.021107
17 0.797091 0.749827 0.030471 0.034602
17 0.770949 0.755882 0.015582 0.014187
17 0.776662 0.764187 0.020083 0.012111
17 0.771988 0.775433 0.020429 0.018685
17 0.263850 0.735294 0.038781 0.025606
17 0.177285 0.794464 0.031856 0.029066
17 0.273892 0.830796 0.029778 0.022145
17 0.278047 0.869377 0.030471 0.028028
17 0.253636 0.866609 0.023892 0.021107
17 0.123961 0.712976 0.035319 0.021799
17 0.117382 0.728201 0.029778 0.022491
17 0.098338 0.653460 0.036011 0.032180
17 0.165859 0.602249 0.036704 0.034948
17 0.222126 0.587543 0.039127 0.033910
17 0.173650 0.561938 0.039820 0.033218
17 0.363573 0.593599 0.038089 0.034256
17 0.355436 0.522837 0.030125 0.028374
17 0.388331 0.528547 0.025970 0.031488
17 0.405298 0.548789 0.024584 0.022837
17 0.293283 0.531488 0.027008 0.024221
17 0.286184 0.512284 0.020429 0.016955
17 0.281856 0.500000 0.024238 0.020069
17 0.267140 0.494637 0.021122 0.017647
17 0.272680 0.530450 0.021814 0.024913
17 0.252597 0.520242 0.019044 0.017647
17 0.250173 0.533218 0.024584 0.021453
17 0.233380 0.540311 0.024238 0.024567
17 0.208622 0.521453 0.025277 0.024913
17 0.233899 0.496367 0.025277 0.022491
17 0.190616 0.510035 0.023892 0.020069
17 0.186461 0.497924 0.021814 0.020069
17 0.200831 0.488581 0.020776 0.024221
17 0.214508 0.480796 0.020429 0.019723
17 0.250866 0.470242 0.023892 0.028374
17 0.228705 0.452941 0.020429 0.019377
17 0.212950 0.457612 0.015928 0.019031
17 0.205159 0.463668 0.016274 0.017993
17 0.174169 0.460035 0.023546 0.021107
17 0.151835 0.459516 0.022507 0.015225
17 0.125000 0.488408 0.026316 0.021799
17 0.116170 0.474740 0.021814 0.018685
17 0.082929 0.471799 0.033587 0.042561
17 0.052285 0.589100 0.023546 0.033564
17 0.073753 0.439273 0.029086 0.030796
17 0.145083 0.441869 0.023546 0.022145
17 0.158241 0.451384 0.018006 0.016263
17 0.157722 0.427855 0.019737 0.022491
17 0.175208 0.433910 0.021468 0.020069
17 0.175035 0.417993 0.017659 0.015917
17 0.169321 0.403806 0.015235 0.013149
17 0.172957 0.395156 0.012812 0.013149
17 0.180921 0.388754 0.014197 0.014879
17 0.185769 0.403287 0.015582 0.019723
17 0.200485 0.390138 0.020776 0.015571
17 0.204294 0.400173 0.015235 0.012111
17 0.198234 0.413149 0.025277 0.015917
17 0.195810 0.424913 0.021814 0.018685
17 0.224030 0.421972 0.025623 0.023875
17 0.246537 0.410035 0.031163 0.027682
17 0.394564 0.432007 0.045360 0.039100