18 0.395165 0.866468 0.035698 0.034356
18 0.315635 0.910444 0.029372 0.039853
18 0.403073 0.920293 0.039765 0.039395
18 0.444645 0.906093 0.039765 0.033898
18 0.511297 0.743243 0.046543 0.038937
18 0.558518 0.723317 0.036150 0.036647
18 0.520334 0.907925 0.037506 0.040311
18 0.594668 0.869446 0.048803 0.041228
18 0.586082 0.907238 0.035246 0.038021
18 0.647763 0.898992 0.042928 0.036189
18 0.556710 0.939533 0.039765 0.033898
18 0.605739 0.953275 0.035698 0.043060
18 0.429282 0.989006 0.033439 0.021988
18 0.371441 0.974805 0.051514 0.041228
18 0.256891 0.911361 0.042928 0.038937
18 0.247854 0.857077 0.036602 0.034814
18 0.196340 0.820202 0.026661 0.042602
18 0.218030 0.866468 0.023046 0.030692
18 0.210800 0.902657 0.029372 0.022446
18 0.348622 0.716674 0.036602 0.051764
18 0.727745 0.795694 0.041121 0.034814
18 0.715319 0.741182 0.046091 0.045809
18 0.755310 0.924874 0.030276 0.021072
18 0.800271 0.892121 0.031631 0.026111
18 0.846136 0.847458 0.034794 0.024737
18 0.780840 0.715529 0.051514 0.039395
18 0.883190 0.727210 0.054677 0.037105
18 0.929282 0.686899 0.054677 0.036189
18 0.584727 0.697893 0.035246 0.034356
18 0.537958 0.475034 0.041121 0.037563
18 0.476502 0.490838 0.040217 0.034356
18 0.464528 0.529088 0.028920 0.029317
18 0.485088 0.575584 0.032987 0.032524
18 0.481021 0.621851 0.050158 0.037105
18 0.446227 0.662620 0.037506 0.037105
18 0.530953 0.633990 0.036150 0.035731
18 0.575237 0.645671 0.036150 0.029776
18 0.612969 0.636738 0.037506 0.037563
18 0.647085 0.624141 0.043380 0.037105
18 0.589923 0.507329 0.021238 0.019698
18 0.645278 0.505268 0.046995 0.035731
18 0.921148 0.567797 0.049254 0.041686
18 0.926570 0.451901 0.043832 0.033440
18 0.974243 0.494045 0.028016 0.033440
18 0.981925 0.545809 0.022594 0.027943
18 0.938545 0.656207 0.063263 0.045350
18 0.825802 0.195602 0.061003 0.044892
18 0.781744 0.205222 0.045188 0.034814
18 0.817442 0.234998 0.039765 0.036647
18 0.715996 0.262025 0.035698 0.036647
18 0.911884 0.302107 0.061455 0.041686
18 0.898780 0.372423 0.041573 0.039395
18 0.933574 0.355245 0.057840 0.046267
18 0.969272 0.406551 0.031631 0.030692
18 0.631496 0.373798 0.040217 0.037563
18 0.586082 0.340128 0.035246 0.029776
18 0.571396 0.301878 0.037506 0.036647
18 0.562811 0.270957 0.038409 0.034356
18 0.490511 0.212093 0.042928 0.031150
18 0.463172 0.284700 0.032535 0.031608
18 0.437867 0.207513 0.056033 0.033898
18 0.455490 0.321347 0.032535 0.035273
18 0.314279 0.243472 0.038409 0.037105
18 0.397198 0.256299 0.038861 0.038021
18 0.321735 0.372194 0.037054 0.049931
18 0.279711 0.465186 0.036150 0.035273
18 0.356078 0.418690 0.037958 0.044892
18 0.362630 0.461521 0.033891 0.031608
18 0.420696 0.396473 0.037054 0.038937
18 0.432897 0.362345 0.038861 0.031150
18 0.271125 0.267751 0.034343 0.034356
18 0.217352 0.263857 0.046091 0.035731
18 0.134885 0.247824 0.047447 0.045809
18 0.077271 0.315621 0.038861 0.032982
18 0.098735 0.295923 0.068233 0.057719
18 0.061003 0.377004 0.046995 0.039395
18 0.274062 0.136967 0.043832 0.055886
18 0.194758 0.146358 0.057840 0.059093
18 0.343651 0.042831 0.036602 0.038937
18 0.382286 0.055657 0.033439 0.038937
18 0.401943 0.089556 0.033891 0.035273
18 0.389516 0.128035 0.038861 0.038021
18 0.451649 0.106047 0.032987 0.035273
18 0.454135 0.047870 0.030728 0.034356
18 0.476051 0.031608 0.032987 0.035731
18 0.501130 0.020385 0.028920 0.030692
18 0.550384 0.024279 0.030728 0.039395
18 0.586308 0.109482 0.035698 0.036647
18 0.560551 0.141548 0.033891 0.037563
18 0.612291 0.033898 0.044284 0.036647
18 0.647311 0.042831 0.029372 0.029776
18 0.639404 0.090014 0.039765 0.037105
18 0.682106 0.087036 0.032083 0.036647
18 0.719611 0.070774 0.032083 0.025195
18 0.751017 0.091159 0.028920 0.028401
18 0.729327 0.139487 0.028920 0.038021
18 0.760958 0.118873 0.033439 0.040770
18 0.794397 0.121164 0.031631 0.027943
18 0.061003 0.474118 0.048803 0.036647
18 0.269995 0.502290 0.024853 0.017865
18 0.012201 0.520156 0.021690 0.029776
18 0.024853 0.551764 0.046091 0.028859
18 0.033439 0.620705 0.036150 0.032066
18 0.066652 0.629180 0.036602 0.035273
18 0.056936 0.659185 0.062359 0.035731
18 0.175328 0.622996 0.037958 0.034814
18 0.147989 0.668117 0.060099 0.059093
18 0.350203 0.650710 0.048803 0.040770
18 0.077948 0.738662 0.037506 0.033440
18 0.091279 0.764315 0.033439 0.022446
18 0.105739 0.789510 0.032535 0.034356
18 0.150700 0.792487 0.034794 0.032066
18 0.164031 0.812872 0.028920 0.026111
18 0.134659 0.815621 0.039765 0.027027
18 0.149797 0.837838 0.020334 0.025653
18 0.166290 0.847229 0.019883 0.017865
18 0.179620 0.839670 0.023046 0.021988
18 0.187076 0.863720 0.035246 0.029776
18 0.227745 0.821576 0.030728 0.038937
18 0.341392 0.888456 0.029372 0.032524