18 0.354981 0.907682 0.043296 0.040259
18 0.454842 0.930356 0.035382 0.032855
18 0.449022 0.974780 0.030261 0.041185
18 0.399674 0.967145 0.030261 0.039796
18 0.376397 0.972929 0.029330 0.023600
18 0.351723 0.963211 0.033985 0.028228
18 0.383380 0.860481 0.037709 0.034706
18 0.420391 0.809810 0.028864 0.024063
18 0.442970 0.839195 0.047020 0.043036
18 0.492086 0.873670 0.034451 0.037020
18 0.537942 0.846367 0.029330 0.027765
18 0.534218 0.877603 0.030261 0.030079
18 0.565410 0.870893 0.029330 0.028690
18 0.577747 0.826469 0.031657 0.031467
18 0.619879 0.908376 0.034916 0.033318
18 0.190177 0.821610 0.045158 0.032855
18 0.307495 0.757982 0.037709 0.033318
18 0.332868 0.709857 0.031657 0.026839
18 0.290270 0.689264 0.032123 0.033781
18 0.379190 0.793845 0.034916 0.032855
18 0.461127 0.748727 0.042365 0.037020
18 0.425978 0.696437 0.027002 0.027765
18 0.457635 0.694817 0.027933 0.028228
18 0.457635 0.666821 0.028864 0.026839
18 0.517691 0.668441 0.028864 0.027302
18 0.520717 0.733457 0.047020 0.041647
18 0.567970 0.702221 0.029795 0.033781
18 0.070065 0.616150 0.053538 0.035632
18 0.145019 0.752892 0.038641 0.037020
18 0.182728 0.656872 0.034916 0.033781
18 0.184125 0.619158 0.035847 0.031467
18 0.236732 0.617075 0.055400 0.033781
18 0.375000 0.608977 0.033054 0.031467
18 0.365223 0.635354 0.028399 0.028690
18 0.061685 0.487043 0.043296 0.035632
18 0.146881 0.465294 0.042365 0.043961
18 0.250698 0.437529 0.033054 0.031930
18 0.248836 0.488894 0.033985 0.035632
18 0.273743 0.532624 0.031657 0.030541
18 0.232775 0.564553 0.031657 0.031467
18 0.274674 0.565248 0.032588 0.029153
18 0.353352 0.451180 0.032588 0.034243
18 0.412942 0.486812 0.030726 0.030541
18 0.448790 0.489588 0.034451 0.035169
18 0.429004 0.544424 0.031192 0.030079
18 0.474162 0.603193 0.031192 0.024526
18 0.444832 0.628413 0.033985 0.024988
18 0.521182 0.618232 0.039572 0.049051
18 0.602188 0.666590 0.029330 0.028228
18 0.618250 0.642064 0.034451 0.031930
18 0.686918 0.672143 0.033054 0.032855
18 0.666201 0.543267 0.032588 0.028690
18 0.673417 0.739704 0.034916 0.031004
18 0.635708 0.832948 0.059125 0.034243
18 0.670857 0.852846 0.044693 0.037945
18 0.820065 0.761222 0.033985 0.033318
18 0.851024 0.776724 0.040037 0.047663
18 0.891061 0.793614 0.023277 0.042573
18 0.847998 0.831559 0.039572 0.040722
18 0.825652 0.868117 0.025605 0.022212
18 0.670391 0.955345 0.045624 0.031004
18 0.706238 0.945396 0.018622 0.017584
18 0.741155 0.918788 0.032588 0.028228
18 0.781425 0.898427 0.027467 0.026377
18 0.738827 0.725590 0.039106 0.033318
18 0.865456 0.695049 0.036313 0.034243
18 0.899441 0.685562 0.037244 0.031004
18 0.904795 0.634429 0.037709 0.035169
18 0.938547 0.592318 0.037244 0.032392
18 0.987197 0.563859 0.024674 0.032855
18 0.979749 0.609903 0.021881 0.025914
18 0.968575 0.655021 0.022812 0.030079
18 0.506983 0.431513 0.044693 0.037483
18 0.557495 0.467839 0.034916 0.034243
18 0.524209 0.508792 0.034451 0.032855
18 0.654330 0.513188 0.033985 0.035169
18 0.680866 0.523832 0.018156 0.013882
18 0.662011 0.442156 0.035382 0.034706
18 0.678771 0.471078 0.026071 0.025914
18 0.691806 0.446090 0.033520 0.030541
18 0.870810 0.375983 0.036778 0.035632
18 0.939479 0.460898 0.039106 0.034243
18 0.932263 0.516890 0.049814 0.053679
18 0.739991 0.275104 0.042365 0.036557
18 0.798417 0.262379 0.035382 0.038871
18 0.856611 0.219574 0.039106 0.031004
18 0.873603 0.255669 0.044227 0.039334
18 0.936685 0.267237 0.021415 0.029153
18 0.859637 0.298242 0.033054 0.034706
18 0.895019 0.313281 0.035847 0.037020
18 0.934823 0.326469 0.038175 0.030079
18 0.591015 0.099954 0.042365 0.037020
18 0.630121 0.066173 0.033985 0.037945
18 0.653864 0.105507 0.047952 0.041647
18 0.702980 0.103424 0.032588 0.033781
18 0.736034 0.069412 0.032588 0.026839
18 0.749302 0.118926 0.034916 0.039796
18 0.787477 0.137436 0.034916 0.037020
18 0.819600 0.161037 0.036778 0.035169
18 0.479516 0.012494 0.033520 0.024988
18 0.445065 0.024757 0.033520 0.032855
18 0.408520 0.029385 0.029330 0.036557
18 0.525838 0.033318 0.052607 0.060157
18 0.384311 0.059000 0.043296 0.031930
18 0.340549 0.070106 0.037709 0.034706
18 0.326350 0.127256 0.040968 0.040722
18 0.268855 0.177696 0.042365 0.036094
18 0.207402 0.170292 0.046089 0.041647
18 0.331937 0.221194 0.034451 0.035169
18 0.369181 0.241323 0.038175 0.044887
18 0.435289 0.237159 0.036313 0.034706
18 0.184358 0.256363 0.038175 0.032392
18 0.320996 0.289218 0.035847 0.036094
18 0.401536 0.288061 0.036778 0.031004
18 0.199022 0.310042 0.034916 0.033318
18 0.140596 0.395650 0.035382 0.033318
18 0.333101 0.373207 0.048883 0.037483
18 0.383845 0.366960 0.037709 0.035169
18 0.420391 0.320916 0.035382 0.028228
18 0.391294 0.413929 0.039572 0.045812
18 0.059125 0.366497 0.042831 0.031467
18 0.076350 0.397964 0.041899 0.049051
18 0.218575 0.884313 0.047952 0.055530
18 0.062384 0.276261 0.031657 0.041647