18 0.815359 0.219132 0.047839 0.070796
18 0.935795 0.418036 0.043642 0.058154
18 0.897398 0.405815 0.033991 0.039612
18 0.852707 0.439739 0.052035 0.045091
18 0.919219 0.481669 0.054973 0.052255
18 0.714016 0.467341 0.042384 0.043826
18 0.660722 0.440792 0.042384 0.058154
18 0.534620 0.408765 0.066303 0.064897
18 0.569240 0.350611 0.042384 0.031184
18 0.595048 0.401812 0.043642 0.073746
18 0.587285 0.281290 0.044901 0.045091
18 0.622115 0.335230 0.038187 0.042562
18 0.665338 0.313949 0.049098 0.048040
18 0.731851 0.313316 0.035250 0.040877
18 0.792279 0.345343 0.060428 0.042562
18 0.776962 0.390434 0.046580 0.045091
18 0.590852 0.537716 0.074696 0.070796
18 0.501679 0.531184 0.042384 0.046776
18 0.458246 0.474294 0.052035 0.040877
18 0.355015 0.353772 0.039446 0.050990
18 0.291020 0.379899 0.046580 0.046776
18 0.289971 0.291403 0.064624 0.050990
18 0.319975 0.265276 0.033991 0.040877
18 0.368233 0.267383 0.049098 0.042562
18 0.362568 0.229035 0.043642 0.034134
18 0.346412 0.188158 0.036509 0.042562
18 0.387956 0.168142 0.032312 0.031184
18 0.457826 0.196376 0.047839 0.048040
18 0.416072 0.199536 0.040705 0.050990
18 0.464750 0.156974 0.036509 0.034134
18 0.504826 0.164560 0.043642 0.049305
18 0.574696 0.174673 0.067562 0.094817
18 0.582249 0.104088 0.049098 0.052255
18 0.616030 0.059629 0.035250 0.050990
18 0.653798 0.127265 0.062107 0.064897
18 0.407679 0.068689 0.049098 0.060683
18 0.234998 0.226296 0.056232 0.048040
18 0.183802 0.232406 0.043642 0.049305
18 0.165338 0.280868 0.052035 0.032448
18 0.225136 0.282975 0.044901 0.045091
18 0.230382 0.341551 0.035250 0.046776
18 0.180235 0.349136 0.044901 0.045091
18 0.135963 0.316688 0.052035 0.050990
18 0.108896 0.360093 0.040705 0.038348
18 0.156316 0.386009 0.050776 0.048040
18 0.106169 0.444374 0.043642 0.042562
18 0.159043 0.485251 0.031053 0.036662
18 0.104910 0.495154 0.066303 0.053940
18 0.223038 0.531816 0.032312 0.048040
18 0.253462 0.569111 0.039446 0.040877
18 0.306127 0.599663 0.049098 0.053940
18 0.176039 0.526970 0.036509 0.055204
18 0.134285 0.553097 0.043642 0.036662
18 0.104280 0.584071 0.075955 0.070796
18 0.119597 0.672988 0.064624 0.064897
18 0.219891 0.709861 0.053714 0.045091
18 0.167016 0.764012 0.043642 0.053940
18 0.256819 0.777286 0.068821 0.046776
18 0.207931 0.803835 0.038187 0.040877
18 0.387117 0.799621 0.036509 0.040877
18 0.532522 0.771386 0.053714 0.055204
18 0.690097 0.669827 0.044901 0.046776
18 0.712757 0.751159 0.044901 0.045091
18 0.663659 0.872946 0.073437 0.073746
18 0.511120 0.872524 0.039446 0.067847
18 0.465380 0.897598 0.052035 0.058154
18 0.402854 0.866835 0.062107 0.064897
18 0.339488 0.846397 0.047839 0.040877
18 0.304448 0.914244 0.042384 0.072061
18 0.246538 0.875685 0.059169 0.079225
18 0.374108 0.920775 0.038187 0.048040
18 0.430340 0.940371 0.032312 0.045091
18 0.485103 0.956806 0.043642 0.049305
18 0.531053 0.935525 0.042384 0.043826
18 0.565044 0.904973 0.033991 0.036662
18 0.583089 0.948167 0.059169 0.060683
18 0.758288 0.821745 0.035250 0.039612
18 0.769618 0.787400 0.043642 0.038348
18 0.793747 0.719132 0.054973 0.049305
18 0.892363 0.654235 0.038187 0.049305
18 0.916911 0.723557 0.039446 0.035398
18 0.863407 0.803835 0.042384 0.049305
18 0.821234 0.826591 0.031053 0.040877
18 0.787453 0.554362 0.036509 0.042562
18 0.881032 0.581121 0.040705 0.056469
18 0.840327 0.585546 0.038187 0.067847
18 0.814100 0.619680 0.031053 0.042562
18 0.774024 0.615887 0.040705 0.038348
18 0.748007 0.647071 0.036509 0.040877
18 0.834033 0.645807 0.033991 0.038348
18 0.849140 0.695744 0.044901 0.087653
18 0.794587 0.672566 0.050776 0.043826
18 0.723877 0.880320 0.037768 0.031184
18 0.747797 0.852718 0.059589 0.044248
18 0.958246 0.347450 0.055812 0.049305
18 0.773395 0.078803 0.064624 0.048040
18 0.746328 0.123472 0.036509 0.064897
18 0.878514 0.225874 0.044062 0.045512
18 0.905371 0.265487 0.053294 0.028656
18 0.920688 0.218710 0.045321 0.064897