18 0.132705 0.408582 0.042778 0.038246
18 0.139144 0.513993 0.044618 0.046642
18 0.072217 0.533582 0.042318 0.038246
18 0.228151 0.423507 0.035879 0.038246
18 0.290248 0.459422 0.030359 0.029851
18 0.270929 0.484142 0.038638 0.038246
18 0.313477 0.485308 0.031739 0.031250
18 0.339926 0.502565 0.030359 0.028451
18 0.344066 0.380364 0.034959 0.035914
18 0.381325 0.397155 0.025759 0.026586
18 0.028289 0.374534 0.033579 0.031716
18 0.058188 0.690299 0.048298 0.037313
18 0.259660 0.682836 0.029899 0.039179
18 0.325897 0.666978 0.060258 0.041045
18 0.306348 0.694263 0.033119 0.032183
18 0.283349 0.707789 0.033119 0.030317
18 0.333947 0.710121 0.034039 0.033116
18 0.111086 0.791978 0.039098 0.035448
18 0.435833 0.447062 0.026219 0.023787
18 0.417433 0.472248 0.035419 0.030317
18 0.455612 0.484841 0.042778 0.054571
18 0.518629 0.468517 0.034499 0.029384
18 0.444802 0.544310 0.032199 0.033582
18 0.486891 0.609841 0.032659 0.031250
18 0.621435 0.528918 0.032199 0.034515
18 0.596366 0.467118 0.031739 0.032183
18 0.618445 0.430504 0.028059 0.026119
18 0.582567 0.427239 0.037259 0.029851
18 0.692732 0.486474 0.034959 0.032649
18 0.450322 0.607276 0.038638 0.040112
18 0.622125 0.684701 0.040018 0.033582
18 0.711822 0.649720 0.038178 0.036381
18 0.731601 0.722481 0.034499 0.037313
18 0.763109 0.616138 0.037718 0.035448
18 0.786339 0.585121 0.033579 0.033116
18 0.541398 0.737407 0.029439 0.033582
18 0.578887 0.744636 0.032659 0.029384
18 0.536569 0.773321 0.036339 0.032649
18 0.587397 0.774021 0.034959 0.033116
18 0.531969 0.820662 0.039098 0.037780
18 0.629485 0.876632 0.035419 0.034049
18 0.674793 0.860308 0.034959 0.033116
18 0.746550 0.884562 0.037718 0.044310
18 0.832107 0.757229 0.043238 0.037780
18 0.843146 0.706856 0.034959 0.034049
18 0.149724 0.831390 0.044618 0.036847
18 0.387994 0.848414 0.039098 0.038246
18 0.395124 0.927938 0.040478 0.042444
18 0.482981 0.934468 0.031279 0.034981
18 0.455152 0.956623 0.039098 0.038246
18 0.452162 0.991838 0.033119 0.016324
18 0.305428 0.947295 0.035879 0.033582
18 0.270009 0.936567 0.049678 0.038246
18 0.218261 0.898088 0.039098 0.034049
18 0.581417 0.983209 0.031279 0.031716
18 0.623045 0.971549 0.024379 0.027052
18 0.641444 0.964552 0.027139 0.023321
18 0.665593 0.953591 0.041398 0.041511
18 0.723551 0.924440 0.035879 0.035448
18 0.794388 0.455690 0.036799 0.032649
18 0.864075 0.465718 0.035419 0.030317
18 0.905934 0.454524 0.039098 0.034981
18 0.953082 0.475979 0.047838 0.035914
18 0.881785 0.516325 0.031279 0.029851
18 0.880865 0.566465 0.040478 0.050840
18 0.857636 0.613806 0.031739 0.035448
18 0.809108 0.608909 0.033119 0.029384
18 0.962511 0.588153 0.051058 0.038246
18 0.612006 0.271922 0.031739 0.027052
18 0.614995 0.303638 0.034039 0.027052
18 0.610166 0.344450 0.040938 0.029384
18 0.678703 0.364272 0.038178 0.037313
18 0.790248 0.248601 0.047838 0.030784
18 0.784729 0.280550 0.041398 0.033116
18 0.836477 0.263759 0.044618 0.044310
18 0.873735 0.283116 0.031739 0.034515
18 0.860856 0.308769 0.028979 0.032649
18 0.878105 0.344683 0.043238 0.044776
18 0.853726 0.363806 0.031279 0.032649
18 0.835787 0.416744 0.047838 0.046175
18 0.397654 0.337687 0.040938 0.035448
18 0.429853 0.390625 0.040018 0.033116
18 0.493100 0.414412 0.026679 0.024720
18 0.495630 0.379664 0.025299 0.019590
18 0.527139 0.355177 0.022999 0.020989
18 0.519779 0.403685 0.030359 0.050840
18 0.537489 0.387127 0.026219 0.029851
18 0.491490 0.336287 0.024379 0.022388
18 0.458602 0.323927 0.030359 0.025653
18 0.482061 0.309468 0.025759 0.028451
18 0.504370 0.302239 0.022539 0.021455
18 0.547838 0.308535 0.042318 0.040578
18 0.508280 0.266791 0.023919 0.021455
18 0.417663 0.302239 0.023919 0.021455
18 0.434453 0.290345 0.034499 0.037780
18 0.287259 0.326026 0.044618 0.052239
18 0.244710 0.334655 0.037718 0.034981
18 0.473551 0.242071 0.024379 0.026119
18 0.574977 0.273554 0.027599 0.023787
18 0.595676 0.235541 0.030359 0.024254
18 0.176173 0.128731 0.032199 0.027052
18 0.142134 0.220382 0.039558 0.036847
18 0.154784 0.253731 0.035419 0.033582
18 0.190662 0.254198 0.039098 0.035448
18 0.233441 0.180737 0.034499 0.036847
18 0.292778 0.182603 0.026219 0.022854
18 0.348206 0.110541 0.050598 0.037313
18 0.392134 0.152519 0.028979 0.043843
18 0.360856 0.204757 0.033579 0.037313
18 0.441122 0.173041 0.033119 0.035448
18 0.423873 0.212687 0.026219 0.042910
18 0.490570 0.218517 0.028979 0.025653
18 0.508510 0.202659 0.025299 0.026586
18 0.529899 0.217118 0.027599 0.028451
18 0.583717 0.196828 0.031279 0.040112
18 0.615915 0.207556 0.026679 0.028918
18 0.639604 0.163946 0.032659 0.035914
18 0.567157 0.098181 0.033119 0.031250
18 0.529439 0.106110 0.034959 0.033116
18 0.503910 0.124300 0.031739 0.033116
18 0.499540 0.074860 0.031279 0.033116
18 0.457682 0.099813 0.043238 0.046642
18 0.368675 0.069263 0.032659 0.033116
18 0.390294 0.051772 0.033579 0.039179
18 0.499540 0.018424 0.028519 0.036848
18 0.662374 0.047108 0.032199 0.047575
18 0.702622 0.101446 0.036339 0.044310
18 0.718031 0.168843 0.034959 0.039179
18 0.770469 0.200793 0.033119 0.035914
18 0.814627 0.217351 0.033119 0.034515