18 0.551724 0.071339 0.049622 0.052301
18 0.738015 0.065690 0.047098 0.049372
18 0.370900 0.120921 0.065601 0.069456
18 0.288898 0.092678 0.047098 0.043933
18 0.295206 0.148954 0.045416 0.049372
18 0.141926 0.233891 0.048360 0.049372
18 0.279437 0.244561 0.042473 0.042259
18 0.248949 0.265063 0.026913 0.023849
18 0.250631 0.322594 0.072330 0.082008
18 0.200168 0.331590 0.031119 0.035565
18 0.178722 0.374268 0.045416 0.038075
18 0.219722 0.391841 0.034062 0.033891
18 0.247897 0.415063 0.035744 0.041004
18 0.214045 0.442259 0.045416 0.032636
18 0.212363 0.491004 0.055509 0.048117
18 0.298150 0.489958 0.053827 0.049372
18 0.265349 0.547908 0.037006 0.038075
18 0.194281 0.567155 0.037006 0.048117
18 0.150126 0.525314 0.037006 0.038075
18 0.113961 0.477406 0.047098 0.049372
18 0.082632 0.516946 0.044155 0.038075
18 0.103238 0.562971 0.048360 0.042259
18 0.115433 0.607322 0.052565 0.052301
18 0.161690 0.603347 0.042473 0.041004
18 0.170732 0.650000 0.055509 0.052301
18 0.116274 0.658368 0.042473 0.043933
18 0.460261 0.509205 0.048360 0.059414
18 0.521867 0.514017 0.041211 0.052301
18 0.593987 0.464854 0.048360 0.092050
18 0.634987 0.328033 0.045416 0.051046
18 0.581161 0.341841 0.045416 0.046862
18 0.451009 0.345188 0.038267 0.036820
18 0.502733 0.352929 0.056770 0.058159
18 0.472246 0.406485 0.041211 0.074895
18 0.424096 0.276360 0.035744 0.052301
18 0.357864 0.210042 0.088310 0.086192
18 0.499159 0.248117 0.063919 0.046862
18 0.477292 0.289958 0.031119 0.036820
18 0.551093 0.206485 0.042473 0.056485
18 0.612279 0.179498 0.045416 0.051046
18 0.637931 0.236402 0.051304 0.051046
18 0.718881 0.215481 0.042473 0.049372
18 0.803616 0.201674 0.055509 0.055230
18 0.752944 0.142050 0.076955 0.060669
18 0.428091 0.705021 0.041211 0.049372
18 0.369849 0.710879 0.038267 0.041004
18 0.317283 0.707113 0.044155 0.045188
18 0.242851 0.719665 0.034062 0.030962
18 0.283221 0.741423 0.044155 0.051046
18 0.175988 0.722803 0.034062 0.042259
18 0.203743 0.762343 0.044155 0.053556
18 0.268293 0.788075 0.045416 0.039749
18 0.274601 0.832427 0.092515 0.043933
18 0.429773 0.847280 0.047098 0.045188
18 0.507990 0.862134 0.069807 0.058159
18 0.489487 0.925105 0.041211 0.045188
18 0.433137 0.922176 0.051304 0.051046
18 0.340622 0.891841 0.053827 0.058159
18 0.622161 0.793515 0.039950 0.048117
18 0.614592 0.862971 0.035744 0.039749
18 0.677460 0.830753 0.053827 0.060669
18 0.706056 0.678243 0.037006 0.049372
18 0.760303 0.768201 0.051304 0.051046
18 0.749369 0.811088 0.063919 0.035565
18 0.750841 0.866527 0.038267 0.041004
18 0.699117 0.900418 0.042473 0.041004
18 0.634357 0.937866 0.058452 0.070711
18 0.568124 0.951674 0.051304 0.056485
18 0.755887 0.494561 0.042473 0.055230
18 0.747477 0.345816 0.039950 0.058159
18 0.844617 0.293515 0.044155 0.060669
18 0.895711 0.347280 0.049622 0.041004
18 0.905803 0.401674 0.055509 0.065272
18 0.870269 0.463389 0.044155 0.058159
18 0.967830 0.517782 0.019765 0.039749
18 0.903701 0.524059 0.031119 0.038075
18 0.912321 0.564435 0.039950 0.030962
18 0.930614 0.594770 0.068124 0.038075
18 0.870059 0.656276 0.072330 0.076569
18 0.832843 0.541841 0.048360 0.051046
18 0.782170 0.437866 0.041211 0.038075
18 0.780908 0.397280 0.032801 0.042259
18 0.811186 0.332636 0.059714 0.051046
18 0.813288 0.377197 0.041211 0.043933
18 0.844197 0.377615 0.034062 0.033891
18 0.835997 0.420921 0.041211 0.041004
18 0.826535 0.751674 0.035744 0.035565
18 0.822750 0.801464 0.042473 0.043933
18 0.804247 0.848536 0.062658 0.045188
18 0.878259 0.763808 0.031539 0.048117
18 0.864592 0.800837 0.035324 0.044351
18 0.974979 0.475105 0.034062 0.038912
18 0.965307 0.387448 0.024811 0.030126
18 0.973297 0.334100 0.022288 0.027197
18 0.428091 0.016318 0.068124 0.032636