18 0.134677 0.266529 0.034814 0.061983
18 0.218507 0.343205 0.032066 0.038108
18 0.304169 0.322314 0.032982 0.038567
18 0.316766 0.259642 0.045350 0.039027
18 0.372194 0.239210 0.030692 0.033976
18 0.377691 0.312902 0.028859 0.034435
18 0.383188 0.351699 0.031608 0.033058
18 0.455108 0.260331 0.034356 0.035813
18 0.191709 0.384068 0.033440 0.032599
18 0.139487 0.404040 0.034356 0.033976
18 0.053596 0.301423 0.036647 0.033517
18 0.055199 0.422635 0.044434 0.037190
18 0.041228 0.482094 0.069629 0.034894
18 0.035273 0.511708 0.043060 0.037190
18 0.043976 0.574380 0.040311 0.033976
18 0.281951 0.560376 0.037105 0.039945
18 0.289281 0.593893 0.015117 0.016988
18 0.286074 0.458907 0.040770 0.052801
18 0.330967 0.483701 0.034356 0.039945
18 0.357306 0.517906 0.029317 0.031221
18 0.083372 0.661846 0.038479 0.040863
18 0.062758 0.724977 0.025653 0.030303
18 0.084059 0.748623 0.035273 0.029844
18 0.256528 0.748852 0.034814 0.034894
18 0.245992 0.800275 0.061383 0.046832
18 0.143381 0.803719 0.060467 0.034435
18 0.425790 0.698347 0.038937 0.041322
18 0.453962 0.759183 0.042144 0.050046
18 0.153917 0.836088 0.044892 0.038567
18 0.215300 0.895317 0.030234 0.033058
18 0.235685 0.911387 0.023362 0.027548
18 0.265689 0.926997 0.027485 0.034894
18 0.305085 0.910698 0.028401 0.028007
18 0.325928 0.925849 0.020614 0.025253
18 0.299588 0.940312 0.033898 0.025712
18 0.357306 0.906795 0.025653 0.036731
18 0.421438 0.925620 0.031150 0.033976
18 0.400137 0.949265 0.023362 0.026171
18 0.354100 0.941690 0.021072 0.021120
18 0.341961 0.950413 0.019698 0.020202
18 0.325240 0.951791 0.022904 0.023875
18 0.367613 0.960744 0.026111 0.029844
18 0.409299 0.984619 0.029776 0.026171
18 0.449840 0.972222 0.028401 0.035354
18 0.509162 0.946740 0.033440 0.031221
18 0.565506 0.872130 0.033440 0.036272
18 0.590472 0.916667 0.032982 0.037190
18 0.620247 0.889118 0.034814 0.033517
18 0.587265 0.980946 0.045809 0.028926
18 0.648420 0.969008 0.030692 0.028007
18 0.690792 0.854683 0.035731 0.035354
18 0.740037 0.871442 0.028859 0.029385
18 0.793862 0.862029 0.042144 0.043618
18 0.754695 0.826676 0.036189 0.035354
18 0.745305 0.792011 0.042144 0.042241
18 0.804398 0.792011 0.038479 0.037649
18 0.834631 0.666667 0.036647 0.039486
18 0.795465 0.617769 0.038021 0.041781
18 0.664682 0.636593 0.030234 0.030762
18 0.650023 0.671947 0.033898 0.034435
18 0.614521 0.710744 0.039853 0.033976
18 0.519240 0.664601 0.029776 0.033517
18 0.914796 0.770202 0.021988 0.020661
18 0.538021 0.615014 0.043518 0.041781
18 0.962666 0.658861 0.025195 0.027548
18 0.942281 0.717631 0.019240 0.033976
18 0.848603 0.571396 0.045350 0.039945
18 0.631699 0.596419 0.028401 0.027548
18 0.585433 0.603994 0.033898 0.032599
18 0.661475 0.570248 0.033898 0.033976
18 0.587265 0.464417 0.021988 0.024334
18 0.632387 0.437328 0.037105 0.037190
18 0.686441 0.544995 0.036189 0.036731
18 0.950527 0.535813 0.049473 0.033058
18 0.970683 0.478421 0.045809 0.028466
18 0.966560 0.444215 0.054970 0.046373
18 0.379753 0.399908 0.039395 0.035813
18 0.382730 0.431129 0.029776 0.032140
18 0.474805 0.500459 0.036189 0.033976
18 0.483280 0.535813 0.032982 0.028466
18 0.523362 0.456382 0.038937 0.036731
18 0.519469 0.569559 0.031150 0.028926
18 0.564819 0.325987 0.037563 0.037649
18 0.513284 0.313361 0.033440 0.033517
18 0.867613 0.269284 0.035731 0.035354
18 0.933120 0.282369 0.027485 0.030303
18 0.914567 0.374885 0.040770 0.036272
18 0.593907 0.188017 0.035273 0.034435
18 0.808749 0.205923 0.034356 0.029844
18 0.817453 0.169881 0.020614 0.023875
18 0.838983 0.176079 0.036189 0.042700
18 0.889601 0.206841 0.022904 0.031680
18 0.958085 0.325528 0.017865 0.025712
18 0.517407 0.012167 0.026111 0.023416
18 0.555428 0.018825 0.024279 0.026630
18 0.578791 0.037420 0.025195 0.035354
18 0.555428 0.070937 0.032524 0.032599
18 0.611773 0.023646 0.029776 0.023416
18 0.628951 0.108815 0.032982 0.034894
18 0.662162 0.080349 0.049931 0.040404
18 0.675676 0.117769 0.035731 0.033517
18 0.797755 0.137052 0.060009 0.045455
18 0.489235 0.045684 0.031150 0.034435
18 0.159643 0.149219 0.036189 0.035813
18 0.204077 0.147153 0.035273 0.041781
18 0.234769 0.167815 0.035273 0.038108
18 0.239120 0.206841 0.035731 0.031680
18 0.289281 0.163223 0.033440 0.038108
18 0.265231 0.107897 0.032066 0.027548
18 0.276454 0.082185 0.027027 0.039486
18 0.295465 0.064050 0.032982 0.034435
18 0.412735 0.105372 0.036647 0.032599
18 0.340815 0.042241 0.031150 0.038567
18 0.400596 0.145317 0.027943 0.029844
18 0.452359 0.065427 0.041686 0.039027
18 0.401970 0.029385 0.048099 0.033976
18 0.442052 0.021579 0.029317 0.025712
18 0.481677 0.283976 0.034356 0.032599
18 0.387082 0.904270 0.033898 0.035354
18 0.516949 0.915978 0.041686 0.027548