18 0.364055 0.836693 0.035023 0.031608
18 0.380645 0.894640 0.051613 0.043060
18 0.488479 0.932203 0.037788 0.033898
18 0.428571 0.978470 0.036866 0.039395
18 0.389401 0.955795 0.032258 0.046267
18 0.338249 0.951901 0.029493 0.040311
18 0.272581 0.921896 0.041014 0.041686
18 0.197005 0.867842 0.034562 0.028859
18 0.150000 0.846770 0.044700 0.046267
18 0.185945 0.741640 0.041935 0.029317
18 0.414747 0.742785 0.033180 0.027027
18 0.451382 0.761109 0.037327 0.035273
18 0.522581 0.756299 0.031336 0.029317
18 0.629032 0.966102 0.043318 0.034814
18 0.690553 0.937013 0.061290 0.038937
18 0.711290 0.908383 0.031797 0.027485
18 0.738479 0.920522 0.023502 0.022446
18 0.771659 0.900366 0.044700 0.038937
18 0.804147 0.878378 0.028571 0.027027
18 0.787097 0.850664 0.021198 0.021988
18 0.713134 0.768438 0.038249 0.033440
18 0.717512 0.829134 0.033180 0.036647
18 0.846083 0.801878 0.039631 0.034356
18 0.808525 0.839212 0.040092 0.039395
18 0.894240 0.795923 0.040092 0.036189
18 0.524885 0.633074 0.030415 0.026569
18 0.518894 0.712552 0.035023 0.032524
18 0.560369 0.685525 0.031336 0.028859
18 0.592627 0.699954 0.031336 0.029317
18 0.659447 0.665827 0.033180 0.035273
18 0.642166 0.706825 0.046544 0.031150
18 0.755991 0.682776 0.036406 0.031608
18 0.798157 0.679569 0.038710 0.035273
18 0.692627 0.609024 0.031336 0.029776
18 0.743548 0.583372 0.034562 0.029776
18 0.888710 0.560009 0.035484 0.032524
18 0.954147 0.592533 0.046544 0.030692
18 0.981797 0.557719 0.035484 0.027943
18 0.964747 0.627806 0.036406 0.028859
18 0.961751 0.660101 0.030415 0.027485
18 0.932258 0.700412 0.048848 0.037563
18 0.639862 0.417316 0.036406 0.031150
18 0.721889 0.487174 0.029954 0.026111
18 0.743548 0.521759 0.033641 0.032066
18 0.709447 0.541228 0.031797 0.033440
18 0.750691 0.455566 0.046083 0.035273
18 0.802995 0.453504 0.045622 0.042144
18 0.765207 0.415941 0.029954 0.029317
18 0.976728 0.460376 0.046544 0.035731
18 0.979263 0.504810 0.041474 0.035731
18 0.853917 0.293404 0.032258 0.033440
18 0.873041 0.335547 0.033641 0.030692
18 0.882949 0.397389 0.034101 0.032524
18 0.960829 0.358910 0.040553 0.042602
18 0.953226 0.323179 0.030876 0.034356
18 0.911060 0.296610 0.031336 0.030692
18 0.927189 0.273019 0.029493 0.026569
18 0.745161 0.256986 0.035945 0.034814
18 0.850000 0.208200 0.043779 0.034356
18 0.884793 0.190563 0.027650 0.029317
18 0.870276 0.246450 0.037327 0.034814
18 0.888249 0.273706 0.043779 0.034356
18 0.598387 0.239350 0.035484 0.033440
18 0.536866 0.275538 0.031336 0.031608
18 0.573272 0.298672 0.034101 0.029317
18 0.469355 0.298672 0.041014 0.035731
18 0.544931 0.350206 0.041935 0.031608
18 0.635023 0.379066 0.033180 0.031608
18 0.584332 0.409070 0.032258 0.033898
18 0.396544 0.369217 0.034562 0.034814
18 0.433410 0.451443 0.038249 0.032524
18 0.620737 0.515575 0.042396 0.035273
18 0.482028 0.525653 0.030415 0.028859
18 0.450691 0.538708 0.033180 0.031150
18 0.411060 0.538250 0.028571 0.025653
18 0.369816 0.507100 0.029032 0.024737
18 0.335253 0.499313 0.031797 0.026569
18 0.347465 0.460605 0.035945 0.057261
18 0.338940 0.537792 0.035484 0.030234
18 0.308986 0.573752 0.027189 0.031608
18 0.406682 0.581539 0.029954 0.028859
18 0.470737 0.573752 0.029032 0.048099
18 0.534793 0.572377 0.030876 0.031608
18 0.565207 0.595511 0.029954 0.028401
18 0.392857 0.628722 0.031797 0.038021
18 0.220507 0.404260 0.038249 0.034356
18 0.206452 0.491067 0.034101 0.034814
18 0.256912 0.494961 0.034562 0.031608
18 0.090092 0.515804 0.048387 0.038479
18 0.084101 0.571232 0.041014 0.035731
18 0.048387 0.603069 0.042396 0.033440
18 0.093548 0.648191 0.039631 0.052222
18 0.051843 0.671782 0.044700 0.035273
18 0.033410 0.394182 0.050230 0.040770
18 0.118433 0.719423 0.051613 0.037105
18 0.106221 0.761109 0.041935 0.036189
18 0.344470 0.696519 0.059447 0.049931
18 0.424194 0.663078 0.033641 0.025195
18 0.437788 0.694686 0.037788 0.031608
18 0.443779 0.731104 0.029493 0.027485
18 0.238940 0.106047 0.051152 0.058177
18 0.217972 0.148191 0.035023 0.032524
18 0.191014 0.167888 0.042857 0.033440
18 0.153456 0.219423 0.039631 0.039395
18 0.163594 0.274164 0.044240 0.042602
18 0.178571 0.307604 0.037327 0.038937
18 0.263594 0.301878 0.036866 0.040311
18 0.297465 0.155291 0.044700 0.043976
18 0.304147 0.058177 0.036866 0.041228
18 0.369816 0.056344 0.036406 0.045809
18 0.413594 0.035731 0.036406 0.050389
18 0.444009 0.098259 0.049309 0.040770
18 0.544700 0.022446 0.030415 0.037563
18 0.584101 0.021301 0.031797 0.035273
18 0.626959 0.021988 0.029032 0.024737
18 0.648157 0.036876 0.025346 0.023362
18 0.735023 0.065964 0.031336 0.025653
18 0.501382 0.104214 0.036866 0.032524
18 0.529263 0.083601 0.036406 0.035273
18 0.571198 0.065048 0.033641 0.029317
18 0.573041 0.110399 0.029954 0.032982
18 0.607143 0.122767 0.028111 0.031150
18 0.635484 0.108108 0.045161 0.052222
18 0.701613 0.117728 0.048387 0.044892