18 0.206755 0.568822 0.034687 0.031871
18 0.219078 0.603233 0.031036 0.033256
18 0.246235 0.601617 0.030580 0.028176
18 0.272935 0.586374 0.060246 0.042032
18 0.266773 0.625404 0.036057 0.033256
18 0.415107 0.582217 0.031492 0.042956
18 0.447284 0.600924 0.030123 0.030485
18 0.027613 0.495150 0.055226 0.046189
18 0.035828 0.608083 0.049749 0.040185
18 0.045641 0.660508 0.041990 0.036952
18 0.083524 0.749885 0.041077 0.044804
18 0.256504 0.773441 0.042903 0.043880
18 0.116157 0.806697 0.041534 0.043880
18 0.140803 0.828406 0.029667 0.033718
18 0.398220 0.809469 0.038795 0.037413
18 0.421497 0.769284 0.033318 0.032794
18 0.445002 0.739030 0.031036 0.030485
18 0.470105 0.759353 0.037426 0.033256
18 0.470333 0.790531 0.034231 0.033718
18 0.536057 0.725635 0.036969 0.036952
18 0.231401 0.851039 0.039251 0.037413
18 0.272935 0.901848 0.031949 0.036490
18 0.309904 0.895843 0.035600 0.036490
18 0.256047 0.930947 0.031949 0.029099
18 0.462118 0.898383 0.033318 0.029561
18 0.511867 0.902771 0.036057 0.030947
18 0.620493 0.806467 0.038795 0.036952
18 0.565723 0.957044 0.036057 0.041570
18 0.376084 0.977367 0.038339 0.031409
18 0.418759 0.984296 0.026016 0.025866
18 0.439069 0.986374 0.024646 0.024480
18 0.466682 0.984988 0.034231 0.030023
18 0.530123 0.983372 0.033318 0.033256
18 0.696942 0.879677 0.037426 0.034642
18 0.730032 0.838799 0.040621 0.037875
18 0.632360 0.730947 0.036057 0.033718
18 0.736194 0.736721 0.032862 0.035104
18 0.780466 0.757737 0.031949 0.031871
18 0.819717 0.730023 0.041077 0.042032
18 0.884984 0.783372 0.049293 0.040647
18 0.693975 0.721940 0.038795 0.032333
18 0.682337 0.574134 0.037426 0.035104
18 0.724099 0.704388 0.035144 0.032333
18 0.787540 0.589376 0.029667 0.037875
18 0.840484 0.574134 0.049749 0.037875
18 0.843679 0.627714 0.029667 0.031409
18 0.840027 0.682217 0.033318 0.031409
18 0.887951 0.635566 0.036057 0.036952
18 0.924007 0.677367 0.045185 0.036490
18 0.903697 0.382448 0.035600 0.029561
18 0.866043 0.402079 0.046098 0.041109
18 0.851666 0.428176 0.041990 0.036952
18 0.902328 0.438106 0.047467 0.040185
18 0.927430 0.466051 0.038339 0.030485
18 0.908261 0.485912 0.028298 0.026790
18 0.908717 0.522864 0.038339 0.047113
18 0.877910 0.531640 0.033318 0.033256
18 0.722273 0.458891 0.035144 0.035566
18 0.665906 0.412240 0.042903 0.033718
18 0.688270 0.376905 0.032862 0.029561
18 0.468964 0.428637 0.028754 0.024018
18 0.439297 0.446651 0.041534 0.031409
18 0.469877 0.471824 0.045185 0.053118
18 0.433820 0.523557 0.027841 0.028176
18 0.529210 0.484988 0.031492 0.031409
18 0.529439 0.427483 0.024646 0.023557
18 0.581698 0.423326 0.026016 0.031871
18 0.560703 0.428637 0.024190 0.050808
18 0.607029 0.475058 0.037426 0.029099
18 0.641031 0.492379 0.029667 0.027714
18 0.603149 0.516397 0.033318 0.030485
18 0.601780 0.580831 0.036057 0.031871
18 0.357599 0.441570 0.034231 0.033256
18 0.337061 0.413626 0.026016 0.028176
18 0.408489 0.331409 0.032862 0.034642
18 0.434505 0.363741 0.027385 0.028176
18 0.475126 0.316397 0.027385 0.029561
18 0.508215 0.292148 0.021451 0.023557
18 0.531036 0.285450 0.036057 0.041570
18 0.538110 0.329792 0.027385 0.029561
18 0.483569 0.377598 0.039708 0.029099
18 0.562300 0.353349 0.024646 0.023095
18 0.564126 0.327021 0.024646 0.028637
18 0.586947 0.331871 0.023733 0.026328
18 0.604747 0.299307 0.022821 0.022171
18 0.582611 0.261432 0.025103 0.024018
18 0.586718 0.387298 0.022364 0.020785
18 0.548836 0.394919 0.026016 0.024018
18 0.623688 0.354965 0.042446 0.036490
18 0.662255 0.331178 0.029210 0.028637
18 0.696486 0.347806 0.028298 0.024942
18 0.698539 0.307159 0.027841 0.025866
18 0.727293 0.290762 0.030580 0.030023
18 0.700822 0.265127 0.032405 0.035104
18 0.646965 0.261201 0.029667 0.027252
18 0.610452 0.246651 0.027841 0.026790
18 0.379051 0.257506 0.033318 0.054042
18 0.632588 0.241339 0.029210 0.028176
18 0.660201 0.167206 0.029667 0.034180
18 0.691921 0.162356 0.032862 0.032794
18 0.730945 0.168360 0.029667 0.031871
18 0.836148 0.163279 0.044728 0.045727
18 0.764719 0.260508 0.033318 0.034180
18 0.849840 0.229330 0.037426 0.036490
18 0.834779 0.298152 0.036513 0.036490
18 0.872204 0.348499 0.033775 0.035566
18 0.583980 0.187067 0.036969 0.032333
18 0.390005 0.104157 0.037882 0.036490
18 0.443633 0.132333 0.022821 0.024480
18 0.526472 0.086605 0.052487 0.043880
18 0.561616 0.057737 0.032405 0.039723
18 0.591283 0.053118 0.036969 0.034180
18 0.700593 0.069284 0.036513 0.037875
18 0.678914 0.118938 0.029667 0.030947
18 0.630990 0.126559 0.047010 0.037875
18 0.546554 0.147113 0.035144 0.039261
18 0.497262 0.180370 0.036057 0.036490
18 0.550662 0.211085 0.038795 0.037875
18 0.363989 0.033025 0.034231 0.027252
18 0.293702 0.100693 0.040621 0.039723
18 0.292560 0.136028 0.033775 0.037413
18 0.322684 0.152656 0.037426 0.037413
18 0.126883 0.197460 0.044728 0.041109
18 0.340256 0.249423 0.038795 0.038799
18 0.204929 0.268822 0.043816 0.045266
18 0.099498 0.356582 0.042903 0.039723
18 0.167732 0.366051 0.043359 0.041109
18 0.289822 0.320323 0.031036 0.040185
18 0.299635 0.395612 0.037882 0.036490
18 0.329302 0.383141 0.031492 0.031871