18 0.188017 0.805455 0.050046 0.036519
18 0.236226 0.776150 0.045455 0.037421
18 0.260331 0.713030 0.034894 0.033814
18 0.290174 0.746168 0.033058 0.025248
18 0.294307 0.782913 0.047750 0.049143
18 0.324380 0.832056 0.035354 0.034716
18 0.263545 0.869477 0.033058 0.035618
18 0.238981 0.905320 0.038108 0.036069
18 0.200413 0.875789 0.033517 0.040126
18 0.178604 0.869702 0.027548 0.026150
18 0.157254 0.853021 0.027089 0.034265
18 0.378329 0.830027 0.031221 0.031560
18 0.359734 0.854599 0.031680 0.032011
18 0.388659 0.863616 0.031680 0.029306
18 0.421028 0.827998 0.032140 0.030207
18 0.472681 0.857980 0.053719 0.040577
18 0.423324 0.917493 0.032140 0.035167
18 0.491965 0.890216 0.034435 0.032913
18 0.544536 0.793733 0.035813 0.034716
18 0.467631 0.716637 0.033517 0.030207
18 0.413223 0.722723 0.049587 0.035167
18 0.447888 0.979486 0.048209 0.031109
18 0.486455 0.989630 0.025253 0.019838
18 0.524334 0.978584 0.033976 0.030207
18 0.572544 0.981289 0.033058 0.023895
18 0.621671 0.973174 0.026630 0.022994
18 0.662305 0.947701 0.037190 0.034265
18 0.610422 0.806357 0.033517 0.032011
18 0.737833 0.837015 0.032140 0.032913
18 0.769284 0.843553 0.035354 0.036069
18 0.797521 0.800045 0.038567 0.033814
18 0.847337 0.777277 0.039945 0.035167
18 0.664830 0.872408 0.035813 0.033363
18 0.686410 0.901939 0.037649 0.055455
18 0.715106 0.933950 0.039027 0.032913
18 0.848485 0.844454 0.028466 0.027051
18 0.513545 0.698377 0.031680 0.028855
18 0.539945 0.684851 0.034894 0.030658
18 0.587925 0.739630 0.037190 0.032913
18 0.878558 0.811542 0.024334 0.023445
18 0.903811 0.777277 0.031680 0.027953
18 0.876033 0.706492 0.040404 0.062218
18 0.904729 0.665690 0.045455 0.042831
18 0.625803 0.620604 0.037649 0.030207
18 0.649219 0.607755 0.017447 0.014427
18 0.337236 0.549369 0.033517 0.032011
18 0.316116 0.568079 0.029844 0.027953
18 0.345960 0.648557 0.028926 0.029306
18 0.373278 0.660730 0.030303 0.026601
18 0.385904 0.635933 0.029844 0.026601
18 0.391185 0.597610 0.031221 0.029306
18 0.429293 0.586114 0.030303 0.026150
18 0.436639 0.662083 0.027548 0.024797
18 0.464876 0.620604 0.049128 0.042831
18 0.352388 0.709648 0.039027 0.036069
18 0.519513 0.526375 0.039945 0.034716
18 0.561524 0.507439 0.034894 0.032913
18 0.630854 0.588142 0.041322 0.038323
18 0.665748 0.528629 0.033058 0.034716
18 0.412994 0.516682 0.036272 0.031560
18 0.255969 0.619702 0.031680 0.024797
18 0.064738 0.578674 0.042241 0.036519
18 0.076217 0.658025 0.045914 0.039225
18 0.212121 0.651037 0.041322 0.038774
18 0.227502 0.583183 0.039945 0.040126
18 0.144858 0.508566 0.039027 0.031560
18 0.162994 0.475203 0.037649 0.033363
18 0.211433 0.494590 0.053719 0.040577
18 0.267677 0.466411 0.031221 0.030207
18 0.061295 0.424707 0.052801 0.045086
18 0.111570 0.302750 0.047750 0.033814
18 0.198118 0.322137 0.049128 0.046438
18 0.232094 0.446799 0.035354 0.030658
18 0.282369 0.437556 0.037649 0.030207
18 0.279385 0.386835 0.036272 0.035167
18 0.305785 0.342876 0.037649 0.035618
18 0.405647 0.322588 0.045455 0.043733
18 0.387741 0.400812 0.033517 0.036970
18 0.440771 0.383003 0.033058 0.054554
18 0.454775 0.337241 0.043618 0.031560
18 0.425620 0.460550 0.032140 0.036519
18 0.459826 0.476105 0.039945 0.035167
18 0.536042 0.447475 0.037190 0.034716
18 0.669421 0.561767 0.029385 0.027051
18 0.885675 0.559964 0.039486 0.036970
18 0.962351 0.543057 0.039486 0.033814
18 0.931818 0.516682 0.036272 0.037872
18 0.905647 0.487601 0.036272 0.034716
18 0.871212 0.428539 0.038108 0.036519
18 0.811524 0.413661 0.041781 0.039225
18 0.941690 0.417268 0.038567 0.032011
18 0.938017 0.453562 0.041322 0.039675
18 0.988522 0.492786 0.020202 0.029757
18 0.759871 0.194995 0.040404 0.034716
18 0.810606 0.225654 0.056474 0.033814
18 0.858815 0.246168 0.032599 0.029757
18 0.890955 0.281335 0.039027 0.035167
18 0.916667 0.313345 0.040863 0.036970
18 0.935262 0.350541 0.045914 0.035618
18 0.563131 0.247746 0.040863 0.036519
18 0.504132 0.277953 0.036731 0.033814
18 0.507346 0.315374 0.034894 0.031109
18 0.437557 0.121731 0.037649 0.039675
18 0.508035 0.102119 0.038108 0.042831
18 0.551423 0.058837 0.036731 0.032011
18 0.591598 0.068981 0.037190 0.036970
18 0.630165 0.051849 0.030762 0.035167
18 0.663223 0.064472 0.031680 0.038774
18 0.703857 0.070108 0.032140 0.031109
18 0.728191 0.100541 0.060606 0.054103
18 0.812902 0.180343 0.036272 0.036970
18 0.165060 0.195897 0.040863 0.034716
18 0.218549 0.134355 0.048669 0.050496
18 0.163912 0.230613 0.046832 0.042831
18 0.226584 0.256988 0.042700 0.040577
18 0.317493 0.208972 0.039027 0.038323
18 0.329201 0.154418 0.034894 0.036519
18 0.385675 0.088368 0.041322 0.052299
18 0.431129 0.242335 0.034894 0.033814
18 0.473829 0.188007 0.034894 0.034265
18 0.497475 0.220920 0.048209 0.048693
18 0.077594 0.727683 0.075298 0.052299
18 0.902893 0.229711 0.031680 0.030207
18 0.696281 0.542381 0.037190 0.032462