18 0.246914 0.192167 0.043896 0.038937
18 0.181984 0.191480 0.035665 0.032982
18 0.159808 0.154146 0.026063 0.023362
18 0.149063 0.201787 0.032007 0.029776
18 0.140146 0.235456 0.035208 0.033898
18 0.192501 0.237288 0.033836 0.032066
18 0.250343 0.232478 0.033379 0.030692
18 0.218564 0.272103 0.036580 0.033898
18 0.150892 0.294091 0.035665 0.031150
18 0.101509 0.288594 0.034751 0.032066
18 0.295382 0.287907 0.035665 0.032524
18 0.367398 0.264544 0.037037 0.034356
18 0.107910 0.398534 0.044810 0.060467
18 0.077732 0.435639 0.050297 0.043060
18 0.070187 0.479386 0.031550 0.027943
18 0.042295 0.484883 0.038866 0.030692
18 0.048240 0.517636 0.037037 0.041228
18 0.094193 0.516949 0.039323 0.033440
18 0.074989 0.338754 0.047554 0.035273
18 0.026292 0.419148 0.034294 0.025653
18 0.038637 0.574897 0.052583 0.027485
18 0.055556 0.617957 0.065386 0.033898
18 0.063100 0.707055 0.034751 0.033440
18 0.178326 0.610169 0.036580 0.034814
18 0.253772 0.678424 0.043896 0.043976
18 0.091907 0.771186 0.028349 0.026111
18 0.178784 0.747595 0.050297 0.042144
18 0.202332 0.786990 0.037037 0.033898
18 0.163923 0.833715 0.030636 0.030234
18 0.316872 0.805772 0.034751 0.031150
18 0.296525 0.843564 0.052583 0.041686
18 0.191587 0.847000 0.043896 0.046725
18 0.368999 0.825470 0.053955 0.040311
18 0.423868 0.790197 0.031093 0.035731
18 0.470279 0.766377 0.035208 0.032982
18 0.419524 0.756299 0.032465 0.031150
18 0.446731 0.839670 0.038409 0.033898
18 0.436671 0.722629 0.043896 0.043518
18 0.454275 0.691251 0.038866 0.034814
18 0.481024 0.638800 0.033836 0.034356
18 0.545496 0.711864 0.052126 0.043976
18 0.689300 0.700641 0.038866 0.035273
18 0.692730 0.658039 0.057613 0.047183
18 0.611797 0.793404 0.040238 0.038479
18 0.625743 0.830508 0.046182 0.043060
18 0.606539 0.964040 0.036123 0.043518
18 0.662551 0.949611 0.047554 0.051306
18 0.731367 0.904031 0.059899 0.057261
18 0.751029 0.701099 0.033379 0.031608
18 0.834476 0.760421 0.043896 0.040311
18 0.872657 0.728585 0.048011 0.068255
18 0.891175 0.652084 0.040238 0.048099
18 0.665752 0.485112 0.038409 0.037563
18 0.643576 0.541686 0.041610 0.035273
18 0.614540 0.584746 0.040238 0.037105
18 0.709877 0.520614 0.035208 0.035273
18 0.786008 0.494045 0.034751 0.038021
18 0.721308 0.592762 0.039781 0.034814
18 0.933242 0.500916 0.042981 0.049931
18 0.937128 0.562071 0.041610 0.054054
18 0.903521 0.589327 0.056699 0.053596
18 0.825103 0.432661 0.041610 0.043518
18 0.506630 0.495190 0.045725 0.038479
18 0.556241 0.425332 0.048011 0.038021
18 0.576589 0.370362 0.037494 0.036189
18 0.699360 0.340815 0.040695 0.038479
18 0.755601 0.316537 0.037037 0.033898
18 0.759031 0.360971 0.039323 0.033898
18 0.795839 0.350893 0.037037 0.033898
18 0.901920 0.311956 0.035208 0.032982
18 0.906722 0.339441 0.037494 0.031150
18 0.911980 0.369446 0.044353 0.035273
18 0.931642 0.434723 0.045267 0.041228
18 0.474166 0.393266 0.036580 0.029776
18 0.483310 0.354329 0.034751 0.032524
18 0.442615 0.349748 0.033836 0.027027
18 0.487883 0.324324 0.050297 0.033898
18 0.468907 0.296381 0.050754 0.043976
18 0.540466 0.239350 0.037494 0.035273
18 0.616369 0.231562 0.041152 0.032524
18 0.783493 0.234769 0.029721 0.033440
18 0.843164 0.270041 0.059442 0.049931
18 0.807727 0.137426 0.048011 0.048557
18 0.753086 0.163536 0.044810 0.040311
18 0.712849 0.124828 0.033836 0.037105
18 0.633059 0.140861 0.037037 0.033440
18 0.614769 0.116125 0.038866 0.034356
18 0.571102 0.119789 0.047554 0.034356
18 0.662094 0.103527 0.042981 0.037563
18 0.339049 0.098946 0.043439 0.043060
18 0.398491 0.089327 0.043439 0.040311
18 0.456790 0.080394 0.038409 0.037105
18 0.509374 0.092075 0.051212 0.041228
18 0.718564 0.087036 0.042524 0.043060
18 0.213763 0.105589 0.029721 0.025195
18 0.187243 0.129409 0.029721 0.023362
18 0.245313 0.135364 0.041610 0.038021
18 0.378829 0.326615 0.035208 0.029317
18 0.412437 0.373568 0.032007 0.028859
18 0.415866 0.400825 0.031550 0.028401
18 0.385460 0.406780 0.035665 0.032982
18 0.354367 0.448923 0.048468 0.063216
18 0.374714 0.518552 0.030636 0.028401
18 0.378829 0.555199 0.037952 0.032066
18 0.339049 0.541457 0.046182 0.052222
18 0.378601 0.946175 0.046639 0.071919
18 0.260174 0.925103 0.058528 0.053596
18 0.131687 0.167430 0.021948 0.019698