18 0.646136 0.314208 0.055000 0.048270
18 0.755000 0.404372 0.043636 0.053734
18 0.801591 0.420082 0.049545 0.042350
18 0.810455 0.355874 0.050909 0.046903
18 0.891136 0.387067 0.036818 0.035519
18 0.927500 0.365893 0.045000 0.046903
18 0.882045 0.316940 0.075000 0.051002
18 0.881818 0.482240 0.043636 0.048270
18 0.820909 0.505009 0.043636 0.048270
18 0.867955 0.604508 0.055000 0.049636
18 0.934318 0.615209 0.049545 0.053734
18 0.913182 0.712204 0.035455 0.038251
18 0.862727 0.697404 0.028182 0.042350
18 0.827500 0.685109 0.034091 0.026867
18 0.815455 0.715619 0.040909 0.036885
18 0.729318 0.614754 0.049545 0.038251
18 0.695455 0.647769 0.038182 0.042350
18 0.668864 0.664162 0.026818 0.032332
18 0.698182 0.709472 0.038182 0.061020
18 0.590227 0.654372 0.062273 0.038251
18 0.640455 0.752277 0.043636 0.030965
18 0.661136 0.796903 0.036818 0.038251
18 0.536136 0.771630 0.046818 0.032332
18 0.567045 0.833789 0.032273 0.040984
18 0.521136 0.886840 0.039545 0.036885
18 0.459091 0.872040 0.050909 0.043716
18 0.414545 0.825820 0.043636 0.045082
18 0.402500 0.772086 0.039545 0.045082
18 0.364318 0.762295 0.045000 0.048270
18 0.315227 0.757514 0.042273 0.046903
18 0.336136 0.799636 0.039545 0.040984
18 0.268409 0.715164 0.067727 0.046903
18 0.300227 0.647313 0.046818 0.052368
18 0.246136 0.653916 0.036818 0.043716
18 0.142045 0.668488 0.032273 0.035519
18 0.195000 0.673953 0.050909 0.071949
18 0.135227 0.727231 0.055000 0.051002
18 0.368182 0.688069 0.040909 0.040984
18 0.419773 0.657332 0.036818 0.046903
18 0.388409 0.630009 0.039545 0.055100
18 0.356136 0.934426 0.039545 0.063752
18 0.848182 0.762523 0.035455 0.039617
18 0.815682 0.762978 0.029545 0.029599
18 0.807273 0.793944 0.035455 0.032332
18 0.782955 0.837204 0.032273 0.042350
18 0.733636 0.824226 0.060909 0.061020
18 0.742273 0.898224 0.038182 0.045082
18 0.700455 0.872040 0.028182 0.035519
18 0.646818 0.882514 0.030909 0.030965
18 0.643864 0.849271 0.065000 0.043716
18 0.557273 0.946038 0.038182 0.039617
18 0.535909 0.973133 0.035455 0.030965
18 0.497273 0.979964 0.030909 0.030965
18 0.437045 0.963115 0.032273 0.053734
18 0.403409 0.966302 0.029545 0.048270
18 0.596818 0.924863 0.043636 0.056466
18 0.638409 0.956967 0.045000 0.046903
18 0.694091 0.943306 0.035455 0.045082
18 0.389773 0.522086 0.042273 0.039617
18 0.293409 0.506831 0.046818 0.043716
18 0.310682 0.461749 0.036818 0.038251
18 0.165455 0.550319 0.048182 0.042350
18 0.072273 0.550319 0.053636 0.039617
18 0.062955 0.508652 0.049545 0.040984
18 0.057273 0.410064 0.040909 0.039617
18 0.052500 0.346539 0.042273 0.051002
18 0.101364 0.362022 0.060909 0.048270
18 0.121591 0.321266 0.039545 0.039617
18 0.112273 0.405965 0.038182 0.039617
18 0.201364 0.407332 0.035455 0.039617
18 0.160682 0.393215 0.046818 0.045082
18 0.152955 0.447404 0.036818 0.032332
18 0.171818 0.473816 0.035455 0.036885
18 0.130682 0.472905 0.029545 0.026867
18 0.134773 0.509335 0.029545 0.042350
18 0.164545 0.509107 0.032727 0.024590
18 0.381364 0.457878 0.037273 0.051457
18 0.413636 0.413479 0.034545 0.036430
18 0.452273 0.380237 0.029091 0.035519
18 0.452500 0.431011 0.015000 0.016849
18 0.484318 0.443306 0.050455 0.046903
18 0.527045 0.402550 0.042273 0.037341
18 0.528182 0.354964 0.036364 0.039617
18 0.501364 0.308743 0.035455 0.035519
18 0.511591 0.241348 0.046818 0.061931
18 0.456818 0.267304 0.030909 0.030965
18 0.448409 0.300774 0.042273 0.037796
18 0.372273 0.314435 0.034545 0.038707
18 0.386818 0.362933 0.037273 0.034608
18 0.370000 0.403689 0.037273 0.039617
18 0.323409 0.380237 0.037727 0.035519
18 0.313409 0.345628 0.042273 0.030055
18 0.311136 0.295765 0.045000 0.045082
18 0.200000 0.277550 0.053636 0.044171
18 0.217273 0.256375 0.026364 0.031876
18 0.242727 0.242259 0.035455 0.031876
18 0.196136 0.207195 0.042273 0.032787
18 0.269545 0.234517 0.029091 0.023679
18 0.287727 0.207195 0.022727 0.027322
18 0.260000 0.203097 0.027273 0.024590
18 0.366591 0.229281 0.043182 0.046903
18 0.411364 0.214026 0.035455 0.026412
18 0.395455 0.182149 0.030000 0.033698
18 0.306591 0.136384 0.037727 0.041439
18 0.339091 0.163024 0.037273 0.027322
18 0.345000 0.192168 0.034545 0.027322
18 0.323182 0.215847 0.031818 0.028233
18 0.786591 0.259791 0.039545 0.047814
18 0.841136 0.257058 0.038636 0.040528
18 0.823864 0.196038 0.052273 0.046903
18 0.749773 0.222450 0.045000 0.050546
18 0.770227 0.143670 0.048636 0.046903
18 0.729545 0.131831 0.032727 0.040528
18 0.693409 0.135929 0.040455 0.045993
18 0.695000 0.185792 0.034545 0.035519
18 0.644773 0.151867 0.043182 0.048725
18 0.568636 0.195583 0.037273 0.041439
18 0.596136 0.157787 0.043182 0.069672
18 0.637955 0.054417 0.042273 0.067851
18 0.548864 0.111339 0.040455 0.045993
18 0.512727 0.111794 0.033636 0.048725
18 0.449773 0.140938 0.041364 0.043260
18 0.419545 0.128415 0.029091 0.033698
18 0.382273 0.127960 0.035455 0.036430
18 0.385455 0.095173 0.030909 0.032787
18 0.373864 0.049863 0.037727 0.046903
18 0.429091 0.036885 0.035455 0.056466
18 0.468636 0.042350 0.035455 0.056466
18 0.196818 0.164162 0.035455 0.045082
18 0.237727 0.145947 0.035455 0.044171
18 0.275455 0.153916 0.024545 0.028233
18 0.236364 0.179872 0.022727 0.023679
18 0.272273 0.181922 0.025455 0.023224