18 0.181756 0.565118 0.034294 0.035519
18 0.527663 0.265255 0.061271 0.046903
18 0.673983 0.296220 0.041152 0.055100
18 0.721308 0.285519 0.042524 0.053734
18 0.698903 0.218807 0.039781 0.046903
18 0.782807 0.221539 0.051212 0.055100
18 0.803841 0.178279 0.051212 0.034153
18 0.739369 0.158015 0.061271 0.061020
18 0.673983 0.120219 0.038409 0.051002
18 0.631459 0.147769 0.038409 0.046903
18 0.637860 0.071494 0.059442 0.043716
18 0.582990 0.135701 0.043896 0.051002
18 0.510745 0.131375 0.041152 0.042350
18 0.494056 0.089936 0.045267 0.055100
18 0.521262 0.061475 0.025606 0.035519
18 0.561957 0.058743 0.038409 0.063752
18 0.396433 0.045993 0.048468 0.061020
18 0.453589 0.127277 0.043896 0.045082
18 0.413580 0.149362 0.037037 0.066485
18 0.409694 0.202413 0.038409 0.042350
18 0.348651 0.135474 0.047096 0.045082
18 0.319159 0.150729 0.035665 0.040984
18 0.251257 0.116803 0.042524 0.049636
18 0.208733 0.127505 0.045267 0.048270
18 0.165524 0.163707 0.038409 0.046903
18 0.277549 0.214253 0.043896 0.052368
18 0.241427 0.214481 0.028349 0.035519
18 0.210105 0.229736 0.033379 0.037796
18 0.197074 0.198770 0.035665 0.032332
18 0.377686 0.267304 0.059442 0.051002
18 0.822588 0.299863 0.048468 0.039617
18 0.780750 0.353825 0.049840 0.048270
18 0.936443 0.397313 0.043896 0.045082
18 0.866712 0.415756 0.062643 0.051002
18 0.962734 0.492031 0.045267 0.045082
18 0.752858 0.491348 0.045267 0.043716
18 0.643576 0.591302 0.034294 0.045082
18 0.469593 0.402550 0.043896 0.043716
18 0.447874 0.355874 0.032465 0.046903
18 0.402835 0.331512 0.038409 0.040984
18 0.344307 0.318306 0.038409 0.025501
18 0.351623 0.346767 0.035665 0.034153
18 0.228852 0.413024 0.042524 0.059199
18 0.741427 0.659836 0.037037 0.040984
18 0.775720 0.681922 0.034294 0.034153
18 0.656836 0.729053 0.049840 0.040984
18 0.714449 0.762523 0.037037 0.039617
18 0.804070 0.766621 0.034294 0.034153
18 0.789438 0.734745 0.070873 0.029599
18 0.849337 0.736339 0.039781 0.038251
18 0.854138 0.674863 0.043896 0.076503
18 0.909694 0.660747 0.052583 0.048270
18 0.770690 0.588342 0.047096 0.059199
18 0.724508 0.565118 0.034294 0.035519
18 0.735940 0.531193 0.042524 0.029599
18 0.874257 0.509107 0.035665 0.028233
18 0.871971 0.539617 0.031093 0.035519
18 0.909694 0.504781 0.026978 0.036885
18 0.897577 0.577186 0.031093 0.036885
18 0.928898 0.560792 0.037037 0.032332
18 0.904664 0.613843 0.042524 0.030965
18 0.901006 0.737022 0.032465 0.039617
18 0.879973 0.795310 0.055327 0.032332
18 0.836077 0.837432 0.049840 0.048270
18 0.778921 0.827413 0.058070 0.051002
18 0.700274 0.830373 0.037037 0.036885
18 0.640832 0.849954 0.034294 0.042350
18 0.578189 0.949226 0.045267 0.065118
18 0.634202 0.956740 0.035665 0.061020
18 0.658893 0.934199 0.031093 0.046903
18 0.723594 0.929872 0.032465 0.040984
18 0.752172 0.906876 0.041152 0.039617
18 0.754915 0.871129 0.041152 0.028233
18 0.572245 0.830373 0.039781 0.042350
18 0.539095 0.785519 0.035665 0.038251
18 0.495885 0.795537 0.037037 0.038251
18 0.454733 0.816257 0.037037 0.039617
18 0.491312 0.843807 0.042524 0.038251
18 0.495885 0.681239 0.042524 0.038251
18 0.459534 0.673270 0.041152 0.065118
18 0.465935 0.734290 0.048468 0.039617
18 0.386603 0.727914 0.037037 0.046903
18 0.408551 0.574226 0.047096 0.053734
18 0.341564 0.756148 0.041152 0.046903
18 0.390489 0.801913 0.056699 0.051002
18 0.304755 0.803962 0.049840 0.077869
18 0.256287 0.821721 0.024234 0.042350
18 0.275720 0.878415 0.053955 0.056466
18 0.137860 0.756603 0.039781 0.039617
18 0.112254 0.717896 0.045267 0.046903
18 0.065386 0.635701 0.051212 0.038251
18 0.020805 0.582650 0.026978 0.039617
18 0.076132 0.529599 0.052583 0.040984
18 0.071102 0.572404 0.062643 0.035519
18 0.105396 0.606102 0.039781 0.040984
18 0.153635 0.567623 0.028349 0.032332
18 0.134202 0.581284 0.029721 0.036885
18 0.166209 0.619991 0.034294 0.032332
18 0.191129 0.634791 0.035665 0.030965
18 0.156379 0.653461 0.025606 0.028233
18 0.203018 0.673953 0.028349 0.035519
18 0.174668 0.681694 0.028349 0.051002
18 0.219479 0.708333 0.041152 0.045082
18 0.314815 0.607696 0.052583 0.049636
18 0.307042 0.556466 0.037037 0.040984
18 0.276177 0.292805 0.025606 0.032787
18 0.245313 0.269581 0.034294 0.031876
18 0.148148 0.275956 0.037494 0.033698
18 0.125514 0.303506 0.031550 0.025956
18 0.188843 0.279144 0.041152 0.028233
18 0.207590 0.304645 0.029264 0.020036
18 0.243027 0.329463 0.048011 0.039617
18 0.200274 0.336066 0.032922 0.033698
18 0.085734 0.389572 0.037952 0.042350
18 0.062643 0.345628 0.035665 0.032787
18 0.091907 0.313752 0.037494 0.033698
18 0.139003 0.329463 0.025606 0.021403
18 0.162323 0.350182 0.027435 0.025501
18 0.106081 0.346539 0.029264 0.027322
18 0.136031 0.354053 0.026978 0.030510
18 0.160494 0.375228 0.029264 0.025501
18 0.141975 0.397996 0.034294 0.029144
18 0.131459 0.424408 0.038866 0.025501
18 0.122085 0.454007 0.060357 0.037341
18 0.286923 0.399818 0.035208 0.035519
18 0.397577 0.419627 0.035208 0.039617
18 0.326932 0.433971 0.032007 0.032787
18 0.375629 0.466302 0.037952 0.029144
18 0.367856 0.520492 0.034294 0.049180
18 0.419753 0.463570 0.017375 0.024590
18 0.451989 0.456512 0.047096 0.047814
18 0.329447 0.479053 0.035208 0.031876
18 0.281207 0.479964 0.032007 0.033698
18 0.254915 0.456512 0.029721 0.034153