18 0.223399 0.144858 0.041028 0.034435
18 0.239179 0.186180 0.034716 0.048209
18 0.230388 0.228880 0.037872 0.036272
18 0.148332 0.179063 0.031560 0.031221
18 0.117674 0.218549 0.038774 0.043159
18 0.162308 0.232553 0.037872 0.032599
18 0.181244 0.204775 0.045086 0.051423
18 0.126465 0.312672 0.044635 0.038567
18 0.199955 0.306703 0.039225 0.036731
18 0.262624 0.105142 0.041930 0.042241
18 0.422227 0.106061 0.041930 0.044995
18 0.525473 0.020432 0.039225 0.040864
18 0.605726 0.080119 0.041028 0.050046
18 0.635708 0.134757 0.022543 0.024334
18 0.696573 0.095271 0.037872 0.036272
18 0.677412 0.140037 0.033814 0.035813
18 0.707619 0.129017 0.036519 0.036731
18 0.685077 0.173554 0.032913 0.035813
18 0.770965 0.174931 0.045086 0.046832
18 0.739179 0.206841 0.033814 0.033517
18 0.699729 0.217860 0.036970 0.039027
18 0.818079 0.199265 0.041930 0.043159
18 0.740532 0.277778 0.037421 0.037649
18 0.653291 0.325069 0.036069 0.033976
18 0.622633 0.338843 0.036069 0.029385
18 0.600090 0.376722 0.056808 0.066575
18 0.815374 0.314050 0.067178 0.055096
18 0.908476 0.328742 0.047791 0.053260
18 0.904418 0.257805 0.056808 0.061065
18 0.956718 0.375115 0.055005 0.040404
18 0.863390 0.423324 0.043282 0.043159
18 0.972723 0.448806 0.054554 0.040863
18 0.656673 0.488751 0.043733 0.038108
18 0.761046 0.501377 0.049594 0.034894
18 0.728584 0.536272 0.044184 0.040404
18 0.801623 0.536731 0.034265 0.032140
18 0.864292 0.490817 0.041479 0.038567
18 0.866997 0.525482 0.030658 0.031680
18 0.655546 0.575528 0.032462 0.032599
18 0.701082 0.577824 0.036069 0.032599
18 0.682372 0.601010 0.032913 0.033058
18 0.656222 0.608815 0.032913 0.029385
18 0.736023 0.625803 0.038323 0.040404
18 0.975203 0.499770 0.048693 0.039945
18 0.965059 0.573921 0.048242 0.030303
18 0.953111 0.606979 0.034265 0.032140
18 0.875564 0.597107 0.047791 0.030762
18 0.936880 0.636593 0.027953 0.026171
18 0.866321 0.631313 0.041028 0.037649
18 0.737601 0.666208 0.037872 0.034894
18 0.892020 0.675390 0.025699 0.022957
18 0.924031 0.672865 0.041930 0.050046
18 0.917042 0.709137 0.043282 0.032599
18 0.892471 0.733471 0.033814 0.031680
18 0.848512 0.725207 0.036970 0.028926
18 0.836790 0.755510 0.036069 0.035354
18 0.777953 0.805556 0.039225 0.074839
18 0.737151 0.853994 0.034265 0.033058
18 0.794184 0.862259 0.043733 0.040404
18 0.848963 0.836318 0.016231 0.018825
18 0.894725 0.772957 0.036519 0.030762
18 0.425158 0.644399 0.039675 0.039027
18 0.537421 0.697658 0.040577 0.038108
18 0.637962 0.688017 0.035167 0.036272
18 0.411181 0.723600 0.051398 0.033976
18 0.454463 0.757805 0.061317 0.033517
18 0.359333 0.752296 0.034265 0.032599
18 0.385257 0.800046 0.035618 0.050046
18 0.470018 0.812213 0.038323 0.036731
18 0.488954 0.788338 0.030207 0.033976
18 0.214157 0.807163 0.040577 0.033976
18 0.264427 0.839761 0.039225 0.031221
18 0.294184 0.864784 0.035618 0.032599
18 0.166141 0.855372 0.033814 0.030303
18 0.213030 0.879936 0.041930 0.059229
18 0.245266 0.896235 0.032462 0.034894
18 0.290126 0.951561 0.027502 0.023416
18 0.318530 0.959366 0.032011 0.031680
18 0.358656 0.971763 0.030207 0.024334
18 0.416592 0.913912 0.036970 0.038108
18 0.428539 0.957989 0.030207 0.046373
18 0.512173 0.982094 0.032462 0.035812
18 0.586564 0.931589 0.038774 0.038567
18 0.637511 0.961433 0.038774 0.039486
18 0.681695 0.948577 0.031560 0.031221
18 0.716637 0.927686 0.033814 0.028007
18 0.735122 0.910698 0.035618 0.037190
18 0.120379 0.814279 0.032462 0.028926
18 0.162985 0.726584 0.040126 0.035354
18 0.132777 0.680900 0.040126 0.038567
18 0.231966 0.714646 0.048242 0.052801
18 0.260821 0.665289 0.035618 0.033976
18 0.308611 0.676997 0.037421 0.039027
18 0.041930 0.565657 0.059513 0.032140
18 0.071686 0.594582 0.045086 0.040404
18 0.210325 0.648990 0.041028 0.046373
18 0.228584 0.589532 0.045086 0.058770
18 0.297115 0.630624 0.042381 0.039027
18 0.230388 0.529614 0.044184 0.040863
18 0.059739 0.443526 0.050045 0.047750
18 0.169973 0.491965 0.035167 0.035354
18 0.185077 0.462580 0.032913 0.031680
18 0.196123 0.433655 0.035167 0.038108
18 0.220469 0.408861 0.036970 0.037190
18 0.041028 0.365473 0.056808 0.052342
18 0.086114 0.265381 0.064022 0.049587