20 0.572396 0.097622 0.024734 0.022695
20 0.660769 0.119597 0.022748 0.023775
20 0.674851 0.146073 0.018776 0.020533
20 0.620148 0.153818 0.023109 0.021614
20 0.552717 0.163455 0.019318 0.018192
20 0.452519 0.187590 0.023289 0.021794
20 0.567160 0.180926 0.021484 0.017111
20 0.575194 0.169308 0.016971 0.015850
20 0.620780 0.197496 0.019679 0.018912
20 0.716285 0.147514 0.016068 0.018372
20 0.726395 0.150576 0.016790 0.019813
20 0.741470 0.167597 0.022387 0.016751
20 0.766294 0.165436 0.021484 0.021073
20 0.798159 0.193174 0.020942 0.021434
20 0.769634 0.205692 0.019498 0.018732
20 0.691370 0.218840 0.020762 0.018732
20 0.740567 0.217579 0.019859 0.019092
20 0.742463 0.244146 0.018234 0.018912
20 0.817657 0.220461 0.018054 0.015850
20 0.806554 0.247298 0.016790 0.015130
20 0.804568 0.258105 0.016790 0.016210
20 0.782632 0.266571 0.020220 0.020893
20 0.831016 0.310429 0.020942 0.021434
20 0.825510 0.326909 0.016429 0.017291
20 0.777938 0.321776 0.022026 0.018192
20 0.774959 0.339517 0.016068 0.016210
20 0.775320 0.363653 0.019679 0.020893
20 0.803936 0.354917 0.021303 0.017471
20 0.848619 0.368516 0.016790 0.016571
20 0.696335 0.283952 0.020942 0.018192
20 0.662394 0.277738 0.021665 0.019452
20 0.677559 0.311689 0.020581 0.019272
20 0.633688 0.307187 0.021665 0.018192
20 0.597220 0.295929 0.020581 0.019813
20 0.641993 0.330872 0.016248 0.016931
20 0.630619 0.336365 0.017693 0.017471
20 0.610038 0.337176 0.016971 0.015130
20 0.595144 0.347442 0.020040 0.019452
20 0.636035 0.355097 0.018054 0.018912
20 0.662484 0.379773 0.021123 0.021073
20 0.727658 0.386888 0.022206 0.020893
20 0.817476 0.412554 0.021665 0.020713
20 0.608955 0.406430 0.021665 0.019633
20 0.594602 0.427053 0.017512 0.016931
20 0.630980 0.440922 0.021665 0.019452
20 0.661040 0.450108 0.021123 0.019452
20 0.698592 0.489283 0.023289 0.020713
20 0.620690 0.507475 0.020581 0.019272
20 0.825871 0.455151 0.021845 0.023775
20 0.833724 0.513148 0.023831 0.022334
20 0.760697 0.543318 0.024373 0.021434
20 0.646146 0.549892 0.022026 0.021254
20 0.834898 0.569524 0.024373 0.023415
20 0.848799 0.632925 0.021484 0.023415
20 0.827496 0.666066 0.019318 0.023055
20 0.867305 0.673991 0.021665 0.021614
20 0.720798 0.646614 0.020401 0.019092
20 0.775501 0.690022 0.022928 0.019452
20 0.795902 0.688851 0.020401 0.021073
20 0.787417 0.702810 0.020040 0.018372
20 0.776494 0.717399 0.019498 0.018372
20 0.767016 0.727576 0.023289 0.018552
20 0.628272 0.634096 0.023831 0.021794
20 0.626106 0.594110 0.023109 0.023595
20 0.575194 0.507925 0.022026 0.021614
20 0.534663 0.525576 0.022567 0.019452
20 0.495577 0.537014 0.023831 0.019993
20 0.455136 0.561329 0.017693 0.017471
20 0.446019 0.571146 0.020401 0.018732
20 0.477974 0.571236 0.017151 0.015670
20 0.454865 0.611762 0.019318 0.018912
20 0.430042 0.495947 0.018776 0.017111
20 0.526088 0.486581 0.019498 0.022154
20 0.560480 0.420659 0.020762 0.019993
20 0.538003 0.424982 0.019498 0.018192
20 0.504875 0.421380 0.018956 0.018912
20 0.492688 0.398055 0.018054 0.017291
20 0.479689 0.412644 0.017332 0.016571
20 0.487904 0.443804 0.018234 0.016931
20 0.486279 0.471542 0.019318 0.019092
20 0.460372 0.474244 0.019498 0.017651
20 0.440693 0.459474 0.018776 0.015850
20 0.423181 0.457133 0.014804 0.014049
20 0.417584 0.447767 0.016248 0.013689
20 0.418848 0.433808 0.010110 0.009546
20 0.412259 0.421380 0.008846 0.007745
20 0.407835 0.410213 0.017693 0.016030
20 0.435909 0.409492 0.015346 0.014950
20 0.448456 0.427323 0.016609 0.014589
20 0.454865 0.442093 0.018595 0.017111
20 0.459108 0.405620 0.014082 0.015130
20 0.466871 0.401207 0.013721 0.016030
20 0.450081 0.392291 0.014082 0.013689
20 0.434645 0.394723 0.016429 0.014950
20 0.436270 0.382565 0.014985 0.014049
20 0.425348 0.386167 0.014082 0.013329
20 0.414064 0.377161 0.017151 0.014769
20 0.397545 0.429755 0.019498 0.016210
20 0.379762 0.379863 0.017873 0.018372
20 0.398086 0.378332 0.017332 0.016390
20 0.363242 0.437410 0.018054 0.016030
20 0.378588 0.445695 0.016971 0.015670
20 0.366041 0.450919 0.015346 0.015670
20 0.348709 0.453710 0.019318 0.019092
20 0.335349 0.473703 0.019679 0.018732
20 0.367395 0.487212 0.018054 0.016931
20 0.389420 0.486131 0.017693 0.015850
20 0.414967 0.482619 0.016790 0.015670
20 0.386622 0.498289 0.012096 0.015670
20 0.397274 0.500090 0.016068 0.014589
20 0.344737 0.498469 0.017512 0.017471
20 0.278751 0.494326 0.018054 0.016751
20 0.262412 0.497388 0.017512 0.018552
20 0.285701 0.510627 0.019318 0.017651
20 0.316303 0.527738 0.018776 0.016931
20 0.321538 0.538815 0.019498 0.015310
20 0.327135 0.551333 0.014804 0.016931
20 0.340043 0.544939 0.016068 0.013869
20 0.373262 0.536023 0.018234 0.019092
20 0.346001 0.555115 0.016068 0.017291
20 0.354847 0.559438 0.012457 0.012248
20 0.361798 0.552864 0.015526 0.016030
20 0.369381 0.564932 0.016248 0.018912
20 0.354667 0.577900 0.016068 0.014950
20 0.371367 0.590688 0.017332 0.017471
20 0.327676 0.576909 0.016971 0.015850
20 0.313504 0.578080 0.014624 0.016030
20 0.298881 0.571326 0.013901 0.013329
20 0.296714 0.558718 0.016068 0.015850
20 0.284618 0.564121 0.017873 0.016210
20 0.257537 0.561059 0.018234 0.018372
20 0.280827 0.581592 0.015707 0.015850
20 0.271800 0.587446 0.016790 0.015310
20 0.256545 0.593930 0.011916 0.009906
20 0.236053 0.596632 0.020040 0.016751
20 0.273064 0.608880 0.018595 0.015670
20 0.303755 0.612752 0.018234 0.016571
20 0.328579 0.610681 0.017332 0.016390
20 0.350515 0.606358 0.016790 0.016751
20 0.346091 0.594651 0.016248 0.015310
20 0.372540 0.630403 0.019679 0.018732
20 0.412890 0.628963 0.018054 0.018012
20 0.425889 0.623199 0.020220 0.021974
20 0.438798 0.637158 0.017873 0.018552
20 0.482398 0.664445 0.022387 0.022695
20 0.422008 0.698217 0.020762 0.017831
20 0.390955 0.719741 0.020401 0.020173
20 0.394114 0.679755 0.019498 0.019813
20 0.357646 0.659042 0.016971 0.016210
20 0.357014 0.677594 0.015707 0.015490
20 0.370464 0.690832 0.018776 0.017831
20 0.341939 0.678404 0.017693 0.016751
20 0.339231 0.694434 0.017332 0.019272
20 0.327315 0.675973 0.017693 0.017291
20 0.311157 0.684258 0.018595 0.017651
20 0.318559 0.710825 0.018234 0.018552
20 0.296895 0.675883 0.016429 0.014229
20 0.297075 0.663184 0.016068 0.013329
20 0.281910 0.654989 0.016429 0.013148
20 0.280646 0.666427 0.015346 0.014049
20 0.271619 0.638238 0.016790 0.017111
20 0.257267 0.625811 0.015887 0.015310
20 0.247157 0.633555 0.018415 0.015310
20 0.258711 0.647514 0.017693 0.016571
20 0.234338 0.655530 0.017693 0.017471
20 0.239303 0.667507 0.017512 0.017291
20 0.253385 0.665346 0.015346 0.015850
20 0.265752 0.664445 0.013721 0.015490
20 0.247247 0.688040 0.020040 0.018372
20 0.281188 0.708393 0.016429 0.016571
20 0.299422 0.706232 0.016068 0.017651
20 0.302853 0.721272 0.016068 0.016030
20 0.265301 0.729737 0.011374 0.010627
20 0.233255 0.728656 0.018415 0.018192
20 0.214389 0.698217 0.019679 0.016030
20 0.302853 0.744236 0.017873 0.020173
20 0.319552 0.758555 0.017332 0.017111
20 0.336703 0.767111 0.018415 0.018012
20 0.309262 0.772424 0.016248 0.016751
20 0.318650 0.778278 0.019859 0.020173
20 0.375339 0.778098 0.020220 0.020893
20 0.393031 0.766120 0.019137 0.018192
20 0.411536 0.763959 0.019318 0.019633
20 0.453782 0.795029 0.020401 0.020893
20 0.387164 0.818444 0.019318 0.018012
20 0.379310 0.827360 0.020942 0.017471
20 0.426611 0.809978 0.017332 0.017651
20 0.422730 0.829881 0.016429 0.017471
20 0.437985 0.826909 0.020942 0.024135
20 0.418036 0.850865 0.016068 0.019092
20 0.441957 0.855548 0.020581 0.020533
20 0.299783 0.803314 0.012457 0.011167
20 0.294728 0.811870 0.021123 0.019993
20 0.242643 0.756484 0.021665 0.019813
20 0.241831 0.791336 0.023289 0.022154
20 0.216736 0.775666 0.020401 0.020353
20 0.215743 0.812050 0.022387 0.022875
20 0.263856 0.862032 0.017512 0.020173
20 0.344737 0.893822 0.022928 0.023595
20 0.366853 0.890760 0.022748 0.021434
20 0.440784 0.884996 0.020762 0.018192
20 0.446019 0.874189 0.020401 0.018192
20 0.437444 0.918948 0.018054 0.018372
20 0.447644 0.934348 0.021484 0.018192
20 0.443492 0.946596 0.023289 0.018912
20 0.480141 0.946686 0.020762 0.024135
20 0.522838 0.924982 0.022387 0.021794
20 0.539177 0.925432 0.017512 0.020173
20 0.550190 0.946506 0.021123 0.020173
20 0.552988 0.927864 0.018054 0.021794
20 0.570681 0.931826 0.019137 0.018912
20 0.597761 0.952360 0.023831 0.026477
20 0.617169 0.907691 0.022206 0.020353
20 0.632515 0.915706 0.021484 0.019452
20 0.649576 0.912014 0.020220 0.018552
20 0.682885 0.897875 0.022206 0.022334
20 0.641452 0.890760 0.021665 0.019272
20 0.627640 0.870407 0.027622 0.023235
20 0.643347 0.854467 0.021484 0.019813
20 0.656617 0.846542 0.021303 0.019452
20 0.684329 0.836275 0.023650 0.022695
20 0.732713 0.799262 0.025095 0.022875
20 0.522928 0.731988 0.022928 0.020533
20 0.528074 0.789896 0.024192 0.023595
20 0.748059 0.774766 0.019679 0.021073
20 0.768821 0.770983 0.023650 0.023595
20 0.545315 0.690472 0.025095 0.022875
20 0.160589 0.763238 0.023289 0.023955
20 0.182434 0.718390 0.020762 0.018552
20 0.193446 0.729287 0.018956 0.020173
20 0.205904 0.719921 0.018595 0.019813
20 0.183968 0.683357 0.020942 0.019813
20 0.187218 0.665346 0.019859 0.019813
20 0.147319 0.633105 0.019498 0.019813
20 0.118162 0.665256 0.022567 0.018912
20 0.109406 0.677864 0.021303 0.020353
20 0.096678 0.545209 0.025817 0.022334
20 0.108774 0.608429 0.023650 0.022334
20 0.129085 0.563311 0.020581 0.020713
20 0.178281 0.585825 0.022567 0.021073
20 0.189114 0.568444 0.020762 0.020173
20 0.199946 0.588437 0.020762 0.019092
20 0.201480 0.490814 0.021665 0.020893
20 0.118613 0.453981 0.025636 0.022514
20 0.105163 0.465958 0.023289 0.020173
20 0.314317 0.398505 0.021303 0.015670
20 0.317566 0.409582 0.020220 0.016210
20 0.075645 0.321776 0.023831 0.020713
20 0.068334 0.351315 0.024373 0.025036
20 0.098213 0.336275 0.020220 0.018372
20 0.118523 0.362482 0.022206 0.017831
20 0.116086 0.373199 0.019498 0.016931
20 0.184149 0.357349 0.021303 0.021614
20 0.179545 0.332043 0.024012 0.020353
20 0.170969 0.303044 0.020220 0.024676
20 0.245171 0.351405 0.021303 0.021254
20 0.222423 0.311870 0.020220 0.021794
20 0.245802 0.315832 0.020762 0.020713
20 0.263315 0.319434 0.018956 0.018912
20 0.341397 0.351585 0.021665 0.018732
20 0.378498 0.322857 0.015707 0.017111
20 0.377595 0.298721 0.019318 0.018912
20 0.335079 0.279899 0.017332 0.016931
20 0.295270 0.281520 0.021484 0.018372
20 0.320545 0.282241 0.014263 0.014049
20 0.315671 0.291427 0.014624 0.014769
20 0.324878 0.294128 0.012096 0.015130
20 0.302040 0.295659 0.015165 0.016390
20 0.293465 0.299712 0.016429 0.019092
20 0.406301 0.362302 0.014624 0.014589
20 0.417945 0.359330 0.014082 0.010807
20 0.423994 0.351855 0.017512 0.016390
20 0.419661 0.367795 0.014624 0.012608
20 0.442318 0.328080 0.012638 0.017111
20 0.454685 0.329881 0.015707 0.019993
20 0.451345 0.303494 0.020220 0.019813
20 0.396010 0.272785 0.017512 0.013148
20 0.393663 0.283141 0.018234 0.015850
20 0.378047 0.263329 0.017693 0.019813
20 0.350876 0.254413 0.020040 0.019633
20 0.326413 0.253512 0.019859 0.017111
20 0.288951 0.241174 0.019679 0.018012
20 0.531865 0.315562 0.019859 0.019452
20 0.527622 0.329251 0.016068 0.013689
20 0.529789 0.341409 0.019318 0.017471
20 0.501805 0.337896 0.020762 0.016931
20 0.501173 0.354107 0.018054 0.011888
20 0.503069 0.364823 0.019679 0.012428
20 0.568875 0.297190 0.020942 0.021254
20 0.445748 0.233970 0.021303 0.020173
20 0.572125 0.231718 0.020581 0.019993
20 0.371006 0.190382 0.022387 0.019813
20 0.363784 0.164085 0.023109 0.019452
20 0.258440 0.142201 0.024012 0.020713
20 0.322080 0.154899 0.022748 0.020893
20 0.316754 0.190292 0.018956 0.019633
20 0.299151 0.202540 0.018415 0.017111
20 0.304568 0.208844 0.016971 0.019272
20 0.316393 0.210645 0.014985 0.017471
20 0.242643 0.206322 0.022748 0.019633
20 0.204820 0.228656 0.016068 0.020353
20 0.215111 0.226045 0.014263 0.018012
20 0.226846 0.232529 0.014624 0.018372
20 0.235331 0.247388 0.017512 0.019633
20 0.238130 0.228927 0.018415 0.016931
20 0.253836 0.221722 0.016971 0.016571
20 0.267648 0.225054 0.017151 0.016030
20 0.268370 0.237932 0.016429 0.016931
20 0.262683 0.249460 0.017332 0.016571
20 0.903502 0.524045 0.023650 0.021794
20 0.899260 0.326999 0.024914 0.021794
20 0.914696 0.303224 0.025456 0.024676