20 0.455752 0.198771 0.024779 0.024572
20 0.522124 0.199649 0.028319 0.025450
20 0.474115 0.304081 0.026991 0.026327
20 0.518142 0.293769 0.025664 0.024133
20 0.532301 0.284993 0.026549 0.025011
20 0.294469 0.287407 0.027876 0.023695
20 0.273673 0.372971 0.030531 0.028082
20 0.470796 0.391180 0.029204 0.025011
20 0.523894 0.383502 0.027434 0.027205
20 0.328319 0.416191 0.030088 0.027644
20 0.551549 0.407635 0.027876 0.021939
20 0.551106 0.425845 0.026106 0.023256
20 0.661062 0.414217 0.030088 0.028082
20 0.288496 0.512725 0.027434 0.025011
20 0.305973 0.509434 0.030531 0.027205
20 0.662389 0.527424 0.024779 0.025450
20 0.688938 0.521281 0.023894 0.023695
20 0.698230 0.512286 0.023894 0.019746
20 0.722788 0.517771 0.024336 0.025450
20 0.692699 0.561430 0.028761 0.026766
20 0.679204 0.584028 0.029204 0.027205
20 0.638717 0.611452 0.028761 0.025011
20 0.630531 0.646556 0.028319 0.025011
20 0.615708 0.675296 0.026991 0.028082
20 0.649779 0.643703 0.023451 0.025450
20 0.673230 0.644581 0.026991 0.023695
20 0.692035 0.676613 0.030088 0.027205
20 0.861726 0.698991 0.029646 0.028082
20 0.448451 0.735630 0.027876 0.024133
20 0.519912 0.765248 0.027434 0.023695
20 0.511504 0.727293 0.027434 0.025889
20 0.700000 0.737604 0.027434 0.027205
20 0.796681 0.798157 0.029646 0.028960
20 0.738274 0.835674 0.027876 0.028521
20 0.760841 0.851251 0.033186 0.029838
20 0.550664 0.865731 0.030531 0.028960
20 0.404425 0.858710 0.030088 0.027205
20 0.453761 0.921018 0.030531 0.031593
20 0.706416 0.926283 0.028761 0.027205
20 0.678097 0.959412 0.029646 0.022378
20 0.176770 0.793111 0.031416 0.026766
20 0.200442 0.815928 0.034513 0.032032
20 0.208628 0.782580 0.032301 0.028521
20 0.261504 0.875384 0.031858 0.029838
20 0.323451 0.803642 0.030973 0.028521
20 0.345133 0.749232 0.029204 0.027644
20 0.375885 0.752962 0.026991 0.021939
20 0.370354 0.731242 0.026549 0.024133
20 0.252434 0.701185 0.035841 0.029838
20 0.085177 0.699430 0.034956 0.030715
20 0.313274 0.681439 0.026549 0.026327
20 0.325000 0.653796 0.030531 0.025450
20 0.360398 0.674857 0.025221 0.027205
20 0.371681 0.566038 0.030973 0.026327
20 0.125442 0.553971 0.027876 0.023256
20 0.098894 0.474550 0.034071 0.027644
20 0.240487 0.472576 0.030531 0.029838
20 0.271903 0.554629 0.027876 0.027205
20 0.244912 0.551338 0.025221 0.022378
20 0.237832 0.563186 0.026991 0.025011
20 0.009735 0.578324 0.019470 0.025450