20 0.533104 0.031034 0.020636 0.020690
20 0.486028 0.037716 0.022786 0.016810
20 0.484308 0.050647 0.020206 0.016810
20 0.472485 0.060776 0.022356 0.019828
20 0.480224 0.079526 0.020636 0.019397
20 0.554600 0.102155 0.023216 0.025000
20 0.489252 0.125862 0.023216 0.022414
20 0.463887 0.126940 0.020636 0.021983
20 0.418960 0.112931 0.023646 0.021552
20 0.400258 0.142672 0.019776 0.020690
20 0.382846 0.133405 0.019347 0.019397
20 0.357696 0.134698 0.018917 0.017672
20 0.347592 0.123060 0.024506 0.023707
20 0.356406 0.152155 0.016337 0.018103
20 0.384566 0.163578 0.020206 0.017672
20 0.558255 0.159052 0.021926 0.021552
20 0.597163 0.144828 0.019776 0.018103
20 0.605331 0.125431 0.026655 0.024138
20 0.633491 0.138578 0.024506 0.021983
20 0.558684 0.022198 0.022786 0.021121
20 0.689381 0.158621 0.027085 0.023276
20 0.654127 0.185345 0.022786 0.023276
20 0.597807 0.199353 0.021926 0.022845
20 0.552451 0.207112 0.022356 0.021121
20 0.632201 0.229741 0.018487 0.018966
20 0.684437 0.210345 0.019776 0.019828
20 0.718831 0.206897 0.021496 0.019828
20 0.737532 0.221336 0.019347 0.015948
20 0.715821 0.231250 0.018917 0.017672
20 0.693250 0.223922 0.016767 0.015948
20 0.677128 0.234052 0.015477 0.013793
20 0.665520 0.248491 0.015477 0.016810
20 0.685512 0.243319 0.015047 0.013362
20 0.704213 0.245474 0.016337 0.018534
20 0.749140 0.245905 0.020206 0.017672
20 0.776655 0.254095 0.021066 0.019397
20 0.816208 0.203664 0.025365 0.025431
20 0.811049 0.245043 0.021066 0.019397
20 0.825881 0.242026 0.021496 0.021983
20 0.754299 0.262284 0.014187 0.015086
20 0.756664 0.276293 0.017197 0.018966
20 0.775580 0.288362 0.014617 0.015517
20 0.787403 0.287931 0.016767 0.018103
20 0.786328 0.304310 0.018917 0.018966
20 0.716251 0.270043 0.015477 0.015948
20 0.722055 0.278879 0.015907 0.016379
20 0.706578 0.290086 0.013328 0.015517
20 0.668315 0.269828 0.015047 0.013793
20 0.611995 0.246552 0.015907 0.017241
20 0.601032 0.243966 0.015477 0.015517
20 0.640155 0.283405 0.014617 0.014224
20 0.665305 0.286638 0.012468 0.011207
20 0.672829 0.281681 0.010318 0.010776
20 0.674764 0.289440 0.009888 0.009914
20 0.682072 0.284052 0.013328 0.012069
20 0.646604 0.298922 0.013758 0.014224
20 0.617799 0.281466 0.013758 0.012931
20 0.614789 0.289871 0.014617 0.011638
20 0.593938 0.281681 0.013328 0.010776
20 0.567283 0.275647 0.015907 0.015086
20 0.562124 0.284267 0.015047 0.014224
20 0.550516 0.291379 0.017627 0.015517
20 0.579106 0.290302 0.011178 0.009052
20 0.581900 0.282112 0.012468 0.010776
20 0.591574 0.300862 0.015477 0.015517
20 0.605331 0.302155 0.014617 0.016379
20 0.613070 0.309267 0.014617 0.013362
20 0.903267 0.271552 0.012038 0.012931
20 0.749140 0.315086 0.015907 0.014655
20 0.733233 0.323060 0.014187 0.014224
20 0.744626 0.334914 0.015477 0.018966
20 0.769561 0.326724 0.017197 0.017241
20 0.791917 0.338793 0.024076 0.022414
20 0.664015 0.297629 0.010748 0.009052
20 0.670894 0.301509 0.010748 0.009052
20 0.668315 0.310345 0.009888 0.011207
20 0.676698 0.306681 0.010318 0.009914
20 0.683362 0.310129 0.009888 0.009052
20 0.691960 0.335345 0.013328 0.014655
20 0.686801 0.328017 0.011608 0.010345
20 0.678418 0.326940 0.011178 0.009914
20 0.677343 0.334483 0.013328 0.011207
20 0.670249 0.322414 0.012898 0.012931
20 0.654127 0.315733 0.015047 0.012500
20 0.640585 0.316595 0.015477 0.013362
20 0.627472 0.320474 0.015907 0.013362
20 0.611565 0.329957 0.018487 0.015086
20 0.633491 0.334698 0.010748 0.014224
20 0.641230 0.334914 0.009028 0.012069
20 0.649183 0.337284 0.008598 0.013362
20 0.655847 0.337716 0.009888 0.013362
20 0.673044 0.349138 0.016767 0.015517
20 0.655632 0.358621 0.013758 0.011207
20 0.658641 0.366379 0.015477 0.014655
20 0.614789 0.373707 0.013758 0.015517
20 0.623173 0.372198 0.012468 0.013362
20 0.628977 0.380172 0.013758 0.014655
20 0.645744 0.396767 0.019776 0.018534
20 0.695400 0.407328 0.021066 0.019828
20 0.766122 0.403664 0.018057 0.015948
20 0.775365 0.397629 0.018487 0.015948
20 0.780954 0.374353 0.015907 0.015948
20 0.791702 0.382543 0.015907 0.015948
20 0.808255 0.379095 0.019776 0.018534
20 0.851462 0.354957 0.024506 0.021121
20 0.881771 0.367888 0.020636 0.019397
20 0.846088 0.386422 0.019776 0.016810
20 0.838564 0.410776 0.020206 0.018103
20 0.871453 0.397198 0.018057 0.017672
20 0.890585 0.393103 0.023646 0.022414
20 0.869089 0.383621 0.016767 0.013793
20 0.856621 0.375431 0.013328 0.013793
20 0.865649 0.373060 0.015907 0.013362
20 0.914230 0.426509 0.026225 0.023707
20 0.851032 0.450000 0.021066 0.020690
20 0.782459 0.444397 0.018917 0.018966
20 0.741617 0.455172 0.020636 0.021552
20 0.722700 0.446767 0.018917 0.020259
20 0.703138 0.458190 0.018487 0.019828
20 0.660146 0.445259 0.020206 0.018966
20 0.642949 0.425216 0.017627 0.015086
20 0.635856 0.435345 0.016337 0.014655
20 0.623818 0.419612 0.016337 0.015086
20 0.789338 0.494612 0.014617 0.019397
20 0.800301 0.493966 0.016767 0.018966
20 0.871668 0.507543 0.016767 0.020259
20 0.881556 0.504526 0.015907 0.019397
20 0.889510 0.512500 0.017197 0.018966
20 0.773431 0.518534 0.016337 0.018103
20 0.744841 0.510776 0.021066 0.018966
20 0.757094 0.516810 0.016337 0.018103
20 0.768702 0.535129 0.018917 0.018534
20 0.823947 0.545259 0.021926 0.018966
20 0.658641 0.498276 0.021496 0.021552
20 0.625322 0.504310 0.018487 0.018103
20 0.625322 0.524784 0.017627 0.016810
20 0.688306 0.522629 0.019776 0.020259
20 0.636500 0.545905 0.021066 0.019397
20 0.656707 0.557543 0.014187 0.015948
20 0.672614 0.558405 0.020206 0.020259
20 0.710017 0.556034 0.021066 0.020690
20 0.693895 0.583190 0.020636 0.019828
20 0.700774 0.599569 0.024076 0.020690
20 0.738177 0.582328 0.021496 0.019828
20 0.783534 0.574138 0.019347 0.019828
20 0.778375 0.596121 0.021926 0.022414
20 0.817498 0.564655 0.015907 0.018103
20 0.829751 0.562284 0.018057 0.018534
20 0.831685 0.628664 0.023646 0.022845
20 0.875322 0.659698 0.024076 0.021983
20 0.899828 0.657112 0.024936 0.021983
20 0.924119 0.665302 0.021926 0.018534
20 0.943680 0.649569 0.027515 0.024138
20 0.920034 0.682328 0.019776 0.018966
20 0.918530 0.703233 0.023646 0.021121
20 0.890585 0.733621 0.021926 0.024138
20 0.850387 0.721336 0.023216 0.024569
20 0.813844 0.750000 0.023216 0.023276
20 0.820292 0.784914 0.022356 0.023276
20 0.806965 0.788362 0.021496 0.022414
20 0.780525 0.792241 0.024506 0.023276
20 0.692390 0.778448 0.027085 0.021552
20 0.657997 0.726078 0.025365 0.020259
20 0.630911 0.717672 0.021066 0.018966
20 0.632201 0.690517 0.020206 0.017241
20 0.649398 0.677802 0.023646 0.019397
20 0.651763 0.656034 0.023216 0.018103
20 0.625322 0.640733 0.025365 0.022845
20 0.590069 0.620043 0.021066 0.021121
20 0.569003 0.649784 0.021926 0.017672
20 0.533319 0.633190 0.015047 0.012931
20 0.527730 0.641595 0.021066 0.016810
20 0.541488 0.664224 0.021066 0.015517
20 0.559544 0.679526 0.018487 0.015086
20 0.570292 0.697845 0.019347 0.016379
20 0.575451 0.676724 0.017627 0.015517
20 0.591144 0.674784 0.016337 0.015948
20 0.603181 0.668103 0.017197 0.016379
20 0.599527 0.693966 0.015907 0.016379
20 0.610490 0.690948 0.015477 0.014655
20 0.612855 0.701940 0.016767 0.015086
20 0.596733 0.750862 0.018057 0.018103
20 0.616294 0.752371 0.017627 0.015086
20 0.634136 0.765517 0.018917 0.016379
20 0.656707 0.771121 0.021066 0.019828
20 0.640155 0.787716 0.022356 0.018534
20 0.557180 0.746121 0.023216 0.018103
20 0.581900 0.773276 0.020206 0.017241
20 0.536758 0.757759 0.018487 0.015517
20 0.577171 0.796552 0.021066 0.016379
20 0.571152 0.808405 0.016767 0.015948
20 0.605331 0.808190 0.018057 0.019828
20 0.590499 0.812716 0.013328 0.013362
20 0.596948 0.820043 0.015907 0.013362
20 0.587704 0.829095 0.023216 0.016810
20 0.552880 0.807974 0.017197 0.014224
20 0.532029 0.813362 0.017627 0.016379
20 0.719046 0.860991 0.024506 0.022845
20 0.708083 0.889009 0.024936 0.025431
20 0.672614 0.867457 0.025365 0.020259
20 0.675623 0.893750 0.024506 0.022845
20 0.631126 0.893750 0.020636 0.020259
20 0.622743 0.906034 0.021066 0.022414
20 0.600817 0.928233 0.024506 0.022845
20 0.586414 0.905388 0.021496 0.018534
20 0.574377 0.886422 0.020636 0.018534
20 0.569647 0.860991 0.019776 0.016810
20 0.565778 0.875862 0.021496 0.019828
20 0.547936 0.857543 0.019347 0.016810
20 0.541058 0.846121 0.022786 0.018966
20 0.501505 0.854095 0.021926 0.019397
20 0.547721 0.919397 0.025795 0.026724
20 0.495486 0.898491 0.029665 0.021983
20 0.476139 0.880388 0.021926 0.021121
20 0.445400 0.870690 0.023216 0.025000
20 0.445400 0.830388 0.020636 0.021121
20 0.469261 0.823060 0.021066 0.017672
20 0.494411 0.813362 0.017197 0.017241
20 0.512683 0.819397 0.019347 0.016379
20 0.430138 0.800000 0.021926 0.018966
20 0.444325 0.798922 0.017627 0.017672
20 0.461737 0.781034 0.016337 0.013793
20 0.468616 0.787716 0.014617 0.017672
20 0.483448 0.786853 0.019347 0.018534
20 0.481083 0.771121 0.019776 0.014655
20 0.477859 0.756466 0.015047 0.012931
20 0.475279 0.746121 0.018487 0.012931
20 0.464961 0.729526 0.014187 0.014224
20 0.489467 0.730172 0.017627 0.016379
20 0.507954 0.724784 0.016767 0.013362
20 0.509673 0.737069 0.013328 0.013793
20 0.504084 0.743966 0.014187 0.013793
20 0.514832 0.758621 0.016767 0.018103
20 0.355976 0.891379 0.025795 0.023276
20 0.337704 0.779310 0.022786 0.017241
20 0.335125 0.766595 0.020206 0.015948
20 0.358985 0.757974 0.017197 0.018534
20 0.336414 0.739009 0.019347 0.015948
20 0.386715 0.748276 0.015907 0.016379
20 0.398968 0.748060 0.016337 0.016810
20 0.402408 0.739009 0.016337 0.011638
20 0.435297 0.747629 0.018487 0.015948
20 0.429063 0.732974 0.016337 0.014224
20 0.432932 0.721552 0.012898 0.012069
20 0.439811 0.712716 0.016337 0.014224
20 0.403912 0.715302 0.014187 0.013362
20 0.375107 0.701509 0.013328 0.009914
20 0.378332 0.706250 0.011178 0.008190
20 0.369304 0.715517 0.014617 0.013793
20 0.357481 0.712500 0.015907 0.016379
20 0.342648 0.699353 0.012898 0.014224
20 0.333190 0.702802 0.016337 0.016810
20 0.362640 0.689224 0.012468 0.010345
20 0.361350 0.680172 0.012468 0.011207
20 0.370593 0.683190 0.009458 0.012931
20 0.377687 0.679095 0.011608 0.010776
20 0.390585 0.687500 0.013328 0.010345
20 0.412941 0.686638 0.012468 0.011207
20 0.411651 0.700862 0.013328 0.011207
20 0.421109 0.696336 0.012468 0.011638
20 0.429278 0.698276 0.011608 0.009483
20 0.426053 0.706250 0.013758 0.012500
20 0.431642 0.677586 0.013758 0.012069
20 0.438306 0.683621 0.012468 0.012069
20 0.453138 0.688362 0.014617 0.012931
20 0.482373 0.677155 0.019776 0.014655
20 0.489037 0.686422 0.015047 0.013362
20 0.503009 0.694612 0.015477 0.015948
20 0.494626 0.651724 0.014187 0.014655
20 0.463887 0.664224 0.015477 0.012931
20 0.453138 0.662069 0.014617 0.012931
20 0.447120 0.654526 0.011178 0.010776
20 0.450129 0.648491 0.012898 0.010776
20 0.419390 0.656897 0.015047 0.009483
20 0.416810 0.664224 0.012468 0.011207
20 0.406277 0.674138 0.014617 0.012931
20 0.380911 0.665733 0.013758 0.011638
20 0.367369 0.659052 0.016767 0.011207
20 0.345228 0.668103 0.013758 0.011207
20 0.345873 0.677802 0.015047 0.009914
20 0.330610 0.667457 0.012038 0.010776
20 0.327386 0.673276 0.014187 0.011207
20 0.320722 0.682974 0.016337 0.015086
20 0.301806 0.676940 0.016337 0.013362
20 0.289768 0.672845 0.014617 0.016379
20 0.297077 0.665517 0.012898 0.011207
20 0.306320 0.664224 0.015047 0.012931
20 0.322012 0.661853 0.013758 0.012500
20 0.309759 0.648276 0.015907 0.012931
20 0.348882 0.649784 0.012468 0.011638
20 0.363715 0.644397 0.008598 0.009483
20 0.371883 0.645259 0.013758 0.011207
20 0.626182 0.611422 0.022786 0.021121
20 0.633276 0.580819 0.020636 0.018534
20 0.607481 0.560560 0.018917 0.016810
20 0.596088 0.542672 0.016767 0.017241
20 0.607696 0.522629 0.015907 0.015086
20 0.593508 0.516164 0.015047 0.012500
20 0.599742 0.504526 0.016337 0.015086
20 0.572872 0.502371 0.016767 0.015086
20 0.581470 0.492026 0.016767 0.013362
20 0.593293 0.481250 0.014617 0.012500
20 0.570722 0.560129 0.019347 0.019397
20 0.526225 0.508190 0.017197 0.013793
20 0.532889 0.485776 0.015047 0.015517
20 0.517412 0.488362 0.015047 0.013793
20 0.506879 0.486422 0.012898 0.011638
20 0.501935 0.491810 0.015047 0.012931
20 0.488607 0.497414 0.015907 0.012069
20 0.493336 0.518750 0.015907 0.013362
20 0.466896 0.505819 0.015477 0.012500
20 0.455718 0.517672 0.013758 0.012931
20 0.452494 0.532974 0.014187 0.011638
20 0.463457 0.526724 0.013758 0.012931
20 0.476784 0.523060 0.016337 0.015086
20 0.472700 0.547845 0.014187 0.009483
20 0.470335 0.555819 0.011178 0.008190
20 0.481943 0.562069 0.017197 0.012069
20 0.485813 0.550431 0.012898 0.013793
20 0.494841 0.551078 0.012898 0.010776
20 0.491617 0.535991 0.014187 0.014224
20 0.503224 0.536853 0.014187 0.013362
20 0.516337 0.534052 0.013758 0.013793
20 0.524936 0.550647 0.015477 0.015086
20 0.514402 0.561853 0.016767 0.011638
20 0.527945 0.563793 0.013758 0.011207
20 0.519991 0.570690 0.016767 0.014655
20 0.534394 0.582759 0.015477 0.012931
20 0.539983 0.590948 0.013758 0.012931
20 0.480439 0.578664 0.012468 0.011638
20 0.487532 0.585345 0.010318 0.009483
20 0.493551 0.592457 0.010318 0.010776
20 0.495486 0.583836 0.011608 0.010776
20 0.478504 0.596121 0.016337 0.013793
20 0.477214 0.610129 0.016337 0.012500
20 0.472915 0.616810 0.009458 0.006034
20 0.460877 0.598491 0.015477 0.012500
20 0.459157 0.589009 0.014617 0.011638
20 0.444540 0.592457 0.018057 0.010776
20 0.440026 0.578017 0.015907 0.013793
20 0.437876 0.554095 0.014187 0.012500
20 0.420894 0.543966 0.013758 0.011207
20 0.426268 0.558836 0.014187 0.013362
20 0.424549 0.566810 0.016767 0.012069
20 0.403482 0.551940 0.015047 0.010776
20 0.398968 0.568103 0.016337 0.012069
20 0.416595 0.526724 0.014617 0.011207
20 0.428633 0.515733 0.015477 0.012500
20 0.412511 0.506681 0.019347 0.014224
20 0.397678 0.511638 0.016337 0.012931
20 0.407997 0.516379 0.015477 0.011207
20 0.607696 0.458190 0.020206 0.017241
20 0.585770 0.470259 0.018487 0.016379
20 0.590929 0.391810 0.017627 0.016379
20 0.582545 0.417241 0.014617 0.013793
20 0.577386 0.425862 0.017197 0.012931
20 0.561694 0.432543 0.016767 0.015086
20 0.540198 0.425862 0.015907 0.012931
20 0.550731 0.408190 0.017197 0.016379
20 0.530739 0.414224 0.016767 0.014655
20 0.541273 0.441379 0.015477 0.013793
20 0.529235 0.444181 0.013758 0.010776
20 0.531814 0.453448 0.015477 0.012069
20 0.518057 0.453233 0.015477 0.012500
20 0.502580 0.436853 0.016337 0.014224
20 0.491402 0.417026 0.016337 0.013362
20 0.482803 0.387500 0.017197 0.014655
20 0.469475 0.389871 0.018057 0.015086
20 0.488822 0.372198 0.018917 0.015086
20 0.465606 0.409267 0.016337 0.014224
20 0.484953 0.437716 0.014617 0.015086
20 0.468616 0.426078 0.014617 0.010776
20 0.461092 0.429957 0.012468 0.010776
20 0.462597 0.438147 0.012038 0.009052
20 0.472270 0.439655 0.012468 0.010345
20 0.461092 0.447414 0.014187 0.012931
20 0.472055 0.451293 0.012898 0.011207
20 0.481083 0.469612 0.018917 0.015086
20 0.458727 0.468319 0.017197 0.014224
20 0.439811 0.468750 0.016337 0.013362
20 0.424979 0.475647 0.015907 0.013362
20 0.407997 0.474569 0.016337 0.013793
20 0.407352 0.459483 0.016767 0.015517
20 0.429063 0.486853 0.019776 0.015086
20 0.388435 0.429310 0.018487 0.016379
20 0.393164 0.407759 0.015907 0.017241
20 0.410361 0.365302 0.021066 0.015086
20 0.564918 0.354526 0.016337 0.015086
20 0.559974 0.375000 0.021066 0.015517
20 0.542347 0.358190 0.021926 0.016379
20 0.530095 0.328879 0.020636 0.019828
20 0.498495 0.312500 0.019347 0.016379
20 0.524506 0.258621 0.020636 0.014655
20 0.545572 0.306466 0.014617 0.013793
20 0.557395 0.307328 0.011608 0.010345
20 0.552021 0.315733 0.013758 0.012500
20 0.563844 0.316595 0.015907 0.015086
20 0.466036 0.302371 0.018917 0.016810
20 0.472700 0.310560 0.016767 0.015086
20 0.466466 0.333190 0.018057 0.013793
20 0.474205 0.348491 0.018917 0.016810
20 0.439166 0.308190 0.017627 0.012931
20 0.431642 0.293103 0.017197 0.012069
20 0.440241 0.285991 0.017197 0.014224
20 0.452064 0.273276 0.020206 0.018966
20 0.429278 0.260776 0.021066 0.017241
20 0.386071 0.301078 0.020636 0.015948
20 0.389725 0.317026 0.016767 0.015948
20 0.392734 0.334698 0.016767 0.014224
20 0.418530 0.333836 0.016767 0.015948
20 0.414660 0.349353 0.016767 0.015086
20 0.461522 0.194397 0.023646 0.020690
20 0.503224 0.220690 0.020206 0.018103
20 0.512038 0.229526 0.019776 0.015086
20 0.524506 0.238578 0.016337 0.016810
20 0.433362 0.226293 0.011178 0.007759
20 0.392519 0.176509 0.021496 0.018534
20 0.346303 0.158621 0.018487 0.017241
20 0.317713 0.157112 0.022356 0.018534
20 0.344798 0.190086 0.022356 0.018966
20 0.359415 0.210345 0.018057 0.017241
20 0.378332 0.220474 0.020636 0.019397
20 0.343078 0.216595 0.018917 0.017672
20 0.336629 0.232759 0.018917 0.017241
20 0.340284 0.248276 0.013328 0.016379
20 0.350817 0.248276 0.012038 0.015517
20 0.373173 0.262284 0.019776 0.016810
20 0.335770 0.066164 0.026655 0.022845
20 0.306965 0.122198 0.023216 0.021983
20 0.235168 0.137500 0.025795 0.021552
20 0.259673 0.168966 0.024076 0.021552
20 0.259888 0.223276 0.025365 0.019828
20 0.211307 0.260991 0.022786 0.021983
20 0.182717 0.262931 0.020636 0.018966
20 0.195830 0.274569 0.021926 0.017241
20 0.184867 0.289440 0.018917 0.018534
20 0.170464 0.295259 0.021066 0.020690
20 0.266552 0.309698 0.021496 0.020259
20 0.297721 0.287931 0.017627 0.018966
20 0.312554 0.287931 0.015477 0.016379
20 0.335770 0.303448 0.017197 0.016379
20 0.343293 0.296552 0.014187 0.015517
20 0.309329 0.311853 0.019347 0.015948
20 0.322657 0.328879 0.016767 0.016379
20 0.339639 0.323922 0.018917 0.020259
20 0.354686 0.344828 0.018917 0.018103
20 0.328246 0.371121 0.018487 0.018103
20 0.148538 0.327155 0.022786 0.019828
20 0.167240 0.347629 0.019776 0.018534
20 0.374678 0.387716 0.018487 0.015948
20 0.359200 0.393103 0.015907 0.014655
20 0.369733 0.405819 0.016337 0.015086
20 0.358555 0.420905 0.016337 0.016810
20 0.345013 0.430172 0.020206 0.017241
20 0.332545 0.413793 0.017627 0.018103
20 0.305030 0.401940 0.019347 0.016810
20 0.320722 0.425216 0.018917 0.019397
20 0.268702 0.430388 0.019776 0.017672
20 0.242691 0.439440 0.021066 0.017672
20 0.188951 0.375216 0.021066 0.018534
20 0.171109 0.407328 0.018057 0.018966
20 0.173044 0.435560 0.020206 0.017672
20 0.151548 0.407543 0.015907 0.014224
20 0.138220 0.407759 0.015907 0.015517
20 0.126182 0.414009 0.016767 0.016810
20 0.119304 0.404526 0.016767 0.015948
20 0.127257 0.385560 0.018057 0.018534
20 0.154127 0.448060 0.021066 0.016810
20 0.154557 0.461638 0.019347 0.018103
20 0.216466 0.462500 0.019347 0.016379
20 0.236672 0.460991 0.015907 0.017672
20 0.254944 0.464871 0.018917 0.015086
20 0.261393 0.476509 0.017197 0.015948
20 0.357911 0.478664 0.015047 0.014224
20 0.368229 0.478017 0.014187 0.012931
20 0.357481 0.495474 0.018487 0.015948
20 0.340284 0.516379 0.015907 0.015517
20 0.316208 0.536422 0.017627 0.015086
20 0.337274 0.532543 0.015907 0.015086
20 0.367369 0.535776 0.015907 0.016379
20 0.334480 0.545259 0.019776 0.016379
20 0.377902 0.550862 0.012038 0.012931
20 0.381556 0.563578 0.013328 0.013362
20 0.367154 0.562500 0.014617 0.012931
20 0.360920 0.571983 0.014187 0.014655
20 0.345658 0.569181 0.012898 0.013362
20 0.335770 0.563147 0.014617 0.015948
20 0.306750 0.568103 0.015047 0.013793
20 0.300086 0.554526 0.012898 0.014224
20 0.289123 0.555603 0.015047 0.018103
20 0.276440 0.564440 0.012898 0.012500
20 0.274721 0.575216 0.015477 0.014224
20 0.239252 0.553233 0.019347 0.016810
20 0.254944 0.569397 0.013758 0.012931
20 0.249785 0.576724 0.013758 0.012931
20 0.233663 0.581250 0.017627 0.015948
20 0.263328 0.587931 0.014187 0.012931
20 0.254729 0.601509 0.015907 0.015086
20 0.279450 0.590948 0.016337 0.013793
20 0.293637 0.587069 0.013758 0.012069
20 0.289123 0.604526 0.015047 0.013362
20 0.204643 0.559483 0.015477 0.010345
20 0.206578 0.568319 0.018487 0.012500
20 0.187876 0.557974 0.014617 0.010776
20 0.188736 0.567888 0.017197 0.015086
20 0.163801 0.561638 0.018057 0.014655
20 0.157782 0.546767 0.016337 0.016810
20 0.136500 0.533836 0.018487 0.016810
20 0.171754 0.494397 0.016767 0.014655
20 0.176698 0.507759 0.018917 0.018103
20 0.201849 0.506250 0.016767 0.014224
20 0.206148 0.487716 0.017627 0.015086
20 0.217111 0.499353 0.019776 0.017672
20 0.020636 0.476293 0.023216 0.019828
20 0.065348 0.522198 0.023216 0.020259
20 0.076096 0.547198 0.019776 0.019397
20 0.112855 0.545905 0.019347 0.016810
20 0.108126 0.559052 0.018487 0.018103
20 0.079751 0.567241 0.017627 0.017241
20 0.064488 0.573491 0.017197 0.018534
20 0.039553 0.572198 0.020636 0.019397
20 0.030095 0.584267 0.019776 0.018534
20 0.076526 0.678233 0.024936 0.022845
20 0.120808 0.655603 0.021496 0.019828
20 0.125322 0.683621 0.021066 0.020690
20 0.128547 0.603017 0.023216 0.021552
20 0.187446 0.623276 0.019776 0.018103
20 0.225279 0.610345 0.015477 0.018103
20 0.237962 0.611638 0.015907 0.017241
20 0.260318 0.637069 0.018487 0.019828
20 0.272356 0.632328 0.015047 0.015517
20 0.291917 0.631466 0.012898 0.012931
20 0.298796 0.637931 0.012038 0.013793
20 0.310834 0.633405 0.014617 0.013362
20 0.296647 0.616810 0.014617 0.012069
20 0.312554 0.615086 0.012898 0.012069
20 0.323732 0.605388 0.012898 0.010776
20 0.317928 0.598060 0.013328 0.011638
20 0.323517 0.586422 0.014187 0.012500
20 0.324377 0.628017 0.011608 0.013793
20 0.333620 0.632112 0.013758 0.013362
20 0.341359 0.614224 0.012038 0.012069
20 0.349742 0.614224 0.009028 0.010345
20 0.346303 0.627586 0.011608 0.011207
20 0.349742 0.641164 0.010748 0.009914
20 0.348882 0.585560 0.012468 0.013362
20 0.358555 0.596552 0.014617 0.011207
20 0.360275 0.606466 0.016337 0.012931
20 0.354471 0.621983 0.009888 0.010345
20 0.361995 0.623276 0.010318 0.011207
20 0.379192 0.607543 0.014617 0.014224
20 0.379407 0.582974 0.013328 0.012500
20 0.385426 0.594612 0.013328 0.013362
20 0.392304 0.607759 0.009888 0.010345
20 0.397248 0.604095 0.012898 0.011638
20 0.403697 0.595043 0.012898 0.011638
20 0.393594 0.632543 0.012468 0.011638
20 0.393809 0.643966 0.012898 0.013793
20 0.404127 0.646336 0.010318 0.011638
20 0.402193 0.639009 0.011608 0.009914
20 0.409501 0.638578 0.011608 0.010776
20 0.408856 0.631897 0.013758 0.012069
20 0.411651 0.620905 0.011608 0.011638
20 0.418100 0.624784 0.010748 0.011638
20 0.416165 0.607974 0.015477 0.013362
20 0.424334 0.602155 0.013758 0.012069
20 0.439166 0.605172 0.012468 0.012931
20 0.432717 0.618534 0.013328 0.012931
20 0.448624 0.618966 0.014187 0.012069
20 0.423044 0.643966 0.009458 0.010345
20 0.432072 0.642026 0.012038 0.012500
20 0.443895 0.638362 0.012468 0.011207
20 0.480868 0.645043 0.016767 0.015948
20 0.226999 0.767672 0.024936 0.023276
20 0.219905 0.798707 0.021926 0.023276
20 0.172614 0.813793 0.022786 0.023276
20 0.182072 0.823491 0.015907 0.015086
20 0.059114 0.338362 0.024506 0.022414
20 0.036113 0.393750 0.023216 0.022845
20 0.101247 0.373491 0.021926 0.022845
20 0.104256 0.410129 0.021926 0.021121
20 0.080825 0.264009 0.021496 0.017672
20 0.082975 0.283190 0.021496 0.021552
20 0.116939 0.293319 0.020636 0.017672
20 0.351677 0.027155 0.023216 0.015517