20 0.276855 0.154990 0.018826 0.015873
20 0.340808 0.248404 0.019749 0.018792
20 0.417405 0.268929 0.020487 0.017150
20 0.474160 0.255793 0.018088 0.016055
20 0.487818 0.259989 0.017719 0.017150
20 0.361942 0.344736 0.022148 0.016238
20 0.456718 0.307334 0.019011 0.019157
20 0.453858 0.329411 0.018088 0.015143
20 0.454965 0.350575 0.019195 0.018062
20 0.457180 0.376756 0.016980 0.016785
20 0.445644 0.401204 0.017165 0.016785
20 0.440753 0.419631 0.020303 0.017880
20 0.556571 0.348659 0.019380 0.017515
20 0.566722 0.321109 0.018272 0.014231
20 0.566722 0.331326 0.010520 0.008028
20 0.572628 0.335431 0.011628 0.007845
20 0.589055 0.340905 0.013474 0.014413
20 0.641565 0.407134 0.019564 0.016968
20 0.221115 0.354953 0.018826 0.016968
20 0.172204 0.415526 0.021410 0.020617
20 0.314692 0.425014 0.020303 0.020252
20 0.284053 0.452746 0.019934 0.018792
20 0.316076 0.703430 0.020118 0.018427
20 0.434016 0.613027 0.019011 0.017880
20 0.451920 0.605729 0.016427 0.014596
20 0.322444 0.530925 0.014766 0.012042
20 0.363234 0.533114 0.021779 0.020069
20 0.378184 0.543970 0.008490 0.008575
20 0.387781 0.554461 0.020303 0.017880
20 0.382983 0.578088 0.015504 0.012954
20 0.434847 0.550538 0.021779 0.019157
20 0.497970 0.524722 0.020303 0.017880
20 0.553894 0.621602 0.009967 0.008028
20 0.707549 0.598522 0.018642 0.016603
20 0.714470 0.657909 0.019195 0.016420
20 0.736896 0.658183 0.019749 0.019522
20 0.554171 0.753968 0.020487 0.017333
20 0.613511 0.742565 0.018826 0.016785
20 0.676818 0.803777 0.016980 0.016968
20 0.867571 0.738734 0.007937 0.006933
20 0.600498 0.458584 0.016796 0.014413
20 0.604651 0.478289 0.018457 0.017698
20 0.824566 0.533662 0.022333 0.018610
20 0.822444 0.393724 0.019934 0.019704
20 0.836194 0.379949 0.022333 0.015143
20 0.887689 0.377760 0.018272 0.018062
20 0.885567 0.403029 0.016611 0.014596
20 0.877353 0.411877 0.017534 0.014049
20 0.912698 0.424010 0.015873 0.015326
20 0.918605 0.437876 0.020303 0.019340
20 0.954688 0.505109 0.009044 0.007480
20 0.886213 0.288451 0.019011 0.020799
20 0.708010 0.182813 0.018457 0.018245
20 0.773440 0.215198 0.012735 0.012589
20 0.770026 0.186371 0.011812 0.008210
20 0.446752 0.958402 0.019011 0.016785