20 0.392676 0.400959 0.024051 0.025582
20 0.157866 0.196127 0.024231 0.021673
20 0.198373 0.193374 0.021338 0.020075
20 0.271700 0.148428 0.013562 0.012258
20 0.286618 0.239119 0.020615 0.018831
20 0.421519 0.230503 0.019530 0.017943
20 0.430651 0.195861 0.020796 0.020430
20 0.456691 0.218422 0.022966 0.021851
20 0.240054 0.289483 0.022966 0.019719
20 0.276582 0.336827 0.018987 0.015989
20 0.278752 0.355303 0.020072 0.025582
20 0.309494 0.326790 0.018264 0.014390
20 0.324412 0.297744 0.014828 0.011725
20 0.330651 0.292148 0.018987 0.015811
20 0.381555 0.296234 0.020253 0.018653
20 0.366275 0.393231 0.019711 0.016522
20 0.413201 0.377065 0.020615 0.017943
20 0.429024 0.364807 0.013201 0.010126
20 0.423870 0.297389 0.019530 0.018120
20 0.479114 0.346243 0.022604 0.020963
20 0.519620 0.358945 0.018626 0.017587
20 0.534539 0.259282 0.020615 0.017587
20 0.581736 0.234678 0.020615 0.019186
20 0.523779 0.429295 0.017541 0.013324
20 0.537794 0.477261 0.019168 0.017232
20 0.576582 0.473796 0.018987 0.015278
20 0.576492 0.456831 0.014105 0.012613
20 0.586347 0.432404 0.012839 0.011014
20 0.615190 0.403091 0.020615 0.017055
20 0.611573 0.430449 0.016998 0.017055
20 0.624322 0.433647 0.012839 0.013857
20 0.718174 0.472819 0.023689 0.019364
20 0.794485 0.480814 0.016817 0.015100
20 0.785081 0.406289 0.021519 0.016699
20 0.702260 0.510481 0.020796 0.020430
20 0.737251 0.531089 0.020615 0.018653
20 0.592676 0.561023 0.017179 0.013857
20 0.536618 0.597353 0.020434 0.017587
20 0.638698 0.555605 0.017722 0.015100
20 0.645389 0.545123 0.015190 0.014390
20 0.671157 0.536596 0.016094 0.015100
20 0.695931 0.544857 0.016456 0.012791
20 0.702622 0.569284 0.021519 0.017232
20 0.665009 0.586605 0.015009 0.013146
20 0.613382 0.616806 0.022061 0.017410
20 0.641953 0.628975 0.021700 0.017943
20 0.688879 0.622668 0.019349 0.017765
20 0.664376 0.633505 0.018083 0.018476
20 0.647468 0.650915 0.020072 0.016699
20 0.549910 0.655623 0.018445 0.015100
20 0.539421 0.669124 0.020253 0.016877
20 0.790958 0.536774 0.023146 0.017943
20 0.797107 0.564043 0.017722 0.017765
20 0.822152 0.569728 0.018626 0.018120
20 0.573146 0.701101 0.019711 0.017232
20 0.527486 0.730769 0.016998 0.016522
20 0.547288 0.759638 0.022604 0.020608
20 0.581465 0.761681 0.020072 0.018653
20 0.612749 0.750133 0.018626 0.016166
20 0.620434 0.769941 0.021338 0.019186
20 0.602080 0.709629 0.018987 0.016522
20 0.622242 0.721975 0.016275 0.014923
20 0.621971 0.734500 0.018626 0.015100
20 0.639421 0.726417 0.016637 0.017055
20 0.683816 0.738408 0.021519 0.017587
20 0.712568 0.682093 0.021519 0.020075
20 0.842405 0.672055 0.021881 0.019186
20 0.606239 0.844733 0.012839 0.009238
20 0.224322 0.809025 0.020434 0.020608
20 0.280470 0.889234 0.022423 0.025049
20 0.337432 0.823237 0.019530 0.017765
20 0.126854 0.745692 0.021157 0.021496
20 0.181736 0.583141 0.022785 0.019719
20 0.152170 0.520075 0.024051 0.019009
20 0.175859 0.483123 0.021157 0.017587
20 0.245208 0.565909 0.019892 0.017232
20 0.259313 0.574347 0.021700 0.018120
20 0.249367 0.596465 0.019892 0.017587
20 0.304973 0.557826 0.018987 0.016699
20 0.374141 0.568129 0.020615 0.019897
20 0.385262 0.544502 0.015371 0.014212
20 0.422061 0.535708 0.020976 0.017587
20 0.403345 0.496536 0.018626 0.015989
20 0.424412 0.488986 0.020615 0.016166
20 0.409132 0.648250 0.021519 0.019186
20 0.452712 0.569817 0.019349 0.019009
20 0.494485 0.636703 0.019349 0.016699
20 0.242134 0.450524 0.022061 0.020252
20 0.315913 0.445283 0.019530 0.018653
20 0.453255 0.426541 0.017541 0.013857
20 0.455154 0.459673 0.018083 0.016877
20 0.014828 0.434980 0.013382 0.016166
20 0.047197 0.506307 0.021338 0.019186
20 0.104973 0.491473 0.022242 0.019009
20 0.145570 0.445017 0.022061 0.019186
20 0.903888 0.481080 0.018264 0.014923