20 0.420045 0.922903 0.015015 0.012787
20 0.428303 0.907860 0.017267 0.014291
20 0.215465 0.743889 0.022523 0.012787
20 0.212275 0.735615 0.017643 0.009778
20 0.206644 0.728469 0.019895 0.015043
20 0.182057 0.698383 0.012012 0.008274
20 0.172673 0.700075 0.007508 0.011659
20 0.132883 0.671117 0.009009 0.013163
20 0.123874 0.666604 0.011261 0.010906
20 0.116179 0.655886 0.013138 0.011282
20 0.125000 0.645355 0.019520 0.009026
20 0.120120 0.640090 0.019520 0.012787
20 0.118619 0.629372 0.016517 0.013163
20 0.106794 0.637834 0.009384 0.007522
20 0.101914 0.658706 0.010135 0.006393
20 0.102477 0.648364 0.009009 0.006769
20 0.093844 0.645731 0.009760 0.006017
20 0.087275 0.654193 0.013889 0.007898
20 0.494745 0.144791 0.036036 0.036856
20 0.537913 0.181835 0.031532 0.031967
20 0.521021 0.159646 0.037538 0.023693
20 0.516141 0.177134 0.027778 0.033847
20 0.779842 0.276608 0.029655 0.036480
20 0.737050 0.270590 0.039414 0.037232
20 0.753191 0.282249 0.030405 0.035728
20 0.813251 0.341294 0.037913 0.038736
20 0.803116 0.387176 0.031156 0.029710
20 0.831081 0.416510 0.036787 0.028958
20 0.834647 0.443400 0.031907 0.027078
20 0.769520 0.434938 0.027027 0.034976
20 0.723348 0.432681 0.028529 0.028206
20 0.735360 0.459571 0.030030 0.027830
20 0.686937 0.419519 0.030781 0.030463
20 0.644895 0.415570 0.033784 0.030839
20 0.577327 0.453178 0.030030 0.027078
20 0.552177 0.412373 0.030781 0.029710
20 0.602290 0.367055 0.028904 0.026326
20 0.575450 0.369876 0.026276 0.030463
20 0.689002 0.363483 0.031907 0.028958
20 0.704767 0.375705 0.029655 0.026326
20 0.658221 0.306882 0.035661 0.036856
20 0.628754 0.306318 0.027778 0.031967
20 0.463964 0.314216 0.036036 0.032719
20 0.429805 0.267018 0.036787 0.034599
20 0.374437 0.270967 0.035661 0.034976
20 0.345908 0.289959 0.036411 0.035352
20 0.350788 0.347499 0.040165 0.041369
20 0.320758 0.338097 0.035661 0.037608
20 0.472410 0.394885 0.035661 0.039865
20 0.493994 0.405416 0.030781 0.030086
20 0.513889 0.386423 0.031532 0.028206
20 0.545796 0.361226 0.022523 0.025950
20 0.531907 0.369312 0.030781 0.028582
20 0.619369 0.344114 0.028529 0.023317
20 0.596659 0.310079 0.029655 0.027454
20 0.693506 0.323994 0.034159 0.030463
20 0.711712 0.330199 0.033033 0.031591
20 0.753754 0.347875 0.026276 0.033847
20 0.779655 0.348627 0.029279 0.032343
20 0.761449 0.388680 0.025901 0.025197
20 0.776276 0.382663 0.023273 0.028958
20 0.216779 0.426100 0.035661 0.034599
20 0.197823 0.450921 0.033033 0.033847
20 0.178116 0.476119 0.035661 0.033847
20 0.155781 0.406544 0.033784 0.032343
20 0.158784 0.348627 0.035285 0.037608
20 0.210210 0.301805 0.034535 0.032719
20 0.245871 0.344866 0.033033 0.036104
20 0.230480 0.321926 0.036787 0.027078
20 0.219032 0.342046 0.025150 0.025950
20 0.224287 0.251034 0.031907 0.032719
20 0.167980 0.282437 0.034910 0.030839
20 0.177365 0.264949 0.035661 0.025950
20 0.198386 0.260624 0.035661 0.030839
20 0.206832 0.230726 0.035285 0.032719
20 0.215653 0.198195 0.037913 0.033847
20 0.256194 0.175066 0.035661 0.028206
20 0.326014 0.153817 0.032658 0.039112
20 0.302365 0.141971 0.031907 0.032719
20 0.284347 0.157390 0.031156 0.034976
20 0.370871 0.145167 0.037538 0.045130
20 0.400713 0.121286 0.032658 0.025950
20 0.428303 0.152501 0.027778 0.025197
20 0.423048 0.171681 0.036036 0.020684
20 0.402778 0.157390 0.032282 0.025197
20 0.408221 0.133133 0.033408 0.024821
20 0.314377 0.209853 0.026652 0.036104
20 0.292042 0.199135 0.023273 0.018428
20 0.294857 0.222264 0.022898 0.018052
20 0.278904 0.210417 0.013514 0.036480
20 0.264827 0.213238 0.024399 0.028582
20 0.261824 0.202520 0.029655 0.028958
20 0.473911 0.234299 0.025150 0.027078
20 0.477477 0.257052 0.025526 0.020684
20 0.491179 0.233923 0.022147 0.021813
20 0.526089 0.247273 0.030405 0.022189
20 0.497560 0.254231 0.018393 0.021813
20 0.513701 0.292215 0.032658 0.027078
20 0.555368 0.306694 0.027402 0.027454
20 0.548986 0.289771 0.025150 0.022189
20 0.552928 0.266454 0.028529 0.025950
20 0.525713 0.280369 0.029655 0.025950
20 0.575638 0.285822 0.025901 0.024069
20 0.404092 0.469161 0.031907 0.034223
20 0.448574 0.500000 0.031532 0.031967
20 0.415165 0.509402 0.030781 0.032719
20 0.365991 0.461452 0.030781 0.037608
20 0.335586 0.473674 0.036787 0.038736
20 0.406156 0.551711 0.035285 0.034599
20 0.371997 0.564686 0.030781 0.031967
20 0.425300 0.601918 0.018018 0.019180
20 0.362425 0.598721 0.030405 0.030839
20 0.314377 0.577285 0.031156 0.030086
20 0.323386 0.553968 0.029655 0.030086
20 0.282095 0.541745 0.025901 0.032719
20 0.261824 0.542497 0.022147 0.035728
20 0.219970 0.556976 0.036787 0.035352
20 0.145833 0.605303 0.028904 0.031967
20 0.261824 0.619594 0.029655 0.033471
20 0.296359 0.638398 0.033408 0.034223
20 0.379880 0.688229 0.021021 0.018052
20 0.401652 0.620910 0.024024 0.027078
20 0.422860 0.628620 0.022898 0.021437
20 0.426426 0.669049 0.020270 0.024069
20 0.408408 0.663219 0.027027 0.022189
20 0.409159 0.641783 0.030030 0.023693
20 0.452890 0.664912 0.026652 0.022565
20 0.452703 0.645167 0.023273 0.021437
20 0.444632 0.626927 0.024399 0.023317
20 0.438438 0.643851 0.013514 0.016548
20 0.524587 0.640654 0.030405 0.025950
20 0.538851 0.673750 0.025901 0.024445
20 0.493431 0.669425 0.025150 0.027078
20 0.515390 0.669801 0.021021 0.027830
20 0.492305 0.715683 0.016892 0.017300
20 0.481794 0.695938 0.030405 0.025950
20 0.550676 0.507898 0.024024 0.029710
20 0.569632 0.504325 0.014640 0.028582
20 0.574512 0.525197 0.014640 0.012411
20 0.551051 0.536668 0.033033 0.030086
20 0.426614 0.715683 0.025901 0.033095
20 0.401089 0.713238 0.028904 0.031967
20 0.298048 0.704024 0.036787 0.039112
20 0.242117 0.729786 0.029279 0.028958
20 0.355668 0.795600 0.026652 0.034223
20 0.377440 0.792591 0.024399 0.028958
20 0.399024 0.750846 0.033033 0.031967
20 0.477290 0.776608 0.028153 0.030839
20 0.454767 0.788830 0.028904 0.030463
20 0.498498 0.867243 0.026276 0.030839
20 0.523086 0.875329 0.028904 0.029710
20 0.525901 0.810267 0.023273 0.032719
20 0.562125 0.804626 0.023649 0.022189
20 0.542417 0.816660 0.021021 0.032719
20 0.561562 0.822678 0.029279 0.015419
20 0.562688 0.844302 0.030781 0.020308
20 0.607545 0.835088 0.025901 0.032719
20 0.594970 0.800865 0.024024 0.022189
20 0.588026 0.781121 0.024399 0.023317
20 0.567568 0.774915 0.027027 0.027454
20 0.564002 0.889244 0.028153 0.026702
20 0.486486 0.899210 0.028529 0.026326
20 0.506944 0.923279 0.015390 0.018052
20 0.488926 0.939075 0.022147 0.030839
20 0.453641 0.903347 0.025150 0.024069
20 0.456269 0.849756 0.018393 0.025197
20 0.443694 0.866679 0.022523 0.022189
20 0.419294 0.817225 0.028529 0.027830
20 0.395270 0.826627 0.021021 0.023317
20 0.407658 0.839037 0.024775 0.018804
20 0.428303 0.838473 0.024024 0.022189
20 0.421359 0.852576 0.018393 0.023317
20 0.402965 0.866491 0.021396 0.027830
20 0.383071 0.859722 0.019895 0.024069
20 0.371997 0.849568 0.017267 0.023317
20 0.347410 0.852576 0.019895 0.027078
20 0.332770 0.823806 0.025150 0.025197
20 0.354167 0.828507 0.022147 0.028582
20 0.321697 0.840918 0.024024 0.018804
20 0.321697 0.861226 0.020270 0.018804
20 0.316629 0.865551 0.031907 0.022189
20 0.321321 0.888304 0.024024 0.019556
20 0.318506 0.908988 0.018393 0.021813
20 0.301989 0.902971 0.022147 0.020308
20 0.283784 0.903911 0.016517 0.018428
20 0.574512 0.724144 0.028153 0.019180
20 0.576577 0.742008 0.027778 0.020308
20 0.603041 0.708349 0.026652 0.020684
20 0.629129 0.725649 0.027027 0.022189
20 0.603228 0.726777 0.021021 0.024445
20 0.610736 0.749906 0.028529 0.024069
20 0.625375 0.768146 0.024024 0.020684
20 0.616179 0.773035 0.018393 0.028206
20 0.630631 0.787514 0.030030 0.024069
20 0.631569 0.804626 0.028153 0.016171
20 0.631381 0.817413 0.026276 0.019932
20 0.625563 0.827379 0.023649 0.023317
20 0.660848 0.819105 0.026652 0.026326
20 0.648086 0.685596 0.025150 0.027078
20 0.624437 0.685220 0.019144 0.027830
20 0.603041 0.680331 0.023649 0.026326
20 0.613926 0.638210 0.025901 0.024069
20 0.586524 0.625423 0.026652 0.024069
20 0.537162 0.603610 0.027778 0.027078
20 0.560811 0.614329 0.027027 0.028958
20 0.585961 0.647048 0.017267 0.016924
20 0.571321 0.645731 0.021021 0.020308
20 0.581456 0.668672 0.027778 0.024069
20 0.615616 0.898458 0.029279 0.031591
20 0.628941 0.932493 0.028904 0.028958
20 0.640766 0.873637 0.030781 0.028582
20 0.671359 0.851072 0.028904 0.025574
20 0.694069 0.839037 0.031532 0.027078
20 0.715278 0.823994 0.029655 0.030086
20 0.728791 0.882287 0.029655 0.034599
20 0.711712 0.892065 0.023273 0.027078
20 0.683183 0.884731 0.024024 0.033471
20 0.663476 0.893005 0.025150 0.032719
20 0.570383 0.921963 0.021396 0.034223
20 0.545420 0.900338 0.024775 0.018052
20 0.548611 0.915570 0.022147 0.019932
20 0.530030 0.927792 0.019520 0.024821
20 0.538664 0.938699 0.024775 0.020308
20 0.546171 0.925348 0.019520 0.016171
20 0.783596 0.808763 0.028153 0.031967
20 0.785473 0.770026 0.028153 0.034223
20 0.764264 0.779616 0.020270 0.024069
20 0.756757 0.806694 0.024024 0.030086
20 0.697635 0.759872 0.025901 0.013915
20 0.707395 0.776796 0.020646 0.022189
20 0.693131 0.776232 0.014640 0.017300
20 0.728979 0.807070 0.024775 0.021061
20 0.718656 0.790523 0.021396 0.020308
20 0.730105 0.783189 0.018769 0.031215
20 0.746246 0.778864 0.017267 0.027830
20 0.721284 0.698947 0.025150 0.019180
20 0.722598 0.716435 0.024024 0.023317
20 0.738176 0.719443 0.019895 0.021061
20 0.719970 0.734487 0.030030 0.016548
20 0.725225 0.752351 0.024775 0.019180
20 0.780218 0.735239 0.025150 0.018052
20 0.776464 0.717563 0.022898 0.017300
20 0.763138 0.729786 0.020270 0.018428
20 0.751502 0.754983 0.027027 0.019180
20 0.751877 0.738436 0.026276 0.015419
20 0.723724 0.666604 0.027778 0.025197
20 0.750563 0.664912 0.022147 0.020308
20 0.746809 0.683716 0.022147 0.019556
20 0.769520 0.688605 0.021021 0.019556
20 0.762950 0.701015 0.015390 0.023317
20 0.748874 0.703460 0.018018 0.019932
20 0.669107 0.643287 0.028153 0.026702
20 0.667042 0.618090 0.025526 0.025197
20 0.689189 0.595901 0.024024 0.021437
20 0.664039 0.589131 0.030030 0.025197
20 0.648461 0.564686 0.022147 0.020684
20 0.642080 0.579165 0.024399 0.018804
20 0.622748 0.562618 0.025526 0.027830
20 0.596284 0.562618 0.027402 0.027830
20 0.608671 0.480444 0.032658 0.025197
20 0.610173 0.498684 0.031907 0.015043
20 0.625000 0.518616 0.021021 0.024069
20 0.610736 0.514855 0.024775 0.017300
20 0.611486 0.540805 0.021021 0.013539
20 0.602290 0.531779 0.022147 0.022565
20 0.877252 0.732230 0.023273 0.027830
20 0.876877 0.704024 0.037538 0.025574
20 0.881757 0.664159 0.033784 0.031591
20 0.859610 0.649116 0.022523 0.027078
20 0.825826 0.710417 0.025526 0.024069
20 0.808183 0.706845 0.017267 0.021437
20 0.831081 0.690109 0.024775 0.024069
20 0.822447 0.671305 0.019520 0.015795
20 0.843656 0.668860 0.022898 0.025950
20 0.838026 0.645167 0.022898 0.023693
20 0.814189 0.685596 0.016517 0.015795
20 0.791667 0.681083 0.021021 0.020308
20 0.693881 0.620346 0.017643 0.023693
20 0.707583 0.619218 0.012012 0.022941
20 0.719219 0.606055 0.021021 0.014667
20 0.721659 0.618842 0.016892 0.013915
20 0.719970 0.635953 0.021772 0.020308
20 0.748498 0.636517 0.015015 0.025950
20 0.736486 0.640278 0.017267 0.021437
20 0.811937 0.634637 0.023273 0.017676
20 0.787162 0.635953 0.013514 0.017300
20 0.775150 0.637082 0.009009 0.015043
20 0.764452 0.638398 0.013889 0.016171
20 0.768956 0.651561 0.020646 0.016171
20 0.778341 0.665476 0.015390 0.014667
20 0.770646 0.669801 0.020270 0.018052
20 0.799737 0.664159 0.020646 0.014291
20 0.825450 0.654569 0.009009 0.017676
20 0.817755 0.654193 0.012387 0.014667
20 0.802365 0.643851 0.010135 0.007522
20 0.806119 0.652501 0.009384 0.008274
20 0.794294 0.652877 0.009009 0.006017
20 0.786599 0.651373 0.011637 0.011282
20 0.851351 0.593080 0.031532 0.027830
20 0.821884 0.605303 0.019144 0.026702
20 0.808183 0.605679 0.009760 0.022189
20 0.801426 0.619218 0.014264 0.017676
20 0.786599 0.616773 0.016141 0.015795
20 0.773273 0.605867 0.018018 0.023317
20 0.753754 0.600414 0.021021 0.020684
20 0.750375 0.584430 0.022523 0.015795
20 0.726539 0.567131 0.022147 0.029334
20 0.755255 0.559421 0.016517 0.026702
20 0.753378 0.531967 0.015015 0.013915
20 0.743994 0.566566 0.013514 0.025197
20 0.702703 0.510906 0.027778 0.029710
20 0.730668 0.506581 0.025150 0.029334
20 0.757695 0.511094 0.027402 0.023317
20 0.767267 0.495111 0.029279 0.024445
20 0.795983 0.466529 0.021396 0.023693
20 0.780405 0.469161 0.019520 0.023693
20 0.786787 0.488530 0.027027 0.017300
20 0.824137 0.482888 0.028153 0.028582
20 0.896021 0.496051 0.038288 0.033847
20 0.854542 0.490410 0.032658 0.027830
20 0.853604 0.514103 0.031532 0.020308
20 0.807995 0.515419 0.031907 0.018428
20 0.803116 0.529334 0.025150 0.017676
20 0.811374 0.545318 0.024399 0.021813
20 0.796734 0.559233 0.023649 0.022565
20 0.884197 0.537984 0.032658 0.027454
20 0.890578 0.559421 0.036411 0.026702
20 0.878754 0.576156 0.030030 0.028582
20 0.857170 0.534976 0.025150 0.021437
20 0.849287 0.544002 0.028153 0.016924
20 0.858296 0.562618 0.022898 0.024069
20 0.835210 0.559985 0.024024 0.025574
20 0.826577 0.568259 0.021772 0.022565
20 0.771021 0.566002 0.021021 0.020308
20 0.783596 0.571079 0.017643 0.016924
20 0.777027 0.578413 0.024775 0.006769
20 0.798236 0.596089 0.012387 0.020308
20 0.788101 0.599473 0.013889 0.018052
20 0.357170 0.884731 0.025150 0.018428
20 0.352477 0.897142 0.020270 0.015419
20 0.362613 0.922339 0.020270 0.019180
20 0.350225 0.912937 0.016517 0.018428
20 0.396209 0.907672 0.013138 0.024445
20 0.382508 0.907108 0.014264 0.025574
20 0.364865 0.902971 0.016517 0.018052
20 0.378378 0.915946 0.013514 0.021437
20 0.408784 0.944716 0.021772 0.018052
20 0.432995 0.950733 0.020646 0.013539
20 0.463401 0.931553 0.027402 0.016548
20 0.465278 0.946408 0.021396 0.013915
20 0.443881 0.927792 0.018393 0.012787
20 0.438251 0.917074 0.015390 0.013915
20 0.405593 0.920271 0.014640 0.017300
20 0.420796 0.934186 0.019520 0.012787
20 0.413476 0.903535 0.022898 0.019180
20 0.295045 0.835276 0.018018 0.027078
20 0.280968 0.834148 0.010135 0.027830
20 0.274962 0.860474 0.016141 0.024069
20 0.254692 0.860286 0.019144 0.016924
20 0.266892 0.866867 0.015015 0.019556
20 0.273273 0.833208 0.005255 0.021437
20 0.204955 0.795976 0.022523 0.024445
20 0.180180 0.790335 0.027027 0.030463
20 0.188814 0.809703 0.026276 0.021061
20 0.231419 0.801617 0.020646 0.019932
20 0.233859 0.823054 0.022523 0.019180
20 0.216216 0.833020 0.018769 0.021061
20 0.227477 0.842610 0.021021 0.020684
20 0.260511 0.809327 0.018018 0.012035
20 0.246622 0.812335 0.010511 0.021061
20 0.260135 0.822490 0.018769 0.013539
20 0.245308 0.844302 0.014640 0.020308
20 0.260135 0.845055 0.012763 0.012787
20 0.265203 0.781497 0.021396 0.026326
20 0.253754 0.793343 0.022523 0.015419
20 0.251314 0.777360 0.010886 0.018052
20 0.239489 0.777924 0.015015 0.027454
20 0.229542 0.775103 0.019144 0.024821
20 0.212838 0.770967 0.019520 0.020308
20 0.219595 0.755547 0.027027 0.018052
20 0.189752 0.739564 0.016141 0.018428
20 0.191817 0.723016 0.015015 0.013915
20 0.148836 0.725461 0.018393 0.018804
20 0.160848 0.708349 0.016141 0.015419
20 0.150338 0.712298 0.016141 0.012035
20 0.169107 0.739564 0.018393 0.016171
20 0.170983 0.728093 0.019895 0.006769
20 0.171547 0.721888 0.021021 0.006393
20 0.174550 0.713050 0.016517 0.012787
20 0.206644 0.711734 0.017643 0.024445
20 0.190128 0.708913 0.015390 0.012787
20 0.184497 0.685408 0.020646 0.016924
20 0.165541 0.679203 0.018018 0.018804
20 0.152215 0.689169 0.012387 0.019932
20 0.165916 0.694058 0.013514 0.010906
20 0.201014 0.746333 0.010886 0.016924
20 0.124062 0.722452 0.027402 0.032343
20 0.108483 0.625235 0.021772 0.016924
20 0.132320 0.652877 0.019895 0.015795
20 0.087462 0.628620 0.022523 0.013163
20 0.087275 0.641595 0.020646 0.014291
20 0.089152 0.669425 0.016141 0.017300
20 0.103228 0.672245 0.012012 0.022941
20 0.115616 0.675066 0.015015 0.018052
20 0.140390 0.696502 0.014264 0.020308
20 0.126126 0.696314 0.013514 0.016171
20 0.141892 0.675442 0.016517 0.018052
20 0.084835 0.612448 0.015766 0.015419
20 0.069820 0.609816 0.016517 0.020684
20 0.089715 0.600602 0.021772 0.014291
20 0.071509 0.594020 0.018393 0.011659
20 0.089715 0.584994 0.022523 0.015419
20 0.092718 0.567131 0.018769 0.020308
20 0.080706 0.550019 0.027778 0.016924
20 0.075826 0.571455 0.022523 0.024445
20 0.119557 0.564686 0.026652 0.020684
20 0.116366 0.549079 0.030030 0.009026
20 0.112050 0.542121 0.028904 0.013163
20 0.124249 0.523129 0.024024 0.023317
20 0.095721 0.493419 0.035285 0.024069
20 0.079580 0.524821 0.019520 0.026702
20 0.107170 0.511094 0.036411 0.015795
20 0.106044 0.527830 0.012387 0.012411
20 0.117868 0.384919 0.036787 0.034223
20 0.117117 0.415946 0.033784 0.029334
20 0.102853 0.431741 0.030030 0.021813
20 0.121059 0.442648 0.021396 0.024069
20 0.123874 0.465212 0.021021 0.024821
20 0.111299 0.477247 0.029655 0.018052
20 0.101727 0.463332 0.019520 0.015043
20 0.103604 0.448101 0.023273 0.011659