20 0.539543 0.067944 0.028998 0.029617
20 0.724517 0.187936 0.031634 0.031794
20 0.702548 0.217334 0.030756 0.028746
20 0.659930 0.237587 0.031634 0.027439
20 0.704086 0.322300 0.030316 0.028746
20 0.753076 0.344948 0.029877 0.028746
20 0.497364 0.296385 0.031634 0.025697
20 0.498023 0.319469 0.029438 0.025697
20 0.649824 0.361280 0.028998 0.028310
20 0.713313 0.455357 0.033831 0.029181
20 0.615773 0.435540 0.033831 0.028746
20 0.588752 0.500000 0.031634 0.027875
20 0.592707 0.858885 0.030756 0.021777
20 0.588972 0.870862 0.032074 0.025697
20 0.626098 0.901350 0.030756 0.028310
20 0.935852 0.514808 0.034271 0.032230
20 0.340070 0.463632 0.028998 0.021341
20 0.393453 0.542465 0.031195 0.028310
20 0.255053 0.560540 0.032074 0.023519
20 0.381810 0.605618 0.033392 0.027439
20 0.314587 0.685322 0.029877 0.028310
20 0.466388 0.671603 0.024165 0.022648
20 0.484183 0.665723 0.025483 0.026568
20 0.243629 0.793554 0.032074 0.031359
20 0.311731 0.868249 0.032074 0.028310
20 0.381151 0.913981 0.029438 0.028310
20 0.131151 0.489329 0.033831 0.031794