20 0.787280 0.363183 0.036957 0.042931
20 0.490761 0.609063 0.036957 0.035993
20 0.478943 0.158066 0.030511 0.029055
20 0.519123 0.359497 0.030082 0.036427
20 0.488612 0.475065 0.029222 0.029922
20 0.558444 0.515611 0.028792 0.030356
20 0.721315 0.453382 0.033949 0.029055
20 0.569403 0.612316 0.030082 0.031223
20 0.724753 0.810278 0.027073 0.026453
20 0.540180 0.730486 0.026644 0.024718
20 0.534594 0.752819 0.028363 0.026886
20 0.489686 0.695143 0.031371 0.031223
20 0.378384 0.790330 0.026214 0.026453
20 0.332402 0.674328 0.027933 0.020815
20 0.327031 0.697745 0.031801 0.029488
20 0.321659 0.763877 0.031371 0.030789
20 0.158788 0.552255 0.031371 0.026453
20 0.238290 0.641154 0.031371 0.026453
20 0.294585 0.502168 0.028792 0.035559
20 0.359261 0.521032 0.030941 0.030789
20 0.020842 0.540113 0.022776 0.025585