20 0.561853 0.080895 0.027155 0.021515
20 0.564871 0.094664 0.028879 0.020654
20 0.589009 0.114028 0.025431 0.023236
20 0.626293 0.119836 0.027586 0.026248
20 0.633405 0.139845 0.028879 0.025818
20 0.580388 0.147375 0.028017 0.029690
20 0.501293 0.113812 0.026724 0.026248
20 0.481681 0.121127 0.028017 0.025387
20 0.431897 0.123064 0.031897 0.027539
20 0.471121 0.167814 0.025000 0.024957
20 0.493534 0.173408 0.021552 0.024957
20 0.512716 0.170826 0.024569 0.019793
20 0.507543 0.182659 0.027155 0.021945
20 0.580819 0.191050 0.028879 0.025818
20 0.586853 0.215361 0.028017 0.025387
20 0.633405 0.198365 0.028879 0.028399
20 0.651509 0.231928 0.029741 0.026678
20 0.384698 0.163081 0.030603 0.028399
20 0.401724 0.220525 0.026724 0.026248
20 0.376293 0.216652 0.027586 0.024527
20 0.496121 0.240964 0.030172 0.025818
20 0.564224 0.297332 0.025862 0.023236
20 0.548922 0.308090 0.023707 0.022375
20 0.569828 0.313038 0.026724 0.025387
20 0.526078 0.325086 0.027155 0.026248
20 0.497845 0.348537 0.021552 0.020654
20 0.496767 0.364243 0.024569 0.021084
20 0.486638 0.373064 0.025000 0.021515
20 0.512931 0.369406 0.020690 0.021084
20 0.528879 0.361876 0.023276 0.019793
20 0.548707 0.359294 0.023276 0.023236
20 0.535129 0.385757 0.028017 0.022806
20 0.559052 0.382745 0.015517 0.011618
20 0.567026 0.399957 0.026293 0.026248
20 0.578233 0.416954 0.027155 0.024957
20 0.556250 0.426635 0.027155 0.021945
20 0.521336 0.417599 0.024569 0.022806
20 0.496983 0.432874 0.030172 0.025818
20 0.631034 0.339071 0.031034 0.026678
20 0.695690 0.307014 0.029310 0.027969
20 0.698491 0.361446 0.028879 0.024957
20 0.695043 0.377797 0.028017 0.024096
20 0.825000 0.353055 0.031034 0.027969
20 0.894612 0.322935 0.032328 0.027969
20 0.836853 0.465146 0.028017 0.030981
20 0.861207 0.489243 0.033621 0.030120
20 0.838362 0.527324 0.030172 0.027108
20 0.914655 0.567771 0.031034 0.028830
20 0.935345 0.661575 0.030172 0.027969
20 0.677802 0.508606 0.029741 0.024957
20 0.679957 0.533133 0.021121 0.024096
20 0.694612 0.532057 0.020259 0.026248
20 0.675647 0.556368 0.028879 0.025818
20 0.652802 0.541523 0.023707 0.023666
20 0.619181 0.526893 0.021983 0.017642
20 0.602155 0.515491 0.029310 0.024957
20 0.592672 0.548193 0.026724 0.024096
20 0.632543 0.555508 0.022845 0.018933
20 0.632112 0.571859 0.023707 0.022375
20 0.615733 0.570783 0.020259 0.021084
20 0.607759 0.586704 0.022414 0.020224
20 0.597845 0.596816 0.023276 0.019793
20 0.626724 0.603055 0.025000 0.020224
20 0.640733 0.624355 0.027155 0.022375
20 0.694181 0.633821 0.024569 0.022375
20 0.675216 0.652539 0.028017 0.026248
20 0.600647 0.654260 0.028879 0.024527
20 0.652155 0.666523 0.027586 0.027539
20 0.597414 0.695353 0.026724 0.023236
20 0.743534 0.691695 0.031034 0.026248
20 0.724784 0.714501 0.028879 0.023666
20 0.724784 0.762048 0.028879 0.029260
20 0.883836 0.703959 0.028879 0.028399
20 0.858190 0.719234 0.031034 0.027969
20 0.870043 0.770009 0.030603 0.027969
20 0.646767 0.761618 0.026293 0.023236
20 0.609698 0.773666 0.028879 0.026678
20 0.635560 0.782487 0.029741 0.024527
20 0.656466 0.780336 0.026724 0.026248
20 0.450216 0.780336 0.030603 0.031411
20 0.505819 0.803356 0.029741 0.028399
20 0.449569 0.848967 0.030172 0.027539
20 0.506897 0.865103 0.029310 0.027969
20 0.619828 0.843804 0.030172 0.027539
20 0.665302 0.881024 0.027155 0.027108
20 0.661422 0.915878 0.029741 0.027969
20 0.662500 0.939114 0.026724 0.027108
20 0.583190 0.665878 0.022414 0.022806
20 0.575000 0.654045 0.028448 0.024957
20 0.578017 0.620052 0.025000 0.023236
20 0.525647 0.632100 0.028017 0.027539
20 0.516810 0.696429 0.027586 0.026248
20 0.464224 0.661360 0.028448 0.024096
20 0.451293 0.619406 0.025000 0.021084
20 0.487931 0.592083 0.030172 0.026678
20 0.503448 0.608864 0.028448 0.024957
20 0.561853 0.568201 0.024569 0.024527
20 0.378017 0.600904 0.027586 0.024527
20 0.338578 0.651033 0.028879 0.026678
20 0.330388 0.694277 0.027155 0.027969
20 0.416379 0.726119 0.025862 0.025387
20 0.431250 0.729776 0.022845 0.025818
20 0.315517 0.606067 0.032759 0.029690
20 0.314871 0.583477 0.026293 0.025818
20 0.343319 0.583907 0.027155 0.022375
20 0.376509 0.580680 0.027155 0.022806
20 0.378017 0.559596 0.025862 0.022806
20 0.352802 0.554647 0.026293 0.022375
20 0.335776 0.561747 0.028448 0.023666
20 0.635345 0.476764 0.024138 0.024096
20 0.600647 0.480207 0.026293 0.027539
20 0.574784 0.481928 0.027155 0.025818
20 0.546767 0.511833 0.019397 0.017642
20 0.564224 0.536360 0.026724 0.027969
20 0.537500 0.488167 0.024138 0.024527
20 0.527371 0.497418 0.016810 0.016351
20 0.506466 0.495482 0.025862 0.022806
20 0.490302 0.550559 0.026293 0.024527
20 0.450647 0.529690 0.025431 0.023236
20 0.488147 0.514630 0.023707 0.022375
20 0.476078 0.509682 0.022845 0.023666
20 0.467026 0.498494 0.025431 0.021084
20 0.461853 0.486015 0.025431 0.021945
20 0.448060 0.480207 0.025431 0.022375
20 0.445905 0.435026 0.028017 0.024096
20 0.438793 0.417384 0.024138 0.020654
20 0.419181 0.415448 0.023707 0.023666
20 0.376724 0.442341 0.028448 0.024096
20 0.343534 0.430293 0.029310 0.025818
20 0.353233 0.532917 0.029741 0.024527
20 0.452586 0.289587 0.027586 0.029260
20 0.422629 0.278399 0.024569 0.023236
20 0.389440 0.250000 0.025431 0.024957
20 0.379095 0.238382 0.027155 0.024096
20 0.352586 0.261618 0.033621 0.031842
20 0.312931 0.240103 0.031897 0.027539
20 0.328664 0.296687 0.025431 0.024527
20 0.247629 0.307229 0.030603 0.030981
20 0.209267 0.349398 0.030603 0.030981
20 0.324784 0.360800 0.028879 0.026248
20 0.348276 0.379303 0.025862 0.022806
20 0.346336 0.397590 0.028017 0.023236
20 0.385776 0.374355 0.021552 0.023236
20 0.401509 0.365103 0.026293 0.023666
20 0.416595 0.349182 0.028017 0.027108
20 0.432328 0.390706 0.024138 0.024957
20 0.130388 0.346170 0.032328 0.029690
20 0.285776 0.493330 0.029310 0.027108
20 0.182328 0.493546 0.030172 0.024957
20 0.210345 0.522806 0.023276 0.028399
20 0.192457 0.524096 0.025431 0.025818
20 0.306466 0.537651 0.027586 0.027108
20 0.234483 0.572504 0.030172 0.027108
20 0.150862 0.750000 0.030172 0.028399
20 0.235776 0.752797 0.032759 0.030551
20 0.283405 0.764630 0.031466 0.027539
20 0.329310 0.810026 0.028448 0.027108
20 0.339009 0.854346 0.028017 0.027108