20 0.482627 0.073454 0.027119 0.024914
20 0.643220 0.082259 0.026271 0.029639
20 0.490466 0.158505 0.025847 0.028351
20 0.411653 0.136168 0.029237 0.026632
20 0.381144 0.165808 0.030085 0.030069
20 0.423305 0.193299 0.028814 0.025773
20 0.511653 0.205971 0.023305 0.025344
20 0.627119 0.206400 0.025424 0.027062
20 0.331780 0.161942 0.031356 0.027491
20 0.308686 0.207474 0.029237 0.028351
20 0.426483 0.244631 0.032627 0.027062
20 0.415890 0.322595 0.027542 0.029210
20 0.560381 0.244201 0.030932 0.029639
20 0.623729 0.257517 0.022881 0.023625
20 0.634110 0.242053 0.024153 0.020189
20 0.640890 0.252792 0.021610 0.021048
20 0.642373 0.272981 0.023729 0.023625
20 0.663347 0.257517 0.025000 0.023625
20 0.680085 0.277491 0.025424 0.024914
20 0.726271 0.259450 0.025424 0.026632
20 0.761441 0.246349 0.027119 0.024485
20 0.801907 0.301546 0.029237 0.030928
20 0.641314 0.313789 0.027542 0.025344
20 0.588559 0.385095 0.028814 0.026203
20 0.651907 0.390893 0.029237 0.027491
20 0.722669 0.387887 0.026695 0.024055
20 0.779025 0.375000 0.030085 0.026632
20 0.806780 0.394330 0.027119 0.025773
20 0.765254 0.409149 0.027119 0.026203
20 0.522246 0.398625 0.027542 0.024055
20 0.514619 0.412586 0.028390 0.022766
20 0.877542 0.420103 0.027119 0.026632
20 0.806144 0.425473 0.028390 0.021907
20 0.808475 0.441366 0.023729 0.021048
20 0.829237 0.455541 0.029661 0.025344
20 0.740466 0.438789 0.025847 0.021907
20 0.749788 0.450601 0.023305 0.021478
20 0.719492 0.474442 0.027966 0.023625
20 0.708475 0.501933 0.026271 0.025344
20 0.740678 0.527277 0.025424 0.022766
20 0.784322 0.543814 0.028814 0.024055
20 0.819280 0.508806 0.026695 0.026203
20 0.876695 0.559278 0.031356 0.027491
20 0.920975 0.621993 0.030085 0.026632
20 0.658475 0.457904 0.028814 0.024914
20 0.594492 0.441581 0.028814 0.024914
20 0.561229 0.457474 0.028390 0.024914
20 0.620763 0.497423 0.024576 0.024914
20 0.640254 0.525344 0.025424 0.024055
20 0.583475 0.512887 0.026271 0.024055
20 0.563983 0.540163 0.024576 0.021048
20 0.610593 0.533290 0.022881 0.016753
20 0.601483 0.547466 0.019915 0.020189
20 0.613347 0.546821 0.019068 0.019759
20 0.601907 0.564648 0.018220 0.021048
20 0.615890 0.567440 0.019068 0.018900
20 0.638559 0.573024 0.022881 0.023196
20 0.568856 0.562715 0.024153 0.021478
20 0.527331 0.529854 0.024153 0.022766
20 0.494915 0.516753 0.025424 0.023196
20 0.831992 0.667311 0.028390 0.028780
20 0.753178 0.657216 0.023305 0.024914
20 0.777966 0.649055 0.012712 0.009450
20 0.696610 0.659579 0.023729 0.025344
20 0.719915 0.671821 0.027966 0.024055
20 0.740466 0.692225 0.028390 0.025344
20 0.727119 0.710696 0.029661 0.026203
20 0.806144 0.737113 0.027542 0.028351
20 0.762924 0.764175 0.024153 0.024914
20 0.792585 0.770619 0.023305 0.026632
20 0.811864 0.775344 0.024576 0.024914
20 0.804449 0.828393 0.031780 0.029639
20 0.718856 0.809923 0.026695 0.027062
20 0.683686 0.799399 0.025000 0.024914
20 0.693008 0.815722 0.021610 0.022337
20 0.650847 0.783935 0.027966 0.024914
20 0.586441 0.800473 0.027966 0.027921
20 0.543644 0.827105 0.027966 0.023625
20 0.575847 0.838918 0.026271 0.023196
20 0.547458 0.680198 0.026271 0.027921
20 0.513136 0.695232 0.023729 0.024485
20 0.500424 0.704682 0.025424 0.023625
20 0.464407 0.722294 0.030508 0.027921
20 0.448093 0.759235 0.028390 0.025344
20 0.412288 0.747423 0.030508 0.024914
20 0.435169 0.625644 0.031356 0.024485
20 0.580508 0.625000 0.029661 0.024055
20 0.482627 0.436426 0.028814 0.026632
20 0.410805 0.451675 0.029237 0.027062
20 0.364619 0.454682 0.030932 0.027062
20 0.413983 0.491194 0.027119 0.026203
20 0.441525 0.533720 0.027966 0.027062
20 0.469280 0.540808 0.027542 0.017182
20 0.468008 0.550258 0.021610 0.012887
20 0.472458 0.563574 0.025424 0.022337
20 0.525847 0.566581 0.022034 0.019759
20 0.522458 0.585052 0.025424 0.024055
20 0.540042 0.602448 0.023305 0.018471
20 0.551271 0.592569 0.023729 0.023625
20 0.289831 0.500430 0.029661 0.027491
20 0.316314 0.556916 0.028390 0.024485
20 0.370127 0.573454 0.023305 0.023196
20 0.391737 0.579897 0.023305 0.022337
20 0.389195 0.597294 0.025847 0.021048
20 0.422458 0.586555 0.027966 0.023625
20 0.432203 0.596435 0.020339 0.017612
20 0.457415 0.597723 0.021610 0.020189
20 0.238136 0.485825 0.028814 0.025773
20 0.214195 0.565936 0.030085 0.029639
20 0.221186 0.508806 0.027966 0.026203
20 0.247458 0.655284 0.029661 0.027921
20 0.301695 0.644330 0.025424 0.025773
20 0.326059 0.654854 0.025847 0.027062
20 0.352542 0.651418 0.024576 0.025344
20 0.362712 0.659364 0.022881 0.022337
20 0.460805 0.614691 0.024153 0.023196
20 0.489831 0.611254 0.028814 0.024914
20 0.050212 0.526203 0.030932 0.027491
20 0.040466 0.617268 0.028390 0.027491
20 0.137924 0.577105 0.032627 0.027921
20 0.143856 0.597723 0.027542 0.027062
20 0.093220 0.689218 0.028814 0.026203
20 0.123729 0.724871 0.027966 0.027062
20 0.206144 0.744416 0.026695 0.026632
20 0.191949 0.788230 0.027966 0.025773
20 0.351695 0.740335 0.025424 0.028780
20 0.403390 0.730241 0.024576 0.024055
20 0.352331 0.769330 0.027542 0.029210
20 0.217373 0.847509 0.027119 0.027491
20 0.465042 0.879510 0.027542 0.027062
20 0.449788 0.895404 0.029237 0.024485
20 0.518644 0.924184 0.030508 0.029639
20 0.538559 0.941151 0.022881 0.024055
20 0.546610 0.867053 0.027966 0.026203
20 0.591737 0.863402 0.026695 0.024914
20 0.614619 0.852663 0.025847 0.028351
20 0.654025 0.875000 0.025847 0.026632
20 0.645339 0.933204 0.027966 0.028780
20 0.722669 0.912156 0.025847 0.025344
20 0.707839 0.855026 0.025000 0.024485
20 0.687500 0.863187 0.024153 0.025344
20 0.673517 0.847723 0.025847 0.023625
20 0.952331 0.587844 0.024153 0.021048
20 0.945127 0.600301 0.027542 0.025344
20 0.122246 0.327320 0.029237 0.029210
20 0.159322 0.340206 0.028814 0.026632
20 0.148093 0.367053 0.027542 0.026203
20 0.180932 0.393900 0.031356 0.027491
20 0.272034 0.152921 0.033051 0.029210
20 0.030508 0.636383 0.012712 0.015034
20 0.042373 0.658505 0.019492 0.024055
20 0.199788 0.887672 0.019068 0.015893