20 0.412020 0.948311 0.021892 0.016063
20 0.393846 0.946870 0.018587 0.015651
20 0.414911 0.930601 0.023544 0.021829
20 0.392400 0.930807 0.022305 0.020593
20 0.379595 0.941310 0.014870 0.017710
20 0.361834 0.941722 0.018174 0.014415
20 0.697439 0.092051 0.032631 0.030066
20 0.659025 0.106260 0.030153 0.039539
20 0.639405 0.104819 0.028914 0.031713
20 0.588806 0.104819 0.038414 0.032537
20 0.553490 0.107908 0.038827 0.037068
20 0.582610 0.134679 0.026022 0.027183
20 0.602024 0.133649 0.021066 0.023476
20 0.607187 0.153418 0.031392 0.031713
20 0.579306 0.154036 0.030153 0.031301
20 0.552251 0.155890 0.036349 0.033361
20 0.579926 0.182249 0.036349 0.032537
20 0.661917 0.162479 0.031805 0.028418
20 0.650351 0.178542 0.028501 0.028418
20 0.663982 0.217669 0.035936 0.030890
20 0.712309 0.159185 0.030979 0.035008
20 0.733375 0.154448 0.026848 0.028830
20 0.743494 0.136738 0.027261 0.028007
20 0.726353 0.126442 0.030153 0.031301
20 0.677406 0.189662 0.024783 0.031713
20 0.697439 0.185956 0.023544 0.027595
20 0.713135 0.195428 0.029327 0.027595
20 0.723461 0.210255 0.028501 0.026771
20 0.738951 0.227965 0.030566 0.029242
20 0.752169 0.188015 0.027261 0.023476
20 0.748864 0.207372 0.022305 0.025124
20 0.769930 0.207166 0.025609 0.030478
20 0.772202 0.171746 0.026848 0.026359
20 0.782321 0.158155 0.023131 0.027183
20 0.783767 0.182867 0.024370 0.026359
20 0.691450 0.248764 0.030566 0.028007
20 0.601817 0.217875 0.032218 0.029654
20 0.571871 0.211697 0.031805 0.028007
20 0.559273 0.225700 0.026435 0.026359
20 0.534696 0.225906 0.029327 0.028418
20 0.521066 0.192751 0.026022 0.032949
20 0.490500 0.146829 0.039240 0.034185
20 0.439901 0.122117 0.042957 0.040774
20 0.473152 0.169275 0.039240 0.029654
20 0.474184 0.189868 0.033044 0.027183
20 0.500000 0.182249 0.030979 0.025124
20 0.496489 0.203666 0.036349 0.024300
20 0.500620 0.225906 0.033870 0.030066
20 0.447336 0.232908 0.038001 0.035008
20 0.584469 0.240115 0.033044 0.028007
20 0.567328 0.256796 0.027675 0.025947
20 0.796572 0.167834 0.025196 0.026771
20 0.818463 0.183072 0.021066 0.017710
20 0.805865 0.196046 0.024783 0.032125
20 0.824453 0.197488 0.021479 0.025947
20 0.834986 0.207784 0.026848 0.023476
20 0.841181 0.214786 0.026022 0.019357
20 0.840562 0.233320 0.032218 0.024300
20 0.808550 0.230848 0.028501 0.025124
20 0.813507 0.242586 0.030153 0.021417
20 0.827138 0.249794 0.032631 0.028418
20 0.804213 0.269769 0.028088 0.028830
20 0.786658 0.281507 0.026022 0.022652
20 0.794300 0.293451 0.032218 0.021829
20 0.838910 0.271829 0.032218 0.024712
20 0.877943 0.277595 0.032631 0.026359
20 0.832714 0.285832 0.026435 0.018946
20 0.828996 0.299629 0.034696 0.023476
20 0.759397 0.274094 0.028501 0.026771
20 0.710863 0.275535 0.025609 0.022241
20 0.684428 0.269975 0.032218 0.030066
20 0.703841 0.292010 0.028914 0.023064
20 0.621644 0.277595 0.031392 0.028007
20 0.608839 0.295717 0.025609 0.026359
20 0.631144 0.301483 0.023131 0.028007
20 0.647047 0.304984 0.021892 0.030066
20 0.677613 0.339992 0.032631 0.030066
20 0.663982 0.308690 0.028501 0.026771
20 0.700124 0.320222 0.031392 0.020181
20 0.705287 0.336491 0.034283 0.026359
20 0.750723 0.333608 0.030153 0.027183
20 0.737505 0.321046 0.021892 0.020181
20 0.753408 0.312603 0.021479 0.018946
20 0.738331 0.305395 0.025196 0.018534
20 0.748245 0.292834 0.027675 0.024712
20 0.767865 0.305189 0.023957 0.023888
20 0.781908 0.319193 0.024783 0.028007
20 0.804007 0.324135 0.022718 0.026359
20 0.857703 0.287685 0.026022 0.019357
20 0.614829 0.328871 0.030153 0.027595
20 0.856464 0.301071 0.026022 0.022241
20 0.871747 0.302924 0.019413 0.025124
20 0.889095 0.306837 0.026848 0.027183
20 0.864312 0.315898 0.026848 0.021417
20 0.887030 0.327430 0.035936 0.027183
20 0.892606 0.350288 0.026435 0.029242
20 0.872780 0.351936 0.025609 0.021829
20 0.874639 0.367998 0.032631 0.021829
20 0.885998 0.382825 0.033870 0.029242
20 0.843453 0.364909 0.023957 0.030478
20 0.815985 0.346993 0.030979 0.024300
20 0.815159 0.366969 0.030979 0.028007
20 0.774267 0.355437 0.025196 0.018946
20 0.783354 0.368822 0.024370 0.024300
20 0.762701 0.373353 0.029327 0.025947
20 0.795333 0.392298 0.025196 0.030890
20 0.815159 0.398476 0.026022 0.029242
20 0.794919 0.419687 0.030153 0.030478
20 0.747625 0.435750 0.033044 0.031301
20 0.710863 0.390445 0.029740 0.026359
20 0.726559 0.401153 0.027261 0.024712
20 0.703428 0.422364 0.028088 0.026771
20 0.680091 0.404036 0.028501 0.025535
20 0.678026 0.421952 0.028501 0.023476
20 0.700124 0.448311 0.032218 0.026771
20 0.842420 0.390445 0.024370 0.022241
20 0.862040 0.401359 0.020653 0.022652
20 0.831888 0.420923 0.023957 0.028007
20 0.859562 0.422982 0.022305 0.023888
20 0.883519 0.397858 0.022305 0.021417
20 0.900661 0.400329 0.018587 0.024712
20 0.889715 0.415774 0.026435 0.021829
20 0.878769 0.424835 0.021066 0.027595
20 0.916563 0.415980 0.028914 0.029654
20 0.917183 0.436779 0.029327 0.024300
20 0.897150 0.436161 0.025609 0.023888
20 0.915944 0.462932 0.050805 0.040362
20 0.910368 0.488674 0.034696 0.026771
20 0.894672 0.510708 0.029740 0.036244
20 0.914911 0.507414 0.028914 0.029654
20 0.850475 0.453460 0.031392 0.033773
20 0.827344 0.475082 0.025609 0.031713
20 0.810202 0.474053 0.022718 0.027183
20 0.825072 0.512974 0.035109 0.035832
20 0.771375 0.474465 0.030979 0.028830
20 0.776745 0.494646 0.030153 0.027183
20 0.789343 0.508855 0.024783 0.025947
20 0.749897 0.513591 0.028501 0.028007
20 0.801941 0.537068 0.032631 0.029654
20 0.726353 0.518534 0.028501 0.027183
20 0.723048 0.538303 0.029327 0.028007
20 0.708591 0.486203 0.029327 0.030890
20 0.766832 0.551277 0.021892 0.026771
20 0.788517 0.560750 0.025609 0.027595
20 0.804833 0.559308 0.018587 0.018122
20 0.816605 0.570840 0.033870 0.029654
20 0.871747 0.584226 0.043371 0.041598
20 0.746179 0.563839 0.023544 0.023064
20 0.762288 0.566310 0.018587 0.018122
20 0.747212 0.585255 0.023957 0.028007
20 0.767038 0.581343 0.023957 0.022652
20 0.776745 0.592257 0.027675 0.028007
20 0.792441 0.601318 0.025196 0.028830
20 0.823007 0.603995 0.033457 0.027595
20 0.685461 0.554366 0.030979 0.030478
20 0.644568 0.547158 0.033457 0.030890
20 0.666254 0.505972 0.028914 0.023476
20 0.688352 0.500206 0.025196 0.028418
20 0.669352 0.490939 0.021892 0.014827
20 0.665634 0.467463 0.026848 0.021417
20 0.674515 0.478789 0.025609 0.020181
20 0.635068 0.470552 0.030153 0.027595
20 0.649732 0.448517 0.028914 0.024712
20 0.929368 0.654860 0.030566 0.044481
20 0.867823 0.627677 0.032218 0.024712
20 0.867617 0.642710 0.035936 0.021829
20 0.871334 0.657331 0.035936 0.025535
20 0.841388 0.651153 0.028088 0.028830
20 0.818257 0.643946 0.028914 0.029242
20 0.830442 0.660832 0.029327 0.024300
20 0.842420 0.681425 0.033457 0.032537
20 0.780669 0.616145 0.026435 0.024712
20 0.785419 0.643534 0.024370 0.024300
20 0.768691 0.637974 0.025609 0.023888
20 0.743907 0.621499 0.023957 0.021417
20 0.752995 0.627883 0.021479 0.019357
20 0.729038 0.634267 0.026435 0.024712
20 0.745973 0.641269 0.024783 0.021417
20 0.756712 0.658773 0.023957 0.021829
20 0.775506 0.668451 0.021892 0.022241
20 0.787898 0.664745 0.016935 0.022241
20 0.802354 0.662068 0.022718 0.024300
20 0.803387 0.683278 0.029740 0.028007
20 0.888476 0.696458 0.035523 0.026359
20 0.827344 0.711697 0.024783 0.023064
20 0.821768 0.724053 0.023544 0.021417
20 0.806072 0.714168 0.024370 0.020593
20 0.795539 0.720552 0.022305 0.020181
20 0.789963 0.701812 0.023544 0.023064
20 0.775093 0.688633 0.021892 0.018122
20 0.765180 0.676277 0.018587 0.014827
20 0.754853 0.683072 0.026022 0.020181
20 0.757538 0.695222 0.024783 0.015651
20 0.755473 0.704695 0.021479 0.017298
20 0.763321 0.717051 0.026435 0.021417
20 0.776539 0.706137 0.022305 0.021005
20 0.771169 0.739703 0.027261 0.028830
20 0.791822 0.738056 0.023957 0.019769
20 0.726766 0.705931 0.029327 0.027183
20 0.711276 0.731260 0.030566 0.030890
20 0.702189 0.691516 0.027261 0.021417
20 0.720157 0.684926 0.023544 0.022241
20 0.737712 0.661450 0.023957 0.020593
20 0.724287 0.669687 0.025196 0.027183
20 0.702809 0.670511 0.024370 0.025535
20 0.690417 0.661244 0.020240 0.022652
20 0.674515 0.664127 0.023957 0.025947
20 0.690830 0.632825 0.026848 0.023476
20 0.719537 0.606260 0.031392 0.029654
20 0.686080 0.606878 0.025609 0.025947
20 0.676580 0.580931 0.030566 0.025947
20 0.666047 0.599876 0.027675 0.025124
20 0.649112 0.575783 0.033457 0.030478
20 0.885791 0.712521 0.026848 0.018946
20 0.900248 0.731878 0.021066 0.024712
20 0.879595 0.725082 0.026022 0.021829
20 0.877117 0.740115 0.022718 0.022241
20 0.865138 0.749176 0.026022 0.026359
20 0.860595 0.727142 0.023544 0.025124
20 0.845931 0.734349 0.026435 0.029654
20 0.822387 0.743410 0.027261 0.020593
20 0.830442 0.761532 0.023544 0.027183
20 0.845725 0.759679 0.021892 0.028418
20 0.855019 0.778213 0.023131 0.025124
20 0.844899 0.788509 0.016935 0.020181
20 0.831475 0.804160 0.031392 0.029242
20 0.821974 0.778418 0.022305 0.023064
20 0.808963 0.779036 0.017761 0.023476
20 0.798637 0.781096 0.021892 0.021005
20 0.791822 0.762150 0.029740 0.027595
20 0.811442 0.798600 0.021892 0.023888
20 0.793061 0.796952 0.024783 0.023888
20 0.788311 0.809308 0.030979 0.020593
20 0.786245 0.824341 0.032631 0.025124
20 0.768897 0.798394 0.031805 0.034185
20 0.748038 0.836491 0.029740 0.032949
20 0.766212 0.857496 0.034696 0.031301
20 0.714994 0.851112 0.030566 0.022652
20 0.680504 0.850494 0.030153 0.026359
20 0.726766 0.875206 0.019413 0.024712
20 0.711896 0.880148 0.016935 0.021417
20 0.698059 0.872117 0.023957 0.030890
20 0.678439 0.811779 0.031805 0.032949
20 0.657786 0.823311 0.030153 0.029654
20 0.662743 0.899300 0.029327 0.036656
20 0.642503 0.900535 0.024370 0.026771
20 0.616481 0.889209 0.027675 0.024712
20 0.591904 0.877677 0.030566 0.028007
20 0.617926 0.904860 0.024783 0.020593
20 0.619579 0.915980 0.014870 0.014827
20 0.634242 0.920099 0.024370 0.024712
20 0.622057 0.927718 0.023957 0.016886
20 0.616481 0.934720 0.024370 0.019357
20 0.592317 0.904448 0.025609 0.021417
20 0.590252 0.925041 0.023957 0.018946
20 0.594589 0.939044 0.025196 0.019769
20 0.567121 0.935338 0.025609 0.023888
20 0.581991 0.852554 0.027261 0.025535
20 0.533044 0.867998 0.035109 0.026771
20 0.539033 0.883649 0.023131 0.018534
20 0.555762 0.885502 0.020240 0.023064
20 0.514663 0.894563 0.029740 0.029654
20 0.535109 0.906713 0.020240 0.021005
20 0.548947 0.913303 0.021479 0.021829
20 0.502891 0.917010 0.021892 0.028418
20 0.485130 0.919481 0.021066 0.024300
20 0.540066 0.934720 0.026848 0.021829
20 0.547295 0.951194 0.023957 0.018534
20 0.519413 0.940898 0.018587 0.018534
20 0.524990 0.955519 0.022305 0.018946
20 0.505576 0.947900 0.019827 0.021005
20 0.491119 0.941310 0.023131 0.022652
20 0.602437 0.802924 0.033457 0.026771
20 0.608839 0.823723 0.026435 0.025535
20 0.601611 0.840198 0.026022 0.022241
20 0.588600 0.828666 0.023957 0.025535
20 0.573317 0.821046 0.023957 0.025947
20 0.564849 0.807249 0.024370 0.028007
20 0.547088 0.808690 0.021892 0.027595
20 0.508468 0.802512 0.038001 0.031713
20 0.504544 0.823311 0.037588 0.029654
20 0.615035 0.771829 0.031392 0.030478
20 0.638166 0.751236 0.031392 0.029654
20 0.591285 0.741145 0.029327 0.028418
20 0.564230 0.731260 0.023957 0.022652
20 0.544816 0.735791 0.019827 0.022652
20 0.567328 0.749382 0.019413 0.024300
20 0.552045 0.749382 0.022718 0.024300
20 0.518174 0.737644 0.024370 0.028830
20 0.446097 0.792010 0.046262 0.041186
20 0.372367 0.772446 0.041718 0.040774
20 0.384345 0.735379 0.037588 0.035832
20 0.502891 0.732084 0.026022 0.032537
20 0.485337 0.725906 0.029740 0.030066
20 0.500826 0.696046 0.027675 0.028007
20 0.479967 0.698517 0.027261 0.028007
20 0.678852 0.716639 0.026848 0.031301
20 0.660471 0.708814 0.025609 0.028830
20 0.643742 0.715815 0.025196 0.023064
20 0.636307 0.727142 0.029327 0.023476
20 0.630731 0.688427 0.024783 0.025947
20 0.619992 0.697488 0.027261 0.025124
20 0.650145 0.661656 0.027261 0.026771
20 0.622883 0.653213 0.028088 0.026359
20 0.597067 0.661656 0.033457 0.030890
20 0.571045 0.677924 0.038414 0.028007
20 0.635481 0.643122 0.029327 0.027595
20 0.551425 0.648476 0.037175 0.034185
20 0.485130 0.654448 0.035936 0.029654
20 0.506402 0.670717 0.033870 0.028418
20 0.468815 0.679160 0.034696 0.028830
20 0.604089 0.574959 0.034283 0.030478
20 0.611937 0.593287 0.034283 0.025947
20 0.585089 0.514415 0.031805 0.029654
20 0.600165 0.522652 0.029740 0.028830
20 0.544610 0.516680 0.036762 0.035008
20 0.466130 0.572694 0.033457 0.030066
20 0.452705 0.526771 0.034696 0.028830
20 0.463445 0.543657 0.034696 0.025535
20 0.552045 0.481878 0.033457 0.031301
20 0.611111 0.466021 0.028501 0.031713
20 0.600578 0.427100 0.033870 0.031301
20 0.637133 0.423806 0.030153 0.028830
20 0.484097 0.457578 0.035523 0.032949
20 0.498761 0.408773 0.026848 0.030066
20 0.477902 0.411450 0.022305 0.027183
20 0.466543 0.421129 0.029327 0.025124
20 0.604089 0.384061 0.030153 0.026771
20 0.619579 0.399712 0.028088 0.026771
20 0.582404 0.326400 0.020653 0.021829
20 0.591078 0.340404 0.031392 0.026771
20 0.564230 0.329077 0.021479 0.026359
20 0.546675 0.325371 0.026022 0.027183
20 0.523337 0.358114 0.031392 0.030066
20 0.576208 0.276359 0.030566 0.028830
20 0.528294 0.264621 0.028914 0.023476
20 0.529120 0.281096 0.030566 0.020181
20 0.527468 0.296129 0.028914 0.022241
20 0.485130 0.289951 0.024370 0.027183
20 0.465304 0.288303 0.026022 0.030478
20 0.487195 0.957372 0.023544 0.022652
20 0.474597 0.952842 0.016522 0.016886
20 0.472119 0.939250 0.022305 0.025124
20 0.456010 0.950988 0.024783 0.028007
20 0.433705 0.911450 0.032218 0.027183
20 0.449814 0.930807 0.023131 0.026359
20 0.430607 0.930395 0.026022 0.028007
20 0.309583 0.920305 0.032631 0.025947
20 0.339529 0.935338 0.023957 0.018122
20 0.352953 0.922364 0.028501 0.030066
20 0.274060 0.878707 0.040892 0.039951
20 0.223255 0.874176 0.031805 0.031713
20 0.170591 0.814662 0.028914 0.031301
20 0.188971 0.832990 0.032631 0.033361
20 0.132796 0.772446 0.032631 0.036656
20 0.168525 0.735997 0.034696 0.034596
20 0.302148 0.742998 0.040066 0.040362
20 0.123709 0.741763 0.043371 0.045305
20 0.190417 0.720346 0.038827 0.044481
20 0.315159 0.708608 0.026435 0.035008
20 0.331268 0.719110 0.029740 0.031301
20 0.353573 0.688015 0.032218 0.039127
20 0.408715 0.692957 0.035109 0.037479
20 0.439281 0.637974 0.028501 0.036244
20 0.416563 0.633237 0.022718 0.033361
20 0.399215 0.634267 0.024370 0.027183
20 0.395911 0.592875 0.027675 0.030066
20 0.376910 0.596170 0.029327 0.032537
20 0.396737 0.613468 0.035109 0.030066
20 0.265799 0.619852 0.035109 0.032949
20 0.254027 0.643534 0.036349 0.034185
20 0.269517 0.651153 0.035109 0.031301
20 0.196613 0.626236 0.038827 0.035008
20 0.324659 0.557455 0.036349 0.034185
20 0.325485 0.581343 0.034696 0.030066
20 0.298843 0.582578 0.034283 0.035832
20 0.195167 0.561161 0.035109 0.037479
20 0.197233 0.591433 0.037588 0.031301
20 0.126394 0.548394 0.037175 0.038303
20 0.092937 0.573929 0.041305 0.039951
20 0.198265 0.496293 0.039653 0.041186
20 0.228211 0.484143 0.034283 0.034185
20 0.250929 0.455519 0.037588 0.037891
20 0.180297 0.421129 0.036762 0.035832
20 0.105122 0.405684 0.039240 0.032949
20 0.112763 0.429778 0.048740 0.036656
20 0.244734 0.411244 0.037588 0.035008
20 0.302974 0.395799 0.027675 0.034596
20 0.324246 0.394563 0.023131 0.033773
20 0.358736 0.428954 0.038414 0.037479
20 0.426064 0.467463 0.035109 0.038715
20 0.409955 0.421334 0.030979 0.031301
20 0.428129 0.404242 0.029327 0.025124
20 0.452912 0.394357 0.024370 0.026771
20 0.439694 0.351730 0.024370 0.025535
20 0.467782 0.343081 0.029327 0.030478
20 0.403759 0.358320 0.028501 0.025535
20 0.415737 0.373558 0.023544 0.023888
20 0.340768 0.371911 0.028914 0.025535
20 0.348823 0.387150 0.026022 0.030478
20 0.361008 0.395593 0.023957 0.026771
20 0.380834 0.407743 0.032218 0.032949
20 0.252995 0.367998 0.030153 0.027595
20 0.267865 0.376853 0.034283 0.028830
20 0.303181 0.355643 0.028914 0.025124
20 0.123916 0.338550 0.040479 0.036244
20 0.124742 0.309308 0.032218 0.032949
20 0.146221 0.304366 0.034696 0.039539
20 0.214374 0.366969 0.034696 0.028830
20 0.221809 0.390651 0.035523 0.026771
20 0.222429 0.281301 0.036762 0.041186
20 0.161710 0.258855 0.038414 0.038303
20 0.266419 0.287685 0.036349 0.030890
20 0.269517 0.264415 0.035936 0.029654
20 0.283561 0.331343 0.029327 0.030890
20 0.306485 0.313015 0.029740 0.026359
20 0.314126 0.335461 0.028501 0.025124
20 0.334366 0.280684 0.030979 0.029242
20 0.335399 0.300659 0.031392 0.022241
20 0.352747 0.333814 0.021479 0.019357
20 0.357290 0.349671 0.023957 0.018122
20 0.390748 0.335255 0.023131 0.024712
20 0.368236 0.330519 0.024370 0.024300
20 0.382074 0.321870 0.023957 0.025124
20 0.398183 0.313633 0.014044 0.021005
20 0.411813 0.316310 0.019000 0.024712
20 0.436183 0.318163 0.025609 0.032537
20 0.435770 0.289539 0.023131 0.024712
20 0.423998 0.278213 0.020240 0.022652
20 0.409128 0.280684 0.021066 0.024300
20 0.415531 0.294481 0.019827 0.020593
20 0.400454 0.292628 0.021066 0.026771
20 0.382487 0.289127 0.026435 0.029654
20 0.362040 0.279860 0.026848 0.025124
20 0.360388 0.296952 0.021892 0.017298
20 0.368649 0.307867 0.021066 0.017710
20 0.358530 0.314868 0.023957 0.021829
20 0.411607 0.249588 0.035109 0.032949
20 0.365964 0.225494 0.033870 0.035832
20 0.387237 0.215404 0.035936 0.041186
20 0.194548 0.217875 0.034696 0.036244
20 0.206113 0.232702 0.042957 0.031301