20 0.390180 0.108449 0.025427 0.022648
20 0.361903 0.149390 0.025866 0.021777
20 0.360368 0.167901 0.026304 0.021341
20 0.330557 0.182709 0.026304 0.021341
20 0.336694 0.201220 0.027181 0.023519
20 0.372205 0.199260 0.024551 0.023955
20 0.412977 0.182927 0.027181 0.024390
20 0.396317 0.231925 0.026304 0.020470
20 0.401797 0.246516 0.024112 0.018293
20 0.654099 0.044207 0.032442 0.025697
20 0.652565 0.206446 0.024989 0.021777
20 0.631740 0.243031 0.023674 0.022648
20 0.651030 0.253049 0.024551 0.021777
20 0.637221 0.274608 0.026743 0.023955
20 0.596449 0.308798 0.024112 0.020035
20 0.615958 0.320775 0.026304 0.024826
20 0.519290 0.290070 0.026743 0.020906
20 0.460324 0.289634 0.024551 0.021777
20 0.454625 0.321864 0.023674 0.021777
20 0.419553 0.344294 0.024551 0.020470
20 0.431171 0.362369 0.025866 0.021777
20 0.500219 0.320775 0.021920 0.017857
20 0.521920 0.322735 0.021482 0.020035
20 0.548224 0.356925 0.024112 0.020470
20 0.489917 0.370209 0.023235 0.019164
20 0.598422 0.358885 0.022797 0.021777
20 0.652565 0.358232 0.024989 0.023955
20 0.557431 0.391986 0.024112 0.021777
20 0.414292 0.402003 0.024551 0.020906
20 0.427883 0.429660 0.025427 0.023084
20 0.451995 0.412456 0.024551 0.020906
20 0.485971 0.444469 0.024112 0.021341
20 0.525427 0.417030 0.024989 0.020470
20 0.499781 0.473868 0.021920 0.020906
20 0.502850 0.509582 0.024551 0.023519
20 0.540552 0.497605 0.023674 0.019599
20 0.553047 0.481272 0.023235 0.019164
20 0.573433 0.454922 0.024551 0.021341
20 0.591846 0.432927 0.025427 0.021777
20 0.640728 0.407883 0.023235 0.022213
20 0.668128 0.426829 0.026304 0.024390
20 0.602367 0.516768 0.026304 0.023955
20 0.701447 0.490200 0.027181 0.025697
20 0.651688 0.555096 0.028496 0.023084
20 0.404647 0.483885 0.027181 0.023519
20 0.375274 0.471908 0.024551 0.021341
20 0.391714 0.443380 0.025866 0.019164
20 0.286497 0.455357 0.024112 0.018728
20 0.308637 0.447082 0.025427 0.021341
20 0.337790 0.445122 0.023235 0.020906
20 0.293731 0.507186 0.025427 0.021341
20 0.333406 0.497605 0.022359 0.016986
20 0.331214 0.514591 0.020605 0.017857
20 0.319377 0.532883 0.029373 0.023955
20 0.544498 0.588197 0.025427 0.020470
20 0.541868 0.644599 0.022797 0.022648
20 0.471723 0.638502 0.028935 0.020906
20 0.465147 0.657230 0.021043 0.020035
20 0.488382 0.656359 0.028058 0.020035
20 0.391057 0.647430 0.026304 0.018728
20 0.369575 0.659843 0.028058 0.021777
20 0.376589 0.682274 0.026304 0.020470
20 0.405085 0.685322 0.024551 0.022213
20 0.407497 0.724303 0.024989 0.024390
20 0.338010 0.744120 0.027181 0.022213
20 0.583954 0.697082 0.026304 0.023084
20 0.494520 0.739329 0.026304 0.024826
20 0.680184 0.671821 0.025866 0.024826
20 0.692021 0.603441 0.022359 0.020470
20 0.920649 0.504573 0.027181 0.024826
20 0.797238 0.544643 0.028496 0.027439
20 0.720737 0.599303 0.024551 0.021777
20 0.753617 0.622822 0.026304 0.023519
20 0.808198 0.689460 0.028496 0.024390
20 0.749233 0.724739 0.028058 0.025261
20 0.468654 0.763720 0.025427 0.023955
20 0.474134 0.802483 0.026743 0.023955
20 0.684349 0.777657 0.026304 0.027439
20 0.221833 0.675523 0.028935 0.027003
20 0.444980 0.896559 0.028058 0.023955
20 0.382508 0.895035 0.027619 0.023519
20 0.371767 0.906359 0.025427 0.021777
20 0.227532 0.308145 0.026304 0.027439
20 0.287593 0.304225 0.024551 0.022213
20 0.275099 0.360192 0.025866 0.027003
20 0.891933 0.292901 0.029373 0.024826
20 0.940596 0.375653 0.024989 0.023084
20 0.899386 0.413981 0.028496 0.025697
20 0.831434 0.421603 0.025866 0.024390