20 0.496626 0.351625 0.021765 0.028318
20 0.660283 0.730144 0.023115 0.024296
20 0.488696 0.045158 0.025814 0.024966
20 0.520162 0.070375 0.025983 0.026139
20 0.602666 0.092996 0.018897 0.014410
20 0.542939 0.165633 0.022946 0.019940
20 0.475198 0.163874 0.027164 0.021783
20 0.297115 0.205010 0.024633 0.024631
20 0.288088 0.252095 0.020752 0.019605
20 0.464316 0.223190 0.021259 0.017091
20 0.456808 0.233160 0.020415 0.014578
20 0.450396 0.240030 0.019403 0.020275
20 0.495782 0.241203 0.021090 0.017259
20 0.524464 0.233160 0.013329 0.018264
20 0.535262 0.233495 0.020078 0.017594
20 0.671250 0.238187 0.024802 0.019940
20 0.639194 0.256367 0.022777 0.019437
20 0.672853 0.273375 0.024633 0.022286
20 0.565716 0.271280 0.021934 0.018767
20 0.593217 0.302195 0.021934 0.019940
20 0.546313 0.352212 0.014510 0.011394
20 0.526489 0.349698 0.022777 0.019437
20 0.483212 0.326826 0.020584 0.017594
20 0.411254 0.325067 0.022777 0.019437
20 0.358191 0.276307 0.021259 0.019437
20 0.592627 0.375084 0.025477 0.024966
20 0.695040 0.354977 0.022102 0.020610
20 0.744390 0.373241 0.021596 0.019940
20 0.611524 0.412701 0.021765 0.019102
20 0.515691 0.410607 0.017716 0.014913
20 0.494010 0.435741 0.021596 0.019940
20 0.450565 0.434568 0.022102 0.019269
20 0.430741 0.423844 0.019909 0.018599
20 0.643158 0.511981 0.021259 0.017929
20 0.563017 0.464645 0.016535 0.016756
20 0.536106 0.507959 0.020078 0.019940
20 0.564788 0.532339 0.018390 0.016421
20 0.577105 0.521029 0.015016 0.013908
20 0.601316 0.511478 0.013835 0.012232
20 0.622490 0.528988 0.022440 0.019102
20 0.626202 0.540214 0.015691 0.016421
20 0.509870 0.602798 0.016535 0.016924
20 0.446263 0.587131 0.020584 0.019102
20 0.410494 0.509383 0.021259 0.018767
20 0.389657 0.583613 0.020415 0.019102
20 0.323773 0.529239 0.021596 0.020275
20 0.360975 0.451910 0.023452 0.021783
20 0.384174 0.443365 0.016535 0.015751
20 0.415218 0.462885 0.021259 0.019605
20 0.247427 0.258964 0.025139 0.022286
20 0.220263 0.323894 0.022777 0.021783
20 0.275519 0.357322 0.020921 0.018264
20 0.255694 0.380362 0.020415 0.019102
20 0.278471 0.373660 0.022777 0.021448
20 0.320651 0.394186 0.020752 0.019605
20 0.064788 0.394186 0.026320 0.020945
20 0.217479 0.099615 0.016197 0.013237
20 0.156234 0.144186 0.011473 0.010221
20 0.145352 0.167393 0.011979 0.014410
20 0.186351 0.172838 0.024802 0.023626
20 0.235617 0.205178 0.024127 0.021615
20 0.225831 0.188673 0.006580 0.007708
20 0.082335 0.505446 0.022608 0.018599
20 0.145942 0.596431 0.018559 0.017594
20 0.062932 0.600201 0.024296 0.021783
20 0.394129 0.636645 0.019571 0.017929
20 0.413025 0.635473 0.015522 0.014578
20 0.341826 0.671079 0.017209 0.015751
20 0.335077 0.705178 0.022271 0.020275
20 0.355492 0.731317 0.017884 0.018934
20 0.394719 0.683897 0.018728 0.018264
20 0.406529 0.711461 0.016028 0.016756
20 0.385018 0.745392 0.016872 0.015918
20 0.403239 0.741371 0.014510 0.015583
20 0.411254 0.734166 0.015691 0.015583
20 0.421545 0.747738 0.014679 0.014578
20 0.481103 0.703334 0.017716 0.017259
20 0.483381 0.655999 0.017884 0.017426
20 0.493926 0.683395 0.015691 0.016588
20 0.506158 0.703502 0.018897 0.016588
20 0.529948 0.713472 0.018559 0.019437
20 0.542433 0.673509 0.013498 0.013572
20 0.545639 0.631535 0.014510 0.015416
20 0.558461 0.629943 0.012485 0.013908
20 0.581070 0.643767 0.015860 0.014410
20 0.591952 0.665968 0.015691 0.014243
20 0.579045 0.687081 0.019234 0.018934
20 0.621984 0.647788 0.020752 0.019437
20 0.630420 0.688505 0.020078 0.018097
20 0.660705 0.632205 0.020921 0.020442
20 0.707187 0.693113 0.018390 0.015248
20 0.501772 0.771280 0.021596 0.020777
20 0.646533 0.752597 0.020246 0.018599
20 0.658849 0.775050 0.021596 0.018264
20 0.779399 0.771280 0.016366 0.015080
20 0.596339 0.858244 0.021427 0.018767
20 0.374895 0.765416 0.020246 0.019437
20 0.310781 0.804038 0.009448 0.008881
20 0.440864 0.788958 0.017884 0.018934
20 0.754513 0.637064 0.023958 0.021113