20 0.885813 0.758784 0.027432 0.031081
20 0.336671 0.349493 0.018681 0.017230
20 0.330613 0.329814 0.019690 0.018750
20 0.326153 0.457432 0.018849 0.024324
20 0.248738 0.483784 0.028273 0.020270
20 0.090542 0.342568 0.029620 0.027027
20 0.578256 0.033530 0.027264 0.024155
20 0.632952 0.098226 0.022215 0.024493
20 0.648940 0.102534 0.019859 0.026351
20 0.666779 0.105828 0.024571 0.026520
20 0.697156 0.154561 0.020700 0.024662
20 0.707927 0.160389 0.021710 0.026182
20 0.755470 0.165118 0.024907 0.025507
20 0.709862 0.199324 0.026590 0.029054
20 0.595002 0.180743 0.023393 0.025338
20 0.582632 0.113682 0.027600 0.024324
20 0.531387 0.132264 0.025749 0.027027
20 0.460367 0.136740 0.027768 0.026520
20 0.403820 0.150845 0.026085 0.025000
20 0.407186 0.195186 0.024066 0.023818
20 0.355183 0.159037 0.026085 0.027534
20 0.368394 0.188598 0.022888 0.023142
20 0.540979 0.217736 0.023729 0.022635
20 0.519185 0.225845 0.024571 0.021959
20 0.527937 0.243328 0.019522 0.020777
20 0.560670 0.249747 0.024066 0.023480
20 0.473241 0.232517 0.022888 0.021115
20 0.482918 0.245608 0.020700 0.019932
20 0.447745 0.230997 0.018681 0.021115
20 0.436217 0.232770 0.015146 0.016892
20 0.392376 0.241723 0.021037 0.020608
20 0.647341 0.249747 0.026085 0.024155
20 0.753450 0.276520 0.024907 0.023986
20 0.802760 0.310895 0.024571 0.023142
20 0.729889 0.307601 0.026927 0.022635
20 0.627482 0.281841 0.025412 0.025845
20 0.659374 0.306081 0.025244 0.024324
20 0.682178 0.325591 0.024066 0.021791
20 0.707674 0.348733 0.022215 0.023480
20 0.727365 0.335811 0.020195 0.017230
20 0.746802 0.330828 0.023393 0.023818
20 0.763968 0.342568 0.023393 0.022297
20 0.789549 0.342399 0.023056 0.022635
20 0.655756 0.348057 0.023393 0.020777
20 0.591383 0.320777 0.024907 0.022297
20 0.559323 0.299831 0.023056 0.022635
20 0.532817 0.261909 0.021542 0.023480
20 0.538287 0.341470 0.023056 0.020777
20 0.495961 0.336909 0.019522 0.020439
20 0.507489 0.311318 0.020027 0.017568
20 0.513127 0.302956 0.019522 0.018074
20 0.507237 0.287247 0.022551 0.018750
20 0.499916 0.278885 0.020364 0.017568
20 0.503366 0.260895 0.019522 0.016723
20 0.507152 0.272044 0.018344 0.017061
20 0.452710 0.253209 0.019522 0.017230
20 0.463312 0.262247 0.020195 0.015709
20 0.469707 0.276098 0.015820 0.013682
20 0.473999 0.281419 0.018344 0.016554
20 0.480226 0.295693 0.018344 0.019088
20 0.457422 0.289611 0.017839 0.018074
20 0.409542 0.252280 0.020364 0.019088
20 0.433861 0.277111 0.019859 0.019426
20 0.417115 0.282179 0.017671 0.018750
20 0.426708 0.288260 0.013968 0.015372
20 0.426456 0.301605 0.020532 0.020777
20 0.406176 0.299409 0.020700 0.021791
20 0.387159 0.292736 0.020700 0.017905
20 0.454897 0.311149 0.022215 0.020270
20 0.471895 0.354983 0.027264 0.021115
20 0.438405 0.368243 0.019522 0.019595
20 0.451195 0.366301 0.025581 0.024155
20 0.405419 0.367230 0.021542 0.019257
20 0.422417 0.384459 0.019522 0.020608
20 0.473830 0.385980 0.023393 0.020608
20 0.444379 0.401605 0.014305 0.016047
20 0.432346 0.401858 0.012790 0.014189
20 0.428980 0.408446 0.012454 0.012500
20 0.440424 0.413176 0.017503 0.016554
20 0.490491 0.395777 0.018681 0.018243
20 0.503955 0.399916 0.016661 0.018750
20 0.513884 0.407179 0.018007 0.016047
20 0.540054 0.392483 0.020195 0.021115
20 0.559071 0.379983 0.019522 0.015709
20 0.556799 0.393074 0.016324 0.016892
20 0.566476 0.398142 0.017166 0.016892
20 0.578172 0.385220 0.018681 0.016723
20 0.592393 0.380490 0.019185 0.020777
20 0.613009 0.375676 0.019017 0.020270
20 0.620498 0.366807 0.019859 0.020777
20 0.631690 0.364527 0.015988 0.017568
20 0.647341 0.393666 0.022046 0.023480
20 0.582043 0.402196 0.018681 0.014865
20 0.586755 0.414780 0.021037 0.018750
20 0.610485 0.428970 0.024066 0.021453
20 0.672417 0.428209 0.025749 0.022297
20 0.808819 0.394003 0.027937 0.024155
20 0.719539 0.446199 0.023393 0.021453
20 0.744699 0.442230 0.022888 0.019932
20 0.769522 0.444595 0.023393 0.024662
20 0.518176 0.423733 0.017166 0.013345
20 0.489566 0.421030 0.019859 0.013345
20 0.472821 0.436402 0.014305 0.016047
20 0.479047 0.448395 0.021373 0.016385
20 0.483928 0.434713 0.015651 0.013345
20 0.492848 0.432179 0.018007 0.018412
20 0.506311 0.439020 0.016661 0.017230
20 0.517082 0.434628 0.015651 0.017230
20 0.532396 0.437247 0.015988 0.013682
20 0.530293 0.447382 0.017166 0.013007
20 0.549226 0.430405 0.018344 0.015541
20 0.546617 0.440541 0.017839 0.013176
20 0.403484 0.425507 0.023056 0.021622
20 0.423763 0.429814 0.019185 0.015372
20 0.423342 0.440118 0.018344 0.014020
20 0.904241 0.299578 0.024907 0.026182
20 0.880007 0.381503 0.027264 0.024155
20 0.953972 0.388345 0.028442 0.024662
20 0.967014 0.425845 0.027264 0.027703
20 0.847526 0.446622 0.025244 0.025338
20 0.909290 0.471030 0.024907 0.022804
20 0.903652 0.490794 0.024403 0.023142
20 0.738472 0.476182 0.025244 0.022635
20 0.783070 0.481081 0.024907 0.019932
20 0.772972 0.493074 0.023225 0.022297
20 0.757742 0.510726 0.026422 0.028547
20 0.801834 0.503716 0.026422 0.027027
20 0.832969 0.506081 0.020364 0.019932
20 0.853416 0.505997 0.020532 0.021453
20 0.662908 0.486149 0.025244 0.022297
20 0.888001 0.522466 0.026085 0.022297
20 0.862168 0.537753 0.026590 0.020777
20 0.859307 0.551943 0.019859 0.021115
20 0.830865 0.546706 0.026927 0.020777
20 0.840963 0.569003 0.022888 0.021453
20 0.830613 0.590709 0.025749 0.022635
20 0.937142 0.569764 0.027768 0.025338
20 0.865449 0.600253 0.026085 0.020777
20 0.876388 0.606588 0.018344 0.017568
20 0.924100 0.636233 0.030293 0.025507
20 0.871929 0.645777 0.028946 0.025000
20 0.887075 0.660811 0.020195 0.019932
20 0.896836 0.654561 0.024234 0.022297
20 0.886907 0.676182 0.020532 0.017568
20 0.831791 0.651098 0.028105 0.023818
20 0.806126 0.653378 0.024907 0.024662
20 0.833894 0.693750 0.029283 0.027027
20 0.774487 0.644848 0.024234 0.023142
20 0.794009 0.583277 0.024234 0.019595
20 0.807051 0.599662 0.022046 0.024324
20 0.785257 0.529645 0.025244 0.023480
20 0.731235 0.532432 0.021878 0.019595
20 0.743773 0.541807 0.024066 0.021791
20 0.755974 0.590625 0.024571 0.021115
20 0.741754 0.597466 0.018681 0.019932
20 0.731824 0.601689 0.020700 0.019595
20 0.669724 0.552365 0.023393 0.023311
20 0.744362 0.645777 0.019859 0.017905
20 0.729889 0.647382 0.019859 0.017061
20 0.735190 0.659713 0.020364 0.016047
20 0.756984 0.662838 0.021878 0.022973
20 0.751683 0.675676 0.021373 0.022297
20 0.739061 0.677280 0.015651 0.017736
20 0.725429 0.677280 0.019354 0.019088
20 0.785257 0.715794 0.029283 0.025845
20 0.699933 0.634291 0.019185 0.020608
20 0.687311 0.634122 0.017166 0.017905
20 0.681000 0.645439 0.021037 0.019595
20 0.668378 0.637753 0.020700 0.018412
20 0.671323 0.611993 0.020195 0.018243
20 0.666863 0.599324 0.015988 0.015541
20 0.654914 0.611233 0.018681 0.016723
20 0.645910 0.586402 0.022551 0.021791
20 0.638001 0.572128 0.022888 0.020608
20 0.636654 0.552703 0.021878 0.022635
20 0.624116 0.583108 0.021037 0.019932
20 0.638758 0.597128 0.016661 0.017568
20 0.633709 0.608108 0.015988 0.017568
20 0.623948 0.612416 0.019017 0.021453
20 0.588102 0.612584 0.021373 0.021791
20 0.579014 0.629223 0.025749 0.021622
20 0.621255 0.634544 0.021373 0.018750
20 0.632110 0.642736 0.019859 0.019595
20 0.612841 0.652872 0.021710 0.020270
20 0.638842 0.663767 0.022215 0.018750
20 0.648687 0.677703 0.016998 0.020608
20 0.663918 0.679223 0.019522 0.019932
20 0.671828 0.670693 0.019859 0.018412
20 0.694127 0.664443 0.023056 0.021453
20 0.686890 0.684291 0.019354 0.017568
20 0.697745 0.688767 0.014810 0.018750
20 0.715332 0.693328 0.024066 0.022128
20 0.660384 0.697044 0.019522 0.018074
20 0.616796 0.688260 0.021878 0.020777
20 0.677970 0.698057 0.016324 0.013682
20 0.681168 0.709037 0.018344 0.016047
20 0.672669 0.722044 0.024571 0.021115
20 0.575059 0.578378 0.016493 0.015878
20 0.564793 0.574409 0.016829 0.016047
20 0.569842 0.561571 0.012790 0.013007
20 0.579603 0.566047 0.014473 0.016554
20 0.567233 0.539274 0.021037 0.020777
20 0.550909 0.552365 0.016324 0.016554
20 0.560081 0.553801 0.015146 0.018412
20 0.545692 0.576436 0.023729 0.023142
20 0.598199 0.542821 0.021373 0.020777
20 0.606109 0.530068 0.018344 0.017905
20 0.619236 0.540625 0.020700 0.022804
20 0.592982 0.518919 0.021037 0.019932
20 0.583053 0.511318 0.024403 0.020270
20 0.546449 0.505659 0.019859 0.018412
20 0.739987 0.729307 0.024571 0.023818
20 0.716341 0.719679 0.018344 0.016385
20 0.708684 0.740625 0.027937 0.030236
20 0.809239 0.828547 0.031134 0.030068
20 0.724083 0.789865 0.026759 0.027703
20 0.704561 0.777365 0.019017 0.021622
20 0.695641 0.781334 0.023729 0.020777
20 0.692528 0.800845 0.024571 0.026351
20 0.667031 0.819257 0.024066 0.022297
20 0.656092 0.832686 0.025749 0.025845
20 0.643386 0.865878 0.026927 0.027365
20 0.700690 0.842061 0.025412 0.024324
20 0.705991 0.854223 0.026590 0.025676
20 0.615618 0.814780 0.024907 0.023480
20 0.642629 0.778885 0.026085 0.024662
20 0.657691 0.762500 0.024234 0.022973
20 0.616375 0.775084 0.022720 0.023818
20 0.596853 0.759797 0.023393 0.023986
20 0.624958 0.733446 0.019354 0.019595
20 0.620835 0.722297 0.024571 0.019932
20 0.594497 0.714443 0.023393 0.020777
20 0.553012 0.706841 0.019859 0.018750
20 0.537866 0.712078 0.022215 0.023142
20 0.557304 0.728463 0.020700 0.020777
20 0.569084 0.731841 0.019017 0.021791
20 0.541148 0.744341 0.021037 0.021115
20 0.521710 0.749409 0.017839 0.018074
20 0.567065 0.770101 0.025412 0.021959
20 0.551919 0.784966 0.019017 0.020270
20 0.550488 0.803378 0.019522 0.022635
20 0.571188 0.809206 0.023225 0.025845
20 0.515904 0.807939 0.023393 0.027027
20 0.498317 0.822128 0.021878 0.022635
20 0.511949 0.834206 0.022551 0.023480
20 0.532986 0.826267 0.020195 0.023142
20 0.550572 0.834628 0.023393 0.021959
20 0.549731 0.857179 0.020364 0.023142
20 0.532396 0.864020 0.023729 0.025000
20 0.510602 0.862838 0.018176 0.020270
20 0.498401 0.853801 0.023393 0.021115
20 0.491754 0.845017 0.019522 0.018412
20 0.493605 0.877872 0.022551 0.022973
20 0.465836 0.859375 0.022215 0.021115
20 0.456833 0.850253 0.019017 0.021115
20 0.443201 0.847804 0.020700 0.024662
20 0.440677 0.877449 0.026422 0.025507
20 0.448081 0.811233 0.025076 0.028885
20 0.435964 0.765456 0.023393 0.023480
20 0.467940 0.756503 0.019354 0.016385
20 0.472484 0.748226 0.018344 0.018074
20 0.479216 0.742399 0.013295 0.017230
20 0.489566 0.736149 0.015820 0.017230
20 0.502777 0.748057 0.020700 0.025507
20 0.540559 0.684375 0.019859 0.019088
20 0.523814 0.686486 0.019017 0.019595
20 0.508415 0.689611 0.019522 0.018074
20 0.488808 0.690794 0.019017 0.021115
20 0.472652 0.687331 0.020364 0.017230
20 0.478879 0.667314 0.022720 0.020439
20 0.508415 0.658361 0.019522 0.018750
20 0.525160 0.657517 0.018681 0.020439
20 0.540054 0.643243 0.020195 0.019932
20 0.519774 0.672382 0.018681 0.018074
20 0.502609 0.641132 0.018681 0.018750
20 0.504376 0.627618 0.019185 0.014358
20 0.499663 0.612584 0.016829 0.016385
20 0.515651 0.611993 0.021542 0.021622
20 0.488051 0.602618 0.016829 0.016047
20 0.469960 0.607517 0.023393 0.023480
20 0.478458 0.619172 0.020195 0.018750
20 0.442275 0.619848 0.021878 0.016047
20 0.443622 0.633446 0.023898 0.015203
20 0.444211 0.648311 0.021037 0.019932
20 0.414254 0.672804 0.023393 0.022635
20 0.376809 0.623902 0.024234 0.023480
20 0.408953 0.595777 0.024571 0.023311
20 0.405251 0.571791 0.024234 0.022297
20 0.490744 0.580912 0.021542 0.019595
20 0.480983 0.568581 0.020532 0.022297
20 0.500841 0.569510 0.019859 0.018750
20 0.376809 0.710726 0.022551 0.023480
20 0.388674 0.718497 0.018344 0.021115
20 0.400539 0.692736 0.020195 0.026689
20 0.413161 0.699071 0.017503 0.021115
20 0.430158 0.702449 0.015483 0.023480
20 0.444800 0.706419 0.019859 0.020270
20 0.459778 0.726351 0.017839 0.017905
20 0.463480 0.720861 0.018176 0.018750
20 0.470296 0.714949 0.019354 0.018750
20 0.414591 0.720101 0.018007 0.019595
20 0.369404 0.749240 0.022551 0.023818
20 0.349209 0.767230 0.027264 0.025338
20 0.432683 0.738091 0.017503 0.018750
20 0.424352 0.785220 0.021710 0.024493
20 0.406429 0.796875 0.022551 0.023818
20 0.383373 0.818243 0.022551 0.025676
20 0.342141 0.848564 0.025581 0.027872
20 0.318327 0.856166 0.023393 0.026520
20 0.255470 0.854730 0.023898 0.022297
20 0.325395 0.922213 0.031134 0.035980
20 0.495456 0.939443 0.027600 0.033615
20 0.302423 0.769932 0.026590 0.027703
20 0.271962 0.768581 0.020195 0.020270
20 0.238304 0.772551 0.022888 0.023480
20 0.265567 0.754307 0.019185 0.021453
20 0.248401 0.751436 0.022215 0.018750
20 0.248906 0.733024 0.019859 0.019426
20 0.264221 0.732432 0.020195 0.022297
20 0.301245 0.632348 0.019522 0.027872
20 0.315634 0.635051 0.016324 0.021453
20 0.224672 0.730659 0.026927 0.025169
20 0.203046 0.716216 0.021710 0.024324
20 0.189583 0.729476 0.023056 0.024155
20 0.159206 0.746875 0.019859 0.024493
20 0.144059 0.746537 0.018176 0.023142
20 0.134467 0.774493 0.024907 0.025000
20 0.188068 0.688851 0.026085 0.025000
20 0.161141 0.659882 0.023729 0.024155
20 0.141703 0.686486 0.023898 0.023311
20 0.120835 0.703041 0.024907 0.022297
20 0.109559 0.654983 0.017839 0.019088
20 0.121255 0.653632 0.021710 0.021791
20 0.130175 0.629983 0.023393 0.021453
20 0.163581 0.616132 0.024571 0.023480
20 0.188068 0.621706 0.022046 0.023818
20 0.118563 0.611571 0.023393 0.019088
20 0.065130 0.630743 0.024234 0.022297
20 0.086250 0.627111 0.018681 0.023480
20 0.099377 0.629054 0.018681 0.019595
20 0.069253 0.605490 0.026759 0.023480
20 0.049394 0.575422 0.023729 0.021115
20 0.067317 0.582686 0.022215 0.021453
20 0.092814 0.572128 0.024066 0.017568
20 0.096516 0.582264 0.025412 0.019257
20 0.107287 0.548649 0.023393 0.022973
20 0.082548 0.524409 0.023056 0.019088
20 0.067738 0.551605 0.026085 0.020439
20 0.128492 0.506757 0.025412 0.022297
20 0.137243 0.435642 0.020364 0.020608
20 0.148351 0.429814 0.019017 0.020777
20 0.063447 0.415541 0.029956 0.026689
20 0.233676 0.537922 0.016661 0.016385
20 0.250589 0.532601 0.021878 0.024662
20 0.283154 0.522297 0.023056 0.021959
20 0.281303 0.540963 0.021037 0.021115
20 0.301245 0.536909 0.024907 0.023818
20 0.313531 0.485135 0.022888 0.025000
20 0.294934 0.462500 0.025749 0.025000
20 0.234433 0.459122 0.025244 0.025338
20 0.343487 0.454645 0.019859 0.023480
20 0.375884 0.504307 0.023729 0.021115
20 0.383625 0.493919 0.021373 0.019257
20 0.417452 0.483868 0.020700 0.021115
20 0.416106 0.463429 0.021037 0.023142
20 0.448502 0.530659 0.024234 0.023818
20 0.465079 0.520946 0.020700 0.019932
20 0.472063 0.505659 0.019859 0.016723
20 0.458011 0.489611 0.020700 0.019088
20 0.516829 0.534966 0.022215 0.019932
20 0.490744 0.502534 0.019185 0.018243
20 0.481404 0.484122 0.020700 0.019257
20 0.513127 0.502365 0.021878 0.017230
20 0.515146 0.490963 0.017166 0.014020
20 0.507657 0.478125 0.018681 0.018750
20 0.525833 0.481419 0.016661 0.018243
20 0.539044 0.474155 0.018176 0.016554
20 0.518765 0.452787 0.018344 0.013682
20 0.523645 0.461655 0.020364 0.015541
20 0.543167 0.451267 0.011612 0.010642
20 0.540811 0.459291 0.018681 0.015541
20 0.558650 0.456334 0.018681 0.018412
20 0.559912 0.484544 0.017839 0.017736
20 0.547627 0.491047 0.019185 0.017230
20 0.601565 0.465203 0.024066 0.017905
20 0.607792 0.456419 0.019354 0.019932
20 0.381353 0.427618 0.019859 0.021115
20 0.342477 0.413429 0.020195 0.018412
20 0.330024 0.420777 0.017839 0.015203
20 0.309576 0.408108 0.020700 0.016554
20 0.326489 0.409291 0.019522 0.017230
20 0.340794 0.392483 0.020532 0.018074
20 0.388758 0.392483 0.019859 0.018074
20 0.387664 0.379730 0.018681 0.015203
20 0.374285 0.379730 0.020532 0.020608
20 0.371003 0.323649 0.021037 0.019595
20 0.368479 0.350845 0.023729 0.022973
20 0.362588 0.369764 0.018344 0.017905
20 0.342057 0.366047 0.021037 0.018243
20 0.315634 0.325591 0.018007 0.020439
20 0.306462 0.331081 0.019859 0.019595
20 0.279956 0.325169 0.023056 0.022635
20 0.269270 0.290372 0.024907 0.022635
20 0.222147 0.217736 0.024907 0.022635
20 0.204056 0.269848 0.023729 0.023142
20 0.237967 0.267568 0.019859 0.019932
20 0.248990 0.271199 0.018681 0.021115
20 0.329266 0.267736 0.022720 0.021959
20 0.228963 0.287669 0.023056 0.021959
20 0.234012 0.327365 0.026085 0.022973
20 0.242258 0.300760 0.019017 0.018412
20 0.207506 0.312078 0.024571 0.021453
20 0.169219 0.324409 0.023393 0.021115
20 0.192780 0.364358 0.021373 0.019595
20 0.188068 0.405152 0.024403 0.023818
20 0.110316 0.355321 0.024066 0.022804
20 0.305705 0.172044 0.025076 0.024493
20 0.320852 0.197297 0.021373 0.020946
20 0.322955 0.221368 0.024234 0.023142
20 0.345759 0.189443 0.021710 0.023142