20 0.279412 0.089552 0.027018 0.027106
20 0.254617 0.110225 0.029070 0.030709
20 0.289073 0.119918 0.023769 0.024018
20 0.277958 0.160748 0.023769 0.025733
20 0.287876 0.151741 0.021375 0.022817
20 0.364313 0.138103 0.024453 0.025047
20 0.352856 0.166581 0.024111 0.022989
20 0.341912 0.188883 0.023769 0.025047
20 0.399709 0.178332 0.022059 0.022817
20 0.416040 0.195917 0.021546 0.022989
20 0.427155 0.209041 0.019836 0.022474
20 0.437329 0.105335 0.015561 0.022302
20 0.448871 0.105764 0.014706 0.018700
20 0.452719 0.118631 0.016929 0.019386
20 0.451351 0.135358 0.019665 0.018871
20 0.464603 0.122062 0.020178 0.022817
20 0.482216 0.106193 0.023256 0.022302
20 0.483328 0.127123 0.019323 0.019214
20 0.491279 0.138188 0.016074 0.015268
20 0.482302 0.150112 0.017271 0.020244
20 0.470759 0.153886 0.017100 0.017156
20 0.497521 0.163922 0.020691 0.022817
20 0.475718 0.199605 0.021888 0.019043
20 0.462124 0.214016 0.018981 0.020758
20 0.577890 0.116915 0.024795 0.021445
20 0.550616 0.142134 0.025308 0.025219
20 0.529326 0.140504 0.021717 0.018528
20 0.531122 0.152342 0.018810 0.015783
20 0.536337 0.157145 0.021033 0.017499
20 0.604908 0.151141 0.023769 0.025390
20 0.591655 0.174301 0.023256 0.021273
20 0.517698 0.197976 0.017271 0.017499
20 0.537534 0.214102 0.021033 0.019900
20 0.508293 0.224824 0.019665 0.019043
20 0.473837 0.216075 0.015048 0.018356
20 0.496409 0.216933 0.014022 0.014925
20 0.483328 0.221479 0.016587 0.016812
20 0.493246 0.229285 0.016587 0.014239
20 0.391672 0.224138 0.022743 0.021101
20 0.658772 0.224824 0.023427 0.022474
20 0.551300 0.239406 0.022230 0.019386
20 0.624915 0.258020 0.024453 0.022645
20 0.559593 0.255275 0.017613 0.016126
20 0.528642 0.266512 0.020007 0.020758
20 0.549419 0.261966 0.018810 0.018528
20 0.810106 0.230228 0.026163 0.021616
20 0.750684 0.270201 0.024624 0.020587
20 0.751453 0.294219 0.021717 0.021959
20 0.767613 0.289072 0.022230 0.020587
20 0.812842 0.306399 0.026847 0.023675
20 0.863714 0.300738 0.024624 0.022302
20 0.857986 0.333333 0.019665 0.020244
20 0.781464 0.338995 0.023256 0.021616
20 0.722897 0.336250 0.020691 0.017842
20 0.889962 0.360268 0.025137 0.016812
20 0.894494 0.371161 0.022914 0.016641
20 0.897059 0.393206 0.022230 0.020244
20 0.915783 0.406159 0.023427 0.022131
20 0.824812 0.401527 0.023769 0.021101
20 0.863629 0.430863 0.022059 0.020415
20 0.892784 0.440985 0.020862 0.021445
20 0.922965 0.446646 0.022401 0.019386
20 0.849350 0.454538 0.019152 0.019386
20 0.921426 0.482416 0.020007 0.018528
20 0.864997 0.496226 0.021033 0.019043
20 0.887397 0.503688 0.016587 0.018528
20 0.895434 0.497856 0.021033 0.018528
20 0.786166 0.456167 0.024453 0.021616
20 0.763765 0.428804 0.020349 0.019729
20 0.753847 0.466461 0.023769 0.021616
20 0.723068 0.434551 0.021033 0.018871
20 0.703745 0.401698 0.022743 0.021101
20 0.716570 0.458827 0.020691 0.020758
20 0.702377 0.454795 0.018297 0.018871
20 0.694169 0.471693 0.022401 0.020072
20 0.700667 0.510722 0.024453 0.021959
20 0.680831 0.384114 0.022401 0.020930
20 0.668177 0.441414 0.023427 0.019557
20 0.686560 0.442700 0.019836 0.019043
20 0.639962 0.376651 0.022401 0.019729
20 0.625342 0.385143 0.020178 0.016126
20 0.621153 0.396380 0.020691 0.016298
20 0.601488 0.375450 0.019665 0.018013
20 0.590629 0.387030 0.020520 0.015440
20 0.587637 0.396638 0.019665 0.015783
20 0.557627 0.416624 0.018810 0.019043
20 0.551727 0.442872 0.021375 0.019386
20 0.574128 0.465088 0.020349 0.020244
20 0.595417 0.475725 0.021204 0.020244
20 0.641929 0.496655 0.023598 0.020930
20 0.617562 0.503431 0.018981 0.018013
20 0.525222 0.450077 0.020691 0.016641
20 0.537363 0.420398 0.018639 0.016641
20 0.535482 0.404100 0.016587 0.016298
20 0.524196 0.402470 0.014877 0.017499
20 0.526590 0.385057 0.016245 0.012180
20 0.505643 0.389432 0.018810 0.014754
20 0.504446 0.411734 0.019152 0.016126
20 0.499487 0.427089 0.019152 0.016984
20 0.477770 0.432578 0.019836 0.016641
20 0.483413 0.456682 0.021888 0.021616
20 0.504446 0.471264 0.020862 0.018185
20 0.526077 0.507720 0.022401 0.021101
20 0.479822 0.384800 0.010260 0.009950
20 0.476317 0.397838 0.011115 0.011666
20 0.463064 0.381969 0.018126 0.016641
20 0.484012 0.372877 0.017955 0.017670
20 0.515048 0.378538 0.017784 0.014239
20 0.524282 0.367988 0.015732 0.015783
20 0.515390 0.285898 0.017100 0.014239
20 0.467767 0.285469 0.021717 0.020930
20 0.415783 0.304855 0.021033 0.017156
20 0.413304 0.315835 0.022230 0.016812
20 0.480335 0.331532 0.018468 0.020415
20 0.495212 0.340796 0.018810 0.016984
20 0.511799 0.335220 0.016074 0.015783
20 0.533345 0.338137 0.017784 0.018871
20 0.521546 0.338823 0.014022 0.013038
20 0.518553 0.346543 0.013509 0.009950
20 0.508293 0.349545 0.018639 0.015612
20 0.512312 0.364128 0.017784 0.016984
20 0.584644 0.315577 0.021888 0.021445
20 0.562842 0.331275 0.020691 0.017842
20 0.571648 0.339681 0.019494 0.017499
20 0.431088 0.366186 0.020178 0.017670
20 0.408772 0.369961 0.020691 0.019729
20 0.386884 0.377423 0.021375 0.019214
20 0.423051 0.378881 0.018468 0.016984
20 0.438611 0.381455 0.016416 0.017670
20 0.378163 0.402556 0.020349 0.018356
20 0.402616 0.408303 0.019665 0.018528
20 0.420828 0.421170 0.018810 0.016126
20 0.411337 0.429576 0.015561 0.014754
20 0.417322 0.437210 0.016929 0.013896
20 0.443399 0.434122 0.017784 0.016984
20 0.464689 0.420141 0.018297 0.014754
20 0.466484 0.407446 0.017442 0.014068
20 0.446477 0.454623 0.020520 0.019557
20 0.324470 0.374249 0.022743 0.020072
20 0.337038 0.407703 0.020178 0.018013
20 0.334986 0.421342 0.017100 0.014754
20 0.330968 0.433522 0.015219 0.015097
20 0.345075 0.435323 0.014706 0.011494
20 0.343622 0.446903 0.016587 0.014754
20 0.345930 0.457368 0.011970 0.011323
20 0.357216 0.455310 0.014706 0.015097
20 0.375513 0.450335 0.019152 0.018871
20 0.355421 0.471093 0.018297 0.017156
20 0.335585 0.470835 0.017613 0.016641
20 0.341655 0.490822 0.017784 0.015440
20 0.318998 0.477698 0.016587 0.015268
20 0.314466 0.453251 0.017442 0.017499
20 0.315236 0.348688 0.021717 0.021101
20 0.329429 0.357351 0.020007 0.017842
20 0.269836 0.396552 0.021204 0.019729
20 0.212295 0.359238 0.022401 0.021616
20 0.192117 0.365500 0.022401 0.020758
20 0.208789 0.381197 0.021888 0.020587
20 0.231618 0.410619 0.021033 0.020072
20 0.249487 0.421170 0.011628 0.010980
20 0.264620 0.426317 0.016929 0.017499
20 0.277189 0.427432 0.015048 0.018013
20 0.289672 0.415766 0.016074 0.016984
20 0.301898 0.418597 0.015219 0.015783
20 0.296512 0.430606 0.017100 0.013381
20 0.302839 0.443644 0.018810 0.017842
20 0.274453 0.466461 0.019836 0.018871
20 0.295315 0.479842 0.016416 0.017499
20 0.314979 0.489364 0.019152 0.016641
20 0.252223 0.445274 0.018810 0.016641
20 0.231190 0.447247 0.015732 0.017156
20 0.217425 0.446818 0.017271 0.016984
20 0.234012 0.465260 0.016587 0.017156
20 0.217168 0.464574 0.018810 0.017499
20 0.193741 0.455653 0.019152 0.016126
20 0.189723 0.468691 0.018297 0.018871
20 0.184508 0.488248 0.018126 0.017499
20 0.202462 0.474781 0.017100 0.014925
20 0.211183 0.482587 0.018468 0.015783
20 0.230677 0.486104 0.017100 0.017327
20 0.222897 0.493224 0.016587 0.014754
20 0.236577 0.500944 0.016587 0.015097
20 0.229224 0.510722 0.018639 0.015783
20 0.235294 0.527706 0.017442 0.019214
20 0.253163 0.531223 0.017271 0.018356
20 0.317715 0.524618 0.020178 0.019214
20 0.287620 0.536456 0.019494 0.017156
20 0.263765 0.541173 0.017955 0.017327
20 0.250855 0.551295 0.019152 0.016298
20 0.274709 0.550523 0.016587 0.015783
20 0.276847 0.569309 0.018468 0.018013
20 0.302326 0.573941 0.021888 0.022131
20 0.347384 0.547950 0.018981 0.018528
20 0.363287 0.545462 0.017613 0.013553
20 0.362261 0.555927 0.017955 0.013896
20 0.363800 0.570595 0.020007 0.018871
20 0.392185 0.559873 0.023085 0.020758
20 0.409884 0.521873 0.019152 0.021959
20 0.425530 0.521702 0.017613 0.017842
20 0.437073 0.543232 0.018810 0.018700
20 0.171768 0.534140 0.013509 0.013553
20 0.196648 0.526420 0.017442 0.014925
20 0.211269 0.536284 0.018639 0.017499
20 0.224094 0.551124 0.019323 0.019386
20 0.204771 0.550781 0.017271 0.016298
20 0.191005 0.567250 0.021546 0.018356
20 0.194682 0.591096 0.020691 0.017670
20 0.180746 0.601218 0.024282 0.028650
20 0.202548 0.608166 0.019323 0.020930
20 0.275308 0.604478 0.021546 0.021101
20 0.312756 0.606879 0.020178 0.022474
20 0.144921 0.512352 0.022401 0.021101
20 0.151248 0.477440 0.020349 0.020244
20 0.470417 0.527020 0.025650 0.022645
20 0.507951 0.543232 0.024795 0.021445
20 0.550274 0.554469 0.022572 0.021616
20 0.587637 0.582433 0.023769 0.021959
20 0.637654 0.537571 0.024282 0.022817
20 0.655865 0.562361 0.022401 0.020244
20 0.746837 0.556185 0.027873 0.022302
20 0.659200 0.618888 0.025992 0.022131
20 0.580797 0.631669 0.024111 0.022302
20 0.536508 0.653714 0.024111 0.021788
20 0.827035 0.536456 0.022401 0.019900
20 0.811047 0.547521 0.020520 0.018356
20 0.798991 0.568194 0.022401 0.021273
20 0.826351 0.578058 0.022059 0.020072
20 0.860123 0.569995 0.018810 0.016641
20 0.874573 0.561932 0.024111 0.021101
20 0.853112 0.618374 0.021546 0.019386
20 0.919118 0.617859 0.026334 0.021445
20 0.946221 0.608681 0.024111 0.024704
20 0.800616 0.633127 0.027018 0.021445
20 0.778129 0.671813 0.026505 0.023332
20 0.578317 0.754761 0.021204 0.018013
20 0.715544 0.767456 0.026163 0.025219
20 0.749231 0.721565 0.026847 0.024361
20 0.797367 0.773289 0.025650 0.025219
20 0.672623 0.697976 0.026847 0.023160
20 0.512055 0.688283 0.024795 0.024361
20 0.686902 0.823383 0.024282 0.023846
20 0.647743 0.836336 0.025650 0.023675
20 0.674590 0.867130 0.025650 0.026248
20 0.592852 0.822182 0.023940 0.019043
20 0.609268 0.836507 0.024624 0.024704
20 0.592596 0.841225 0.020007 0.022474
20 0.576351 0.845943 0.019665 0.023332
20 0.561902 0.846972 0.021546 0.023332
20 0.536166 0.882055 0.022743 0.022474
20 0.516330 0.871076 0.021375 0.022474
20 0.489569 0.879053 0.023598 0.022989
20 0.429634 0.880597 0.024795 0.027106
20 0.403386 0.871076 0.021546 0.023846
20 0.386457 0.867645 0.021546 0.023503
20 0.364911 0.868588 0.026676 0.026077
20 0.362175 0.896123 0.022572 0.022131
20 0.388851 0.927603 0.024624 0.025733
20 0.356361 0.915852 0.020520 0.022817
20 0.340715 0.909933 0.019665 0.020587
20 0.334644 0.894407 0.023940 0.022131
20 0.290612 0.914994 0.024111 0.024876
20 0.255985 0.881283 0.021546 0.024704
20 0.281378 0.882570 0.020349 0.021101
20 0.269494 0.868073 0.022230 0.023332
20 0.260602 0.856922 0.020520 0.018871
20 0.250256 0.846972 0.024111 0.023332
20 0.202120 0.838308 0.022914 0.022474
20 0.174846 0.813261 0.022743 0.024189
20 0.184679 0.807600 0.021204 0.022817
20 0.186218 0.789501 0.021546 0.020587
20 0.209388 0.763424 0.016929 0.021616
20 0.221101 0.760422 0.018126 0.022131
20 0.228540 0.741808 0.021033 0.021616
20 0.338492 0.745754 0.028557 0.027792
20 0.213748 0.724224 0.020178 0.019729
20 0.150393 0.724567 0.023427 0.025562
20 0.129531 0.713330 0.027189 0.025733
20 0.229908 0.711271 0.019323 0.018871
20 0.244699 0.718905 0.023598 0.022474
20 0.275992 0.704237 0.025308 0.023675
20 0.380557 0.619146 0.025137 0.025047
20 0.412534 0.677132 0.023769 0.025047
20 0.369785 0.696689 0.024111 0.021959
20 0.244870 0.696946 0.019836 0.016984
20 0.263081 0.652599 0.021033 0.024704
20 0.246324 0.644107 0.022401 0.022817
20 0.226402 0.640333 0.020520 0.019729
20 0.152274 0.613313 0.013851 0.015097
20 0.141159 0.615886 0.018297 0.020244
20 0.211012 0.679791 0.019152 0.021788
20 0.197247 0.682278 0.018297 0.021273
20 0.080027 0.564334 0.025992 0.021788
20 0.087466 0.634157 0.021033 0.020415
20 0.113714 0.564848 0.025992 0.019729
20 0.103625 0.539629 0.024624 0.024189
20 0.134918 0.540144 0.025308 0.024189
20 0.068143 0.493652 0.024795 0.023846
20 0.113116 0.471522 0.021375 0.022131
20 0.113287 0.489964 0.021033 0.021273
20 0.131840 0.488935 0.018468 0.018871
20 0.136457 0.443558 0.021546 0.021101
20 0.150051 0.432664 0.022743 0.021616
20 0.139791 0.382313 0.023769 0.022474
20 0.097213 0.389518 0.022743 0.023503
20 0.080113 0.393035 0.020691 0.020587
20 0.155010 0.282124 0.027189 0.023503
20 0.169118 0.316264 0.024282 0.022474
20 0.124573 0.339681 0.025479 0.022302
20 0.270092 0.305970 0.022059 0.022474
20 0.101402 0.216504 0.017442 0.017156
20 0.212979 0.224996 0.022401 0.022474
20 0.229138 0.224910 0.022230 0.023675
20 0.536081 0.067507 0.024282 0.024876