20 0.358544 0.241087 0.028335 0.026522
20 0.358326 0.281957 0.030514 0.024783
20 0.395379 0.211087 0.027027 0.025652
20 0.408457 0.229130 0.027027 0.026957
20 0.443766 0.248043 0.033130 0.027391
20 0.496077 0.225000 0.031386 0.033478
20 0.690279 0.275652 0.032694 0.031304
20 0.154316 0.312826 0.031386 0.025652
20 0.150828 0.342826 0.030514 0.028261
20 0.226242 0.417391 0.025283 0.025217
20 0.246949 0.420435 0.027463 0.030435
20 0.329337 0.395870 0.030950 0.029130
20 0.472755 0.389348 0.029207 0.026522
20 0.513949 0.420217 0.029643 0.026522
20 0.494769 0.462826 0.028771 0.027391
20 0.426112 0.463696 0.024847 0.023043
20 0.358544 0.480435 0.026591 0.022609
20 0.439625 0.494130 0.030078 0.023043
20 0.565824 0.492174 0.027027 0.026957
20 0.611813 0.449565 0.028335 0.026087
20 0.602659 0.509348 0.028335 0.024783
20 0.668701 0.480217 0.027027 0.023913
20 0.382738 0.540652 0.024412 0.021304
20 0.385135 0.565435 0.023104 0.024783
20 0.451831 0.595000 0.029207 0.024783
20 0.503487 0.636522 0.027027 0.026087
20 0.573452 0.559130 0.030950 0.031304
20 0.344377 0.674783 0.027899 0.025217
20 0.311247 0.702174 0.030514 0.026087
20 0.258718 0.746087 0.028335 0.024348
20 0.328248 0.758696 0.026155 0.026087
20 0.412162 0.811739 0.028335 0.024348
20 0.571709 0.717391 0.028335 0.028696
20 0.233217 0.878696 0.028771 0.027826
20 0.360070 0.893696 0.030514 0.025652
20 0.566914 0.857826 0.030078 0.031304
20 0.793156 0.708478 0.030078 0.027391
20 0.776155 0.726087 0.030950 0.025217
20 0.750654 0.556522 0.031386 0.025217
20 0.181997 0.551957 0.029207 0.028261
20 0.174368 0.605000 0.028771 0.024783
20 0.073670 0.365217 0.028771 0.030435