20 0.329943 0.269776 0.023877 0.021166
20 0.862664 0.656951 0.027768 0.028161
20 0.740184 0.666278 0.018394 0.018834
20 0.678988 0.672466 0.017687 0.018655
20 0.414751 0.577578 0.020870 0.013274
20 0.444287 0.078744 0.023346 0.023318
20 0.406261 0.110942 0.019102 0.024215
20 0.393438 0.111928 0.019632 0.023318
20 0.338610 0.101345 0.024231 0.022601
20 0.323399 0.110493 0.025999 0.020807
20 0.309692 0.119552 0.021931 0.021345
20 0.226212 0.111211 0.025469 0.025830
20 0.284577 0.167354 0.029713 0.026547
20 0.434471 0.137758 0.026353 0.025112
20 0.342324 0.206009 0.022816 0.021345
20 0.263707 0.217937 0.027945 0.021166
20 0.578971 0.149417 0.023169 0.023677
20 0.520340 0.159731 0.022639 0.022780
20 0.592236 0.180807 0.021755 0.023318
20 0.524938 0.198565 0.023346 0.022960
20 0.552883 0.203229 0.022639 0.019731
20 0.572427 0.199283 0.022462 0.022242
20 0.642289 0.204036 0.024231 0.023498
20 0.543951 0.219910 0.017863 0.018655
20 0.537849 0.243857 0.024054 0.020987
20 0.504864 0.247265 0.023523 0.021704
20 0.474708 0.248430 0.022993 0.022242
20 0.427573 0.217848 0.025999 0.022780
20 0.435002 0.253184 0.024584 0.022422
20 0.366024 0.278027 0.022462 0.021166
20 0.502653 0.280448 0.024761 0.021704
20 0.642200 0.067354 0.025469 0.023498
20 0.739034 0.095785 0.027060 0.027623
20 0.771666 0.111928 0.025115 0.027265
20 0.682349 0.142422 0.024761 0.024395
20 0.764680 0.186368 0.022462 0.021166
20 0.705076 0.214529 0.022462 0.021883
20 0.775734 0.203857 0.022993 0.020628
20 0.856385 0.232915 0.022993 0.024215
20 0.787496 0.236143 0.024938 0.022063
20 0.750265 0.252646 0.022993 0.021345
20 0.737619 0.267175 0.022462 0.020269
20 0.779713 0.265561 0.021047 0.019193
20 0.786700 0.278655 0.021578 0.020269
20 0.764149 0.295964 0.023523 0.023677
20 0.788291 0.303677 0.022285 0.021525
20 0.824637 0.308341 0.019986 0.021525
20 0.838787 0.305381 0.017510 0.018117
20 0.890078 0.290493 0.027060 0.022422
20 0.714096 0.286547 0.024938 0.024933
20 0.684383 0.283677 0.022816 0.020987
20 0.650336 0.268072 0.027591 0.022780
20 0.630704 0.283498 0.021931 0.020628
20 0.650690 0.311121 0.021224 0.020269
20 0.686417 0.299910 0.020163 0.019731
20 0.685621 0.321794 0.025646 0.023677
20 0.719844 0.316413 0.021578 0.021166
20 0.795101 0.327085 0.024938 0.020269
20 0.885391 0.332108 0.025115 0.030314
20 0.863017 0.336413 0.022108 0.021704
20 0.895472 0.345830 0.022285 0.019013
20 0.871507 0.397130 0.026707 0.024395
20 0.839936 0.368610 0.025115 0.021166
20 0.824195 0.388789 0.024761 0.022422
20 0.786169 0.351300 0.023346 0.022780
20 0.763972 0.348430 0.022816 0.021345
20 0.700566 0.354978 0.020870 0.020807
20 0.686063 0.356323 0.019455 0.020628
20 0.743544 0.379462 0.021931 0.019193
20 0.739034 0.394529 0.021755 0.018117
20 0.735585 0.404126 0.021578 0.018655
20 0.795101 0.404395 0.024231 0.022422
20 0.853820 0.447085 0.024231 0.022780
20 0.655023 0.414439 0.025646 0.023498
20 0.773877 0.427534 0.018571 0.017040
20 0.796869 0.431121 0.019632 0.017040
20 0.764768 0.438296 0.014503 0.018834
20 0.779448 0.441345 0.012734 0.016323
20 0.798903 0.441345 0.022285 0.017758
20 0.792802 0.452825 0.016095 0.015605
20 0.785992 0.461883 0.019102 0.017220
20 0.951539 0.406188 0.029713 0.027803
20 0.949770 0.508610 0.027945 0.027803
20 0.830828 0.490493 0.025999 0.023857
20 0.807305 0.499372 0.016802 0.014350
20 0.810400 0.518744 0.015918 0.022242
20 0.824284 0.520807 0.018925 0.020269
20 0.864344 0.544574 0.026530 0.025112
20 0.840467 0.549417 0.021931 0.020807
20 0.836576 0.559462 0.020870 0.016502
20 0.848161 0.574798 0.025999 0.021704
20 0.882296 0.600179 0.018925 0.024753
20 0.897506 0.601704 0.022462 0.023857
20 0.796869 0.571570 0.025646 0.022063
20 0.796074 0.593453 0.025115 0.021704
20 0.754599 0.575067 0.018571 0.019013
20 0.739830 0.571480 0.018394 0.021166
20 0.715069 0.549507 0.022993 0.020628
20 0.719048 0.583229 0.021755 0.021704
20 0.779094 0.532825 0.023346 0.019193
20 0.783074 0.517578 0.011143 0.012377
20 0.774496 0.516413 0.013088 0.019372
20 0.765122 0.513812 0.015918 0.017399
20 0.787053 0.481704 0.019809 0.018834
20 0.753007 0.476233 0.020340 0.018296
20 0.774407 0.490493 0.018571 0.017758
20 0.761408 0.493901 0.017687 0.016323
20 0.741422 0.495785 0.019809 0.015426
20 0.742218 0.508879 0.019278 0.017937
20 0.752830 0.522780 0.018925 0.017040
20 0.732313 0.517668 0.020693 0.019013
20 0.714008 0.515336 0.020163 0.019731
20 0.694287 0.505471 0.018571 0.017578
20 0.680403 0.506816 0.018394 0.018117
20 0.686417 0.526906 0.021224 0.020269
20 0.714804 0.475605 0.018571 0.018117
20 0.729395 0.474081 0.017333 0.017578
20 0.687566 0.467175 0.018925 0.017399
20 0.735762 0.450135 0.018394 0.018475
20 0.728776 0.459462 0.019632 0.017399
20 0.699063 0.455785 0.021401 0.019731
20 0.685975 0.449686 0.012911 0.013632
20 0.665900 0.456323 0.021931 0.018655
20 0.667050 0.469238 0.018925 0.016502
20 0.669880 0.479910 0.017510 0.015247
20 0.667050 0.489955 0.018925 0.016323
20 0.646622 0.467803 0.019102 0.016502
20 0.632296 0.438296 0.020870 0.018834
20 0.643350 0.451031 0.018217 0.018117
20 0.650248 0.454709 0.012911 0.015426
20 0.612840 0.442780 0.018748 0.017040
20 0.595242 0.443498 0.017510 0.016682
20 0.597630 0.458475 0.020870 0.019731
20 0.577556 0.446368 0.016802 0.019193
20 0.563318 0.446368 0.019809 0.020269
20 0.545189 0.401256 0.019278 0.015067
20 0.575345 0.478386 0.021224 0.020448
20 0.643173 0.515067 0.020340 0.020269
20 0.646357 0.536054 0.021401 0.020628
20 0.572338 0.499013 0.013442 0.013991
20 0.580297 0.494439 0.016625 0.017040
20 0.585249 0.520538 0.020870 0.019731
20 0.593739 0.491480 0.010966 0.013632
20 0.603201 0.491031 0.012911 0.016682
20 0.606296 0.500538 0.017687 0.015964
20 0.597542 0.506009 0.016802 0.015785
20 0.537407 0.511480 0.022108 0.021345
20 0.535285 0.469865 0.017863 0.015605
20 0.527237 0.458744 0.018748 0.018117
20 0.530156 0.444305 0.016802 0.016143
20 0.508932 0.424843 0.016802 0.017399
20 0.508755 0.452466 0.016802 0.015247
20 0.505571 0.466726 0.016449 0.015785
20 0.503714 0.481076 0.018040 0.015067
20 0.509639 0.491659 0.018217 0.016502
20 0.551203 0.561704 0.021047 0.018117
20 0.549257 0.549507 0.020340 0.018834
20 0.533516 0.560448 0.019278 0.018475
20 0.590732 0.567534 0.020516 0.018655
20 0.631058 0.572197 0.018394 0.018655
20 0.564821 0.580897 0.016802 0.017040
20 0.581093 0.580448 0.017510 0.017578
20 0.593297 0.586188 0.018217 0.016502
20 0.601433 0.597489 0.017510 0.016143
20 0.572073 0.599372 0.019986 0.019193
20 0.554917 0.592377 0.020340 0.015605
20 0.553767 0.602511 0.018748 0.015067
20 0.544924 0.628610 0.018394 0.019193
20 0.554386 0.633363 0.017510 0.016502
20 0.566148 0.645112 0.021578 0.018117
20 0.602759 0.631928 0.019102 0.019731
20 0.619385 0.606009 0.018394 0.017758
20 0.630615 0.593094 0.020340 0.017758
20 0.635656 0.606726 0.015210 0.015964
20 0.648656 0.613363 0.019632 0.019193
20 0.658649 0.602063 0.017333 0.016323
20 0.684648 0.607892 0.022639 0.019731
20 0.676778 0.622511 0.018925 0.018834
20 0.702865 0.619372 0.018394 0.019731
20 0.714981 0.615516 0.019986 0.019193
20 0.753184 0.614081 0.022816 0.021704
20 0.776618 0.610135 0.022993 0.021704
20 0.804475 0.640000 0.024584 0.024753
20 0.740007 0.642422 0.024054 0.020987
20 0.702511 0.643229 0.021224 0.019372
20 0.641493 0.627713 0.019102 0.018475
20 0.626813 0.643229 0.019455 0.019372
20 0.613813 0.652197 0.018925 0.019013
20 0.692695 0.661345 0.017863 0.016502
20 0.661125 0.674260 0.018394 0.015785
20 0.560577 0.684395 0.022462 0.019193
20 0.607269 0.686637 0.018925 0.020807
20 0.594800 0.693094 0.019102 0.019013
20 0.632296 0.672556 0.019809 0.014888
20 0.631854 0.686906 0.021755 0.020269
20 0.750531 0.679103 0.020340 0.020090
20 0.768129 0.667892 0.022993 0.020269
20 0.842147 0.605919 0.022816 0.020448
20 0.847542 0.626188 0.025822 0.026188
20 0.773965 0.699552 0.021224 0.020807
20 0.787849 0.716682 0.018925 0.017399
20 0.754952 0.707623 0.022462 0.019013
20 0.729926 0.706816 0.025469 0.024933
20 0.726477 0.729417 0.019278 0.021345
20 0.745490 0.728610 0.018394 0.019731
20 0.781305 0.735874 0.022108 0.020987
20 0.764768 0.749865 0.017333 0.016323
20 0.751946 0.752108 0.017510 0.020090
20 0.739211 0.752466 0.018217 0.021883
20 0.764238 0.772735 0.022285 0.020807
20 0.809515 0.815605 0.027945 0.026906
20 0.732667 0.780628 0.020340 0.020448
20 0.716749 0.780628 0.019278 0.021166
20 0.706049 0.785919 0.021578 0.020269
20 0.683764 0.760090 0.025115 0.023857
20 0.726742 0.811928 0.027237 0.026009
20 0.642908 0.810135 0.025469 0.024574
20 0.645914 0.779013 0.025469 0.023318
20 0.648921 0.757937 0.022639 0.022063
20 0.643880 0.734170 0.022462 0.021166
20 0.659798 0.704933 0.016802 0.013991
20 0.658826 0.696502 0.020870 0.013274
20 0.658118 0.686188 0.015564 0.012735
20 0.622922 0.718475 0.015210 0.021345
20 0.612664 0.717937 0.012381 0.020269
20 0.604793 0.715157 0.013619 0.018655
20 0.596746 0.717848 0.014149 0.019731
20 0.585515 0.772466 0.023523 0.021345
20 0.583569 0.799193 0.023523 0.023139
20 0.576229 0.733812 0.018748 0.020807
20 0.501503 0.676861 0.025999 0.022063
20 0.581270 0.703677 0.016095 0.018655
20 0.565529 0.707354 0.022816 0.019552
20 0.562787 0.738475 0.018394 0.021525
20 0.675893 0.926278 0.033781 0.030135
20 0.625663 0.886726 0.024938 0.025291
20 0.636275 0.861883 0.022462 0.023318
20 0.579767 0.933004 0.020163 0.023857
20 0.508932 0.884843 0.024584 0.023318
20 0.553148 0.835516 0.027060 0.024036
20 0.530775 0.855964 0.019102 0.020807
20 0.513530 0.852466 0.018925 0.022780
20 0.501150 0.860538 0.022816 0.021704
20 0.491776 0.849507 0.022462 0.018296
20 0.496021 0.835785 0.019986 0.019552
20 0.468253 0.863677 0.023523 0.024753
20 0.443845 0.869148 0.021401 0.023139
20 0.442430 0.889058 0.022108 0.020628
20 0.413424 0.861883 0.022816 0.026547
20 0.434560 0.925202 0.023346 0.024753
20 0.423505 0.933901 0.023877 0.023139
20 0.435975 0.961794 0.024407 0.026547
20 0.378139 0.919641 0.024054 0.024753
20 0.379289 0.892197 0.023523 0.022960
20 0.373364 0.859013 0.021578 0.022601
20 0.366555 0.811480 0.022462 0.022960
20 0.344004 0.826188 0.019809 0.021166
20 0.330297 0.861166 0.021401 0.021883
20 0.310223 0.856682 0.021931 0.023318
20 0.339848 0.883498 0.022108 0.020628
20 0.335603 0.897309 0.017510 0.020628
20 0.255129 0.818117 0.022816 0.023677
20 0.222409 0.817399 0.023169 0.024036
20 0.229484 0.849776 0.019986 0.020628
20 0.261585 0.847713 0.016272 0.023677
20 0.275027 0.848520 0.016979 0.023498
20 0.251592 0.873004 0.020693 0.021883
20 0.235143 0.882422 0.022108 0.022780
20 0.268571 0.888520 0.026707 0.024933
20 0.284754 0.909148 0.024761 0.025291
20 0.296427 0.890673 0.017687 0.021704
20 0.308454 0.885202 0.020163 0.021525
20 0.241157 0.775874 0.023523 0.025291
20 0.197736 0.714619 0.021578 0.017578
20 0.198444 0.702780 0.020163 0.015785
20 0.211797 0.656413 0.022108 0.020269
20 0.284489 0.662332 0.023523 0.023857
20 0.306686 0.668520 0.020870 0.021525
20 0.339317 0.718117 0.019632 0.017040
20 0.346038 0.703049 0.024938 0.024215
20 0.363548 0.673004 0.021401 0.023318
20 0.374071 0.685291 0.021931 0.021704
20 0.386364 0.669058 0.024938 0.024753
20 0.456137 0.738475 0.021931 0.024036
20 0.465865 0.732197 0.020870 0.021525
20 0.504333 0.632825 0.023523 0.022601
20 0.484436 0.618834 0.026884 0.022242
20 0.489919 0.537937 0.019809 0.019013
20 0.486558 0.557848 0.021578 0.021525
20 0.415900 0.591480 0.020693 0.018834
20 0.430315 0.546906 0.020870 0.020807
20 0.414308 0.532915 0.021047 0.021525
20 0.463123 0.522422 0.021401 0.020269
20 0.485055 0.523408 0.018571 0.019372
20 0.495225 0.508341 0.021224 0.020090
20 0.476123 0.501614 0.020163 0.020269
20 0.394942 0.505561 0.015918 0.015605
20 0.403431 0.510583 0.017333 0.017040
20 0.377609 0.516054 0.020163 0.020090
20 0.365670 0.533274 0.021401 0.021166
20 0.310046 0.538386 0.018394 0.016323
20 0.326937 0.551659 0.017863 0.017399
20 0.312699 0.561166 0.014857 0.017399
20 0.324018 0.564484 0.017687 0.017578
20 0.356915 0.580538 0.020516 0.018834
20 0.349841 0.591749 0.021224 0.017937
20 0.300053 0.572287 0.021047 0.018475
20 0.326937 0.620179 0.022462 0.022063
20 0.356915 0.623049 0.022639 0.022780
20 0.293774 0.518475 0.020516 0.018475
20 0.310134 0.506637 0.017863 0.017758
20 0.324814 0.503139 0.016095 0.017220
20 0.335780 0.496771 0.015741 0.017399
20 0.344004 0.502870 0.017687 0.017758
20 0.279094 0.509058 0.020870 0.017578
20 0.489300 0.476323 0.016802 0.017040
20 0.449593 0.476951 0.017687 0.018655
20 0.436947 0.473543 0.015741 0.016502
20 0.443668 0.464933 0.017156 0.013991
20 0.436770 0.451300 0.014680 0.013991
20 0.447559 0.454350 0.016095 0.016502
20 0.460736 0.450404 0.014857 0.015067
20 0.465423 0.440897 0.013619 0.013632
20 0.458613 0.432197 0.014149 0.014888
20 0.478953 0.432915 0.015564 0.014529
20 0.484082 0.437848 0.015210 0.012915
20 0.480014 0.451480 0.014149 0.016143
20 0.489300 0.454888 0.016802 0.017578
20 0.494606 0.433543 0.010789 0.011480
20 0.500265 0.439372 0.015387 0.013453
20 0.490096 0.423587 0.015210 0.013453
20 0.486293 0.415157 0.017863 0.015964
20 0.444199 0.423318 0.017156 0.017578
20 0.432526 0.424574 0.015387 0.015067
20 0.419791 0.431300 0.015387 0.014888
20 0.400336 0.436323 0.021755 0.021345
20 0.378670 0.412377 0.018748 0.016861
20 0.373452 0.419462 0.018925 0.014529
20 0.369296 0.437040 0.021578 0.017040
20 0.362575 0.448251 0.020163 0.017220
20 0.364521 0.472646 0.018394 0.019372
20 0.391846 0.468341 0.016802 0.013632
20 0.384507 0.475426 0.013088 0.012377
20 0.386098 0.485112 0.012381 0.010942
20 0.396533 0.479731 0.016979 0.017758
20 0.338787 0.473094 0.018925 0.018117
20 0.284666 0.466996 0.021047 0.020269
20 0.301291 0.488072 0.019278 0.020090
20 0.334365 0.397937 0.018925 0.016682
20 0.381588 0.385650 0.021401 0.019013
20 0.305978 0.411390 0.018394 0.017399
20 0.290591 0.423498 0.021224 0.019013
20 0.295720 0.388072 0.020163 0.018834
20 0.298373 0.401704 0.013796 0.014888
20 0.287496 0.402422 0.017156 0.016682
20 0.319420 0.380269 0.018748 0.016861
20 0.544924 0.390135 0.018394 0.015426
20 0.604086 0.373901 0.022462 0.020269
20 0.570570 0.325112 0.021931 0.022063
20 0.616024 0.303229 0.021931 0.021704
20 0.527945 0.319283 0.021578 0.020807
20 0.495490 0.309686 0.016802 0.013094
20 0.490803 0.317848 0.018394 0.016143
20 0.489476 0.330135 0.018925 0.015605
20 0.437566 0.305650 0.021578 0.020807
20 0.401309 0.314709 0.023346 0.021345
20 0.414839 0.359283 0.022108 0.022242
20 0.480014 0.348072 0.019455 0.018117
20 0.473205 0.360897 0.017863 0.017220
20 0.457110 0.372018 0.017863 0.015785
20 0.472586 0.377937 0.014857 0.016861
20 0.463566 0.383318 0.014503 0.016502
20 0.452865 0.394081 0.020340 0.020090
20 0.489388 0.370762 0.014857 0.015067
20 0.499558 0.375605 0.018925 0.018655
20 0.527591 0.368610 0.021931 0.019013
20 0.371242 0.359821 0.019455 0.012915
20 0.369385 0.349955 0.018925 0.015067
20 0.354086 0.342511 0.016979 0.017399
20 0.340555 0.342242 0.017156 0.016143
20 0.345065 0.331839 0.017333 0.016861
20 0.333215 0.326906 0.018748 0.018834
20 0.354793 0.306099 0.019455 0.019193
20 0.337814 0.297578 0.018748 0.018655
20 0.318712 0.290942 0.020516 0.020090
20 0.307305 0.330583 0.017863 0.018655
20 0.290414 0.327892 0.018748 0.019731
20 0.271224 0.344843 0.019632 0.017040
20 0.266714 0.356143 0.016272 0.013812
20 0.292359 0.356861 0.015564 0.016682
20 0.306332 0.357220 0.017333 0.017040
20 0.318182 0.361345 0.012027 0.017040
20 0.328175 0.362960 0.015741 0.018117
20 0.341351 0.369148 0.019102 0.020448
20 0.260966 0.387623 0.018571 0.018655
20 0.240361 0.392377 0.020870 0.020269
20 0.270251 0.432197 0.019455 0.018117
20 0.214804 0.457937 0.027768 0.025112
20 0.176158 0.428969 0.024407 0.023857
20 0.158472 0.413363 0.020516 0.020628
20 0.130085 0.406547 0.027060 0.023857
20 0.104086 0.498655 0.027060 0.024395
20 0.160152 0.516951 0.019986 0.019731
20 0.147948 0.521256 0.017863 0.018296
20 0.187478 0.517489 0.022639 0.022601
20 0.221348 0.533632 0.024938 0.022242
20 0.242660 0.519821 0.023346 0.016861
20 0.245932 0.507265 0.018571 0.018296
20 0.259816 0.501973 0.020870 0.019552
20 0.156792 0.360269 0.023523 0.022422
20 0.184117 0.317937 0.025115 0.023498
20 0.218341 0.347623 0.022816 0.022960
20 0.187389 0.371749 0.023523 0.022063
20 0.170410 0.388610 0.023877 0.021704
20 0.216484 0.270493 0.026530 0.024753
20 0.175274 0.544305 0.020870 0.019193
20 0.127343 0.548610 0.025115 0.022063
20 0.157322 0.543767 0.023877 0.020628
20 0.190308 0.566637 0.022285 0.022242
20 0.159091 0.576592 0.024584 0.023139
20 0.141139 0.613004 0.020870 0.022780
20 0.188362 0.624305 0.022993 0.020628
20 0.119915 0.677937 0.023346 0.023139
20 0.098780 0.684753 0.025999 0.023498
20 0.129554 0.756682 0.028829 0.028520