20 0.516079 0.043877 0.033785 0.028161
20 0.600632 0.026254 0.017525 0.018714
20 0.625655 0.025164 0.016983 0.017987
20 0.615989 0.036973 0.023306 0.023801
20 0.632249 0.041334 0.023306 0.023074
20 0.652304 0.044059 0.018248 0.017624
20 0.611743 0.061137 0.025655 0.023801
20 0.671816 0.096930 0.030172 0.025618
20 0.617886 0.120912 0.024932 0.024528
20 0.533424 0.104742 0.024390 0.021984
20 0.511743 0.110738 0.025836 0.023801
20 0.490425 0.092115 0.029810 0.026890
20 0.580307 0.147892 0.021680 0.026890
20 0.563957 0.168968 0.023306 0.024709
20 0.477145 0.161156 0.026739 0.026163
20 0.415718 0.141443 0.024932 0.024164
20 0.399368 0.202489 0.024029 0.024528
20 0.364047 0.207758 0.027100 0.024164
20 0.286992 0.177507 0.028365 0.026163
20 0.646432 0.186773 0.028184 0.021076
20 0.677868 0.173874 0.022764 0.020349
20 0.696658 0.170149 0.022403 0.023074
20 0.646793 0.205850 0.022042 0.022529
20 0.641644 0.227471 0.018609 0.020712
20 0.656911 0.227834 0.021319 0.021439
20 0.691418 0.236646 0.021319 0.021984
20 0.755646 0.186137 0.024752 0.025254
20 0.738392 0.191406 0.022764 0.021984
20 0.754833 0.221384 0.025655 0.023438
20 0.802258 0.294422 0.027281 0.025618
20 0.784011 0.319041 0.023306 0.019622
20 0.731978 0.340025 0.024029 0.024164
20 0.780488 0.360011 0.026378 0.023438
20 0.761156 0.381086 0.025655 0.022711
20 0.689070 0.376726 0.026016 0.024891
20 0.690876 0.252998 0.024932 0.018714
20 0.688979 0.274891 0.023306 0.020349
20 0.685005 0.287609 0.024752 0.022166
20 0.647335 0.290879 0.027100 0.021076
20 0.599458 0.253089 0.026739 0.026526
20 0.608130 0.299328 0.021680 0.024528
20 0.639657 0.314317 0.024752 0.021802
20 0.574074 0.299873 0.028004 0.023438
20 0.553839 0.276163 0.024029 0.021076
20 0.527100 0.280432 0.024752 0.023438
20 0.518157 0.297329 0.024932 0.023074
20 0.468112 0.251272 0.024932 0.022892
20 0.459350 0.335392 0.020416 0.023256
20 0.474887 0.337300 0.023668 0.022711
20 0.465131 0.362282 0.022945 0.026526
20 0.431617 0.355650 0.025655 0.023438
20 0.425023 0.380087 0.022584 0.020712
20 0.617977 0.394713 0.019693 0.019440
20 0.617977 0.416243 0.018970 0.018169
20 0.600723 0.428052 0.021319 0.020349
20 0.570461 0.403525 0.022945 0.018895
20 0.676874 0.409975 0.017886 0.014353
20 0.673351 0.418968 0.018428 0.015262
20 0.686902 0.427235 0.015899 0.014353
20 0.697922 0.423874 0.019151 0.015988
20 0.705239 0.412246 0.019693 0.019622
20 0.731798 0.403616 0.017886 0.020531
20 0.757724 0.411246 0.020958 0.020167
20 0.719061 0.438499 0.019512 0.017260
20 0.735682 0.439408 0.015899 0.017987
20 0.746883 0.437682 0.015537 0.020712
20 0.759169 0.440044 0.021319 0.022529
20 0.830894 0.479924 0.018790 0.018350
20 0.792683 0.495549 0.025474 0.021984
20 0.763866 0.483648 0.024210 0.022529
20 0.740379 0.465752 0.018790 0.016533
20 0.735411 0.475018 0.018970 0.014353
20 0.742909 0.485556 0.018428 0.017260
20 0.718880 0.486919 0.014453 0.013445
20 0.728455 0.489008 0.015537 0.012900
20 0.723487 0.497366 0.019693 0.016533
20 0.682204 0.440589 0.018067 0.016352
20 0.678771 0.451399 0.017706 0.017260
20 0.689792 0.457576 0.014453 0.013990
20 0.696387 0.449219 0.016802 0.013990
20 0.704336 0.455941 0.017164 0.016897
20 0.651310 0.467206 0.019151 0.017624
20 0.647154 0.476017 0.015899 0.014172
20 0.672629 0.471112 0.020235 0.018895
20 0.602529 0.456486 0.024210 0.020167
20 0.610569 0.472111 0.018970 0.019440
20 0.624300 0.497366 0.020054 0.019804
20 0.645799 0.501363 0.017164 0.016170
20 0.663595 0.494549 0.020958 0.018895
20 0.701174 0.515625 0.018428 0.018532
20 0.720867 0.520894 0.024932 0.020712
20 0.730985 0.540607 0.016260 0.017260
20 0.744444 0.540425 0.018609 0.018350
20 0.755917 0.529251 0.020596 0.019259
20 0.773261 0.530523 0.017706 0.018532
20 0.795032 0.533067 0.022584 0.021802
20 0.825023 0.516170 0.023668 0.022529
20 0.591147 0.495094 0.024210 0.021802
20 0.564950 0.439135 0.020235 0.018532
20 0.544806 0.426962 0.026558 0.023983
20 0.518880 0.400436 0.019512 0.017805
20 0.532972 0.404978 0.021680 0.017805
20 0.476242 0.393350 0.024571 0.018169
20 0.492322 0.427144 0.023848 0.021802
20 0.502710 0.455033 0.016079 0.017260
20 0.515628 0.457213 0.022042 0.020894
20 0.498645 0.481468 0.020235 0.021802
20 0.477507 0.491188 0.018790 0.014717
20 0.489792 0.460847 0.018790 0.019804
20 0.478500 0.456486 0.020054 0.019440
20 0.473713 0.429324 0.018428 0.017805
20 0.540108 0.520712 0.020054 0.016715
20 0.570370 0.519985 0.019512 0.015988
20 0.589250 0.516170 0.017525 0.017078
20 0.598555 0.528434 0.016621 0.015443
20 0.585366 0.534611 0.016983 0.015080
20 0.565763 0.536428 0.015718 0.016170
20 0.556278 0.540516 0.016260 0.015988
20 0.544986 0.559411 0.014995 0.017442
20 0.537037 0.563408 0.017525 0.017078
20 0.589070 0.556232 0.018970 0.019440
20 0.628817 0.525073 0.020054 0.019259
20 0.625203 0.559956 0.019693 0.016715
20 0.668925 0.534430 0.016802 0.016897
20 0.676332 0.544695 0.014995 0.014535
20 0.672719 0.553597 0.015357 0.013445
20 0.652665 0.556414 0.016079 0.015443
20 0.648600 0.574128 0.015176 0.014172
20 0.694670 0.532976 0.016983 0.013626
20 0.695303 0.546057 0.015718 0.015443
20 0.703162 0.560683 0.016983 0.015262
20 0.695212 0.568586 0.015899 0.015443
20 0.684282 0.571221 0.015718 0.017078
20 0.672538 0.571403 0.014995 0.012355
20 0.670280 0.581214 0.017706 0.016352
20 0.657543 0.587209 0.017164 0.014898
20 0.647787 0.602380 0.018609 0.015443
20 0.585095 0.575854 0.020054 0.017624
20 0.580036 0.596112 0.018248 0.016715
20 0.574797 0.608467 0.018248 0.015625
20 0.538392 0.584847 0.014092 0.013081
20 0.545890 0.596203 0.019332 0.017624
20 0.545167 0.609557 0.016079 0.013808
20 0.533424 0.609466 0.016802 0.013990
20 0.512014 0.600836 0.019874 0.021076
20 0.516079 0.589844 0.014273 0.013990
20 0.527100 0.589662 0.016079 0.013990
20 0.528546 0.599201 0.016079 0.011628
20 0.729268 0.573492 0.021138 0.018714
20 0.741644 0.576036 0.014092 0.015807
20 0.756549 0.572402 0.020054 0.017624
20 0.715628 0.596930 0.016983 0.014717
20 0.724571 0.603379 0.020054 0.019985
20 0.686540 0.611919 0.021680 0.017442
20 0.648871 0.614281 0.017525 0.017078
20 0.667480 0.615189 0.015357 0.013808
20 0.663144 0.623183 0.015718 0.013808
20 0.683830 0.629724 0.018428 0.017805
20 0.639657 0.626181 0.019332 0.017260
20 0.636495 0.638899 0.018067 0.013990
20 0.631256 0.648619 0.019512 0.015625
20 0.616079 0.658612 0.020235 0.017442
20 0.596929 0.624818 0.018428 0.013445
20 0.596387 0.636446 0.014453 0.013808
20 0.586992 0.638081 0.015537 0.015262
20 0.580036 0.644804 0.014634 0.011628
20 0.584463 0.662972 0.014092 0.010901
20 0.600813 0.675600 0.018609 0.016533
20 0.656730 0.664244 0.020958 0.018169
20 0.661789 0.680323 0.017706 0.017624
20 0.651852 0.692224 0.017344 0.018532
20 0.668293 0.696221 0.020235 0.016715
20 0.714453 0.674146 0.018609 0.015807
20 0.710930 0.686410 0.017706 0.018895
20 0.723939 0.679506 0.019151 0.019259
20 0.751039 0.661337 0.018067 0.017078
20 0.758988 0.669150 0.017706 0.018895
20 0.758717 0.694132 0.019332 0.018714
20 0.788979 0.693041 0.024571 0.021621
20 0.753659 0.614916 0.018970 0.019804
20 0.785095 0.614008 0.021500 0.023074
20 0.784463 0.578670 0.021680 0.019259
20 0.798916 0.576126 0.020958 0.019622
20 0.832249 0.600472 0.024029 0.022166
20 0.837850 0.657431 0.024390 0.023074
20 0.891147 0.579215 0.023668 0.021802
20 0.844354 0.564589 0.021138 0.016897
20 0.846432 0.576853 0.019874 0.013808
20 0.704607 0.711483 0.018428 0.018169
20 0.635501 0.704760 0.020777 0.018532
20 0.628275 0.753815 0.024390 0.021439
20 0.619693 0.778343 0.019512 0.017078
20 0.652575 0.756904 0.020958 0.022529
20 0.665944 0.773983 0.016983 0.016352
20 0.649142 0.790425 0.019512 0.020531
20 0.664137 0.797693 0.020958 0.018714
20 0.671725 0.789244 0.020596 0.019622
20 0.679223 0.737191 0.019332 0.017624
20 0.687986 0.743096 0.014815 0.012355
20 0.685366 0.757903 0.023306 0.019804
20 0.698555 0.765898 0.019332 0.020167
20 0.917073 0.729288 0.025655 0.025073
20 0.714995 0.817587 0.023668 0.021439
20 0.730443 0.854288 0.022403 0.023983
20 0.754201 0.851653 0.026558 0.023438
20 0.619241 0.855196 0.025474 0.021439
20 0.696658 0.877362 0.023848 0.025436
20 0.577055 0.837300 0.027100 0.025981
20 0.507949 0.827489 0.020416 0.019804
20 0.525384 0.838935 0.024210 0.020167
20 0.474977 0.868641 0.024932 0.021439
20 0.500632 0.901072 0.024571 0.023438
20 0.516983 0.902071 0.021138 0.022892
20 0.483559 0.940498 0.025113 0.025981
20 0.480217 0.972475 0.021680 0.023801
20 0.575610 0.942224 0.024210 0.024346
20 0.600181 0.955124 0.027462 0.022166
20 0.604697 0.972020 0.024210 0.022166
20 0.431256 0.885629 0.020958 0.020531
20 0.423668 0.899346 0.022042 0.022529
20 0.406052 0.883721 0.022945 0.021076
20 0.426920 0.839208 0.020596 0.017805
20 0.401536 0.844568 0.021138 0.023438
20 0.429720 0.810320 0.022945 0.018895
20 0.329810 0.945040 0.029449 0.029251
20 0.373442 0.882358 0.029991 0.026344
20 0.320867 0.847111 0.025294 0.023438
20 0.327010 0.816860 0.020596 0.021439
20 0.344625 0.808957 0.021500 0.023801
20 0.218519 0.862918 0.026197 0.026344
20 0.365944 0.826126 0.020416 0.019259
20 0.383921 0.835392 0.018067 0.019622
20 0.389612 0.816225 0.022222 0.019440
20 0.373171 0.797057 0.020054 0.020712
20 0.250407 0.806959 0.022042 0.025618
20 0.219783 0.815044 0.023668 0.021076
20 0.194399 0.821312 0.025294 0.026344
20 0.187895 0.781704 0.024571 0.023438
20 0.198103 0.788063 0.014634 0.011446
20 0.156549 0.787609 0.027281 0.023983
20 0.164679 0.740734 0.022584 0.021439
20 0.139928 0.729742 0.026920 0.024164
20 0.114453 0.748092 0.025836 0.024528
20 0.218790 0.758993 0.020958 0.020894
20 0.220416 0.775254 0.022403 0.021439
20 0.256911 0.738009 0.021680 0.023619
20 0.278862 0.739644 0.019332 0.021076
20 0.291599 0.754815 0.023126 0.020167
20 0.294490 0.767896 0.018428 0.017260
20 0.325113 0.749364 0.020777 0.022347
20 0.369015 0.764626 0.022584 0.023074
20 0.371274 0.781068 0.020596 0.021439
20 0.413460 0.765171 0.022945 0.019440
20 0.417525 0.751363 0.019512 0.017987
20 0.450949 0.714935 0.021680 0.023619
20 0.405420 0.712482 0.020958 0.016170
20 0.408672 0.722020 0.019874 0.018532
20 0.373622 0.713481 0.018067 0.017442
20 0.372267 0.724201 0.016079 0.015625
20 0.382927 0.721566 0.017525 0.019440
20 0.339295 0.719658 0.020596 0.019622
20 0.318157 0.704124 0.020958 0.019804
20 0.261608 0.670512 0.021319 0.021621
20 0.275429 0.694132 0.022945 0.021257
20 0.320416 0.683866 0.020416 0.017442
20 0.324842 0.666788 0.015899 0.018532
20 0.341554 0.679597 0.018248 0.016170
20 0.335050 0.686319 0.014273 0.011446
20 0.337850 0.696675 0.017706 0.016533
20 0.391689 0.661882 0.018067 0.019259
20 0.404788 0.658339 0.020416 0.020531
20 0.191328 0.661610 0.018428 0.017260
20 0.205059 0.664698 0.019512 0.016897
20 0.204336 0.678143 0.018428 0.016533
20 0.163686 0.682413 0.021319 0.019259
20 0.150587 0.695676 0.017886 0.021076
20 0.164860 0.698583 0.019693 0.018532
20 0.189973 0.707485 0.017164 0.019259
20 0.174345 0.710029 0.017344 0.021802
20 0.159892 0.713027 0.018428 0.019804
20 0.105781 0.683503 0.025836 0.023983
20 0.092683 0.711664 0.026739 0.025799
20 0.091057 0.630632 0.023487 0.021802
20 0.098103 0.616188 0.024571 0.021984
20 0.129539 0.603470 0.021680 0.022711
20 0.135321 0.622366 0.024210 0.019440
20 0.157543 0.585483 0.019512 0.017987
20 0.098464 0.583757 0.020958 0.021439
20 0.094219 0.558957 0.023306 0.023438
20 0.115989 0.565770 0.021680 0.016352
20 0.115357 0.553325 0.021138 0.017260
20 0.174977 0.601563 0.016802 0.017442
20 0.184372 0.589571 0.021500 0.019622
20 0.192773 0.581032 0.018067 0.018895
20 0.206052 0.579942 0.018248 0.017805
20 0.181933 0.625636 0.015176 0.017624
20 0.192141 0.638536 0.020777 0.020531
20 0.207407 0.648347 0.018067 0.020167
20 0.222313 0.637173 0.017164 0.018532
20 0.241192 0.643350 0.015176 0.017805
20 0.248780 0.631813 0.015537 0.016170
20 0.232069 0.618005 0.019693 0.017260
20 0.222313 0.592751 0.013911 0.020167
20 0.232430 0.595385 0.013189 0.018169
20 0.248419 0.607922 0.016983 0.016715
20 0.252755 0.595022 0.019151 0.018169
20 0.240650 0.568496 0.019512 0.021802
20 0.270912 0.578125 0.018970 0.022166
20 0.292412 0.589208 0.018248 0.017442
20 0.297651 0.605832 0.013911 0.016170
20 0.299639 0.637355 0.020416 0.021439
20 0.311021 0.618459 0.014634 0.016352
20 0.330714 0.635719 0.019693 0.020712
20 0.333966 0.619004 0.015357 0.015988
20 0.316441 0.607376 0.013189 0.012355
20 0.318067 0.615916 0.013189 0.013081
20 0.326016 0.601926 0.012827 0.014898
20 0.340108 0.601381 0.017164 0.017805
20 0.348509 0.609012 0.016621 0.018169
20 0.326558 0.580396 0.011382 0.014353
20 0.336856 0.582304 0.015357 0.021802
20 0.328817 0.550236 0.019151 0.020167
20 0.335411 0.564680 0.019332 0.021076
20 0.357995 0.565316 0.016802 0.017987
20 0.357724 0.578307 0.018067 0.015988
20 0.361247 0.588663 0.016079 0.015262
20 0.391057 0.506086 0.018248 0.019804
20 0.378500 0.535520 0.021319 0.020894
20 0.413189 0.551508 0.020958 0.023438
20 0.436585 0.545694 0.014273 0.017624
20 0.448509 0.541697 0.017164 0.020894
20 0.430262 0.568950 0.019693 0.019804
20 0.398374 0.579760 0.015176 0.017442
20 0.409485 0.580941 0.019332 0.020531
20 0.491147 0.584302 0.015357 0.018169
20 0.482565 0.587754 0.013731 0.013445
20 0.484824 0.597747 0.018248 0.015625
20 0.456730 0.603198 0.021319 0.022892
20 0.434508 0.602380 0.021680 0.022347
20 0.396025 0.609557 0.015899 0.019259
20 0.406865 0.611010 0.014815 0.018895
20 0.411382 0.619277 0.015537 0.016533
20 0.374255 0.635084 0.022584 0.020894
20 0.537398 0.624182 0.016441 0.019804
20 0.492412 0.674237 0.022222 0.022529
20 0.532340 0.681050 0.019332 0.019804
20 0.556007 0.681050 0.019332 0.019804
20 0.565583 0.668241 0.017164 0.021439
20 0.308853 0.503452 0.020777 0.018532
20 0.271183 0.507903 0.020958 0.022711
20 0.286540 0.519804 0.014815 0.017805
20 0.297380 0.516170 0.017706 0.019259
20 0.313550 0.531523 0.017164 0.017260
20 0.323487 0.522438 0.019332 0.020531
20 0.227823 0.518169 0.020958 0.018532
20 0.233875 0.536428 0.018248 0.019804
20 0.211021 0.523347 0.015899 0.017987
20 0.208311 0.536246 0.014815 0.017624
20 0.220506 0.536701 0.017164 0.017805
20 0.185818 0.541424 0.017886 0.018169
20 0.134508 0.543605 0.026558 0.021802
20 0.163595 0.536882 0.017164 0.016352
20 0.165131 0.547057 0.020235 0.015262
20 0.171454 0.550327 0.020596 0.014535
20 0.148148 0.510810 0.025294 0.022711
20 0.097380 0.498456 0.023848 0.022711
20 0.107678 0.509175 0.022042 0.020167
20 0.183740 0.503997 0.026016 0.025436
20 0.177958 0.467387 0.025294 0.021257
20 0.212105 0.484466 0.021680 0.022711
20 0.216531 0.462845 0.021138 0.023074
20 0.241283 0.463663 0.020054 0.019622
20 0.254833 0.473746 0.020054 0.020167
20 0.266757 0.447311 0.020416 0.021076
20 0.200542 0.423783 0.023126 0.023801
20 0.128907 0.420422 0.025474 0.023256
20 0.103252 0.425963 0.025836 0.022711
20 0.224571 0.389898 0.027462 0.027980
20 0.258898 0.407249 0.023487 0.023074
20 0.280397 0.412427 0.024571 0.021802
20 0.305330 0.383448 0.024571 0.016533
20 0.310027 0.373274 0.024932 0.020894
20 0.352394 0.370004 0.025474 0.023438
20 0.389792 0.354379 0.020054 0.026708
20 0.378591 0.423874 0.021138 0.025073
20 0.320958 0.415334 0.022945 0.021076
20 0.327823 0.429233 0.023668 0.020894
20 0.343180 0.459121 0.021861 0.022892
20 0.361427 0.477198 0.018970 0.020531
20 0.407498 0.476199 0.020777 0.017078
20 0.409124 0.489371 0.016079 0.015080
20 0.453568 0.477380 0.023668 0.023438
20 0.472087 0.501635 0.022403 0.021802
20 0.417435 0.413427 0.022222 0.021257
20 0.420325 0.435956 0.018970 0.020167
20 0.438211 0.440134 0.020054 0.020531
20 0.444354 0.423510 0.016802 0.016715
20 0.462331 0.432958 0.015899 0.015988
20 0.468654 0.446312 0.019512 0.016533
20 0.299639 0.312137 0.022945 0.021439
20 0.314453 0.317769 0.022584 0.019259
20 0.321319 0.305051 0.022222 0.021802
20 0.125203 0.261719 0.028546 0.026344
20 0.131978 0.283975 0.024029 0.025436
20 0.164679 0.295603 0.029810 0.024709
20 0.127913 0.323492 0.030714 0.025618
20 0.532882 0.702398 0.022945 0.021439
20 0.506323 0.711301 0.022584 0.022529
20 0.505872 0.736101 0.021319 0.020531
20 0.520145 0.742642 0.021680 0.020531
20 0.537760 0.779978 0.021500 0.019622
20 0.538482 0.797238 0.024029 0.020349