20 0.653909 0.693966 0.018639 0.014858
20 0.317590 0.624298 0.019544 0.017213
20 0.340300 0.037960 0.016830 0.015401
20 0.381379 0.103008 0.018277 0.019750
20 0.412776 0.180739 0.022077 0.019025
20 0.473579 0.171408 0.017372 0.019206
20 0.571209 0.204385 0.018277 0.018482
20 0.530311 0.258652 0.021535 0.019750
20 0.444263 0.256206 0.018820 0.019206
20 0.445621 0.347074 0.016106 0.014314
20 0.584238 0.303497 0.019001 0.020294
20 0.627126 0.278764 0.020087 0.019388
20 0.673091 0.289183 0.018277 0.018844
20 0.666848 0.304131 0.015563 0.015764
20 0.653094 0.349973 0.019182 0.019388
20 0.583424 0.356405 0.016287 0.014495
20 0.591024 0.367548 0.018096 0.015764
20 0.529316 0.388023 0.019182 0.017576
20 0.572023 0.387480 0.016649 0.016488
20 0.426439 0.417105 0.020449 0.018119
20 0.441730 0.442834 0.018820 0.017757
20 0.446616 0.451893 0.014477 0.012321
20 0.409066 0.472006 0.018277 0.018482
20 0.466250 0.451531 0.017915 0.016307
20 0.542164 0.487135 0.016287 0.015039
20 0.598172 0.467929 0.021173 0.019750
20 0.606497 0.447092 0.019001 0.019750
20 0.685668 0.413934 0.018820 0.018300
20 0.673724 0.486773 0.019906 0.017938
20 0.833514 0.350063 0.022077 0.021381
20 0.810532 0.425892 0.022801 0.021562
20 0.851249 0.482424 0.021716 0.019025
20 0.789088 0.505255 0.020811 0.020112
20 0.781759 0.528357 0.019182 0.018119
20 0.910695 0.513589 0.019001 0.017576
20 0.915671 0.528628 0.022077 0.020112
20 0.873507 0.559159 0.020630 0.017757
20 0.878845 0.584979 0.023344 0.024099
20 0.828538 0.618681 0.019363 0.017576
20 0.769815 0.615510 0.012305 0.009060
20 0.765110 0.557347 0.007600 0.007248
20 0.735433 0.562149 0.018820 0.016126
20 0.677524 0.564142 0.020630 0.019750
20 0.574466 0.539138 0.010677 0.009603
20 0.527868 0.564504 0.015563 0.014314
20 0.733080 0.640877 0.018458 0.022105
20 0.316232 0.499547 0.018639 0.016670
20 0.259591 0.551640 0.022258 0.017576
20 0.304470 0.553271 0.016468 0.013589
20 0.322385 0.568581 0.016106 0.017032
20 0.339396 0.563870 0.015020 0.014495
20 0.380746 0.529716 0.015925 0.015401
20 0.397394 0.558706 0.020268 0.019025
20 0.471046 0.592952 0.011220 0.011053
20 0.109121 0.406505 0.021716 0.019388
20 0.166576 0.380051 0.021173 0.018300
20 0.179153 0.389292 0.017372 0.015764
20 0.222946 0.337199 0.015563 0.018482
20 0.233442 0.336383 0.014115 0.017938
20 0.267282 0.387933 0.013391 0.013408
20 0.284473 0.380323 0.020992 0.019931
20 0.333514 0.405508 0.018096 0.016670
20 0.248371 0.453705 0.018277 0.018119
20 0.272801 0.472549 0.022982 0.018482
20 0.192906 0.147943 0.025335 0.023011
20 0.114187 0.570212 0.018820 0.015945
20 0.172638 0.632089 0.020992 0.017576
20 0.100887 0.742073 0.024792 0.021562
20 0.196073 0.783566 0.020087 0.017938
20 0.351249 0.761279 0.022439 0.021562
20 0.375136 0.811560 0.019906 0.016670
20 0.416486 0.700399 0.019001 0.018663
20 0.474394 0.718065 0.018639 0.016670
20 0.467789 0.750045 0.020992 0.019025
20 0.563789 0.741167 0.018639 0.019025
20 0.611925 0.777043 0.019363 0.019750
20 0.625679 0.763725 0.016106 0.015583
20 0.659881 0.764088 0.019001 0.018119
20 0.650651 0.809295 0.019725 0.019025
20 0.712179 0.740352 0.019363 0.017394
20 0.698969 0.827143 0.023344 0.021018
20 0.729823 0.813825 0.018458 0.018300
20 0.807275 0.778583 0.018458 0.016670
20 0.865454 0.803316 0.019363 0.018300
20 0.911962 0.749864 0.016106 0.018663
20 0.925534 0.721326 0.016106 0.016670
20 0.357401 0.893187 0.015563 0.017576
20 0.300851 0.950172 0.015020 0.014133
20 0.480727 0.940207 0.022982 0.023193