20 0.287114 0.456258 0.027427 0.028151
20 0.187418 0.462538 0.024815 0.028584
20 0.433391 0.058683 0.028298 0.026418
20 0.471920 0.029233 0.030475 0.029017
20 0.458206 0.097661 0.030910 0.029017
20 0.507183 0.100476 0.026121 0.024253
20 0.538964 0.082936 0.026121 0.026418
20 0.385285 0.088566 0.026121 0.024686
20 0.366565 0.088133 0.022638 0.019489
20 0.365259 0.106107 0.021768 0.021654
20 0.383761 0.109355 0.023074 0.022954
20 0.410100 0.129493 0.029604 0.025119
20 0.302569 0.090299 0.028733 0.024686
20 0.279060 0.125379 0.025250 0.022954
20 0.269047 0.174318 0.030475 0.027285
20 0.589247 0.128627 0.026556 0.027718
20 0.612103 0.173885 0.025250 0.028151
20 0.630605 0.174751 0.025686 0.025552
20 0.643013 0.182980 0.022638 0.018623
20 0.636265 0.197055 0.023944 0.019056
20 0.617327 0.206799 0.023509 0.022954
20 0.614933 0.227371 0.022203 0.019922
20 0.643883 0.208099 0.024380 0.021221
20 0.709186 0.239065 0.029604 0.024253
20 0.747932 0.247726 0.024380 0.024253
20 0.813888 0.131442 0.029168 0.028151
20 0.858511 0.174751 0.026121 0.028151
20 0.566826 0.286271 0.029604 0.023387
20 0.676752 0.281724 0.023944 0.024686
20 0.744449 0.299047 0.028733 0.028151
20 0.692425 0.292118 0.024815 0.017757
20 0.693731 0.306193 0.024815 0.019056
20 0.792773 0.320052 0.024380 0.021654
20 0.784502 0.332178 0.026121 0.021654
20 0.843927 0.331312 0.027427 0.025119
20 0.801480 0.366825 0.025250 0.024253
20 0.973226 0.374838 0.017849 0.026418
20 0.962125 0.439368 0.026121 0.027285
20 0.900087 0.470117 0.033522 0.027285
20 0.830649 0.477696 0.029604 0.026851
20 0.782542 0.448896 0.028298 0.025552
20 0.749673 0.452144 0.024380 0.025119
20 0.732259 0.458640 0.020026 0.020788
20 0.720723 0.468818 0.025686 0.022087
20 0.646713 0.441533 0.029168 0.022954
20 0.681541 0.462971 0.027427 0.023387
20 0.650196 0.467085 0.025686 0.021221
20 0.622116 0.483110 0.026121 0.022954
20 0.652808 0.492854 0.025686 0.022521
20 0.647148 0.371589 0.029168 0.024253
20 0.631040 0.349718 0.023944 0.022087
20 0.612320 0.366609 0.025686 0.024686
20 0.946452 0.471849 0.027862 0.023820
20 0.980627 0.481161 0.026556 0.023387
20 0.983457 0.501732 0.019155 0.022954
20 0.942751 0.491988 0.024815 0.023387
20 0.929473 0.499134 0.023509 0.020355
20 0.917066 0.526418 0.030039 0.026418
20 0.969525 0.587484 0.024380 0.027285
20 0.813452 0.546990 0.028298 0.024253
20 0.776012 0.518406 0.025686 0.022521
20 0.700914 0.496752 0.024380 0.021654
20 0.717675 0.509528 0.023944 0.022087
20 0.693731 0.540061 0.026556 0.021654
20 0.723988 0.547640 0.026992 0.023820
20 0.779060 0.563231 0.026556 0.024686
20 0.727035 0.580771 0.023509 0.020788
20 0.724423 0.596795 0.028733 0.023387
20 0.780583 0.593114 0.024380 0.023820
20 0.796038 0.597445 0.024815 0.020355
20 0.802133 0.610221 0.023074 0.019056
20 0.717893 0.636206 0.030475 0.027718
20 0.758380 0.634041 0.025250 0.023387
20 0.762952 0.658077 0.025686 0.023820
20 0.851981 0.654179 0.026121 0.026418
20 0.887897 0.683846 0.029168 0.029450
20 0.862429 0.736683 0.027862 0.025119
20 0.855246 0.751408 0.025686 0.024253
20 0.884414 0.773712 0.026556 0.025552
20 0.806051 0.765483 0.030039 0.028151
20 0.753156 0.698787 0.028733 0.024686
20 0.696125 0.716111 0.027862 0.018623
20 0.698737 0.733434 0.025250 0.022954
20 0.669569 0.719576 0.024380 0.025552
20 0.635394 0.720225 0.025686 0.021654
20 0.630170 0.734950 0.023944 0.023387
20 0.611014 0.656561 0.025686 0.024253
20 0.598607 0.747943 0.028733 0.028584
20 0.600348 0.708315 0.023509 0.020355
20 0.595995 0.691208 0.022638 0.021654
20 0.585329 0.690126 0.017849 0.022954
20 0.508489 0.804244 0.026992 0.028584
20 0.486504 0.831745 0.028298 0.025552
20 0.523074 0.834127 0.025686 0.025119
20 0.568132 0.826332 0.021768 0.025119
20 0.593818 0.809441 0.022638 0.022521
20 0.589465 0.831529 0.022638 0.023387
20 0.611885 0.830013 0.025686 0.023820
20 0.638006 0.793850 0.023074 0.023387
20 0.640183 0.812689 0.025686 0.021221
20 0.623857 0.862495 0.029604 0.025552
20 0.584023 0.902555 0.025686 0.027718
20 0.560731 0.913816 0.028733 0.029450
20 0.667175 0.930922 0.029168 0.029883
20 0.703744 0.912083 0.028298 0.026851
20 0.650631 0.859680 0.022203 0.023387
20 0.679800 0.853400 0.029168 0.024686
20 0.743361 0.827414 0.030039 0.028151
20 0.804963 0.812689 0.027862 0.028151
20 0.831955 0.814638 0.025250 0.028584
20 0.322159 0.927458 0.032216 0.029883
20 0.433827 0.932655 0.030039 0.032482
20 0.383544 0.817670 0.026992 0.028584
20 0.296474 0.796882 0.026992 0.022521
20 0.309534 0.807059 0.024380 0.018623
20 0.229865 0.773928 0.028733 0.025985
20 0.362212 0.780208 0.019155 0.022954
20 0.374401 0.784972 0.021768 0.023820
20 0.463866 0.757904 0.024815 0.029450
20 0.402264 0.738415 0.024380 0.022521
20 0.329343 0.753356 0.027427 0.026418
20 0.290814 0.711563 0.027862 0.025119
20 0.255333 0.680381 0.023944 0.020788
20 0.213757 0.685795 0.026121 0.023820
20 0.213975 0.652230 0.025686 0.025119
20 0.279713 0.659809 0.027427 0.024686
20 0.322595 0.658943 0.023509 0.022087
20 0.332390 0.678649 0.023074 0.024253
20 0.324554 0.701819 0.023944 0.023820
20 0.375272 0.685145 0.020897 0.020788
20 0.369177 0.698571 0.020026 0.019056
20 0.362429 0.709831 0.016979 0.018190
20 0.381367 0.710914 0.017414 0.018623
20 0.399869 0.689693 0.017849 0.016890
20 0.393339 0.705067 0.023074 0.025985
20 0.468219 0.722174 0.024815 0.020355
20 0.469743 0.706799 0.024380 0.025119
20 0.491728 0.710914 0.023944 0.023820
20 0.388333 0.650498 0.021768 0.021654
20 0.373966 0.654612 0.020897 0.020355
20 0.354158 0.623647 0.023074 0.021654
20 0.332172 0.633824 0.020026 0.021221
20 0.309534 0.630793 0.020897 0.022087
20 0.296038 0.624296 0.020897 0.022087
20 0.282542 0.636856 0.023509 0.021221
20 0.213539 0.617583 0.025686 0.024253
20 0.545494 0.691208 0.026992 0.025985
20 0.574010 0.649632 0.022203 0.023387
20 0.508054 0.626029 0.030475 0.023820
20 0.476056 0.607189 0.019591 0.016457
20 0.463213 0.588566 0.026121 0.021654
20 0.397257 0.610004 0.026556 0.022087
20 0.376143 0.573625 0.022638 0.022087
20 0.432521 0.575357 0.023074 0.020355
20 0.452982 0.559983 0.025686 0.019922
20 0.493034 0.575574 0.020461 0.018190
20 0.493034 0.589649 0.020461 0.018623
20 0.521768 0.591598 0.023074 0.020788
20 0.550065 0.584019 0.023074 0.020355
20 0.564214 0.572326 0.019155 0.019489
20 0.590335 0.601559 0.023509 0.025985
20 0.560731 0.605673 0.025250 0.026418
20 0.628211 0.571893 0.023509 0.020355
20 0.614279 0.549155 0.016543 0.019922
20 0.627558 0.551321 0.017849 0.022521
20 0.536352 0.549372 0.020897 0.020355
20 0.500435 0.543309 0.022203 0.025552
20 0.445799 0.538328 0.020026 0.022521
20 0.383326 0.551321 0.020461 0.020788
20 0.349151 0.530100 0.024380 0.022521
20 0.371136 0.524253 0.018720 0.018623
20 0.385938 0.524253 0.018720 0.018623
20 0.410535 0.533348 0.019155 0.019489
20 0.421419 0.531615 0.013061 0.016890
20 0.438398 0.505197 0.016543 0.018623
20 0.424902 0.512776 0.020026 0.019922
20 0.407706 0.511910 0.024815 0.021654
20 0.394210 0.500217 0.021332 0.020788
20 0.386156 0.472066 0.020897 0.018190
20 0.389203 0.485492 0.014802 0.015591
20 0.398999 0.481810 0.017849 0.019489
20 0.412712 0.480294 0.013061 0.014725
20 0.421419 0.478562 0.015673 0.019922
20 0.431215 0.469251 0.025686 0.021221
20 0.445799 0.470983 0.014802 0.017757
20 0.454941 0.480294 0.017414 0.015591
20 0.483674 0.523170 0.020026 0.018190
20 0.495429 0.517973 0.019155 0.018190
20 0.523291 0.508445 0.020897 0.025119
20 0.528733 0.477263 0.024815 0.020788
20 0.523727 0.434604 0.024380 0.022954
20 0.557466 0.532482 0.021332 0.022954
20 0.581846 0.511260 0.019591 0.021221
20 0.598389 0.524903 0.023944 0.023387
20 0.629299 0.522954 0.023074 0.021221
20 0.567915 0.457774 0.023944 0.021654
20 0.554854 0.475964 0.018720 0.019922
20 0.567697 0.481161 0.016543 0.019056
20 0.578145 0.478129 0.016543 0.018190
20 0.588811 0.469251 0.018720 0.017757
20 0.590553 0.483110 0.017849 0.017757
20 0.350239 0.494370 0.023944 0.018623
20 0.341315 0.474881 0.020026 0.020355
20 0.356334 0.474015 0.017849 0.021221
20 0.354593 0.451711 0.020461 0.017324
20 0.350457 0.437852 0.020897 0.017324
20 0.326077 0.435470 0.024380 0.022087
20 0.407488 0.441750 0.019155 0.019056
20 0.391815 0.434387 0.015673 0.020788
20 0.378755 0.428540 0.019155 0.016024
20 0.368089 0.419879 0.023074 0.020355
20 0.065085 0.559117 0.031781 0.029450
20 0.155420 0.595929 0.027862 0.025985
20 0.220505 0.557168 0.023074 0.024686
20 0.236178 0.572109 0.024815 0.023387
20 0.285372 0.597878 0.027427 0.024686
20 0.239878 0.518406 0.021768 0.023387
20 0.261428 0.521654 0.022203 0.022087
20 0.256857 0.492421 0.025250 0.025985
20 0.150414 0.497185 0.027427 0.029450
20 0.061602 0.342573 0.030910 0.026851
20 0.103831 0.300996 0.029168 0.027718
20 0.147148 0.362061 0.026992 0.028584
20 0.122769 0.393244 0.026121 0.023387
20 0.122551 0.423560 0.026556 0.023387
20 0.131258 0.436120 0.030039 0.025985
20 0.223117 0.415115 0.025686 0.024686
20 0.250109 0.376786 0.027427 0.025119
20 0.247932 0.308575 0.023944 0.025552
20 0.307357 0.385232 0.024380 0.027285
20 0.295603 0.421178 0.025250 0.022954
20 0.348716 0.348203 0.024380 0.022521
20 0.349369 0.367692 0.024815 0.023387
20 0.387680 0.393893 0.025686 0.023820
20 0.391815 0.415331 0.020897 0.020788
20 0.405747 0.341706 0.022638 0.022521
20 0.140401 0.270030 0.028298 0.027285
20 0.352199 0.271979 0.027862 0.025985
20 0.403570 0.276527 0.026992 0.028151
20 0.400087 0.298398 0.025250 0.026851
20 0.407270 0.221958 0.027427 0.029017
20 0.497388 0.355565 0.025686 0.023387
20 0.555943 0.324599 0.022638 0.022954
20 0.598607 0.325682 0.023509 0.024253
20 0.550065 0.353833 0.022203 0.022521
20 0.563126 0.360546 0.022203 0.023820
20 0.593818 0.407969 0.026992 0.027718
20 0.466043 0.213729 0.030910 0.027285