20 0.545124 0.083442 0.032079 0.027451
20 0.540419 0.150109 0.031223 0.028322
20 0.585329 0.129194 0.030368 0.030065
20 0.620616 0.166667 0.027374 0.027451
20 0.662104 0.162963 0.029085 0.027887
20 0.755346 0.159913 0.024808 0.026144
20 0.635586 0.215468 0.030796 0.025708
20 0.606287 0.257952 0.026946 0.025272
20 0.709581 0.230283 0.029085 0.025708
20 0.548760 0.309368 0.028229 0.026144
20 0.695038 0.282571 0.025663 0.023965
20 0.708512 0.345969 0.029512 0.028758
20 0.785073 0.357734 0.029512 0.027015
20 0.873396 0.271242 0.028229 0.028322
20 0.767536 0.388235 0.023524 0.020915
20 0.748503 0.396078 0.023097 0.022658
20 0.764115 0.402397 0.022669 0.020479
20 0.753849 0.420044 0.024380 0.020044
20 0.779726 0.421569 0.023952 0.020479
20 0.860778 0.476688 0.023524 0.022658
20 0.825064 0.463617 0.026518 0.024401
20 0.779085 0.447712 0.026946 0.023094
20 0.726689 0.450327 0.028229 0.026580
20 0.642429 0.471678 0.029085 0.027451
20 0.687340 0.516776 0.028229 0.025272
20 0.858212 0.544880 0.029512 0.030065
20 0.744440 0.561874 0.030368 0.027451
20 0.793413 0.586710 0.027374 0.026580
20 0.761762 0.605011 0.027374 0.024837
20 0.801754 0.619390 0.026091 0.024837
20 0.581908 0.438562 0.020103 0.022222
20 0.568007 0.442484 0.026518 0.023094
20 0.527588 0.441830 0.027802 0.024401
20 0.574636 0.510240 0.028657 0.028758
20 0.610778 0.518954 0.026518 0.027887
20 0.650556 0.573638 0.024808 0.026580
20 0.723054 0.611329 0.022669 0.018301
20 0.724123 0.626797 0.026518 0.020479
20 0.684132 0.625054 0.025235 0.023965
20 0.594739 0.579956 0.026091 0.022658
20 0.557742 0.567538 0.027374 0.023965
20 0.501283 0.543573 0.025663 0.026580
20 0.485885 0.511547 0.028229 0.023529
20 0.525877 0.575599 0.028657 0.023529
20 0.477759 0.572113 0.023952 0.022658
20 0.464286 0.582789 0.027802 0.023965
20 0.465997 0.607407 0.019247 0.020915
20 0.482891 0.608497 0.020530 0.022222
20 0.513901 0.597386 0.025235 0.025272
20 0.546621 0.607843 0.019675 0.021786
20 0.563730 0.600436 0.020530 0.019172
20 0.560308 0.613725 0.019675 0.018736
20 0.592601 0.614379 0.026091 0.025272
20 0.538708 0.618519 0.022669 0.019608
20 0.548546 0.628758 0.025235 0.020044
20 0.837896 0.688453 0.029085 0.028758
20 0.782506 0.644662 0.027802 0.023965
20 0.774166 0.657298 0.024808 0.019608
20 0.780796 0.682571 0.025235 0.025708
20 0.738238 0.714597 0.027374 0.027015
20 0.691831 0.722222 0.030368 0.027451
20 0.667237 0.680610 0.027374 0.022658
20 0.659752 0.640305 0.026091 0.025708
20 0.751497 0.792157 0.027374 0.028758
20 0.562874 0.649673 0.025663 0.020915
20 0.483105 0.652723 0.028657 0.026144
20 0.551754 0.754248 0.032506 0.025272
20 0.560736 0.777778 0.025663 0.025272
20 0.595167 0.786057 0.025235 0.026144
20 0.619760 0.799782 0.009410 0.010893
20 0.564585 0.807625 0.027374 0.024837
20 0.542344 0.812418 0.029085 0.027451
20 0.790633 0.861438 0.021814 0.020915
20 0.776518 0.867756 0.026091 0.029194
20 0.744226 0.868845 0.028229 0.028758
20 0.649701 0.847059 0.031651 0.027887
20 0.584260 0.883660 0.027374 0.027887
20 0.536142 0.877342 0.026091 0.024837
20 0.555175 0.902832 0.027374 0.026144
20 0.565227 0.916558 0.026946 0.026580
20 0.435415 0.820261 0.024808 0.022222
20 0.454234 0.853377 0.024808 0.023965
20 0.448888 0.873420 0.025235 0.023965
20 0.473482 0.884096 0.025663 0.027887
20 0.415098 0.882571 0.028657 0.026580
20 0.415740 0.902832 0.029085 0.027887
20 0.436270 0.910675 0.025663 0.024401
20 0.211933 0.774074 0.027802 0.027451
20 0.234175 0.773203 0.028657 0.026580
20 0.328700 0.784314 0.026946 0.027015
20 0.376390 0.792593 0.028229 0.029630
20 0.345381 0.811983 0.021814 0.019608
20 0.307742 0.816993 0.032079 0.029630
20 0.247434 0.840959 0.032934 0.028758
20 0.253422 0.866667 0.026091 0.025272
20 0.342173 0.842702 0.024808 0.027887
20 0.366125 0.847495 0.027374 0.026144
20 0.383020 0.891503 0.026091 0.027887
20 0.338537 0.930937 0.033790 0.030065
20 0.410821 0.962092 0.025235 0.026144
20 0.526732 0.950980 0.029512 0.031808
20 0.080624 0.523747 0.027802 0.027887
20 0.120188 0.498693 0.027374 0.029194
20 0.234816 0.592810 0.029940 0.027451
20 0.218349 0.613072 0.031223 0.028758
20 0.279512 0.616776 0.026946 0.027451
20 0.278015 0.637255 0.028229 0.024837
20 0.296193 0.667756 0.025235 0.025708
20 0.333618 0.651634 0.028229 0.029194
20 0.370616 0.660566 0.024380 0.026144
20 0.389222 0.661656 0.023097 0.026580
20 0.423439 0.674728 0.026518 0.028322
20 0.370616 0.556863 0.023524 0.026144
20 0.399059 0.565142 0.023952 0.024401
20 0.405689 0.549020 0.020958 0.019172
20 0.421728 0.581046 0.024808 0.027451
20 0.439050 0.533333 0.023524 0.023529
20 0.448460 0.516776 0.029512 0.025272
20 0.388794 0.518083 0.029085 0.021786
20 0.389222 0.533333 0.025663 0.020915
20 0.291488 0.521133 0.026091 0.020044
20 0.295979 0.536601 0.023952 0.021351
20 0.267964 0.508497 0.027802 0.025272
20 0.352438 0.505229 0.023097 0.023965
20 0.062874 0.588017 0.032506 0.029194
20 0.463003 0.407407 0.026091 0.027887
20 0.423653 0.378431 0.030368 0.027451
20 0.440547 0.440741 0.029085 0.029194
20 0.436056 0.490414 0.025235 0.025708
20 0.355218 0.473856 0.027802 0.023965
20 0.365697 0.493464 0.024808 0.024837
20 0.322926 0.425926 0.027374 0.025708
20 0.257913 0.485621 0.027374 0.028322
20 0.208512 0.458388 0.028657 0.027015
20 0.240163 0.365577 0.038922 0.031373
20 0.280582 0.327233 0.027374 0.026144
20 0.307742 0.320479 0.027802 0.026580
20 0.338109 0.365577 0.026091 0.027887
20 0.172797 0.325054 0.030796 0.025272
20 0.164885 0.345969 0.030368 0.027887
20 0.339179 0.154902 0.028229 0.025708
20 0.312660 0.169717 0.028229 0.031808
20 0.320359 0.210022 0.027374 0.027015
20 0.136869 0.228758 0.035928 0.028758
20 0.072498 0.292157 0.027802 0.027451
20 0.065227 0.383660 0.027802 0.029194
20 0.069932 0.430501 0.032934 0.027887
20 0.318862 0.122004 0.033790 0.029630