20 0.375685 0.083903 0.037505 0.033732
20 0.586178 0.126601 0.027813 0.031170
20 0.579435 0.162895 0.033713 0.032878
20 0.546987 0.196413 0.034555 0.032451
20 0.619890 0.258967 0.037084 0.035440
20 0.669617 0.260888 0.033713 0.035867
20 0.421197 0.307430 0.034134 0.030743
20 0.431732 0.328992 0.033291 0.030316
20 0.583649 0.311699 0.032870 0.032451
20 0.579857 0.394962 0.032870 0.034159
20 0.673831 0.376388 0.030341 0.030316
20 0.898862 0.350555 0.037927 0.033305
20 0.577750 0.465628 0.034555 0.032024
20 0.337758 0.521136 0.031606 0.028608
20 0.416140 0.577498 0.031606 0.031170
20 0.429204 0.638343 0.033291 0.029889
20 0.297092 0.646456 0.037927 0.036721
20 0.396966 0.740820 0.032870 0.029889
20 0.531816 0.669086 0.026127 0.027327
20 0.545301 0.657131 0.027813 0.026473
20 0.719764 0.803800 0.032870 0.037148
20 0.761062 0.823442 0.032870 0.032878
20 0.374421 0.869342 0.035820 0.030743
20 0.462284 0.910760 0.038769 0.026473
20 0.542773 0.931896 0.036241 0.036294
20 0.156131 0.626174 0.034977 0.032024