20 0.455882 0.069683 0.023356 0.021870
20 0.481834 0.072470 0.023356 0.021441
20 0.503460 0.092410 0.023356 0.021012
20 0.532223 0.110849 0.023789 0.021012
20 0.591912 0.084691 0.022059 0.019297
20 0.599697 0.099700 0.019464 0.018439
20 0.595588 0.113851 0.019896 0.017581
20 0.544550 0.160806 0.022491 0.020583
20 0.414792 0.097127 0.022491 0.019297
20 0.402033 0.118997 0.022059 0.020154
20 0.365052 0.142367 0.021626 0.019726
20 0.372405 0.170240 0.019031 0.018010
20 0.386029 0.173242 0.017734 0.020583
20 0.519464 0.181604 0.019031 0.020154
20 0.599481 0.169811 0.022491 0.018868
20 0.651600 0.163808 0.021194 0.021441
20 0.680363 0.133791 0.022491 0.019726
20 0.713452 0.180317 0.020329 0.020154
20 0.735727 0.189108 0.018166 0.017153
20 0.742215 0.195969 0.019031 0.015437
20 0.786548 0.188036 0.025519 0.023585
20 0.740052 0.223842 0.019896 0.018868
20 0.705666 0.236278 0.016869 0.017153
20 0.714965 0.255360 0.019031 0.019297
20 0.751298 0.271012 0.019896 0.019726
20 0.661332 0.215480 0.019896 0.019297
20 0.632569 0.225986 0.019464 0.018010
20 0.651600 0.250643 0.016869 0.017581
20 0.631920 0.265652 0.014706 0.017581
20 0.659386 0.272942 0.017734 0.015866
20 0.590614 0.269082 0.020329 0.018439
20 0.649005 0.284305 0.017734 0.015437
20 0.677336 0.306604 0.017301 0.016295
20 0.684905 0.313679 0.017734 0.015009
20 0.733780 0.292024 0.017734 0.016295
20 0.745026 0.295669 0.017734 0.016724
20 0.832396 0.310249 0.019464 0.017581
20 0.757569 0.318611 0.018599 0.018010
20 0.746107 0.341123 0.019031 0.015009
20 0.769680 0.331904 0.017734 0.016295
20 0.769247 0.351630 0.018599 0.017153
20 0.788279 0.345197 0.017734 0.018010
20 0.810554 0.348842 0.018166 0.019297
20 0.808175 0.368997 0.019464 0.018439
20 0.873919 0.390866 0.023789 0.021870
20 0.722102 0.367281 0.019464 0.017581
20 0.693339 0.355489 0.019031 0.015437
20 0.682742 0.335763 0.019464 0.015437
20 0.650087 0.336621 0.019031 0.017153
20 0.661981 0.353130 0.016869 0.013293
20 0.638625 0.370497 0.020329 0.018868
20 0.613106 0.349485 0.019464 0.018010
20 0.935121 0.313465 0.020761 0.018868
20 0.919766 0.323756 0.018599 0.014580
20 0.918469 0.335334 0.019464 0.014580
20 0.930147 0.350772 0.023789 0.020583
20 0.761462 0.409734 0.020329 0.020154
20 0.804066 0.429460 0.021626 0.020154
20 0.716047 0.433962 0.022059 0.018868
20 0.728374 0.453902 0.016436 0.015866
20 0.765355 0.464194 0.019464 0.018439
20 0.791306 0.472770 0.015138 0.014151
20 0.825260 0.465480 0.025087 0.018439
20 0.881488 0.483491 0.021626 0.020154
20 0.841263 0.486063 0.019896 0.016724
20 0.797362 0.485206 0.016003 0.015866
20 0.832829 0.507933 0.020329 0.017581
20 0.875433 0.522513 0.021626 0.021012
20 0.851427 0.529588 0.021194 0.018010
20 0.810770 0.541595 0.016869 0.015437
20 0.793469 0.516724 0.016003 0.012864
20 0.775952 0.512864 0.016436 0.014580
20 0.753028 0.515437 0.018166 0.015437
20 0.779196 0.528516 0.013408 0.014151
20 0.789576 0.535592 0.014273 0.012864
20 0.890138 0.550815 0.023356 0.019297
20 0.892950 0.568825 0.022059 0.019297
20 0.728806 0.474914 0.018166 0.015866
20 0.721886 0.500214 0.018166 0.015866
20 0.704369 0.492281 0.016003 0.013722
20 0.659386 0.478774 0.019464 0.017581
20 0.666306 0.493568 0.017734 0.015437
20 0.682526 0.507075 0.017301 0.015866
20 0.689230 0.519082 0.013408 0.014151
20 0.700692 0.516938 0.015571 0.015009
20 0.701125 0.530875 0.015571 0.013722
20 0.685554 0.544597 0.015571 0.015437
20 0.705017 0.543739 0.014706 0.015437
20 0.717344 0.548671 0.015138 0.015866
20 0.608997 0.506218 0.020761 0.017581
20 0.624135 0.524014 0.017301 0.015437
20 0.650519 0.525729 0.013841 0.012864
20 0.648573 0.534305 0.013408 0.011149
20 0.663927 0.537307 0.012976 0.012007
20 0.649870 0.544811 0.013408 0.011578
20 0.658521 0.548242 0.012543 0.010720
20 0.660035 0.558319 0.012976 0.010292
20 0.637976 0.553602 0.012976 0.010292
20 0.627163 0.552101 0.012976 0.012436
20 0.608348 0.529374 0.015138 0.013293
20 0.605753 0.537950 0.016003 0.012436
20 0.616133 0.561106 0.010813 0.012436
20 0.606401 0.560249 0.014706 0.013293
20 0.666522 0.561535 0.012111 0.009863
20 0.674740 0.566895 0.012976 0.011149
20 0.831315 0.582547 0.019031 0.017581
20 0.815744 0.596269 0.018166 0.015009
20 0.835424 0.612564 0.019464 0.017581
20 0.805796 0.610635 0.021626 0.014580
20 0.814879 0.622856 0.015571 0.016724
20 0.798227 0.625858 0.019464 0.016724
20 0.765138 0.636149 0.019031 0.017581
20 0.826341 0.662307 0.020329 0.021870
20 0.728374 0.603345 0.014706 0.012864
20 0.730969 0.577616 0.016436 0.012007
20 0.735510 0.569039 0.015138 0.012007
20 0.759732 0.580617 0.016003 0.014580
20 0.778547 0.570969 0.016436 0.014151
20 0.784170 0.580832 0.016436 0.015009
20 0.767517 0.598413 0.015138 0.014151
20 0.782439 0.602273 0.018166 0.015009
20 0.677768 0.578259 0.014706 0.014151
20 0.665225 0.569254 0.011246 0.008148
20 0.663062 0.577616 0.012976 0.011149
20 0.651168 0.576973 0.012543 0.011578
20 0.638408 0.571398 0.013841 0.009863
20 0.637976 0.580189 0.011246 0.010292
20 0.658953 0.594125 0.016003 0.014151
20 0.625000 0.574185 0.014706 0.012007
20 0.610943 0.574185 0.015138 0.012864
20 0.602941 0.568825 0.012976 0.010720
20 0.589749 0.569254 0.011678 0.013293
20 0.578287 0.567110 0.016436 0.015009
20 0.590614 0.587479 0.016003 0.012864
20 0.571151 0.594554 0.016869 0.015009
20 0.593858 0.608062 0.016436 0.013722
20 0.608564 0.604846 0.015571 0.014151
20 0.615484 0.617281 0.014706 0.012436
20 0.610727 0.627358 0.013841 0.013722
20 0.617431 0.642581 0.018599 0.015866
20 0.661548 0.635506 0.019464 0.016295
20 0.703720 0.652444 0.021626 0.018439
20 0.575476 0.631861 0.012543 0.009863
20 0.578071 0.639794 0.009948 0.009434
20 0.584559 0.636792 0.012543 0.010292
20 0.691176 0.679460 0.018166 0.017581
20 0.643815 0.686321 0.018599 0.015009
20 0.620675 0.670883 0.015571 0.013293
20 0.599913 0.659520 0.013841 0.011149
20 0.604239 0.664880 0.014706 0.011578
20 0.579801 0.661021 0.017734 0.015866
20 0.557093 0.647942 0.017301 0.012864
20 0.562067 0.635720 0.012543 0.012436
20 0.531358 0.649443 0.017734 0.014151
20 0.562500 0.664022 0.015138 0.011578
20 0.565528 0.672384 0.014273 0.011149
20 0.606834 0.690609 0.016436 0.014151
20 0.612240 0.699828 0.016869 0.012864
20 0.656574 0.700043 0.019896 0.018439
20 0.647491 0.712264 0.019896 0.018010
20 0.672794 0.712050 0.016869 0.014151
20 0.598832 0.715909 0.017734 0.016724
20 0.564230 0.715909 0.017734 0.016724
20 0.550822 0.729846 0.020329 0.018010
20 0.534170 0.686535 0.017301 0.015437
20 0.633434 0.738636 0.016869 0.017581
20 0.620458 0.749357 0.018599 0.016724
20 0.684689 0.732419 0.016436 0.014580
20 0.705450 0.725129 0.020761 0.017153
20 0.697232 0.750214 0.016436 0.016724
20 0.676903 0.756218 0.019031 0.020154
20 0.660900 0.758362 0.017301 0.015866
20 0.653547 0.771012 0.019896 0.018010
20 0.608348 0.780017 0.021194 0.018868
20 0.724913 0.752358 0.016436 0.015009
20 0.729455 0.768654 0.018599 0.017581
20 0.745458 0.776158 0.018599 0.017153
20 0.763192 0.765652 0.020329 0.017581
20 0.771626 0.746784 0.018166 0.017581
20 0.788279 0.758576 0.015138 0.016295
20 0.799524 0.766938 0.018599 0.019297
20 0.804715 0.754288 0.023789 0.019726
20 0.542820 0.506861 0.019031 0.018868
20 0.514706 0.487564 0.016436 0.018010
20 0.497189 0.473199 0.018599 0.015009
20 0.490052 0.486707 0.016436 0.018010
20 0.471237 0.506003 0.013408 0.012864
20 0.486375 0.520369 0.017734 0.016724
20 0.506920 0.530446 0.018166 0.016295
20 0.457612 0.542882 0.016436 0.015437
20 0.445285 0.551887 0.017734 0.015437
20 0.521843 0.560463 0.016869 0.016295
20 0.515787 0.576544 0.016869 0.015009
20 0.496107 0.574400 0.015571 0.014151
20 0.471886 0.583834 0.015571 0.015009
20 0.460856 0.591123 0.015138 0.015866
20 0.437284 0.587907 0.018166 0.017153
20 0.414576 0.591767 0.019464 0.018010
20 0.376081 0.553173 0.020329 0.016295
20 0.365701 0.514794 0.015138 0.015009
20 0.395112 0.489494 0.017734 0.015009
20 0.421497 0.484991 0.015138 0.015437
20 0.421713 0.503431 0.016436 0.013722
20 0.426903 0.518439 0.018166 0.015437
20 0.347318 0.505360 0.015571 0.014151
20 0.319853 0.503431 0.016003 0.014580
20 0.298443 0.488851 0.015571 0.015437
20 0.323313 0.478130 0.013408 0.012864
20 0.328287 0.489280 0.012111 0.012864
20 0.339965 0.483491 0.010381 0.008148
20 0.350130 0.481561 0.011678 0.012864
20 0.364836 0.469340 0.015138 0.013293
20 0.334991 0.528731 0.016003 0.013722
20 0.324178 0.538379 0.016869 0.014151
20 0.343642 0.553816 0.017734 0.016724
20 0.329801 0.575901 0.019464 0.016295
20 0.309689 0.555317 0.015571 0.012864
20 0.295415 0.543525 0.017301 0.015866
20 0.294550 0.581261 0.018166 0.015866
20 0.294766 0.594340 0.018599 0.013722
20 0.555147 0.597985 0.012543 0.011578
20 0.541955 0.610206 0.013841 0.014580
20 0.529196 0.606990 0.014273 0.014151
20 0.514490 0.608919 0.014273 0.013722
20 0.489403 0.613636 0.019464 0.015437
20 0.478157 0.622427 0.012543 0.011578
20 0.507785 0.623928 0.014706 0.012864
20 0.525087 0.626715 0.012111 0.013293
20 0.536332 0.625643 0.014706 0.012007
20 0.465398 0.632933 0.017301 0.016295
20 0.450260 0.633576 0.014706 0.014151
20 0.381488 0.634434 0.019031 0.017581
20 0.394031 0.642367 0.013841 0.012864
20 0.407223 0.642367 0.015138 0.018010
20 0.448529 0.662950 0.018166 0.013722
20 0.454369 0.668525 0.016003 0.015437
20 0.406358 0.681175 0.021194 0.019297
20 0.428417 0.693182 0.020329 0.020154
20 0.478374 0.682890 0.017301 0.017581
20 0.518382 0.688894 0.016869 0.015866
20 0.508218 0.722341 0.018166 0.017581
20 0.496540 0.731990 0.019896 0.021441
20 0.348616 0.659091 0.017301 0.016295
20 0.343642 0.640009 0.016869 0.015009
20 0.306012 0.638722 0.018599 0.016724
20 0.269464 0.646441 0.019896 0.017581
20 0.253244 0.632075 0.018599 0.018010
20 0.298875 0.665523 0.017301 0.019726
20 0.321151 0.671741 0.018599 0.016724
20 0.318772 0.685678 0.016436 0.015437
20 0.254109 0.706046 0.019464 0.015866
20 0.267734 0.717196 0.019896 0.019297
20 0.237240 0.722985 0.020329 0.019726
20 0.423443 0.757075 0.018166 0.015009
20 0.541306 0.792453 0.022924 0.020583
20 0.545631 0.843482 0.022924 0.021441
20 0.490701 0.835334 0.022059 0.017153
20 0.487889 0.847556 0.022491 0.015866
20 0.478806 0.869854 0.020761 0.019297
20 0.381488 0.873070 0.025087 0.019726
20 0.353590 0.802101 0.021194 0.021870
20 0.322016 0.808105 0.020329 0.017581
20 0.293901 0.774871 0.020329 0.018868
20 0.787197 0.788593 0.017301 0.017153
20 0.795848 0.800815 0.016436 0.016724
20 0.785035 0.805961 0.020761 0.019297
20 0.767517 0.792238 0.018599 0.016724
20 0.621540 0.811750 0.021626 0.018010
20 0.649005 0.828259 0.021194 0.020154
20 0.617863 0.840909 0.021194 0.018868
20 0.673443 0.869211 0.025087 0.022298
20 0.553633 0.903945 0.024221 0.024014
20 0.479455 0.908448 0.022924 0.021870
20 0.464749 0.932890 0.018599 0.019297
20 0.362889 0.906089 0.022491 0.024014
20 0.147491 0.735206 0.025952 0.023585
20 0.182093 0.757933 0.023356 0.021012
20 0.232050 0.771870 0.022059 0.018868
20 0.265138 0.810678 0.019031 0.019297
20 0.276168 0.806818 0.015138 0.021870
20 0.284170 0.800172 0.019031 0.018010
20 0.182742 0.697041 0.028114 0.019297
20 0.103590 0.591767 0.024654 0.024014
20 0.120458 0.628002 0.022924 0.020154
20 0.156791 0.624571 0.022924 0.021870
20 0.150087 0.671312 0.019896 0.020154
20 0.195069 0.672384 0.018166 0.014580
20 0.203287 0.663379 0.020761 0.020583
20 0.175822 0.579545 0.020329 0.016724
20 0.184472 0.567324 0.019464 0.018010
20 0.155493 0.571827 0.019464 0.016724
20 0.149221 0.548885 0.020761 0.016295
20 0.121756 0.552530 0.022059 0.017581
20 0.123486 0.536235 0.017734 0.021012
20 0.147059 0.516938 0.019896 0.017581
20 0.161116 0.531518 0.020329 0.020154
20 0.171064 0.507290 0.018599 0.018010
20 0.183391 0.492925 0.018166 0.012436
20 0.183824 0.479417 0.016436 0.015437
20 0.195285 0.479417 0.016003 0.017153
20 0.262976 0.501930 0.019031 0.017581
20 0.232483 0.537736 0.016869 0.018010
20 0.249351 0.534091 0.016869 0.015866
20 0.257785 0.538165 0.011246 0.014580
20 0.269031 0.539022 0.012976 0.014580
20 0.277898 0.538165 0.011678 0.014580
20 0.275952 0.552744 0.015571 0.014580
20 0.235510 0.450686 0.016869 0.015437
20 0.238322 0.438250 0.017301 0.018010
20 0.245026 0.432247 0.016869 0.015437
20 0.247405 0.422813 0.015571 0.012864
20 0.256488 0.427530 0.012976 0.014580
20 0.258002 0.437607 0.015138 0.011578
20 0.273573 0.439966 0.014273 0.016295
20 0.272059 0.427316 0.012976 0.013293
20 0.285035 0.427959 0.011246 0.010292
20 0.287197 0.436964 0.012976 0.012864
20 0.311202 0.437393 0.013408 0.012864
20 0.310121 0.447899 0.013841 0.011578
20 0.326990 0.451544 0.014706 0.013722
20 0.344723 0.455189 0.014706 0.014151
20 0.366782 0.449614 0.015571 0.015009
20 0.366998 0.432676 0.013408 0.012864
20 0.406574 0.468053 0.017301 0.015866
20 0.403763 0.444683 0.015138 0.011149
20 0.394680 0.434391 0.011678 0.012864
20 0.403979 0.432247 0.012111 0.010292
20 0.417820 0.445326 0.012111 0.011578
20 0.427336 0.439537 0.014706 0.012864
20 0.432958 0.425386 0.012976 0.010292
20 0.440095 0.418525 0.017734 0.013722
20 0.423659 0.415309 0.014273 0.013293
20 0.403114 0.422384 0.012976 0.012007
20 0.394896 0.415738 0.009516 0.009863
20 0.389057 0.418954 0.012543 0.010292
20 0.395761 0.405017 0.012111 0.010720
20 0.377811 0.396655 0.009948 0.007719
20 0.344723 0.405660 0.011246 0.011149
20 0.338884 0.412521 0.012543 0.012007
20 0.350995 0.418525 0.013408 0.012007
20 0.306228 0.420240 0.013841 0.012864
20 0.300606 0.426244 0.010381 0.008576
20 0.286548 0.416381 0.014273 0.009434
20 0.270978 0.402444 0.013408 0.011578
20 0.276600 0.408662 0.011678 0.010292
20 0.284170 0.406304 0.009516 0.009005
20 0.290657 0.406732 0.009516 0.008148
20 0.299740 0.406089 0.011246 0.011149
20 0.285251 0.397513 0.012543 0.010292
20 0.272924 0.385506 0.017301 0.014580
20 0.297578 0.393439 0.012976 0.010720
20 0.306877 0.400943 0.012543 0.010292
20 0.315095 0.395583 0.010813 0.010720
20 0.326990 0.393225 0.011246 0.012007
20 0.321151 0.385720 0.012543 0.009863
20 0.307526 0.386149 0.013841 0.011578
20 0.304931 0.376072 0.014706 0.012007
20 0.287413 0.363208 0.017734 0.015437
20 0.288062 0.349057 0.017301 0.012864
20 0.288495 0.339837 0.015571 0.009863
20 0.300822 0.332118 0.014273 0.015866
20 0.308607 0.326115 0.013408 0.015009
20 0.310121 0.344768 0.015571 0.015437
20 0.321799 0.364065 0.015571 0.015437
20 0.337370 0.364280 0.013841 0.011578
20 0.333694 0.373928 0.013408 0.012864
20 0.337587 0.387221 0.015138 0.009434
20 0.342777 0.391509 0.010813 0.011149
20 0.342561 0.381218 0.011246 0.010292
20 0.350779 0.379717 0.012976 0.011578
20 0.363754 0.382290 0.012976 0.012436
20 0.372189 0.389151 0.009948 0.010720
20 0.378244 0.380575 0.010813 0.010720
20 0.379325 0.387650 0.006920 0.006861
20 0.388192 0.387436 0.010813 0.012436
20 0.391003 0.380146 0.012111 0.011578
20 0.416522 0.373714 0.013841 0.012436
20 0.405061 0.393439 0.009083 0.010720
20 0.411981 0.395369 0.009948 0.012864
20 0.418253 0.399228 0.010381 0.011149
20 0.426903 0.402444 0.010381 0.008148
20 0.431228 0.396655 0.011246 0.008576
20 0.434689 0.389794 0.013841 0.010292
20 0.441825 0.387221 0.010813 0.011149
20 0.443988 0.376286 0.013408 0.013293
20 0.463019 0.365995 0.013408 0.015009
20 0.489403 0.373285 0.016003 0.015866
20 0.474048 0.380146 0.012976 0.010720
20 0.469507 0.389580 0.012543 0.014151
20 0.480753 0.387221 0.012543 0.013722
20 0.489403 0.350129 0.016003 0.016724
20 0.522491 0.380360 0.019896 0.018868
20 0.511678 0.421741 0.018166 0.016724
20 0.534602 0.438036 0.020761 0.017581
20 0.407872 0.359348 0.012111 0.010292
20 0.392734 0.352916 0.013841 0.010292
20 0.382785 0.356346 0.012976 0.011149
20 0.371324 0.352916 0.012543 0.011149
20 0.369593 0.347556 0.013408 0.011578
20 0.365268 0.358705 0.009948 0.009863
20 0.355753 0.357847 0.011678 0.010720
20 0.346670 0.357847 0.010813 0.013293
20 0.349697 0.344554 0.010813 0.009863
20 0.355969 0.346698 0.008651 0.009863
20 0.359429 0.332762 0.015571 0.012007
20 0.368080 0.324828 0.016436 0.014151
20 0.391220 0.332333 0.014273 0.012864
20 0.386246 0.342839 0.012976 0.010720
20 0.400087 0.343482 0.012111 0.012007
20 0.408953 0.334262 0.014273 0.012436
20 0.416090 0.346055 0.014706 0.012864
20 0.446151 0.333834 0.017734 0.014151
20 0.425389 0.327616 0.015138 0.012864
20 0.330882 0.301458 0.018166 0.018868
20 0.331964 0.281518 0.017734 0.020154
20 0.384732 0.250643 0.017734 0.017581
20 0.417604 0.257504 0.017734 0.015009
20 0.443339 0.282590 0.019031 0.017153
20 0.410467 0.286021 0.013841 0.014580
20 0.418469 0.287736 0.011678 0.013722
20 0.412197 0.307676 0.014706 0.013293
20 0.424957 0.316895 0.014273 0.014580
20 0.433607 0.311106 0.012543 0.014151
20 0.443555 0.319254 0.015138 0.010720
20 0.460208 0.308748 0.018166 0.014580
20 0.477941 0.275300 0.017301 0.015437
20 0.497189 0.251072 0.018599 0.017581
20 0.542604 0.254931 0.016869 0.017581
20 0.514490 0.284091 0.016003 0.016724
20 0.528547 0.277444 0.014706 0.013722
20 0.535900 0.282590 0.012111 0.011149
20 0.531142 0.289237 0.013841 0.011578
20 0.534386 0.306175 0.016003 0.016295
20 0.530061 0.325901 0.016003 0.017153
20 0.567690 0.346484 0.017734 0.019726
20 0.558824 0.305532 0.012111 0.012436
20 0.567907 0.307676 0.015571 0.018439
20 0.556661 0.282804 0.020761 0.016724
20 0.544550 0.214194 0.015571 0.016724
20 0.554931 0.218268 0.015571 0.018868
20 0.456964 0.208405 0.018599 0.018868
20 0.210640 0.231990 0.021626 0.022298
20 0.237457 0.232847 0.023356 0.020583
20 0.303417 0.200901 0.023789 0.022727
20 0.292171 0.156947 0.023789 0.020583
20 0.320069 0.141081 0.023356 0.022298
20 0.203287 0.324185 0.022491 0.019726
20 0.588452 0.453902 0.021194 0.019297
20 0.629325 0.414237 0.020761 0.020583