20 0.616782 0.663390 0.012976 0.012669
20 0.609645 0.649629 0.007353 0.009611
20 0.603590 0.652905 0.008218 0.009174
20 0.288927 0.563128 0.017301 0.015727
20 0.246756 0.591962 0.014273 0.015727
20 0.310554 0.210135 0.026817 0.023591
20 0.360510 0.128659 0.022059 0.024028
20 0.384516 0.143512 0.024221 0.024028
20 0.457180 0.143294 0.025952 0.024465
20 0.466479 0.098515 0.023789 0.024028
20 0.500000 0.098078 0.023356 0.024902
20 0.540225 0.117955 0.025087 0.022717
20 0.534386 0.148100 0.021194 0.018349
20 0.543901 0.155963 0.020329 0.019222
20 0.584559 0.115553 0.021194 0.021407
20 0.505623 0.228266 0.023356 0.021407
20 0.446583 0.231979 0.022059 0.018349
20 0.435121 0.247925 0.020761 0.019659
20 0.532872 0.248362 0.019031 0.018785
20 0.591263 0.221931 0.019896 0.018349
20 0.604671 0.100481 0.023356 0.021844
20 0.656142 0.095020 0.025087 0.023154
20 0.677119 0.108781 0.022924 0.021844
20 0.687067 0.136741 0.023789 0.020096
20 0.703720 0.167322 0.020761 0.023591
20 0.770978 0.171254 0.020329 0.020096
20 0.769896 0.188510 0.020761 0.017912
20 0.761029 0.200306 0.020329 0.019659
20 0.691609 0.218654 0.024221 0.023154
20 0.660251 0.227392 0.023789 0.019659
20 0.737457 0.253167 0.023356 0.024028
20 0.787413 0.271734 0.020329 0.020970
20 0.826125 0.258410 0.024221 0.021407
20 0.666522 0.268676 0.019031 0.017475
20 0.673875 0.277414 0.019031 0.015727
20 0.897708 0.357361 0.023789 0.024465
20 0.852076 0.333333 0.019031 0.014854
20 0.853157 0.344910 0.017734 0.014417
20 0.834991 0.315640 0.020329 0.018785
20 0.838019 0.367846 0.019464 0.020096
20 0.802984 0.364351 0.019464 0.018349
20 0.800389 0.385540 0.020329 0.017912
20 0.772059 0.322848 0.019031 0.019222
20 0.740701 0.318043 0.020329 0.018349
20 0.745458 0.351900 0.016869 0.017038
20 0.722318 0.356269 0.019896 0.016164
20 0.728157 0.380516 0.020329 0.016601
20 0.742863 0.375928 0.014273 0.017038
20 0.742647 0.414373 0.016436 0.012669
20 0.746107 0.424640 0.018166 0.015727
20 0.800822 0.427261 0.017734 0.013980
20 0.826557 0.416776 0.020761 0.018349
20 0.807958 0.436435 0.017301 0.016601
20 0.734429 0.443207 0.019031 0.017038
20 0.703071 0.430100 0.021194 0.017912
20 0.664576 0.423984 0.022059 0.017912
20 0.678201 0.453910 0.022491 0.020096
20 0.707829 0.449978 0.018599 0.018349
20 0.879974 0.489734 0.019464 0.020096
20 0.809472 0.463521 0.017734 0.016601
20 0.788062 0.479685 0.019031 0.018349
20 0.814230 0.479904 0.018599 0.015291
20 0.734645 0.467016 0.020329 0.016601
20 0.755407 0.491699 0.018599 0.017912
20 0.804498 0.498908 0.017301 0.017475
20 0.824611 0.500437 0.019464 0.017912
20 0.843858 0.513761 0.019031 0.019222
20 0.831315 0.532984 0.019031 0.018349
20 0.771194 0.546745 0.023356 0.021407
20 0.649005 0.490826 0.022059 0.019659
20 0.594074 0.507645 0.021194 0.020096
20 0.553633 0.468108 0.021626 0.021407
20 0.569637 0.410660 0.021626 0.016601
20 0.626946 0.400612 0.022059 0.019222
20 0.601427 0.362822 0.020329 0.017038
20 0.554715 0.367409 0.017734 0.016601
20 0.543685 0.389690 0.018166 0.015727
20 0.972751 0.539974 0.020761 0.019222
20 0.952855 0.544561 0.019031 0.017038
20 0.944637 0.551551 0.019896 0.014417
20 0.949178 0.571647 0.023789 0.021407
20 0.879758 0.582132 0.021626 0.019659
20 0.798875 0.586719 0.023356 0.020970
20 0.748270 0.598952 0.019896 0.019222
20 0.717777 0.549367 0.020329 0.019659
20 0.719074 0.571647 0.016869 0.017038
20 0.711289 0.591962 0.019464 0.018349
20 0.680580 0.596112 0.017734 0.016164
20 0.646843 0.562910 0.019464 0.017038
20 0.644031 0.578637 0.015571 0.014417
20 0.655061 0.597859 0.016003 0.013543
20 0.692042 0.610965 0.014706 0.014417
20 0.653979 0.612931 0.014706 0.013980
20 0.664144 0.616426 0.014273 0.013980
20 0.658088 0.628877 0.014273 0.013543
20 0.638841 0.634557 0.015571 0.013543
20 0.656791 0.642202 0.015138 0.013980
20 0.666522 0.652031 0.012976 0.012669
20 0.713019 0.639362 0.016869 0.017038
20 0.733780 0.647007 0.015138 0.015727
20 0.767517 0.619266 0.017734 0.015291
20 0.766436 0.632372 0.015571 0.015291
20 0.799524 0.628659 0.025519 0.019222
20 0.804282 0.653997 0.019464 0.019222
20 0.840830 0.668851 0.021626 0.019222
20 0.787630 0.670162 0.019031 0.018349
20 0.749135 0.659240 0.014706 0.014854
20 0.730104 0.663827 0.014706 0.014417
20 0.735727 0.674312 0.016436 0.014417
20 0.752595 0.689821 0.016436 0.016601
20 0.793901 0.697903 0.019464 0.018785
20 0.669983 0.678899 0.012976 0.013106
20 0.661981 0.686107 0.016003 0.015291
20 0.618945 0.650939 0.014706 0.013106
20 0.613538 0.641110 0.013408 0.009174
20 0.609862 0.635212 0.012111 0.009611
20 0.612673 0.625164 0.010813 0.009611
20 0.621756 0.616863 0.010813 0.010485
20 0.615701 0.602010 0.011678 0.010485
20 0.611592 0.608344 0.012111 0.012669
20 0.818988 0.702927 0.022059 0.022717
20 0.817907 0.736566 0.022491 0.020970
20 0.812933 0.752730 0.023789 0.021844
20 0.751298 0.737658 0.019031 0.017912
20 0.731401 0.740716 0.015571 0.014417
20 0.741133 0.765400 0.021194 0.022717
20 0.717344 0.766492 0.016869 0.017038
20 0.700476 0.760813 0.016869 0.018785
20 0.715182 0.751201 0.021194 0.018785
20 0.666090 0.753823 0.022491 0.020533
20 0.709775 0.807776 0.021626 0.022717
20 0.699178 0.731979 0.016003 0.015291
20 0.688149 0.721276 0.016436 0.012232
20 0.687284 0.701398 0.016436 0.016164
20 0.710640 0.701180 0.019031 0.017475
20 0.710424 0.713849 0.015138 0.013980
20 0.650519 0.707951 0.019031 0.017038
20 0.574827 0.706859 0.020761 0.018349
20 0.604239 0.740061 0.020761 0.019222
20 0.579585 0.759502 0.020761 0.021407
20 0.548659 0.780253 0.017734 0.015727
20 0.572448 0.806247 0.021194 0.019659
20 0.549524 0.803626 0.018599 0.013543
20 0.554282 0.825470 0.015138 0.016164
20 0.531791 0.820882 0.018599 0.017475
20 0.511029 0.819572 0.030709 0.024465
20 0.485943 0.790301 0.018599 0.018349
20 0.501514 0.786370 0.017734 0.016601
20 0.461289 0.812145 0.021194 0.020096
20 0.525735 0.766929 0.018599 0.015291
20 0.541522 0.761686 0.018166 0.019659
20 0.535035 0.742901 0.016436 0.016164
20 0.522491 0.717125 0.017301 0.012669
20 0.500649 0.730668 0.018599 0.014417
20 0.500000 0.741590 0.014706 0.013543
20 0.482699 0.748799 0.019896 0.015727
20 0.509948 0.706859 0.013841 0.010485
20 0.508867 0.698121 0.012543 0.010485
20 0.532223 0.690695 0.016869 0.015727
20 0.534170 0.673001 0.016436 0.010048
20 0.542388 0.667104 0.015571 0.013980
20 0.541739 0.652905 0.016003 0.012669
20 0.525952 0.648318 0.013841 0.012232
20 0.500649 0.663172 0.012543 0.008737
20 0.503460 0.670817 0.019031 0.011796
20 0.490484 0.690913 0.013841 0.013543
20 0.473183 0.685452 0.015571 0.012232
20 0.473400 0.695063 0.015138 0.013980
20 0.451557 0.733945 0.017301 0.019222
20 0.394464 0.791612 0.025087 0.021844
20 0.375216 0.839668 0.022924 0.020970
20 0.355104 0.897335 0.025087 0.023591
20 0.441825 0.870904 0.022059 0.020533
20 0.475562 0.872870 0.022059 0.020096
20 0.456315 0.846658 0.021626 0.020096
20 0.476211 0.923329 0.020761 0.024028
20 0.577422 0.840542 0.017301 0.016601
20 0.575043 0.856706 0.018599 0.019222
20 0.584775 0.869157 0.019896 0.018785
20 0.606185 0.869812 0.020329 0.016601
20 0.621972 0.855832 0.020761 0.018349
20 0.597102 0.896243 0.018599 0.017912
20 0.615917 0.900612 0.018166 0.017038
20 0.605969 0.916776 0.017301 0.020533
20 0.618296 0.915902 0.018599 0.020533
20 0.631488 0.873962 0.018166 0.016164
20 0.649005 0.876584 0.022059 0.023154
20 0.637111 0.887287 0.019031 0.016601
20 0.186635 0.811490 0.023789 0.024028
20 0.218426 0.790520 0.020761 0.019659
20 0.265355 0.881389 0.019464 0.016164
20 0.288062 0.867628 0.022491 0.023591
20 0.307310 0.832678 0.023789 0.020970
20 0.322881 0.815640 0.018599 0.015727
20 0.330882 0.807339 0.019896 0.020970
20 0.141220 0.680647 0.017734 0.018349
20 0.154196 0.681739 0.013408 0.022280
20 0.165441 0.679118 0.016869 0.019659
20 0.183824 0.661861 0.020761 0.018349
20 0.193772 0.704238 0.019896 0.020096
20 0.225130 0.714286 0.022924 0.020096
20 0.129974 0.629533 0.019464 0.019222
20 0.091912 0.595457 0.022924 0.019222
20 0.157656 0.588030 0.018599 0.017475
20 0.180147 0.581258 0.018599 0.016164
20 0.187067 0.597422 0.020329 0.019659
20 0.307310 0.705985 0.017734 0.018349
20 0.383651 0.715378 0.018166 0.022280
20 0.399438 0.711664 0.018599 0.017475
20 0.390138 0.663609 0.020761 0.017475
20 0.375865 0.640891 0.018166 0.013980
20 0.371972 0.631498 0.016436 0.015291
20 0.432958 0.739843 0.023356 0.017912
20 0.437933 0.693097 0.016869 0.016164
20 0.423227 0.687637 0.016003 0.017475
20 0.340182 0.649192 0.018599 0.020096
20 0.326557 0.629533 0.019896 0.019222
20 0.334559 0.589559 0.013408 0.014417
20 0.343642 0.593491 0.016003 0.017038
20 0.285900 0.581695 0.016436 0.016164
20 0.387760 0.606815 0.017734 0.015727
20 0.400952 0.613805 0.016436 0.016601
20 0.418036 0.610092 0.012543 0.014417
20 0.431877 0.606378 0.017734 0.015727
20 0.443772 0.624072 0.013841 0.013543
20 0.455882 0.634557 0.012976 0.012669
20 0.453503 0.658803 0.016003 0.015727
20 0.467344 0.638488 0.012543 0.012669
20 0.474913 0.667540 0.013841 0.013980
20 0.485943 0.660332 0.013408 0.012669
20 0.456315 0.612931 0.013841 0.013106
20 0.470588 0.619266 0.012111 0.013543
20 0.479888 0.626474 0.013408 0.012232
20 0.496756 0.623635 0.013408 0.014417
20 0.512327 0.626474 0.014273 0.013106
20 0.533737 0.629751 0.014706 0.014417
20 0.532439 0.605941 0.013841 0.016601
20 0.541306 0.611839 0.011678 0.013543
20 0.554715 0.617955 0.011678 0.012669
20 0.560121 0.611839 0.010381 0.010922
20 0.568339 0.616645 0.012111 0.011796
20 0.559040 0.626693 0.010813 0.010922
20 0.569420 0.632809 0.012543 0.011796
20 0.579801 0.644605 0.010813 0.011796
20 0.584343 0.636304 0.010381 0.010922
20 0.591479 0.669069 0.013408 0.018785
20 0.592128 0.647007 0.012111 0.012232
20 0.583261 0.614679 0.012543 0.013106
20 0.590830 0.620795 0.011246 0.013106
20 0.607050 0.618174 0.011678 0.010485
20 0.592993 0.587374 0.016436 0.015291
20 0.588452 0.564002 0.019464 0.019222
20 0.576125 0.585190 0.012976 0.012669
20 0.528330 0.534513 0.018599 0.017912
20 0.570285 0.591525 0.013408 0.013106
20 0.485078 0.539318 0.016869 0.017038
20 0.485078 0.573831 0.017734 0.016164
20 0.473400 0.584972 0.017734 0.015727
20 0.456964 0.573831 0.017734 0.016164
20 0.430147 0.571210 0.016003 0.014417
20 0.416522 0.571865 0.014706 0.013106
20 0.397708 0.559196 0.015138 0.014854
20 0.374784 0.550896 0.016869 0.015727
20 0.421064 0.530799 0.016003 0.015727
20 0.436202 0.528834 0.016003 0.015291
20 0.465830 0.499345 0.013841 0.011359
20 0.472102 0.520533 0.018599 0.017038
20 0.490917 0.491699 0.019896 0.017038
20 0.504109 0.481651 0.018599 0.016164
20 0.513625 0.503495 0.018599 0.017912
20 0.419983 0.492573 0.019031 0.014417
20 0.421280 0.475317 0.018166 0.015727
20 0.358780 0.499345 0.017734 0.018349
20 0.070502 0.557886 0.024221 0.023591
20 0.115917 0.539755 0.016436 0.020533
20 0.124784 0.541284 0.015138 0.016601
20 0.142301 0.525994 0.014706 0.018349
20 0.155493 0.519222 0.021194 0.020533
20 0.103374 0.501747 0.022491 0.017912
20 0.096237 0.449541 0.019464 0.018349
20 0.130623 0.461774 0.020761 0.018349
20 0.212370 0.514198 0.018166 0.018349
20 0.220804 0.534731 0.020329 0.017475
20 0.256704 0.543906 0.017734 0.017475
20 0.239836 0.566186 0.019464 0.017475
20 0.255407 0.581695 0.019464 0.017038
20 0.326557 0.574268 0.017301 0.016164
20 0.306877 0.498034 0.019464 0.017475
20 0.272708 0.486457 0.017734 0.014417
20 0.269896 0.498253 0.019031 0.015291
20 0.329801 0.484709 0.016003 0.016164
20 0.299308 0.470730 0.014706 0.013543
20 0.291955 0.452818 0.015571 0.015291
20 0.269896 0.451944 0.017301 0.013543
20 0.318339 0.461337 0.015571 0.013980
20 0.333045 0.458716 0.014706 0.015727
20 0.355320 0.442988 0.014273 0.013980
20 0.366566 0.459808 0.014273 0.013543
20 0.099048 0.407602 0.023356 0.020096
20 0.134083 0.379860 0.019896 0.017038
20 0.159386 0.391219 0.019464 0.017912
20 0.152682 0.414155 0.020761 0.017475
20 0.167388 0.430319 0.016436 0.015727
20 0.180796 0.422455 0.018166 0.016601
20 0.176471 0.378986 0.017301 0.016164
20 0.171064 0.360201 0.021194 0.018785
20 0.141869 0.364788 0.019031 0.013980
20 0.197232 0.362167 0.019031 0.016601
20 0.214100 0.356269 0.014706 0.017038
20 0.220372 0.345566 0.013408 0.014854
20 0.231401 0.349716 0.014706 0.021407
20 0.280277 0.398209 0.019031 0.017912
20 0.237240 0.420271 0.018599 0.016601
20 0.255407 0.422674 0.016869 0.014417
20 0.259516 0.432285 0.014706 0.014417
20 0.280709 0.342071 0.018166 0.014854
20 0.286116 0.330275 0.016003 0.015727
20 0.296713 0.328309 0.010381 0.015291
20 0.304931 0.322412 0.016436 0.014854
20 0.310770 0.329838 0.016003 0.012232
20 0.306228 0.340323 0.013841 0.012232
20 0.323746 0.337484 0.013408 0.011796
20 0.319853 0.349498 0.015138 0.015727
20 0.334559 0.343600 0.012543 0.010922
20 0.333261 0.352993 0.014273 0.010485
20 0.350346 0.349716 0.010381 0.010048
20 0.357915 0.346658 0.013408 0.012669
20 0.341479 0.333989 0.014273 0.011796
20 0.343426 0.300568 0.016436 0.015727
20 0.335640 0.315422 0.013841 0.010485
20 0.336289 0.322630 0.011678 0.008301
20 0.349265 0.316295 0.010813 0.010485
20 0.362457 0.318043 0.012976 0.012232
20 0.375216 0.316514 0.011678 0.011796
20 0.377163 0.305810 0.012976 0.013106
20 0.386894 0.320664 0.011678 0.010485
20 0.346237 0.323504 0.010813 0.009174
20 0.351427 0.326780 0.009948 0.010485
20 0.359213 0.329183 0.009948 0.012669
20 0.368296 0.329401 0.010813 0.010485
20 0.377595 0.328528 0.011246 0.012232
20 0.389490 0.331367 0.011678 0.011796
20 0.397491 0.302752 0.013841 0.012232
20 0.365917 0.284404 0.014706 0.013980
20 0.396194 0.279598 0.015571 0.013106
20 0.373270 0.271734 0.012976 0.010485
20 0.403979 0.316951 0.012111 0.011796
20 0.411981 0.308869 0.011678 0.012232
20 0.399654 0.329838 0.008651 0.010485
20 0.403763 0.336610 0.009083 0.007427
20 0.405493 0.331367 0.007353 0.007427
20 0.407872 0.326999 0.009516 0.010048
20 0.416306 0.330275 0.010813 0.011359
20 0.354239 0.364788 0.012976 0.013106
20 0.349048 0.373962 0.013841 0.011359
20 0.390571 0.355395 0.012111 0.010922
20 0.398356 0.352337 0.012111 0.010922
20 0.397708 0.366536 0.012543 0.011359
20 0.426038 0.337702 0.009516 0.010485
20 0.422794 0.308432 0.011678 0.010485
20 0.430363 0.312145 0.009516 0.010922
20 0.431228 0.298602 0.010381 0.010048
20 0.435986 0.302097 0.009516 0.011796
20 0.431012 0.346658 0.009948 0.010922
20 0.434256 0.357798 0.012976 0.010485
20 0.438798 0.351027 0.007353 0.007427
20 0.440095 0.343600 0.010813 0.010048
20 0.267734 0.436872 0.014706 0.012232
20 0.278114 0.441241 0.014706 0.013106
20 0.318772 0.406509 0.014706 0.013543
20 0.331531 0.428790 0.014273 0.014417
20 0.345804 0.419834 0.015138 0.013106
20 0.347318 0.407383 0.015571 0.014417
20 0.359429 0.420271 0.012111 0.012232
20 0.369161 0.422237 0.014273 0.013543
20 0.387543 0.418523 0.013841 0.014854
20 0.362024 0.384229 0.013841 0.013543
20 0.375433 0.397335 0.012111 0.012669
20 0.396843 0.400612 0.013408 0.013106
20 0.405926 0.385540 0.012543 0.011796
20 0.403547 0.450852 0.016436 0.014854
20 0.430796 0.459152 0.014706 0.013980
20 0.425822 0.435998 0.017734 0.015727
20 0.433607 0.413936 0.013408 0.012669
20 0.446151 0.421145 0.010813 0.012232
20 0.457612 0.419616 0.014706 0.015291
20 0.430580 0.400612 0.011678 0.011359
20 0.441609 0.403233 0.012976 0.011359
20 0.443555 0.393403 0.012543 0.010922
20 0.431877 0.383137 0.010813 0.010485
20 0.439446 0.382918 0.009516 0.010922
20 0.444637 0.374836 0.011246 0.010485
20 0.539792 0.442770 0.017301 0.016164
20 0.528114 0.397117 0.012111 0.009611
20 0.527465 0.388161 0.012543 0.012669
20 0.519247 0.393840 0.013408 0.013543
20 0.477941 0.406728 0.012976 0.013980
20 0.468209 0.409567 0.009948 0.010922
20 0.465614 0.395806 0.014273 0.011359
20 0.445069 0.354085 0.011246 0.009174
20 0.451341 0.347750 0.011678 0.009611
20 0.477941 0.355395 0.012111 0.011796
20 0.459126 0.367409 0.009948 0.007864
20 0.464100 0.372215 0.012111 0.008737
20 0.467344 0.381171 0.010813 0.012669
20 0.473400 0.384229 0.009083 0.009174
20 0.479888 0.382045 0.010813 0.010922
20 0.484645 0.378113 0.006488 0.008301
20 0.487889 0.379642 0.006920 0.011359
20 0.494593 0.378550 0.009948 0.011796
20 0.501514 0.370249 0.014273 0.012669
20 0.522059 0.369375 0.013841 0.013543
20 0.478157 0.339231 0.012543 0.010922
20 0.457396 0.289209 0.014273 0.013980
20 0.445934 0.292049 0.014706 0.013543
20 0.447881 0.309305 0.013408 0.011359
20 0.447881 0.315858 0.010813 0.008737
20 0.440095 0.316951 0.009083 0.009174
20 0.454585 0.323504 0.010381 0.009174
20 0.466263 0.323941 0.012111 0.009174
20 0.465398 0.313456 0.012976 0.010922
20 0.474265 0.305374 0.014273 0.012232
20 0.476644 0.319572 0.012976 0.011796
20 0.488754 0.314985 0.012976 0.012232
20 0.488971 0.329838 0.012543 0.010485
20 0.523356 0.332896 0.016436 0.014854
20 0.527898 0.318917 0.014273 0.013106
20 0.546497 0.316732 0.017734 0.014854
20 0.522275 0.306029 0.013408 0.013543
20 0.511678 0.307121 0.014706 0.012232
20 0.507353 0.316514 0.015571 0.013543
20 0.505190 0.292704 0.013841 0.013106
20 0.513625 0.272390 0.015138 0.012669
20 0.519247 0.277414 0.015138 0.012232
20 0.543469 0.283311 0.016003 0.016164
20 0.579152 0.294233 0.018166 0.017038
20 0.606401 0.281346 0.018166 0.016601
20 0.607483 0.317388 0.016869 0.016164
20 0.615052 0.347532 0.016436 0.017038
20 0.620458 0.330057 0.011678 0.010922
20 0.623919 0.319572 0.013408 0.011796
20 0.628028 0.326343 0.012111 0.013106
20 0.377811 0.266055 0.016869 0.013980
20 0.393599 0.262342 0.014706 0.014417
20 0.403979 0.262342 0.015571 0.012669
20 0.644464 0.304718 0.018166 0.017038
20 0.645329 0.337920 0.016436 0.016164
20 0.682093 0.340760 0.018166 0.017475
20 0.636894 0.360201 0.018599 0.015291
20 0.642734 0.365225 0.018166 0.016601