21 0.508439 0.221339 0.031224 0.026778
21 0.671730 0.210669 0.027004 0.025523
21 0.647468 0.249582 0.024051 0.029707
21 0.592616 0.292050 0.017300 0.026778
21 0.567511 0.291841 0.027004 0.023849
21 0.270464 0.105439 0.028692 0.032636
21 0.432911 0.093515 0.031224 0.039749
21 0.472363 0.064435 0.029958 0.041004
21 0.515612 0.057741 0.022785 0.030962
21 0.133544 0.276360 0.029958 0.029707
21 0.133333 0.344770 0.021941 0.019247
21 0.107384 0.381172 0.024051 0.022594
21 0.093460 0.404603 0.030802 0.028452
21 0.083755 0.456067 0.034177 0.030962
21 0.109916 0.495816 0.035021 0.028452
21 0.137342 0.435983 0.024051 0.027615
21 0.172363 0.429289 0.025738 0.030962
21 0.201055 0.422803 0.026582 0.026360
21 0.243671 0.433054 0.029114 0.028452
21 0.197679 0.461297 0.024895 0.029707
21 0.206329 0.344351 0.023629 0.026778
21 0.230591 0.360879 0.026582 0.024686
21 0.273207 0.345607 0.030802 0.027615
21 0.225949 0.300628 0.029114 0.029707
21 0.235865 0.276360 0.013502 0.015481
21 0.227426 0.257531 0.027848 0.021339
21 0.047890 0.365272 0.026582 0.035983
21 0.043460 0.529498 0.023629 0.029707
21 0.046624 0.588912 0.030802 0.030544
21 0.043460 0.625732 0.028692 0.023849
21 0.052110 0.648954 0.026582 0.017573
21 0.052954 0.669874 0.024051 0.021757
21 0.147046 0.652510 0.019831 0.016318
21 0.152321 0.679498 0.032911 0.030962
21 0.106540 0.767782 0.035021 0.026778
21 0.121097 0.821339 0.021941 0.019247
21 0.134388 0.802510 0.021519 0.026778
21 0.158650 0.819247 0.022785 0.019247
21 0.172996 0.833682 0.022785 0.026360
21 0.194093 0.823431 0.021941 0.021757
21 0.214768 0.839331 0.031224 0.022594
21 0.246835 0.844142 0.032068 0.024686
21 0.279325 0.846025 0.021941 0.023431
21 0.314979 0.834519 0.024051 0.021339
21 0.336920 0.707741 0.026582 0.038075
21 0.375316 0.708159 0.024895 0.039749
21 0.445570 0.710251 0.028692 0.024686
21 0.368354 0.807531 0.022785 0.032636
21 0.386709 0.812971 0.016456 0.021757
21 0.378481 0.842050 0.022785 0.026360
21 0.398523 0.834728 0.011392 0.017573
21 0.410127 0.846862 0.019409 0.023431
21 0.418776 0.817573 0.010549 0.018410
21 0.436498 0.815900 0.024895 0.027615
21 0.431013 0.851255 0.021519 0.024686
21 0.504641 0.807950 0.031224 0.027615
21 0.480802 0.862552 0.029114 0.028870
21 0.538397 0.879916 0.027848 0.026778
21 0.439873 0.958787 0.021519 0.019665
21 0.457384 0.969038 0.027004 0.028452
21 0.337975 0.947699 0.017722 0.026778
21 0.325527 0.935356 0.017300 0.016318
21 0.318354 0.951674 0.019831 0.016318
21 0.311181 0.931172 0.016456 0.020502
21 0.296835 0.942887 0.020675 0.020502
21 0.288397 0.924895 0.024051 0.026360
21 0.265823 0.904184 0.021941 0.019247
21 0.281013 0.880962 0.017722 0.030544
21 0.300844 0.887866 0.021941 0.027615
21 0.324895 0.886402 0.022785 0.021339
21 0.346203 0.893724 0.026582 0.019247
21 0.354852 0.909623 0.010127 0.013389
21 0.363924 0.895816 0.015612 0.017573
21 0.368565 0.917364 0.016456 0.021339
21 0.377848 0.901883 0.016456 0.024686
21 0.392405 0.916946 0.021941 0.030544
21 0.506118 0.967573 0.017300 0.028870
21 0.522996 0.970293 0.016456 0.028452
21 0.544304 0.974059 0.021941 0.027615
21 0.621519 0.923013 0.022785 0.032636
21 0.652954 0.879289 0.025738 0.034728
21 0.613713 0.872385 0.015612 0.021757
21 0.586287 0.889121 0.024895 0.021757
21 0.585021 0.872803 0.025738 0.017573
21 0.587131 0.859833 0.024051 0.012552
21 0.579536 0.805021 0.011392 0.017573
21 0.601688 0.820293 0.027004 0.019665
21 0.636076 0.808996 0.021519 0.019665
21 0.687764 0.851464 0.014346 0.014226
21 0.681646 0.833264 0.021519 0.017155
21 0.693038 0.817782 0.017300 0.016318
21 0.707384 0.816109 0.012236 0.023849
21 0.616456 0.838912 0.012658 0.014226
21 0.602954 0.839121 0.010127 0.016318
21 0.578692 0.829498 0.017300 0.017155
21 0.588397 0.842887 0.020675 0.019665
21 0.607806 0.729289 0.015612 0.021757
21 0.623629 0.757113 0.018565 0.020502
21 0.643460 0.763180 0.019409 0.022594
21 0.656751 0.761506 0.008017 0.012552
21 0.695992 0.733264 0.030802 0.043933
21 0.683755 0.659623 0.024895 0.023849
21 0.565401 0.715900 0.022785 0.035983
21 0.542405 0.687866 0.025738 0.026778
21 0.511814 0.688075 0.027004 0.033891
21 0.509705 0.615690 0.014346 0.016318
21 0.509705 0.590167 0.022785 0.024686
21 0.546624 0.591213 0.021519 0.028452
21 0.592616 0.575314 0.012236 0.013389
21 0.412447 0.610460 0.020675 0.026778
21 0.386920 0.626569 0.018565 0.023849
21 0.368143 0.635356 0.020675 0.024686
21 0.396835 0.654812 0.026582 0.026778
21 0.722363 0.909414 0.019409 0.029707
21 0.742616 0.896653 0.023629 0.022594
21 0.730380 0.876987 0.021941 0.022594
21 0.730591 0.854812 0.021519 0.023431
21 0.733333 0.663180 0.022785 0.023431
21 0.722574 0.635774 0.020675 0.025523
21 0.620464 0.669456 0.020675 0.017573
21 0.613502 0.648954 0.019409 0.019247
21 0.609916 0.633891 0.008017 0.013389
21 0.616667 0.618828 0.010549 0.012552
21 0.619409 0.630335 0.010127 0.006276
21 0.634810 0.621130 0.020675 0.024686
21 0.627215 0.642678 0.024051 0.018410
21 0.592827 0.633682 0.017722 0.023849
21 0.606118 0.616318 0.016456 0.021757
21 0.599789 0.601255 0.014768 0.018410
21 0.613291 0.585146 0.012236 0.017155
21 0.624262 0.591632 0.016456 0.021757
21 0.638397 0.581381 0.019409 0.021339
21 0.401266 0.532218 0.018565 0.021757
21 0.414979 0.518619 0.021519 0.024686
21 0.447468 0.510669 0.019831 0.023849
21 0.476160 0.513598 0.019831 0.021339
21 0.480380 0.548117 0.024051 0.022594
21 0.630169 0.547908 0.025738 0.024686
21 0.652532 0.546444 0.016456 0.021757
21 0.708439 0.504184 0.018565 0.022594
21 0.698945 0.483054 0.014768 0.023849
21 0.659916 0.456485 0.022785 0.027615
21 0.646835 0.430753 0.017722 0.021339
21 0.624262 0.456485 0.019831 0.019247
21 0.608861 0.444561 0.017722 0.019665
21 0.612025 0.422594 0.014768 0.021757
21 0.590717 0.409623 0.022785 0.021757
21 0.586920 0.432845 0.021941 0.019665
21 0.493249 0.457741 0.018565 0.027615
21 0.471097 0.475314 0.021519 0.021757
21 0.449578 0.480962 0.017300 0.017155
21 0.429958 0.460042 0.019409 0.020502
21 0.425949 0.434310 0.024895 0.022594
21 0.581646 0.375523 0.024051 0.023849
21 0.604219 0.345397 0.019409 0.017155
21 0.578481 0.346234 0.023629 0.028870
21 0.658861 0.307113 0.021519 0.028452
21 0.686287 0.289540 0.019831 0.021757
21 0.680169 0.318410 0.018565 0.022594
21 0.688397 0.333054 0.011392 0.018410
21 0.701688 0.341213 0.023629 0.026360
21 0.713080 0.324686 0.014346 0.010042
21 0.712025 0.306695 0.026582 0.021757
21 0.730169 0.319456 0.021519 0.026360
21 0.701055 0.156067 0.024895 0.030962
21 0.681013 0.104812 0.023629 0.038075
21 0.657806 0.106904 0.019409 0.028870
21 0.628481 0.159205 0.019831 0.028870
21 0.595992 0.128452 0.019831 0.023431
21 0.190717 0.202510 0.019409 0.023431
21 0.210759 0.199582 0.017300 0.028452
21 0.259916 0.160669 0.031224 0.031799
21 0.294515 0.202720 0.021941 0.023849
21 0.277004 0.214644 0.019831 0.021757
21 0.329325 0.226151 0.020675 0.023849
21 0.340506 0.248536 0.022785 0.021757
21 0.330591 0.271967 0.021519 0.023431
21 0.298734 0.278870 0.021941 0.021339
21 0.268987 0.268619 0.020675 0.022594
21 0.257173 0.239121 0.021519 0.019665
21 0.516667 0.134100 0.017300 0.014644
21 0.525105 0.118410 0.024051 0.017573
21 0.517722 0.084519 0.021941 0.017573
21 0.541983 0.070921 0.024895 0.025523
21 0.578270 0.058368 0.020675 0.030544
21 0.607384 0.063598 0.019831 0.022594
21 0.598101 0.082845 0.014768 0.022594
21 0.586076 0.088912 0.014346 0.020502
21 0.621308 0.086820 0.024051 0.023849
21 0.545570 0.128870 0.019409 0.026778
21 0.578903 0.155439 0.022785 0.025523
21 0.564768 0.175941 0.021519 0.029707
21 0.749789 0.144351 0.022785 0.021757
21 0.750633 0.171130 0.027004 0.032636
21 0.789451 0.175314 0.023629 0.026778
21 0.812658 0.203347 0.027004 0.023431
21 0.808439 0.227824 0.022785 0.025523
21 0.836709 0.232008 0.013502 0.015481
21 0.843460 0.251674 0.028692 0.023849
21 0.806118 0.295607 0.029958 0.029707
21 0.747468 0.338703 0.020675 0.023849
21 0.767089 0.345816 0.018565 0.015481
21 0.784388 0.365900 0.014346 0.016318
21 0.889451 0.305439 0.037975 0.026778
21 0.902743 0.359414 0.029958 0.032636
21 0.919409 0.380753 0.031224 0.021757
21 0.923840 0.400209 0.017300 0.015481
21 0.771519 0.482845 0.025738 0.026778
21 0.754008 0.551255 0.027848 0.024686
21 0.765823 0.656904 0.032068 0.028452
21 0.794726 0.763598 0.035021 0.031799
21 0.754641 0.850418 0.024051 0.026360
21 0.803376 0.815690 0.041350 0.028870
21 0.914135 0.750837 0.029114 0.030544
21 0.858439 0.682636 0.038397 0.038912
21 0.907384 0.607531 0.026582 0.032636
21 0.936920 0.634100 0.025738 0.024686
21 0.956118 0.612762 0.028692 0.026360
21 0.781224 0.533891 0.021519 0.026778
21 0.817089 0.511506 0.019831 0.021339
21 0.813924 0.527824 0.022785 0.021339
21 0.833544 0.515272 0.020675 0.026360
21 0.814979 0.562971 0.029114 0.023849
21 0.911603 0.487657 0.026582 0.028870
21 0.915190 0.513598 0.027004 0.025523
21 0.948734 0.512762 0.024051 0.029707
21 0.938819 0.475314 0.027004 0.032636