21 0.564834 0.491361 0.031053 0.035398
21 0.602812 0.497261 0.019723 0.026970
21 0.677927 0.419511 0.032312 0.038348
21 0.731851 0.375053 0.026857 0.022756
21 0.734998 0.401812 0.028116 0.028234
21 0.790600 0.387695 0.029375 0.031184
21 0.821024 0.304888 0.019723 0.024020
21 0.903693 0.322377 0.023919 0.031184
21 0.888166 0.283397 0.038187 0.032448
21 0.876836 0.341761 0.023919 0.035398
21 0.846202 0.464812 0.044901 0.035398
21 0.820394 0.579014 0.020982 0.029499
21 0.885858 0.614623 0.056232 0.038348
21 0.834452 0.745259 0.038187 0.042562
21 0.905791 0.752423 0.033991 0.034134
21 0.883970 0.786979 0.032312 0.032448
21 0.869073 0.818373 0.016786 0.021070
21 0.835292 0.828698 0.028116 0.028234
21 0.660092 0.933418 0.035250 0.031184
21 0.629668 0.970501 0.028116 0.022756
21 0.534620 0.991572 0.026857 0.016856
21 0.565674 0.928993 0.026857 0.045091
21 0.523710 0.921408 0.025178 0.024020
21 0.514058 0.937210 0.009232 0.016013
21 0.486781 0.939107 0.026857 0.034134
21 0.471674 0.883481 0.039446 0.038348
21 0.526227 0.945006 0.020982 0.024020
21 0.560848 0.799621 0.029794 0.034977
21 0.517625 0.787821 0.028955 0.034977
21 0.505036 0.823430 0.035669 0.035398
21 0.464121 0.804046 0.032732 0.040455
21 0.392153 0.800885 0.018044 0.022335
21 0.416072 0.804256 0.028955 0.029920
21 0.414394 0.831648 0.024759 0.022335
21 0.404112 0.865571 0.021821 0.027813
21 0.378095 0.865782 0.027696 0.040034
21 0.311792 0.874421 0.035250 0.039612
21 0.268779 0.846397 0.024759 0.030763
21 0.229962 0.817320 0.027696 0.034134
21 0.207931 0.807417 0.018044 0.023599
21 0.167226 0.773915 0.039866 0.049305
21 0.244230 0.736199 0.031053 0.042984
21 0.220520 0.671302 0.038187 0.050569
21 0.183802 0.654024 0.025178 0.027813
21 0.159883 0.634008 0.027696 0.034134
21 0.314310 0.710914 0.027696 0.027813
21 0.332984 0.690687 0.024759 0.026127
21 0.345573 0.671934 0.024759 0.028234
21 0.293747 0.772019 0.020982 0.026970
21 0.315149 0.774547 0.023500 0.020228
21 0.314729 0.793089 0.023500 0.015171
21 0.479018 0.706490 0.029794 0.034134
21 0.507344 0.654867 0.021821 0.026127
21 0.581620 0.651075 0.020982 0.021913
21 0.567772 0.709440 0.020143 0.018963
21 0.574906 0.690055 0.020982 0.023177
21 0.616869 0.700379 0.025178 0.027813
21 0.650441 0.694058 0.029375 0.032870
21 0.604490 0.619048 0.034830 0.037084
21 0.680025 0.563422 0.028955 0.032027
21 0.597776 0.545091 0.026437 0.016435
21 0.608477 0.569532 0.039446 0.029920
21 0.511330 0.580910 0.023919 0.026549
21 0.491397 0.590813 0.023500 0.027813
21 0.516156 0.606827 0.025178 0.021913
21 0.447125 0.602613 0.022241 0.025284
21 0.448175 0.627265 0.025178 0.032448
21 0.471465 0.613991 0.023080 0.021070
21 0.482165 0.634640 0.025178 0.026127
21 0.386488 0.633165 0.031053 0.026549
21 0.377465 0.604298 0.013009 0.014328
21 0.365715 0.609566 0.014687 0.018963
21 0.347671 0.602191 0.024759 0.025284
21 0.402224 0.590813 0.017205 0.019385
21 0.371171 0.575643 0.023080 0.032870
21 0.438313 0.549305 0.024759 0.029920
21 0.373059 0.535820 0.025178 0.028234
21 0.398028 0.513696 0.026437 0.021913
21 0.287453 0.554151 0.014268 0.016013
21 0.294377 0.594817 0.012170 0.010535
21 0.301511 0.583439 0.024759 0.024863
21 0.305287 0.556679 0.018044 0.021913
21 0.328158 0.574589 0.025178 0.028234
21 0.202896 0.562158 0.014687 0.014328
21 0.219891 0.577750 0.026857 0.027813
21 0.250315 0.528445 0.029794 0.032870
21 0.218003 0.518542 0.014687 0.028234
21 0.200168 0.516435 0.020143 0.026549
21 0.198489 0.466287 0.029375 0.032448
21 0.251993 0.467552 0.018884 0.032448
21 0.284515 0.468605 0.015107 0.032870
21 0.393621 0.463759 0.019303 0.013064
21 0.392572 0.483354 0.022241 0.026127
21 0.415653 0.482090 0.020562 0.029499
21 0.182963 0.230931 0.015107 0.016013
21 0.150231 0.247366 0.029375 0.027813
21 0.181494 0.185630 0.023919 0.034977
21 0.196601 0.200169 0.028116 0.026970
21 0.224087 0.191951 0.020143 0.026549
21 0.243181 0.177623 0.023080 0.036662
21 0.303189 0.168142 0.032312 0.033713
21 0.326060 0.229456 0.026857 0.034977
21 0.243391 0.221871 0.026857 0.029077
21 0.224717 0.266330 0.030634 0.032870
21 0.379773 0.234513 0.031053 0.034977
21 0.379144 0.275179 0.018884 0.021913
21 0.352287 0.289928 0.024759 0.026970
21 0.460974 0.313738 0.020562 0.018121
21 0.437893 0.324062 0.022241 0.023599
21 0.474192 0.337547 0.023500 0.021913
21 0.440831 0.347872 0.023919 0.024863
21 0.463491 0.355879 0.023080 0.018963
21 0.458875 0.372946 0.023080 0.023599
21 0.436005 0.371892 0.023500 0.016435
21 0.428871 0.391698 0.023500 0.018121
21 0.395300 0.369996 0.021821 0.026127
21 0.377256 0.330805 0.020143 0.019385
21 0.362988 0.349558 0.021821 0.028234
21 0.354175 0.375263 0.019303 0.014749
21 0.346202 0.362621 0.015946 0.013064
21 0.329836 0.347872 0.015107 0.018963
21 0.321863 0.382006 0.014268 0.008850
21 0.305497 0.358407 0.027696 0.028234
21 0.412505 0.168984 0.021821 0.026970
21 0.436844 0.182048 0.027696 0.027813
21 0.518674 0.202486 0.025178 0.029077
21 0.555392 0.245048 0.023080 0.028234
21 0.523710 0.275179 0.031053 0.026970
21 0.586446 0.232617 0.028116 0.031184
21 0.620436 0.275390 0.012170 0.013064
21 0.609316 0.285082 0.021821 0.020649
21 0.592111 0.266330 0.023500 0.021070
21 0.648133 0.243574 0.026437 0.027813
21 0.679815 0.288243 0.020143 0.021070
21 0.663240 0.307206 0.024759 0.027813
21 0.637222 0.322798 0.023080 0.025284
21 0.590852 0.329119 0.015946 0.019385
21 0.567142 0.322798 0.018884 0.017699
21 0.531053 0.328698 0.024759 0.019385
21 0.501469 0.353772 0.021821 0.020649
21 0.516366 0.365360 0.026437 0.027813
21 0.535669 0.362621 0.016366 0.013064
21 0.542174 0.382006 0.027696 0.020649
21 0.563575 0.374210 0.025178 0.026970
21 0.577004 0.356721 0.031893 0.034134
21 0.574486 0.346397 0.003357 0.000000
21 0.695132 0.181205 0.023080 0.019385
21 0.707721 0.204383 0.023080 0.019385
21 0.750315 0.179098 0.015946 0.015171
21 0.756399 0.228824 0.028955 0.025284
21 0.726815 0.254109 0.026018 0.025284
21 0.707512 0.259587 0.015946 0.021913
21 0.790180 0.214496 0.021821 0.029499
21 0.814520 0.206279 0.020982 0.023177
21 0.850189 0.226507 0.027696 0.035820
21 0.415023 0.434471 0.020982 0.014328
21 0.396349 0.418036 0.018044 0.014328
21 0.413554 0.417193 0.022241 0.017699
21 0.400336 0.402655 0.017625 0.013064
21 0.370122 0.394648 0.026857 0.026549
21 0.292069 0.379899 0.021821 0.014749
21 0.281368 0.349979 0.012170 0.018963
21 0.269198 0.371471 0.028116 0.024863
21 0.413554 0.089971 0.028116 0.035820
21 0.386697 0.095870 0.023080 0.026549
21 0.508183 0.141593 0.047000 0.031184
21 0.584767 0.083649 0.034830 0.040034
21 0.627360 0.093131 0.040285 0.040455
21 0.332564 0.144753 0.020562 0.022335
21 0.312002 0.123894 0.029794 0.032027
21 0.224297 0.139275 0.029794 0.029920
21 0.135543 0.290771 0.020143 0.032027
21 0.114981 0.293300 0.020982 0.021070
21 0.037977 0.309735 0.023080 0.016013
21 0.041964 0.332280 0.027696 0.018963
21 0.119597 0.318373 0.023500 0.018963
21 0.098196 0.336915 0.023500 0.024020
21 0.055602 0.364307 0.033991 0.024020
21 0.075325 0.402444 0.018044 0.021913
21 0.070290 0.420986 0.017205 0.013485
21 0.107218 0.414665 0.029794 0.031184
21 0.102812 0.472819 0.020982 0.023599
21 0.040705 0.434893 0.027696 0.033713
21 0.055812 0.469869 0.026857 0.026127
21 0.069450 0.482512 0.023919 0.025284
21 0.048468 0.497893 0.029794 0.026549
21 0.049517 0.534555 0.035250 0.028234
21 0.054343 0.616098 0.035669 0.037927
21 0.117499 0.660978 0.026857 0.040877
21 0.672891 0.137800 0.028955 0.026970
21 0.808435 0.123472 0.023919 0.029499
21 0.626521 0.047830 0.017625 0.020649
21 0.802770 0.158660 0.018464 0.024863
21 0.790180 0.175938 0.029375 0.045091
21 0.771507 0.160346 0.023080 0.041719
21 0.756190 0.165613 0.029375 0.034555
21 0.730172 0.192162 0.020982 0.096924
21 0.695132 0.122208 0.019723 0.036241
21 0.714645 0.129161 0.020982 0.023177
21 0.706253 0.154446 0.027696 0.021492