21 0.485925 0.026661 0.038978 0.040210
21 0.513426 0.048733 0.036812 0.042395
21 0.568644 0.042614 0.043309 0.042395
21 0.619749 0.055507 0.041576 0.041084
21 0.620615 0.106643 0.039844 0.032343
21 0.632741 0.142483 0.034647 0.038462
21 0.616934 0.132430 0.029017 0.034965
21 0.593114 0.132212 0.027285 0.032780
21 0.568861 0.113199 0.033348 0.034091
21 0.540061 0.110577 0.031182 0.031469
21 0.521871 0.098339 0.035513 0.032343
21 0.474448 0.103802 0.029883 0.032780
21 0.449762 0.105988 0.039411 0.037150
21 0.495669 0.121066 0.022087 0.029720
21 0.508229 0.120411 0.015158 0.026661
21 0.520572 0.126311 0.021654 0.025350
21 0.566479 0.140079 0.024253 0.026661
21 0.578605 0.171329 0.031182 0.030594
21 0.558683 0.160402 0.019922 0.026224
21 0.544608 0.159528 0.022087 0.029720
21 0.528151 0.154939 0.020355 0.027535
21 0.513209 0.155813 0.019056 0.029283
21 0.500000 0.154720 0.028151 0.030594
21 0.480728 0.138330 0.031182 0.031031
21 0.398657 0.030813 0.038545 0.026661
21 0.372239 0.061189 0.027285 0.034091
21 0.363577 0.122159 0.035946 0.034528
21 0.349935 0.064030 0.028584 0.032780
21 0.330230 0.069930 0.025552 0.029720
21 0.322650 0.042614 0.030316 0.017045
21 0.298398 0.047421 0.020788 0.016171
21 0.302295 0.060096 0.030316 0.018794
21 0.292984 0.083260 0.027285 0.028409
21 0.297531 0.104895 0.032915 0.025350
21 0.270896 0.092439 0.027285 0.028409
21 0.268515 0.117133 0.033781 0.028846
21 0.282373 0.152535 0.025985 0.031469
21 0.299047 0.155157 0.021221 0.031469
21 0.311174 0.163243 0.023820 0.025787
21 0.320702 0.173951 0.017757 0.026224
21 0.341923 0.161713 0.020355 0.020979
21 0.357731 0.169799 0.025985 0.033654
21 0.336942 0.178103 0.026851 0.029283
21 0.363794 0.197334 0.026851 0.027535
21 0.345388 0.197990 0.024686 0.027098
21 0.310091 0.184878 0.028584 0.025350
21 0.289952 0.199301 0.024686 0.026224
21 0.435470 0.197552 0.032482 0.030594
21 0.463837 0.186844 0.028584 0.029283
21 0.548289 0.220498 0.031182 0.030157
21 0.545691 0.244318 0.033781 0.033217
21 0.527068 0.222028 0.024253 0.027098
21 0.516457 0.210446 0.018623 0.024913
21 0.500866 0.216565 0.021221 0.029283
21 0.509961 0.227710 0.027285 0.023601
21 0.482460 0.214598 0.027718 0.025350
21 0.467951 0.223558 0.020355 0.027535
21 0.456042 0.214379 0.020788 0.025787
21 0.488523 0.244974 0.027718 0.027535
21 0.477479 0.259397 0.025552 0.021416
21 0.466652 0.272509 0.026418 0.031906
21 0.454959 0.249126 0.027285 0.027098
21 0.413166 0.223776 0.038112 0.031469
21 0.388480 0.246503 0.026851 0.027098
21 0.375271 0.254808 0.031615 0.028846
21 0.419662 0.263112 0.025985 0.022727
21 0.438718 0.267920 0.023387 0.027972
21 0.420745 0.283654 0.032482 0.027098
21 0.382417 0.291740 0.033781 0.036276
21 0.351667 0.289773 0.034647 0.031469
21 0.357081 0.233173 0.027285 0.022290
21 0.350368 0.215691 0.025985 0.024038
21 0.338242 0.231862 0.026851 0.031031
21 0.305110 0.217002 0.031615 0.029283
21 0.309008 0.247378 0.035080 0.034091
21 0.280424 0.270105 0.034214 0.030594
21 0.511477 0.269012 0.030316 0.031031
21 0.541793 0.278191 0.028584 0.035402
21 0.467518 0.326267 0.042010 0.033654
21 0.580121 0.322334 0.035946 0.039773
21 0.604374 0.320149 0.022954 0.025787
21 0.768731 0.171329 0.038112 0.037587
21 0.796449 0.195149 0.043309 0.032780
21 0.804244 0.217876 0.035513 0.030157
21 0.794716 0.280813 0.035513 0.038024
21 0.750974 0.298951 0.039844 0.034091
21 0.783023 0.310533 0.035513 0.036276
21 0.838458 0.315559 0.036379 0.032343
21 0.864660 0.346154 0.039411 0.035839
21 0.801429 0.337850 0.035080 0.031469
21 0.821568 0.353147 0.033781 0.034965
21 0.823950 0.404065 0.034214 0.035402
21 0.792334 0.397072 0.038545 0.031906
21 0.865310 0.424388 0.037246 0.035839
21 0.852317 0.443837 0.030316 0.028409
21 0.823300 0.440778 0.028584 0.031031
21 0.799047 0.437500 0.032049 0.032343
21 0.847553 0.461320 0.030316 0.029283
21 0.806843 0.479458 0.028584 0.032343
21 0.858164 0.484047 0.032482 0.031031
21 0.727804 0.379371 0.033348 0.033217
21 0.687311 0.359703 0.036379 0.024476
21 0.692074 0.378278 0.032049 0.023164
21 0.704851 0.390297 0.027285 0.024476
21 0.692941 0.404283 0.032915 0.026224
21 0.726938 0.402753 0.033348 0.024038
21 0.732785 0.426355 0.038112 0.035402
21 0.646167 0.404502 0.026851 0.030157
21 0.623863 0.400568 0.028151 0.028409
21 0.586834 0.361014 0.033781 0.024476
21 0.571243 0.369537 0.023387 0.023164
21 0.587700 0.381556 0.034647 0.027972
21 0.577090 0.403846 0.035946 0.030594
21 0.644651 0.466346 0.036812 0.034965
21 0.668038 0.470061 0.029883 0.024913
21 0.658510 0.488199 0.035946 0.027972
21 0.574058 0.498033 0.029883 0.028409
21 0.597012 0.501311 0.021221 0.025350
21 0.613252 0.503278 0.024253 0.025787
21 0.629493 0.514642 0.022954 0.024913
21 0.819402 0.491477 0.025119 0.027535
21 0.841923 0.497815 0.025119 0.030594
21 0.839324 0.521416 0.030316 0.027972
21 0.816371 0.529720 0.039844 0.034965
21 0.838025 0.561844 0.038112 0.038899
21 0.722824 0.557692 0.032915 0.035839
21 0.750325 0.572552 0.036812 0.035839
21 0.772412 0.602928 0.035946 0.033654
21 0.752274 0.624126 0.036379 0.034091
21 0.677783 0.618007 0.019922 0.023601
21 0.694240 0.621285 0.026851 0.027535
21 0.737982 0.656031 0.031182 0.027972
21 0.664357 0.629371 0.016457 0.025350
21 0.650498 0.633523 0.021654 0.027535
21 0.679948 0.636801 0.024253 0.022727
21 0.629926 0.614729 0.032482 0.023164
21 0.671286 0.556600 0.031182 0.029283
21 0.660243 0.544362 0.025552 0.029283
21 0.645301 0.547203 0.024253 0.026224
21 0.624296 0.542614 0.033348 0.027535
21 0.604158 0.555507 0.024253 0.022727
21 0.632958 0.569056 0.020355 0.020979
21 0.634907 0.587194 0.019056 0.022290
21 0.618450 0.596154 0.024253 0.017483
21 0.608705 0.588724 0.022087 0.023601
21 0.621048 0.585883 0.014725 0.017045
21 0.617583 0.574301 0.025985 0.023601
21 0.591598 0.571460 0.022521 0.020542
21 0.588566 0.585009 0.025119 0.023164
21 0.593980 0.540647 0.024686 0.019231
21 0.609788 0.519449 0.020788 0.018794
21 0.591165 0.521635 0.028584 0.028409
21 0.571026 0.519231 0.020355 0.023601
21 0.557601 0.525568 0.023820 0.024038
21 0.556301 0.551355 0.029883 0.022290
21 0.579472 0.553103 0.025985 0.024038
21 0.568644 0.571897 0.021654 0.019668
21 0.554353 0.570586 0.017324 0.013549
21 0.554786 0.584135 0.024253 0.017045
21 0.567562 0.587413 0.021221 0.015734
21 0.564530 0.601836 0.031615 0.023601
21 0.586184 0.640079 0.031615 0.028409
21 0.595929 0.658435 0.027718 0.024038
21 0.558467 0.647946 0.026418 0.025787
21 0.626462 0.640953 0.030749 0.029283
21 0.645734 0.652972 0.018190 0.022727
21 0.666306 0.657561 0.029017 0.025787
21 0.862928 0.660402 0.041143 0.041084
21 0.819619 0.668051 0.029017 0.032780
21 0.800780 0.667177 0.025985 0.024038
21 0.766349 0.672640 0.027285 0.032343
21 0.720009 0.665210 0.028151 0.030594
21 0.731702 0.678759 0.030749 0.026224
21 0.694890 0.677885 0.031615 0.028846
21 0.739498 0.753059 0.038545 0.036713
21 0.652663 0.731206 0.030316 0.028846
21 0.673668 0.750656 0.032482 0.031906
21 0.660026 0.765516 0.027718 0.026661
21 0.646167 0.779283 0.026851 0.027972
21 0.663058 0.796110 0.036379 0.031906
21 0.627544 0.791521 0.025985 0.030594
21 0.605457 0.789991 0.027718 0.029283
21 0.588133 0.765953 0.027718 0.033654
21 0.548073 0.774694 0.035946 0.032780
21 0.618450 0.718313 0.029450 0.026661
21 0.627977 0.696678 0.026851 0.027972
21 0.632958 0.668706 0.022087 0.024476
21 0.644002 0.678103 0.019056 0.023164
21 0.658294 0.672203 0.022521 0.026224
21 0.608705 0.688593 0.025552 0.028409
21 0.588350 0.696678 0.028151 0.022727
21 0.574058 0.673733 0.024686 0.023164
21 0.566046 0.682474 0.022521 0.023164
21 0.559333 0.697552 0.029017 0.020979
21 0.563447 0.720061 0.032049 0.028409
21 0.548289 0.738199 0.029450 0.029720
21 0.535946 0.675262 0.021221 0.020105
21 0.794067 0.687937 0.027285 0.028846
21 0.684712 0.847465 0.037246 0.036713
21 0.625812 0.877622 0.038112 0.040210
21 0.519272 0.809441 0.038978 0.039336
21 0.479861 0.857736 0.029450 0.028409
21 0.492421 0.886364 0.034647 0.032343
21 0.470983 0.883086 0.029883 0.031031
21 0.454742 0.858829 0.033781 0.033217
21 0.424426 0.814248 0.032049 0.027972
21 0.425942 0.858610 0.028151 0.029283
21 0.404937 0.860140 0.025119 0.030594
21 0.386531 0.862107 0.031615 0.034528
21 0.364660 0.898820 0.037246 0.037150
21 0.390645 0.928540 0.041576 0.039773
21 0.423777 0.886145 0.033348 0.031031
21 0.407536 0.899913 0.026851 0.027972
21 0.393244 0.889860 0.030316 0.025350
21 0.429190 0.785839 0.025985 0.024476
21 0.409485 0.786276 0.022087 0.028846
21 0.381550 0.789773 0.027718 0.019231
21 0.385232 0.802885 0.023820 0.016608
21 0.387614 0.814904 0.023387 0.020542
21 0.375054 0.825830 0.026851 0.024038
21 0.366609 0.806818 0.022087 0.020979
21 0.468385 0.760927 0.029017 0.024476
21 0.469251 0.778191 0.033348 0.024913
21 0.502815 0.762675 0.029450 0.024476
21 0.505630 0.744318 0.026418 0.029720
21 0.531182 0.734921 0.027285 0.031906
21 0.504764 0.716128 0.030749 0.027535
21 0.515375 0.683348 0.023387 0.020542
21 0.497835 0.677666 0.031615 0.032780
21 0.520788 0.668488 0.023820 0.025787
21 0.533131 0.662369 0.023387 0.024913
21 0.519272 0.636801 0.030316 0.025350
21 0.452360 0.661276 0.029883 0.028846
21 0.433304 0.631337 0.022954 0.025787
21 0.412949 0.630900 0.028151 0.028409
21 0.411000 0.680288 0.033781 0.032780
21 0.406020 0.725087 0.036812 0.033217
21 0.361412 0.680726 0.032482 0.030157
21 0.352100 0.726836 0.034647 0.030594
21 0.384366 0.656031 0.022954 0.025350
21 0.369207 0.652753 0.025552 0.027535
21 0.376570 0.631774 0.029883 0.025787
21 0.467085 0.625656 0.022954 0.024913
21 0.481161 0.622159 0.026851 0.024913
21 0.518406 0.610140 0.026851 0.027098
21 0.324383 0.863199 0.034647 0.036713
21 0.267865 0.847465 0.035080 0.030594
21 0.344088 0.818619 0.020355 0.025350
21 0.346687 0.796766 0.020355 0.019231
21 0.340407 0.779502 0.026851 0.027535
21 0.326981 0.777098 0.026851 0.026224
21 0.329363 0.798514 0.023820 0.019231
21 0.329796 0.816215 0.018623 0.024913
21 0.319402 0.815997 0.018623 0.026224
21 0.305544 0.800918 0.026418 0.025787
21 0.306626 0.820367 0.021654 0.025350
21 0.291035 0.821897 0.021654 0.023164
21 0.288437 0.801355 0.024253 0.029283
21 0.305327 0.771198 0.026851 0.029283
21 0.283023 0.769231 0.029017 0.026224
21 0.263317 0.753934 0.031182 0.026224
21 0.263101 0.778409 0.030749 0.029720
21 0.271330 0.807692 0.022954 0.026224
21 0.260286 0.816871 0.018190 0.017483
21 0.207882 0.740166 0.037246 0.029283
21 0.212646 0.766171 0.033781 0.028846
21 0.203118 0.792395 0.028584 0.030594
21 0.223257 0.786713 0.027285 0.025350
21 0.242529 0.786713 0.025985 0.025350
21 0.229104 0.804414 0.021654 0.023164
21 0.149415 0.769449 0.039844 0.037150
21 0.123214 0.746066 0.041143 0.035839
21 0.161109 0.685096 0.040710 0.032780
21 0.109355 0.688374 0.033348 0.027098
21 0.110871 0.705638 0.031182 0.024038
21 0.126029 0.710446 0.030316 0.030157
21 0.119532 0.656250 0.032915 0.029283
21 0.094413 0.651661 0.025119 0.029720
21 0.074708 0.647946 0.031615 0.029283
21 0.084236 0.624781 0.029017 0.027535
21 0.286488 0.677666 0.033348 0.036276
21 0.310091 0.667395 0.029450 0.027098
21 0.312473 0.684222 0.032482 0.027535
21 0.339757 0.656250 0.028151 0.028409
21 0.334560 0.619100 0.032482 0.031906
21 0.260069 0.622159 0.034214 0.021416
21 0.265483 0.611888 0.026851 0.019231
21 0.043092 0.620629 0.031615 0.033217
21 0.069078 0.615603 0.027285 0.029283
21 0.171936 0.582605 0.034647 0.033217
21 0.195756 0.575612 0.026851 0.028846
21 0.176267 0.549388 0.031182 0.027098
21 0.185795 0.530157 0.035513 0.029720
21 0.223257 0.584135 0.029883 0.034528
21 0.248592 0.598558 0.025985 0.031906
21 0.271979 0.600087 0.029450 0.028846
21 0.281724 0.568182 0.031615 0.033217
21 0.254439 0.564685 0.028151 0.029720
21 0.253356 0.533217 0.034647 0.029720
21 0.343655 0.570804 0.027285 0.027972
21 0.349935 0.599650 0.027718 0.027098
21 0.365310 0.578234 0.023820 0.030594
21 0.387397 0.578671 0.023820 0.034091
21 0.395409 0.605551 0.027718 0.032780
21 0.092681 0.513549 0.032915 0.032343
21 0.503898 0.592439 0.028151 0.029283
21 0.476613 0.602054 0.030749 0.024913
21 0.480078 0.583698 0.032482 0.025787
21 0.443915 0.578234 0.032915 0.029720
21 0.410134 0.579545 0.034647 0.027098
21 0.403638 0.537587 0.032049 0.034091
21 0.441100 0.523820 0.031615 0.024913
21 0.446947 0.505245 0.031182 0.023601
21 0.507579 0.500437 0.032915 0.034091
21 0.516241 0.543051 0.027718 0.026661
21 0.526851 0.564904 0.024686 0.025787
21 0.507796 0.564030 0.019489 0.025787
21 0.491122 0.563156 0.022521 0.027535
21 0.306843 0.507430 0.035080 0.034091
21 0.255955 0.496722 0.037246 0.031031
21 0.567129 0.422640 0.034214 0.032343
21 0.544825 0.371503 0.028584 0.030594
21 0.534430 0.393575 0.033781 0.030157
21 0.522087 0.414117 0.031615 0.034528
21 0.490905 0.432692 0.032482 0.033217
21 0.467085 0.425481 0.027285 0.029283
21 0.415981 0.409528 0.042010 0.036713
21 0.363577 0.339161 0.035946 0.033217
21 0.295583 0.356425 0.035080 0.036276
21 0.271113 0.366259 0.029450 0.030594
21 0.252707 0.375000 0.031615 0.025350
21 0.254656 0.395105 0.034647 0.027972
21 0.234734 0.409091 0.033781 0.027972
21 0.233218 0.432692 0.032482 0.027972
21 0.253573 0.450175 0.030749 0.030594
21 0.275660 0.458916 0.029883 0.030594
21 0.152663 0.507867 0.028151 0.021853
21 0.148766 0.492133 0.025552 0.021853
21 0.128844 0.496722 0.024686 0.024913
21 0.136206 0.478365 0.030749 0.024038
21 0.081854 0.491259 0.035513 0.030594
21 0.063014 0.477054 0.033348 0.026661
21 0.070377 0.458698 0.028151 0.023164
21 0.081854 0.437063 0.030316 0.025350
21 0.041143 0.461538 0.032915 0.027972
21 0.022087 0.442745 0.024253 0.027972
21 0.037679 0.431818 0.020788 0.021853
21 0.054569 0.437063 0.017324 0.013986
21 0.035513 0.416740 0.020788 0.019668
21 0.061715 0.426573 0.027285 0.018357
21 0.054786 0.413462 0.023820 0.015734
21 0.065829 0.397072 0.022521 0.024038
21 0.049372 0.400787 0.025985 0.024476
21 0.034430 0.392701 0.025552 0.026661
21 0.196622 0.371285 0.034647 0.037150
21 0.098311 0.364510 0.027718 0.023601
21 0.096362 0.388986 0.022954 0.027098
21 0.091165 0.338287 0.030749 0.027098
21 0.066046 0.338724 0.026418 0.026224
21 0.059117 0.372596 0.030749 0.020542
21 0.049589 0.380245 0.027285 0.020105
21 0.030749 0.362325 0.018190 0.021853
21 0.046340 0.354021 0.024253 0.025350
21 0.044608 0.338942 0.019922 0.016171
21 0.048073 0.325393 0.020788 0.021416
21 0.135340 0.282343 0.037679 0.035839
21 0.092248 0.302885 0.034647 0.027098
21 0.068644 0.292177 0.026418 0.030157
21 0.071893 0.275350 0.019922 0.024476
21 0.088783 0.269886 0.024253 0.025787
21 0.084885 0.247815 0.022521 0.026224
21 0.106107 0.254589 0.029450 0.031906
21 0.138155 0.200612 0.032915 0.025350
21 0.142486 0.173077 0.023387 0.027098
21 0.132741 0.186189 0.027285 0.021853
21 0.182763 0.218313 0.030316 0.035402
21 0.207016 0.223995 0.033781 0.024038
21 0.209181 0.243226 0.029450 0.024913
21 0.256605 0.251748 0.029017 0.028846
21 0.262018 0.235577 0.026851 0.024476
21 0.234950 0.217220 0.029017 0.027972
21 0.247726 0.196897 0.025985 0.031031
21 0.268948 0.200612 0.025119 0.028846
21 0.206366 0.109921 0.031615 0.027535
21 0.240797 0.090909 0.029450 0.027098