21 0.122292 0.779873 0.026250 0.029237
21 0.144583 0.796398 0.020833 0.022458
21 0.156667 0.812924 0.020833 0.019068
21 0.152500 0.834958 0.016667 0.021610
21 0.171667 0.826059 0.022500 0.026695
21 0.180833 0.850424 0.025833 0.023729
21 0.219167 0.894915 0.028333 0.032203
21 0.263125 0.894068 0.026250 0.025424
21 0.262292 0.924153 0.025417 0.029661
21 0.297500 0.925424 0.010833 0.007627
21 0.309375 0.918856 0.013750 0.019915
21 0.341042 0.898941 0.025417 0.030085
21 0.364167 0.918432 0.027500 0.027542
21 0.382917 0.937288 0.007500 0.010169
21 0.398542 0.929025 0.018750 0.025000
21 0.312083 0.720975 0.025833 0.025847
21 0.341042 0.746822 0.023750 0.025847
21 0.361042 0.726695 0.022917 0.024576
21 0.346875 0.697034 0.017917 0.022881
21 0.388125 0.712712 0.024583 0.024576
21 0.391875 0.736441 0.025417 0.025424
21 0.426875 0.722669 0.016250 0.019915
21 0.338125 0.950212 0.021250 0.025847
21 0.360208 0.959110 0.013750 0.017373
21 0.386458 0.960169 0.020417 0.024576
21 0.103542 0.739195 0.022917 0.028390
21 0.081042 0.717161 0.020417 0.016525
21 0.079792 0.739619 0.021250 0.022458
21 0.078125 0.691102 0.013750 0.020339
21 0.063542 0.700847 0.019583 0.017797
21 0.052500 0.683475 0.023333 0.019492
21 0.048958 0.661653 0.023750 0.021610
21 0.168542 0.637500 0.019583 0.020763
21 0.205208 0.575424 0.027083 0.038136
21 0.261042 0.610381 0.022083 0.028390
21 0.284167 0.602542 0.014167 0.014407
21 0.264792 0.543856 0.010417 0.013136
21 0.283125 0.544915 0.019583 0.022881
21 0.304375 0.570339 0.025417 0.024576
21 0.321458 0.606356 0.025417 0.022034
21 0.308750 0.629237 0.027500 0.025424
21 0.282708 0.622669 0.021250 0.025847
21 0.317292 0.669915 0.027083 0.027966
21 0.363542 0.645127 0.022917 0.032627
21 0.079167 0.589407 0.023333 0.024576
21 0.049583 0.573517 0.023333 0.025847
21 0.024167 0.580932 0.022500 0.022881
21 0.039375 0.602966 0.026250 0.024576
21 0.059792 0.540678 0.041250 0.033898
21 0.424375 0.596610 0.013750 0.018644
21 0.402083 0.593856 0.015833 0.019915
21 0.394583 0.565466 0.023333 0.024153
21 0.385833 0.581568 0.016667 0.015678
21 0.382917 0.600847 0.020833 0.019492
21 0.356875 0.587924 0.021250 0.024153
21 0.364792 0.566314 0.019583 0.019915
21 0.344583 0.570127 0.019167 0.022458
21 0.019792 0.484958 0.029583 0.030932
21 0.028333 0.450636 0.026667 0.021610
21 0.034167 0.418644 0.025000 0.031356
21 0.058125 0.421610 0.022083 0.026271
21 0.077083 0.395551 0.020000 0.025847
21 0.090000 0.419068 0.025833 0.025424
21 0.072083 0.448729 0.029167 0.024576
21 0.105833 0.463347 0.020833 0.035169
21 0.072917 0.490466 0.032500 0.040254
21 0.238958 0.504449 0.022917 0.028390
21 0.245208 0.478178 0.019583 0.021610
21 0.255208 0.504873 0.008750 0.019068
21 0.271875 0.487076 0.028750 0.047034
21 0.289375 0.512712 0.012917 0.016949
21 0.298958 0.490042 0.017083 0.015678
21 0.301042 0.471822 0.018750 0.015678
21 0.311667 0.502331 0.021667 0.019915
21 0.313125 0.526059 0.023750 0.025000
21 0.263333 0.456780 0.015000 0.016102
21 0.254167 0.449576 0.016667 0.016102
21 0.259375 0.434110 0.020417 0.017373
21 0.279375 0.431568 0.019583 0.018220
21 0.300208 0.446398 0.019583 0.019915
21 0.253958 0.415678 0.014583 0.016102
21 0.275208 0.411864 0.024583 0.022034
21 0.294792 0.385805 0.017917 0.019068
21 0.318750 0.390678 0.019167 0.022881
21 0.323125 0.352542 0.022083 0.024576
21 0.365000 0.342585 0.017500 0.019068
21 0.079167 0.337924 0.019167 0.019915
21 0.092708 0.323941 0.015417 0.024153
21 0.074375 0.312924 0.021250 0.019915
21 0.076458 0.293008 0.020417 0.022458
21 0.092917 0.277754 0.020000 0.025000
21 0.295833 0.333898 0.025833 0.029661
21 0.360208 0.309746 0.015417 0.016949
21 0.384583 0.318856 0.016667 0.019068
21 0.370417 0.383475 0.020833 0.025424
21 0.401458 0.394068 0.017083 0.016102
21 0.395417 0.377754 0.014167 0.015678
21 0.408750 0.378814 0.010833 0.013559
21 0.422708 0.382839 0.013750 0.029237
21 0.410417 0.368008 0.010000 0.010593
21 0.397083 0.363771 0.022500 0.012288
21 0.414375 0.354661 0.010417 0.011864
21 0.390833 0.350212 0.020000 0.019068
21 0.403958 0.335593 0.024583 0.017797
21 0.406667 0.314831 0.022500 0.021186
21 0.388958 0.300636 0.015417 0.016525
21 0.403333 0.298941 0.015833 0.013983
21 0.428125 0.298093 0.015417 0.017373
21 0.426458 0.318432 0.016250 0.015678
21 0.416250 0.255508 0.020000 0.027966
21 0.108750 0.227119 0.021667 0.027966
21 0.149583 0.231780 0.022500 0.020339
21 0.158125 0.212500 0.021250 0.025847
21 0.181667 0.174576 0.029167 0.033051
21 0.220625 0.134958 0.023750 0.037712
21 0.256250 0.149576 0.025833 0.028814
21 0.312500 0.109534 0.035833 0.038559
21 0.406042 0.214831 0.027917 0.030508
21 0.393958 0.077119 0.025417 0.037288
21 0.430833 0.163983 0.025000 0.036441
21 0.483958 0.077119 0.031250 0.038136
21 0.550208 0.104237 0.027083 0.029661
21 0.509792 0.165678 0.037083 0.033898
21 0.652708 0.088347 0.024583 0.036017
21 0.686875 0.082203 0.027083 0.033051
21 0.727500 0.127966 0.028333 0.033051
21 0.860625 0.188347 0.025417 0.022458
21 0.792708 0.222246 0.025417 0.030932
21 0.743750 0.224364 0.030833 0.035169
21 0.662500 0.198729 0.032500 0.025424
21 0.658958 0.170975 0.024583 0.025847
21 0.632500 0.159958 0.027500 0.026695
21 0.601250 0.206356 0.032500 0.030508
21 0.691458 0.251059 0.020417 0.026695
21 0.712708 0.267585 0.024583 0.025847
21 0.758958 0.269703 0.025417 0.029237
21 0.790625 0.293008 0.025417 0.025847
21 0.830833 0.274576 0.017500 0.023729
21 0.853750 0.284322 0.025000 0.023729
21 0.651875 0.252966 0.022083 0.022881
21 0.616250 0.266949 0.020000 0.022881
21 0.557292 0.269492 0.021250 0.026271
21 0.557292 0.311017 0.012083 0.016949
21 0.516250 0.268008 0.015000 0.012288
21 0.491667 0.226483 0.021667 0.019915
21 0.491667 0.244703 0.018333 0.013983
21 0.454792 0.225212 0.013750 0.014831
21 0.466458 0.239195 0.019583 0.019915
21 0.451042 0.239407 0.010417 0.011017
21 0.442708 0.244492 0.010417 0.007627
21 0.450833 0.253178 0.012500 0.013983
21 0.435000 0.251483 0.015833 0.017373
21 0.435833 0.269068 0.015000 0.014407
21 0.449375 0.266737 0.013750 0.013983
21 0.452292 0.277966 0.012917 0.009322
21 0.464375 0.265042 0.016250 0.019068
21 0.480417 0.259958 0.021667 0.025000
21 0.474375 0.278390 0.022917 0.013559
21 0.480208 0.297881 0.022083 0.023729
21 0.459167 0.307203 0.016667 0.019492
21 0.444583 0.309110 0.016667 0.020763
21 0.510417 0.288559 0.020833 0.025424
21 0.438958 0.372881 0.018750 0.026271
21 0.497292 0.367373 0.019583 0.022881
21 0.495000 0.342585 0.020833 0.024153
21 0.522708 0.346822 0.013750 0.019915
21 0.535833 0.377331 0.024167 0.027542
21 0.541875 0.345551 0.014583 0.020763
21 0.539583 0.317585 0.019167 0.031780
21 0.590000 0.348729 0.019167 0.024576
21 0.605833 0.353814 0.017500 0.024576
21 0.630833 0.282839 0.020000 0.015678
21 0.637500 0.295975 0.015000 0.011441
21 0.642708 0.307627 0.013750 0.014407
21 0.628125 0.314407 0.019583 0.023729
21 0.648125 0.328390 0.017917 0.022881
21 0.655000 0.290042 0.020000 0.023305
21 0.656458 0.372881 0.021250 0.029661
21 0.746458 0.360381 0.021250 0.025847
21 0.773333 0.363136 0.029167 0.027119
21 0.847500 0.320339 0.018333 0.031356
21 0.849792 0.347881 0.025417 0.026271
21 0.841667 0.434958 0.021667 0.030085
21 0.827917 0.461653 0.025000 0.022458
21 0.774792 0.467797 0.037083 0.036441
21 0.755625 0.420551 0.022917 0.027542
21 0.765000 0.400000 0.019167 0.021186
21 0.793333 0.401695 0.021667 0.022881
21 0.787500 0.426059 0.022500 0.025847
21 0.669375 0.462712 0.023750 0.025424
21 0.684792 0.498517 0.022083 0.024153
21 0.725000 0.526695 0.020000 0.020339
21 0.762708 0.536229 0.029583 0.029237
21 0.811042 0.518220 0.028750 0.038136
21 0.858542 0.587712 0.021250 0.023729
21 0.701250 0.576907 0.026667 0.030932
21 0.670000 0.591102 0.022500 0.021186
21 0.468542 0.540678 0.020417 0.025424
21 0.446250 0.574364 0.025833 0.026695
21 0.466042 0.564831 0.012917 0.011017
21 0.467708 0.581356 0.015417 0.020339
21 0.472917 0.609958 0.024167 0.025847
21 0.438958 0.644068 0.031250 0.030508
21 0.507083 0.612924 0.020833 0.022458
21 0.503542 0.640254 0.025417 0.033051
21 0.548333 0.654449 0.023333 0.030085
21 0.561667 0.686864 0.027500 0.028814
21 0.578333 0.715466 0.024167 0.023305
21 0.631042 0.711229 0.019583 0.025000
21 0.652500 0.676907 0.021667 0.026695
21 0.675000 0.683263 0.021667 0.023305
21 0.666042 0.703602 0.020417 0.019068
21 0.655833 0.716949 0.019167 0.018644
21 0.659792 0.734746 0.019583 0.016949
21 0.655833 0.748305 0.022500 0.016949
21 0.723958 0.702119 0.026250 0.026271
21 0.842917 0.734110 0.027500 0.031780
21 0.768333 0.768220 0.028333 0.040678
21 0.842292 0.778814 0.029583 0.037288
21 0.804167 0.891737 0.011667 0.011441
21 0.817292 0.879449 0.020417 0.015678
21 0.685417 0.909322 0.040000 0.039831
21 0.638958 0.793008 0.022083 0.030085
21 0.581458 0.778814 0.027083 0.040678
21 0.498750 0.803602 0.030833 0.029237
21 0.547292 0.811229 0.024583 0.024153
21 0.543333 0.834322 0.019167 0.017797
21 0.565208 0.844703 0.022083 0.029237
21 0.535208 0.856568 0.032083 0.026695
21 0.516458 0.866949 0.019583 0.023729
21 0.432083 0.870551 0.030833 0.029237
21 0.437083 0.935169 0.019167 0.022881
21 0.432917 0.971610 0.030000 0.029661
21 0.455000 0.975424 0.016667 0.022881
21 0.471875 0.966314 0.019583 0.019915
21 0.481042 0.945339 0.027917 0.028814
21 0.515417 0.950000 0.013333 0.019492
21 0.549792 0.949788 0.027917 0.031780
21 0.503125 0.932415 0.028750 0.029237
21 0.902708 0.229449 0.025417 0.032627
21 0.875000 0.347246 0.021667 0.030085
21 0.910208 0.345339 0.027917 0.027966
21 0.916458 0.372881 0.026250 0.025424
21 0.882708 0.411441 0.019583 0.038983
21 0.902917 0.419280 0.021667 0.025847
21 0.886250 0.441949 0.015833 0.021186
21 0.896875 0.452754 0.022917 0.031780
21 0.913750 0.466949 0.018333 0.024576
21 0.957500 0.388983 0.030000 0.035593
21 0.960000 0.421610 0.025833 0.022881
21 0.873125 0.537288 0.022083 0.024576
21 0.868958 0.566949 0.025417 0.022034
21 0.914167 0.560169 0.018333 0.013559
21 0.968542 0.597669 0.016250 0.016525
21 0.978750 0.611864 0.016667 0.022881
21 0.938542 0.611653 0.025417 0.024153
21 0.927708 0.635169 0.024583 0.022034
21 0.905833 0.643220 0.029167 0.027119
21 0.881875 0.668432 0.030417 0.029237
21 0.941458 0.705508 0.029583 0.032203
21 0.897917 0.707627 0.025833 0.027119
21 0.885833 0.731356 0.030000 0.023729
21 0.919375 0.744915 0.017917 0.017797
21 0.897917 0.766314 0.019167 0.025000
21 0.610000 0.969703 0.034167 0.032627