21 0.556548 0.981990 0.037465 0.028887
21 0.467437 0.981990 0.036415 0.033880
21 0.310749 0.332561 0.036064 0.038160
21 0.284489 0.301890 0.036765 0.036020
21 0.255777 0.277817 0.040266 0.032810
21 0.240371 0.309023 0.035364 0.037447
21 0.252801 0.239836 0.038515 0.043153
21 0.286064 0.249822 0.032913 0.035307
21 0.335959 0.234665 0.036064 0.038516
21 0.328957 0.182596 0.033964 0.047076
21 0.366071 0.185628 0.034664 0.044579
21 0.404237 0.193117 0.033964 0.043153
21 0.426646 0.124643 0.041667 0.039586
21 0.435224 0.180278 0.035014 0.041013
21 0.453606 0.157632 0.031863 0.042083
21 0.504202 0.226641 0.040616 0.043866
21 0.483018 0.171184 0.036765 0.039230
21 0.513130 0.128566 0.040266 0.041726
21 0.550420 0.141940 0.035714 0.029957
21 0.551996 0.169579 0.038866 0.027461
21 0.505952 0.161020 0.025910 0.033880
21 0.576856 0.210592 0.039566 0.043153
21 0.319328 0.359665 0.038515 0.024608
21 0.272234 0.386412 0.033964 0.028887
21 0.198179 0.309201 0.025910 0.034237
21 0.172969 0.307775 0.024510 0.031384
21 0.187325 0.342546 0.024510 0.031027
21 0.160014 0.332204 0.032213 0.026748
21 0.160014 0.360378 0.041317 0.039586
21 0.219188 0.355029 0.026611 0.030314
21 0.257703 0.356277 0.028711 0.036377
21 0.238095 0.345578 0.028711 0.032097
21 0.228817 0.377318 0.035364 0.027104
21 0.265406 0.407810 0.024510 0.030314
21 0.243522 0.402461 0.022059 0.030314
21 0.208158 0.411912 0.034664 0.032810
21 0.174720 0.432240 0.038515 0.036377
21 0.230567 0.448110 0.031162 0.030314
21 0.267682 0.457382 0.032563 0.026748
21 0.277836 0.477354 0.030462 0.028174
21 0.306548 0.464337 0.036064 0.025678
21 0.306197 0.434914 0.036064 0.031027
21 0.421394 0.422611 0.037465 0.042796
21 0.464461 0.383203 0.039566 0.041013
21 0.319853 0.387839 0.048669 0.031740
21 0.361695 0.409237 0.031513 0.027461
21 0.364496 0.434379 0.031513 0.024964
21 0.336485 0.419401 0.028011 0.031384
21 0.373775 0.455777 0.036064 0.029244
21 0.370798 0.483951 0.035014 0.022825
21 0.366071 0.505884 0.031863 0.030314
21 0.319503 0.494294 0.033263 0.029244
21 0.301120 0.520506 0.032213 0.028174
21 0.263305 0.549215 0.030812 0.029244
21 0.228116 0.485556 0.026961 0.030314
21 0.200105 0.451854 0.027661 0.029957
21 0.202906 0.475927 0.026961 0.021041
21 0.161765 0.496255 0.034314 0.038160
21 0.195028 0.493937 0.030812 0.029957
21 0.210259 0.512126 0.029062 0.022825
21 0.221989 0.536912 0.032213 0.035307
21 0.188025 0.529066 0.037815 0.036733
21 0.558648 0.387482 0.036064 0.041726
21 0.630252 0.322218 0.038515 0.041013
21 0.621674 0.387839 0.036064 0.037447
21 0.634454 0.408345 0.022409 0.019971
21 0.670868 0.357703 0.032213 0.028531
21 0.577556 0.405314 0.043067 0.028174
21 0.571779 0.434023 0.037115 0.031384
21 0.533964 0.500535 0.029412 0.046719
21 0.510154 0.504101 0.023109 0.044579
21 0.473739 0.497504 0.032913 0.029957
21 0.459034 0.476284 0.034314 0.034593
21 0.440651 0.492867 0.026261 0.035663
21 0.460434 0.532275 0.049020 0.041013
21 0.411239 0.487340 0.033964 0.033880
21 0.414041 0.526391 0.033964 0.036377
21 0.392857 0.554208 0.031513 0.035663
21 0.413340 0.565977 0.032563 0.039230
21 0.600315 0.499822 0.040266 0.042439
21 0.569503 0.548680 0.037465 0.043153
21 0.560049 0.585949 0.036765 0.032810
21 0.534839 0.601997 0.040266 0.039230
21 0.507003 0.637660 0.038515 0.041369
21 0.450455 0.656562 0.040266 0.042796
21 0.410014 0.615906 0.038515 0.039943
21 0.375875 0.645328 0.040266 0.040300
21 0.561450 0.646755 0.052171 0.031740
21 0.560399 0.676355 0.046569 0.025321
21 0.563025 0.705599 0.039216 0.031027
21 0.288340 0.682061 0.030462 0.036733
21 0.317052 0.682596 0.024860 0.035663
21 0.305847 0.720578 0.043768 0.041013
21 0.231968 0.777461 0.045168 0.046362
21 0.199055 0.747325 0.038866 0.035307
21 0.331057 0.554387 0.031863 0.028174
21 0.340511 0.572932 0.033964 0.025321
21 0.252626 0.591833 0.030462 0.031740
21 0.298319 0.595934 0.028711 0.027104
21 0.297094 0.618937 0.033263 0.020328
21 0.277661 0.606812 0.021709 0.029601
21 0.282563 0.637126 0.035014 0.029601
21 0.237745 0.624822 0.033613 0.028531
21 0.233193 0.679208 0.031513 0.036733
21 0.219713 0.654957 0.029762 0.030314
21 0.193627 0.652461 0.022409 0.034593
21 0.169818 0.662981 0.030812 0.029957
21 0.200105 0.676712 0.022759 0.024608
21 0.180147 0.685984 0.026261 0.023181
21 0.205357 0.716298 0.038866 0.030314
21 0.193452 0.704351 0.039566 0.029957
21 0.147759 0.730385 0.051120 0.038516
21 0.126926 0.681348 0.039566 0.039586
21 0.142682 0.696862 0.043768 0.028531
21 0.133929 0.586662 0.040966 0.047789
21 0.164741 0.562054 0.033263 0.034950
21 0.194678 0.572397 0.024510 0.026391
21 0.205882 0.610200 0.030112 0.028531
21 0.265056 0.497147 0.027311 0.025678
21 0.269258 0.524964 0.029412 0.028531
21 0.250000 0.512304 0.025210 0.028174
21 0.184524 0.598252 0.025910 0.028174
21 0.171744 0.587553 0.025560 0.021755
21 0.624125 0.461484 0.029062 0.034950
21 0.664041 0.482525 0.042367 0.040656
21 0.649335 0.463623 0.022059 0.035663
21 0.561625 0.834700 0.038515 0.047432
21 0.633053 0.819900 0.048319 0.052782
21 0.417542 0.882668 0.036064 0.035663
21 0.454132 0.883024 0.032913 0.034237
21 0.465161 0.897646 0.037465 0.034950
21 0.492297 0.936698 0.025210 0.043153
21 0.464811 0.936519 0.031162 0.039230
21 0.428221 0.910842 0.028711 0.028531
21 0.404062 0.912803 0.035014 0.032454
21 0.395658 0.935806 0.036415 0.039230
21 0.653887 0.944009 0.037465 0.035663
21 0.717962 0.861270 0.033263 0.038516
21 0.724440 0.910128 0.038515 0.041369
21 0.686625 0.889087 0.038515 0.035663
21 0.695728 0.868402 0.031513 0.031384
21 0.788515 0.879101 0.043417 0.035663
21 0.782913 0.775856 0.047619 0.047432
21 0.751576 0.715228 0.033964 0.041013
21 0.719363 0.719864 0.029062 0.048859
21 0.760679 0.659950 0.043067 0.032454
21 0.766982 0.639444 0.031863 0.028531
21 0.775910 0.617867 0.041317 0.028887
21 0.794818 0.637839 0.032213 0.033167
21 0.782563 0.572397 0.035014 0.032097
21 0.801821 0.583631 0.028711 0.030314
21 0.901611 0.747325 0.039916 0.037447
21 0.928046 0.711662 0.024160 0.023181
21 0.901611 0.716120 0.037815 0.024251
21 0.929622 0.681883 0.025210 0.034950
21 0.975140 0.564016 0.030812 0.036733
21 0.963060 0.517832 0.040266 0.041369
21 0.874825 0.526569 0.030462 0.034593
21 0.913340 0.548146 0.032563 0.032810
21 0.894608 0.564016 0.035714 0.031027
21 0.877451 0.694544 0.034314 0.025321
21 0.901611 0.679922 0.028711 0.034593
21 0.870098 0.665835 0.030812 0.030670
21 0.886029 0.651213 0.031162 0.030670
21 0.855917 0.643545 0.033964 0.029601
21 0.880077 0.633916 0.028361 0.023181
21 0.860294 0.621434 0.021709 0.018188
21 0.843312 0.613766 0.029062 0.035663
21 0.864321 0.600392 0.011555 0.025321
21 0.879727 0.601284 0.020658 0.027104
21 0.884979 0.615371 0.027661 0.027461
21 0.743873 0.473787 0.027661 0.035307
21 0.759629 0.503031 0.033964 0.035307
21 0.714986 0.480207 0.032213 0.032454
21 0.703081 0.464515 0.030812 0.024608
21 0.712185 0.424037 0.032213 0.025678
21 0.652836 0.436519 0.032563 0.032097
21 0.671919 0.426534 0.021709 0.029244
21 0.691352 0.438124 0.030462 0.039586
21 0.752276 0.386591 0.024160 0.038516
21 0.726541 0.390870 0.034314 0.032810
21 0.786765 0.311519 0.030112 0.038160
21 0.759279 0.302425 0.031162 0.034950
21 0.825805 0.256776 0.038165 0.036377
21 0.828081 0.296719 0.039216 0.036377
21 0.854692 0.336662 0.031513 0.037090
21 0.898634 0.318295 0.043768 0.041013
21 0.886905 0.339337 0.032913 0.037447
21 0.955882 0.414408 0.037115 0.044936
21 0.837360 0.584879 0.033263 0.016405
21 0.833333 0.568474 0.030112 0.018545
21 0.832633 0.550999 0.032213 0.023538
21 0.809524 0.538695 0.029412 0.041013
21 0.788866 0.541548 0.032913 0.038873
21 0.816352 0.490549 0.023459 0.027461
21 0.815476 0.461840 0.027311 0.026391
21 0.802871 0.448645 0.023109 0.024251
21 0.787465 0.439194 0.025210 0.026748
21 0.772059 0.456312 0.031513 0.033880
21 0.788515 0.472004 0.028711 0.024608
21 0.793067 0.487696 0.028711 0.017475
21 0.796569 0.506776 0.028711 0.022825
21 0.724265 0.313302 0.034664 0.031027
21 0.731618 0.200428 0.049370 0.042796
21 0.705882 0.228959 0.027311 0.035663
21 0.654237 0.219151 0.034664 0.036733
21 0.657738 0.245720 0.038866 0.018545
21 0.660539 0.269971 0.034664 0.033524
21 0.707108 0.360556 0.033263 0.028531
21 0.694678 0.380884 0.028011 0.029244
21 0.730042 0.340228 0.043417 0.029957
21 0.686625 0.237518 0.028011 0.032810
21 0.702731 0.273894 0.035014 0.036377
21 0.733894 0.246255 0.034314 0.031740
21 0.741597 0.272468 0.037815 0.026391
21 0.814076 0.362874 0.032913 0.036733
21 0.793067 0.381954 0.027311 0.023538
21 0.799545 0.405314 0.027661 0.018902
21 0.806373 0.423502 0.028711 0.023181
21 0.836134 0.431170 0.023109 0.022111
21 0.844538 0.441512 0.025910 0.025678
21 0.866947 0.467011 0.038515 0.032454
21 0.875525 0.445078 0.036064 0.032810
21 0.898109 0.407989 0.030812 0.026391
21 0.891807 0.426534 0.032213 0.025678
21 0.870623 0.401926 0.025560 0.034950
21 0.852241 0.391049 0.019608 0.020328
21 0.833683 0.386412 0.022409 0.023894
21 0.844538 0.407989 0.021008 0.017832
21 0.823004 0.406205 0.017157 0.019258
21 0.820378 0.388909 0.018908 0.015335
21 0.669118 0.115728 0.039916 0.046006
21 0.616071 0.123573 0.057073 0.046719