21 0.547945 0.527425 0.021474 0.021269
21 0.533136 0.516418 0.025176 0.019403
21 0.529248 0.499067 0.025546 0.013806
21 0.543688 0.488619 0.019622 0.021269
21 0.528693 0.480410 0.022214 0.022761
21 0.964087 0.532836 0.040726 0.037313
21 0.263606 0.083396 0.031840 0.035448
21 0.265272 0.119590 0.030729 0.033955
21 0.229545 0.131903 0.033321 0.033955
21 0.203628 0.160821 0.036283 0.032836
21 0.187893 0.177052 0.032951 0.030970
21 0.240466 0.201679 0.032210 0.032463
21 0.270826 0.188246 0.030729 0.036194
21 0.287486 0.157649 0.028508 0.033955
21 0.315994 0.175560 0.027027 0.028731
21 0.305998 0.142910 0.021844 0.027612
21 0.324324 0.133022 0.022214 0.030970
21 0.339689 0.141604 0.023325 0.036940
21 0.347649 0.134515 0.016290 0.033209
21 0.364680 0.128358 0.021474 0.029851
21 0.403369 0.126306 0.022584 0.030970
21 0.388004 0.131716 0.019993 0.023134
21 0.408923 0.148507 0.029248 0.018657
21 0.365420 0.155410 0.019252 0.022015
21 0.385413 0.157649 0.025176 0.018284
21 0.390781 0.174440 0.021103 0.016045
21 0.381340 0.181157 0.021474 0.024254
21 0.360052 0.178918 0.024806 0.024254
21 0.200481 0.211754 0.029989 0.030224
21 0.179193 0.230410 0.029619 0.029478
21 0.194743 0.249813 0.031100 0.027239
21 0.143095 0.232090 0.038134 0.033582
21 0.121437 0.280970 0.042947 0.036567
21 0.181044 0.280037 0.028138 0.028731
21 0.213254 0.290112 0.028878 0.028731
21 0.240281 0.326866 0.022954 0.029851
21 0.222140 0.328545 0.018512 0.040672
21 0.235468 0.370709 0.021474 0.026493
21 0.258053 0.374813 0.025176 0.028731
21 0.243428 0.398134 0.027027 0.027612
21 0.172899 0.292724 0.028878 0.023507
21 0.194372 0.310821 0.020733 0.028358
21 0.175676 0.315299 0.015920 0.024627
21 0.160311 0.319776 0.018512 0.023881
21 0.147538 0.326306 0.021103 0.027985
21 0.128471 0.313993 0.026657 0.031716
21 0.110330 0.331716 0.034802 0.029851
21 0.127360 0.362873 0.029619 0.036940
21 0.150130 0.377052 0.029248 0.030224
21 0.168826 0.337500 0.020733 0.018284
21 0.183265 0.342164 0.026657 0.021642
21 0.195853 0.354851 0.024435 0.021642
21 0.163088 0.360075 0.020363 0.019403
21 0.178267 0.359515 0.016660 0.018284
21 0.185487 0.372015 0.026657 0.021642
21 0.175491 0.381903 0.019252 0.019030
21 0.201777 0.391978 0.022214 0.020522
21 0.181785 0.397201 0.022214 0.015299
21 0.204184 0.409888 0.027767 0.020522
21 0.174195 0.410448 0.026287 0.014179
21 0.195853 0.416045 0.019252 0.020896
21 0.190670 0.425933 0.024435 0.019776
21 0.174565 0.427799 0.018882 0.017537
21 0.114032 0.439925 0.037023 0.041791
21 0.156979 0.449067 0.030359 0.044403
21 0.191040 0.444403 0.028878 0.014925
21 0.194187 0.460261 0.022584 0.022015
21 0.199741 0.480224 0.024806 0.023134
21 0.183821 0.490858 0.022584 0.033209
21 0.206220 0.495709 0.026657 0.013060
21 0.203813 0.510261 0.037394 0.025746
21 0.167901 0.518284 0.033691 0.032090
21 0.203628 0.532836 0.031840 0.019403
21 0.199185 0.548134 0.030359 0.019403
21 0.212514 0.557090 0.023695 0.024627
21 0.192151 0.574254 0.034802 0.031343
21 0.243799 0.481903 0.035172 0.035448
21 0.240837 0.517351 0.031470 0.026493
21 0.236579 0.541791 0.028138 0.029104
21 0.332099 0.201306 0.023695 0.021269
21 0.316364 0.211194 0.024806 0.022388
21 0.365235 0.205410 0.024065 0.022015
21 0.364124 0.225746 0.024065 0.021642
21 0.387819 0.228918 0.026287 0.024254
21 0.378378 0.238246 0.029619 0.022761
21 0.377638 0.259328 0.026657 0.023881
21 0.363569 0.273134 0.019993 0.022388
21 0.441688 0.242164 0.028138 0.021642
21 0.437245 0.263060 0.027397 0.023881
21 0.422066 0.195896 0.031100 0.023881
21 0.423177 0.169776 0.017031 0.017164
21 0.411329 0.178918 0.020733 0.024254
21 0.447427 0.152239 0.024806 0.026119
21 0.501666 0.258396 0.031100 0.033209
21 0.477046 0.304664 0.031470 0.028731
21 0.430766 0.303172 0.027767 0.027239
21 0.451499 0.319216 0.032210 0.019030
21 0.463717 0.340858 0.023325 0.028731
21 0.436875 0.333209 0.013328 0.014179
21 0.449648 0.337500 0.013699 0.020522
21 0.442429 0.350560 0.025916 0.021269
21 0.436875 0.372015 0.027397 0.025373
21 0.422621 0.357836 0.018882 0.027612
21 0.408552 0.358022 0.012218 0.030224
21 0.395594 0.356903 0.018882 0.030224
21 0.411514 0.385821 0.027767 0.027612
21 0.501481 0.371269 0.029248 0.030597
21 0.476490 0.304851 0.028878 0.030597
21 0.448538 0.058022 0.029989 0.030970
21 0.477601 0.050000 0.030359 0.032836
21 0.511107 0.039739 0.027027 0.030224
21 0.423362 0.097948 0.018141 0.027239
21 0.440948 0.098881 0.015550 0.026866
21 0.455572 0.118284 0.023325 0.020896
21 0.459274 0.099813 0.022584 0.025000
21 0.469271 0.077239 0.022584 0.019403
21 0.470937 0.094776 0.017771 0.017910
21 0.480563 0.085634 0.014069 0.024254
21 0.495187 0.083209 0.013699 0.024627
21 0.502592 0.074813 0.013699 0.023507
21 0.513328 0.066231 0.018882 0.017537
21 0.535172 0.058582 0.024806 0.017910
21 0.544983 0.075187 0.021474 0.026493
21 0.529989 0.081530 0.020363 0.029478
21 0.516290 0.101119 0.018141 0.017910
21 0.513699 0.082836 0.012958 0.016418
21 0.501481 0.103172 0.014439 0.016045
21 0.486486 0.103918 0.018512 0.019030
21 0.473343 0.134888 0.024806 0.027985
21 0.478526 0.120336 0.019622 0.017537
21 0.489633 0.124813 0.016660 0.022761
21 0.507590 0.124627 0.020733 0.023134
21 0.523140 0.133022 0.022954 0.026493
21 0.544983 0.122575 0.023695 0.019776
21 0.549611 0.133396 0.020363 0.022761
21 0.558867 0.109328 0.023325 0.024627
21 0.572195 0.118097 0.022584 0.018284
21 0.569419 0.135261 0.021474 0.022761
21 0.588671 0.144030 0.028878 0.027612
21 0.586079 0.103918 0.024435 0.025746
21 0.570159 0.088433 0.024435 0.020149
21 0.574417 0.068657 0.026287 0.023134
21 0.592188 0.047015 0.031470 0.029104
21 0.640318 0.051306 0.022584 0.030970
21 0.661051 0.050746 0.021844 0.029104
21 0.501481 0.156343 0.025546 0.023881
21 0.482599 0.176119 0.029248 0.023134
21 0.492225 0.189552 0.027767 0.025373
21 0.500000 0.202612 0.024065 0.025373
21 0.521474 0.201679 0.024806 0.025746
21 0.510367 0.223881 0.028508 0.023881
21 0.545724 0.185448 0.018512 0.029851
21 0.558312 0.187873 0.025176 0.021269
21 0.607738 0.087873 0.029989 0.028731
21 0.634210 0.087313 0.021474 0.017164
21 0.669382 0.099813 0.022214 0.028731
21 0.656609 0.094963 0.023325 0.038433
21 0.637727 0.107276 0.032210 0.023507
21 0.559793 0.212687 0.022214 0.026866
21 0.581081 0.193284 0.021103 0.013433
21 0.613106 0.183769 0.025176 0.024254
21 0.603850 0.197015 0.027397 0.030597
21 0.592743 0.207463 0.018512 0.023134
21 0.577564 0.205410 0.015550 0.019030
21 0.574972 0.216791 0.024435 0.018657
21 0.575713 0.231530 0.028138 0.021269
21 0.562940 0.256157 0.032210 0.033209
21 0.663643 0.158955 0.027767 0.025373
21 0.653462 0.178358 0.028878 0.026866
21 0.773973 0.113619 0.027767 0.028731
21 0.791188 0.131157 0.027397 0.027985
21 0.790633 0.157276 0.026287 0.032463
21 0.779341 0.164739 0.020733 0.027985
21 0.754165 0.158209 0.030359 0.026119
21 0.759904 0.178358 0.029989 0.014925
21 0.770085 0.189179 0.028878 0.022388
21 0.754720 0.207649 0.026287 0.028731
21 0.733987 0.201866 0.021844 0.030597
21 0.704184 0.192164 0.028138 0.029851
21 0.712514 0.173321 0.021844 0.023507
21 0.697705 0.164925 0.026287 0.029851
21 0.723991 0.162873 0.024806 0.022015
21 0.742503 0.132090 0.027767 0.024627
21 0.732321 0.146082 0.021474 0.020522
21 0.723806 0.136007 0.017771 0.020522
21 0.706775 0.143657 0.018512 0.019403
21 0.701407 0.108396 0.031470 0.025000
21 0.704184 0.126306 0.022214 0.013806
21 0.688819 0.133955 0.018882 0.026866
21 0.673639 0.138433 0.022584 0.029104
21 0.821733 0.191791 0.026287 0.032090
21 0.849315 0.191978 0.030359 0.038433
21 0.868567 0.213993 0.025916 0.021269
21 0.879489 0.230224 0.025546 0.029104
21 0.860422 0.234328 0.019993 0.023134
21 0.848204 0.222575 0.025916 0.027985
21 0.849685 0.245896 0.025916 0.028358
21 0.831174 0.237687 0.028138 0.030597
21 0.803036 0.235634 0.026657 0.031716
21 0.786931 0.248134 0.030729 0.032090
21 0.672899 0.229851 0.028508 0.029104
21 0.657349 0.210821 0.024065 0.025373
21 0.641614 0.221082 0.021474 0.025000
21 0.630137 0.208209 0.025916 0.020149
21 0.618290 0.224627 0.025916 0.024627
21 0.611255 0.237127 0.025916 0.025746
21 0.600333 0.283022 0.029989 0.028731
21 0.640318 0.264739 0.030729 0.030970
21 0.674935 0.290485 0.026657 0.030224
21 0.684561 0.302239 0.026657 0.026866
21 0.656794 0.322388 0.028878 0.029851
21 0.759163 0.278918 0.029248 0.028731
21 0.743984 0.296082 0.030729 0.030224
21 0.788597 0.314179 0.031100 0.026119
21 0.777675 0.299254 0.030729 0.026866
21 0.828582 0.287500 0.032581 0.033209
21 0.861348 0.273134 0.032951 0.030597
21 0.867642 0.294963 0.032210 0.023507
21 0.854128 0.335634 0.033321 0.030970
21 0.844502 0.318843 0.030359 0.025000
21 0.895409 0.319590 0.035913 0.025746
21 0.895224 0.341978 0.034061 0.022761
21 0.739726 0.342910 0.026657 0.024627
21 0.755831 0.363993 0.027767 0.025000
21 0.727693 0.352985 0.024806 0.025373
21 0.742133 0.385448 0.027767 0.026866
21 0.770455 0.397948 0.031100 0.036194
21 0.797482 0.419963 0.031840 0.029478
21 0.898001 0.367910 0.035913 0.032090
21 0.909848 0.386567 0.037394 0.025373
21 0.911514 0.408396 0.037023 0.028731
21 0.882451 0.425560 0.037394 0.032463
21 0.878378 0.454664 0.036653 0.036940
21 0.551092 0.315858 0.033691 0.032463
21 0.465939 0.423881 0.035172 0.034328
21 0.644206 0.352985 0.026657 0.023134
21 0.649204 0.371828 0.023325 0.019776
21 0.625509 0.365858 0.016660 0.022015
21 0.627175 0.375373 0.020733 0.020149
21 0.608478 0.366045 0.019622 0.032836
21 0.603665 0.377052 0.019622 0.030970
21 0.587560 0.379104 0.026657 0.035821
21 0.593854 0.409142 0.028878 0.030224
21 0.613476 0.401679 0.022214 0.030970
21 0.623103 0.393097 0.020733 0.023507
21 0.639208 0.387500 0.022584 0.018284
21 0.682155 0.369590 0.023325 0.028731
21 0.696039 0.386194 0.025916 0.020896
21 0.692521 0.401679 0.022584 0.017537
21 0.670678 0.384142 0.025546 0.030224
21 0.666420 0.396642 0.028138 0.024627
21 0.648093 0.406530 0.023325 0.019776
21 0.637171 0.413993 0.022954 0.022761
21 0.600703 0.444776 0.032210 0.030597
21 0.694002 0.439179 0.024806 0.023881
21 0.687338 0.420896 0.020363 0.019403
21 0.663828 0.422575 0.027397 0.022761
21 0.673454 0.440858 0.026657 0.024254
21 0.730470 0.460075 0.029619 0.032090
21 0.761940 0.458769 0.029619 0.030224
21 0.794335 0.462873 0.029248 0.033955
21 0.824324 0.461567 0.030729 0.036567
21 0.334691 0.232276 0.019252 0.018284
21 0.338023 0.219030 0.022954 0.020149
21 0.316735 0.230224 0.017401 0.014925
21 0.296187 0.243843 0.029619 0.026493
21 0.318956 0.245149 0.026287 0.014179
21 0.307849 0.255970 0.020363 0.014925
21 0.340985 0.261381 0.016290 0.019776
21 0.324880 0.258769 0.015180 0.019776
21 0.309145 0.274067 0.022214 0.023507
21 0.334136 0.277052 0.030729 0.018284
21 0.328952 0.290299 0.020363 0.015672
21 0.346909 0.287687 0.016290 0.020149
21 0.350241 0.297948 0.022214 0.018284
21 0.369678 0.309701 0.020363 0.023881
21 0.351722 0.311754 0.017771 0.026493
21 0.336727 0.317910 0.022584 0.029104
21 0.312847 0.318470 0.026657 0.030970
21 0.320622 0.341604 0.017031 0.015299
21 0.303961 0.344590 0.025176 0.022761
21 0.301370 0.362873 0.028878 0.019030
21 0.316364 0.371642 0.024806 0.023134
21 0.329878 0.360634 0.027397 0.022761
21 0.346723 0.367910 0.017401 0.024627
21 0.363569 0.375373 0.017031 0.018657
21 0.369123 0.361754 0.023695 0.017537
21 0.371714 0.348881 0.022214 0.016418
21 0.370048 0.334142 0.023325 0.014552
21 0.386709 0.325000 0.025546 0.023134
21 0.307479 0.395896 0.025546 0.030597
21 0.330248 0.397575 0.023695 0.031716
21 0.355054 0.388619 0.028138 0.016045
21 0.358571 0.404851 0.027767 0.020896
21 0.399482 0.437500 0.028138 0.027239
21 0.389856 0.411007 0.026657 0.024254
21 0.375046 0.423881 0.022954 0.027612
21 0.355054 0.446455 0.028878 0.028731
21 0.311922 0.432649 0.022584 0.021269
21 0.329322 0.440485 0.017401 0.025746
21 0.313032 0.451306 0.024806 0.021269
21 0.329693 0.466418 0.031470 0.026866
21 0.320622 0.486754 0.025916 0.028731
21 0.340615 0.492351 0.030359 0.025746
21 0.348760 0.508396 0.033321 0.026493
21 0.394854 0.534142 0.032210 0.032463
21 0.474824 0.496642 0.029248 0.029851
21 0.514069 0.460448 0.026287 0.029104
21 0.539985 0.456903 0.029248 0.029478
21 0.329878 0.563993 0.028878 0.030970
21 0.305998 0.580224 0.021844 0.033582
21 0.284894 0.580784 0.021844 0.033955
21 0.188264 0.648134 0.033691 0.037313
21 0.391892 0.574254 0.029989 0.026119
21 0.391892 0.595896 0.031470 0.020149
21 0.460570 0.612127 0.031840 0.029478
21 0.416883 0.629291 0.026657 0.031716
21 0.400037 0.641978 0.025546 0.028731
21 0.375417 0.617351 0.026657 0.025000
21 0.374491 0.646455 0.024065 0.030224
21 0.344687 0.647948 0.025916 0.027985
21 0.322658 0.615299 0.024065 0.032090
21 0.308589 0.618284 0.021103 0.026119
21 0.296557 0.629104 0.031100 0.028358
21 0.310996 0.647388 0.028878 0.026866
21 0.325435 0.667910 0.028138 0.027612
21 0.353943 0.675746 0.028878 0.030597
21 0.383006 0.690858 0.029248 0.028731
21 0.438912 0.650187 0.024065 0.026493
21 0.451870 0.659701 0.021103 0.024627
21 0.476120 0.654104 0.022214 0.029851
21 0.497779 0.648134 0.023325 0.024627
21 0.494817 0.664552 0.029248 0.015672
21 0.495557 0.683396 0.029248 0.019030
21 0.257312 0.691231 0.037023 0.030224
21 0.266383 0.705970 0.033691 0.021642
21 0.268234 0.719030 0.038134 0.019403
21 0.267679 0.739739 0.043688 0.025000
21 0.347094 0.752799 0.029248 0.029478
21 0.361903 0.758769 0.024806 0.027985
21 0.345057 0.790299 0.025176 0.030597
21 0.362458 0.799627 0.022214 0.023134
21 0.414661 0.774813 0.025176 0.024254
21 0.461866 0.803918 0.018882 0.027239
21 0.445946 0.805410 0.012958 0.036940
21 0.429841 0.791418 0.021474 0.017164
21 0.424102 0.808022 0.022584 0.025746
21 0.408367 0.796642 0.018512 0.029104
21 0.393188 0.782276 0.017031 0.019030
21 0.391151 0.799254 0.018882 0.023881
21 0.384117 0.775373 0.013699 0.017910
21 0.373010 0.765858 0.025546 0.023507
21 0.364680 0.821642 0.019252 0.020149
21 0.387079 0.850187 0.032951 0.025000
21 0.399852 0.839739 0.022954 0.022015
21 0.391892 0.819776 0.031470 0.016418
21 0.384302 0.833955 0.013328 0.010448
21 0.537949 0.846828 0.037023 0.038433
21 0.572751 0.824254 0.031840 0.034328
21 0.440578 0.716418 0.028878 0.029104
21 0.458904 0.698507 0.028508 0.025373
21 0.469826 0.720896 0.023695 0.023881
21 0.522214 0.718657 0.024806 0.022388
21 0.509996 0.746082 0.021103 0.022015
21 0.501666 0.731716 0.017771 0.019403
21 0.484450 0.742164 0.018882 0.016418
21 0.485191 0.758582 0.024806 0.014179
21 0.485006 0.772948 0.018512 0.014552
21 0.500370 0.765858 0.018882 0.017537
21 0.524250 0.769776 0.021474 0.027612
21 0.507220 0.745896 0.026657 0.025373
21 0.496483 0.783955 0.022954 0.017164
21 0.506479 0.773507 0.011847 0.021642
21 0.488708 0.790858 0.023695 0.026493
21 0.457238 0.753918 0.022214 0.023507
21 0.464458 0.779478 0.026287 0.022388
21 0.480563 0.802425 0.022954 0.018284
21 0.474269 0.822201 0.022954 0.022761
21 0.488523 0.830410 0.030729 0.036194
21 0.547020 0.768657 0.019622 0.026866
21 0.561274 0.775000 0.022214 0.023881
21 0.557201 0.797388 0.022214 0.020896
21 0.599408 0.801493 0.030359 0.024627
21 0.591633 0.783955 0.016290 0.014925
21 0.655313 0.727612 0.024435 0.023881
21 0.675305 0.696828 0.025916 0.025000
21 0.694558 0.719776 0.022954 0.030597
21 0.672899 0.721828 0.024065 0.030970
21 0.843391 0.808022 0.045168 0.040672
21 0.743613 0.767537 0.024806 0.031343
21 0.733432 0.786007 0.022214 0.022761
21 0.723436 0.760448 0.017031 0.027612
21 0.709367 0.779851 0.019993 0.033582
21 0.707516 0.753358 0.021474 0.022388
21 0.730285 0.727799 0.029989 0.021269
21 0.729730 0.706716 0.029619 0.026119
21 0.759904 0.703358 0.026287 0.029104
21 0.741207 0.698134 0.022954 0.017910
21 0.753240 0.681903 0.020363 0.020522
21 0.735839 0.680410 0.023325 0.022761
21 0.695113 0.804104 0.028508 0.034328
21 0.666235 0.809701 0.029248 0.032836
21 0.632173 0.803358 0.029989 0.029104
21 0.635135 0.780970 0.021844 0.022388
21 0.613106 0.701306 0.025176 0.024254
21 0.580896 0.698507 0.022214 0.026866
21 0.599778 0.668284 0.022214 0.025373
21 0.587560 0.675933 0.022214 0.027985
21 0.681785 0.770149 0.023325 0.023134
21 0.687893 0.753918 0.022214 0.026493
21 0.669567 0.750000 0.016660 0.020896
21 0.662532 0.774067 0.017401 0.027239
21 0.659941 0.753918 0.013699 0.019030
21 0.625694 0.742910 0.028138 0.023134
21 0.642910 0.750746 0.017401 0.015672
21 0.646427 0.769590 0.012588 0.020522
21 0.633654 0.760634 0.012218 0.014552
21 0.620696 0.769776 0.014439 0.018657
21 0.611255 0.756903 0.018512 0.013806
21 0.601074 0.770149 0.021103 0.028358
21 0.573306 0.758022 0.024806 0.017537
21 0.578860 0.748321 0.017401 0.012313
21 0.555905 0.721082 0.019622 0.019030
21 0.553869 0.738246 0.014069 0.012313
21 0.560903 0.739366 0.011107 0.014552
21 0.579970 0.732649 0.009256 0.019030
21 0.591077 0.730037 0.014439 0.017537
21 0.607183 0.727425 0.025916 0.022015
21 0.602184 0.742164 0.016660 0.020149
21 0.856720 0.674254 0.035542 0.038060
21 0.536838 0.636567 0.025916 0.026119
21 0.557756 0.646082 0.022584 0.022761
21 0.546464 0.659142 0.025916 0.023507
21 0.557386 0.671455 0.021844 0.019030
21 0.547575 0.688619 0.014809 0.018284
21 0.560533 0.688246 0.015550 0.013806
21 0.550167 0.701119 0.015550 0.014179
21 0.565161 0.702799 0.012958 0.014552
21 0.559052 0.602612 0.025176 0.025373
21 0.586820 0.572575 0.024435 0.026493
21 0.583302 0.533396 0.029989 0.028731
21 0.580155 0.494216 0.028878 0.030224
21 0.561829 0.510448 0.023325 0.024627
21 0.554609 0.550187 0.024435 0.025746
21 0.491485 0.513993 0.029248 0.026493
21 0.508145 0.522388 0.012218 0.013433
21 0.494261 0.533209 0.019993 0.022388
21 0.509626 0.537500 0.021103 0.025000
21 0.515550 0.554291 0.019622 0.027239
21 0.534061 0.550187 0.015920 0.021269
21 0.548686 0.566978 0.017031 0.016791
21 0.528508 0.572201 0.024065 0.019776
21 0.540726 0.584701 0.029248 0.017164
21 0.624213 0.537873 0.025176 0.023507
21 0.664754 0.544403 0.027027 0.020149
21 0.666975 0.558209 0.027767 0.011194
21 0.666235 0.575560 0.029248 0.020522
21 0.656609 0.598507 0.024806 0.023134
21 0.591818 0.628172 0.028508 0.026493
21 0.606442 0.604851 0.022214 0.016418
21 0.615328 0.618657 0.026657 0.021642
21 0.630507 0.608022 0.023695 0.019030
21 0.630692 0.592537 0.022584 0.016418
21 0.638097 0.577425 0.021844 0.016045
21 0.638282 0.549440 0.019252 0.017537
21 0.639578 0.562873 0.020363 0.012313
21 0.613847 0.559142 0.028878 0.017537
21 0.619030 0.572575 0.019993 0.016791
21 0.813217 0.650373 0.032210 0.038806
21 0.830989 0.612313 0.029989 0.029104
21 0.903739 0.555597 0.039245 0.036567
21 0.887819 0.603918 0.035542 0.025000
21 0.887634 0.626679 0.038874 0.024254
21 0.873565 0.631716 0.030729 0.035821
21 0.790263 0.531157 0.034432 0.025746
21 0.792484 0.555597 0.032210 0.026866
21 0.843576 0.525560 0.024065 0.033209
21 0.886338 0.510634 0.031840 0.031716
21 0.864865 0.528918 0.022954 0.031716
21 0.859867 0.561381 0.032951 0.030970
21 0.712699 0.514366 0.026657 0.030224
21 0.752314 0.519963 0.033321 0.029478
21 0.742503 0.501679 0.029248 0.025746
21 0.722510 0.553731 0.026287 0.029851
21 0.702518 0.543097 0.027767 0.025746
21 0.703443 0.575933 0.029619 0.025000
21 0.766198 0.586194 0.027767 0.024627
21 0.786561 0.594590 0.023325 0.030224
21 0.768234 0.603731 0.025916 0.013433
21 0.767864 0.615858 0.026657 0.019030
21 0.787301 0.630970 0.028508 0.029104
21 0.763051 0.647761 0.027397 0.025373
21 0.743058 0.621642 0.023695 0.023881
21 0.750833 0.632836 0.024435 0.019403
21 0.741392 0.653358 0.027027 0.028358
21 0.724917 0.663806 0.026657 0.023881
21 0.695113 0.669590 0.029989 0.030224
21 0.674380 0.639179 0.024065 0.020149
21 0.682155 0.614925 0.022584 0.020896
21 0.675305 0.620522 0.026657 0.019403
21 0.705109 0.594963 0.030729 0.020522
21 0.705665 0.613433 0.028878 0.017164
21 0.715661 0.632463 0.020733 0.023134
21 0.700666 0.649627 0.026287 0.015672
21 0.698630 0.634142 0.019252 0.018284
21 0.433173 0.114925 0.022954 0.017164
21 0.426138 0.131716 0.017031 0.017910
21 0.441503 0.132276 0.013699 0.022015