21 0.877197 0.317821 0.014644 0.017947
21 0.863808 0.317404 0.013808 0.019616
21 0.853138 0.308431 0.015063 0.014190
21 0.851883 0.293197 0.009205 0.017112
21 0.840795 0.291110 0.012971 0.016277
21 0.663598 0.159641 0.010042 0.014608
21 0.650628 0.159015 0.015900 0.013356
21 0.650418 0.145659 0.012971 0.014190
21 0.564644 0.147120 0.017155 0.019616
21 0.576360 0.528172 0.014644 0.012938
21 0.663180 0.261686 0.015063 0.011686
21 0.662971 0.250209 0.015481 0.011269
21 0.639749 0.277755 0.023431 0.024624
21 0.604393 0.230175 0.019665 0.017112
21 0.593933 0.223915 0.015481 0.013773
21 0.268201 0.353297 0.009205 0.012104
21 0.262343 0.356010 0.009205 0.011686
21 0.255230 0.359766 0.008368 0.010017
21 0.245397 0.355384 0.011297 0.011269
21 0.250418 0.349124 0.011297 0.009599
21 0.228033 0.334098 0.015900 0.009599
21 0.228870 0.324082 0.016736 0.011269
21 0.221339 0.317821 0.009205 0.010434
21 0.213598 0.324290 0.011297 0.012521
21 0.213598 0.333472 0.013808 0.007513
21 0.201883 0.337855 0.016318 0.014608
21 0.200628 0.323873 0.012971 0.013356
21 0.365690 0.280050 0.010879 0.012521
21 0.361088 0.287980 0.010042 0.010017
21 0.352301 0.288815 0.006695 0.010017
21 0.488285 0.403589 0.021757 0.015025
21 0.493305 0.388773 0.015900 0.017112
21 0.299791 0.354758 0.017155 0.017529
21 0.283891 0.387730 0.023849 0.011686
21 0.282636 0.375626 0.021339 0.011686
21 0.365900 0.371244 0.009623 0.015442
21 0.356067 0.376252 0.014226 0.017112
21 0.584519 0.450543 0.020084 0.013773
21 0.576360 0.443656 0.015481 0.015025
21 0.553766 0.433222 0.016318 0.017529
21 0.456276 0.492279 0.008787 0.007930
21 0.453975 0.484349 0.015900 0.009599
21 0.403766 0.520659 0.018410 0.015442
21 0.386402 0.485392 0.015481 0.011686
21 0.385565 0.474541 0.017155 0.008347
21 0.445397 0.513356 0.017155 0.015860
21 0.336192 0.533806 0.008787 0.010017
21 0.346653 0.534432 0.010460 0.009599
21 0.341841 0.526085 0.010879 0.006260
21 0.330335 0.525459 0.010460 0.014190
21 0.370502 0.542988 0.013808 0.010017
21 0.233054 0.630634 0.010879 0.010851
21 0.235565 0.619366 0.012552 0.011686
21 0.209833 0.576377 0.012971 0.022538
21 0.136402 0.511686 0.029289 0.016694
21 0.142050 0.499374 0.018828 0.017112
21 0.804393 0.586603 0.014644 0.009599
21 0.805230 0.577421 0.016318 0.008765
21 0.805230 0.568030 0.013808 0.010017
21 0.806485 0.558639 0.012134 0.008765
21 0.817782 0.555927 0.009623 0.010851
21 0.823013 0.569073 0.018410 0.017112
21 0.829079 0.574708 0.011297 0.010851
21 0.803766 0.595993 0.011715 0.007513
21 0.738703 0.601419 0.012134 0.010017
21 0.729916 0.596202 0.011297 0.011269
21 0.739749 0.589942 0.010879 0.011269
21 0.728870 0.587020 0.011715 0.008765
21 0.568828 0.615818 0.023013 0.020451
21 0.767782 0.635643 0.007531 0.010017
21 0.764644 0.646077 0.010460 0.012521
21 0.745188 0.666945 0.014226 0.012521
21 0.402092 0.837646 0.015900 0.017529
21 0.390795 0.833890 0.010042 0.011686
21 0.378870 0.834516 0.015481 0.014608
21 0.568828 0.883347 0.019665 0.017112
21 0.569874 0.867070 0.017573 0.015442
21 0.208159 0.537354 0.025523 0.021285
21 0.185774 0.567613 0.023431 0.020033
21 0.158996 0.572204 0.026778 0.022538
21 0.224477 0.575125 0.018828 0.019199
21 0.219665 0.597245 0.019247 0.019199
21 0.267573 0.589733 0.019665 0.016694
21 0.273640 0.574290 0.019247 0.020868
21 0.287029 0.574499 0.018410 0.017112
21 0.306276 0.574708 0.020084 0.018364
21 0.291423 0.586185 0.018828 0.014608
21 0.286192 0.599124 0.018410 0.017112
21 0.273849 0.610601 0.022176 0.018364
21 0.303347 0.619574 0.017573 0.016277
21 0.302720 0.631469 0.019665 0.017529
21 0.335146 0.632095 0.021757 0.020451
21 0.366109 0.589524 0.019247 0.016277
21 0.383891 0.591402 0.021339 0.020033
21 0.327406 0.549875 0.017992 0.017947
21 0.325941 0.561770 0.015063 0.014190
21 0.338494 0.569491 0.020921 0.019616
21 0.348117 0.547997 0.016736 0.015860
21 0.355230 0.562396 0.017573 0.012938
21 0.360251 0.552379 0.013389 0.013773
21 0.371967 0.553005 0.012552 0.010017
21 0.246653 0.487479 0.023013 0.022538
21 0.251255 0.505426 0.019665 0.019199
21 0.279289 0.499374 0.017992 0.017112
21 0.302720 0.490192 0.019665 0.015442
21 0.303556 0.505217 0.017155 0.016277
21 0.273849 0.513773 0.022176 0.018364
21 0.300837 0.523790 0.018410 0.018364
21 0.319247 0.529007 0.014226 0.019616
21 0.341841 0.516903 0.016736 0.015442
21 0.353556 0.522955 0.012552 0.013356
21 0.367992 0.510851 0.016318 0.017529
21 0.224477 0.614566 0.013808 0.015442
21 0.216527 0.637521 0.018828 0.016277
21 0.106276 0.650042 0.022594 0.022120
21 0.150209 0.655467 0.025105 0.022955
21 0.248536 0.626669 0.020084 0.017112
21 0.242469 0.641068 0.017992 0.017529
21 0.406904 0.553840 0.020502 0.020033
21 0.418410 0.595993 0.021757 0.023372
21 0.400209 0.534641 0.018828 0.014190
21 0.379916 0.530259 0.016736 0.015442
21 0.366946 0.532763 0.013389 0.010434
21 0.404603 0.657137 0.022594 0.018781
21 0.164017 0.702421 0.021757 0.019199
21 0.148536 0.723289 0.024268 0.024207
21 0.184310 0.736853 0.025523 0.024624
21 0.224477 0.756678 0.028870 0.031720
21 0.204603 0.813230 0.028452 0.024624
21 0.269665 0.770033 0.022176 0.021703
21 0.257322 0.692195 0.020921 0.021285
21 0.269874 0.672371 0.022594 0.019199
21 0.254603 0.659432 0.018828 0.021703
21 0.278452 0.699917 0.019665 0.017529
21 0.303766 0.741235 0.020084 0.020868
21 0.321130 0.768364 0.021339 0.020033
21 0.345188 0.772955 0.019247 0.019199
21 0.333264 0.787771 0.024686 0.022120
21 0.297908 0.797579 0.019247 0.020033
21 0.269874 0.796745 0.020921 0.017529
21 0.278243 0.807179 0.018410 0.019199
21 0.325314 0.831594 0.023013 0.022120
21 0.367992 0.689274 0.023013 0.021285
21 0.402720 0.675083 0.022176 0.020451
21 0.426778 0.700751 0.028452 0.024207
21 0.450209 0.688648 0.024268 0.021703
21 0.441213 0.740192 0.022176 0.019616
21 0.412971 0.764190 0.020084 0.021703
21 0.430126 0.773164 0.021757 0.020451
21 0.385774 0.785267 0.020084 0.020451
21 0.408368 0.799875 0.022594 0.020451
21 0.370711 0.800292 0.017573 0.017947
21 0.355649 0.805718 0.020921 0.020451
21 0.333891 0.812187 0.016736 0.015860
21 0.316946 0.806135 0.020502 0.020451
21 0.251255 0.818239 0.021339 0.018781
21 0.256067 0.829716 0.023431 0.015025
21 0.397280 0.817821 0.017992 0.017112
21 0.491841 0.718907 0.022176 0.023790
21 0.490795 0.747913 0.021757 0.020868
21 0.379498 0.821995 0.017573 0.017112
21 0.240586 0.846619 0.025105 0.024624
21 0.312971 0.911519 0.024268 0.026711
21 0.368201 0.851419 0.017573 0.020033
21 0.384100 0.852254 0.019247 0.024207
21 0.437866 0.833264 0.025523 0.022955
21 0.409623 0.909015 0.025105 0.025876
21 0.543305 0.883765 0.018828 0.027963
21 0.586820 0.800710 0.028870 0.022120
21 0.642259 0.835351 0.025105 0.021285
21 0.609623 0.855593 0.023431 0.020033
21 0.598117 0.887104 0.024686 0.023790
21 0.588285 0.864357 0.020084 0.018364
21 0.622594 0.925710 0.034310 0.027546
21 0.629498 0.944491 0.023013 0.024207
21 0.579498 0.966402 0.025941 0.022120
21 0.675314 0.927379 0.028452 0.024207
21 0.700837 0.909015 0.023431 0.024207
21 0.710879 0.890442 0.023431 0.022955
21 0.718201 0.838689 0.024686 0.022955
21 0.736820 0.862062 0.022594 0.022955
21 0.793305 0.863731 0.025941 0.023790
21 0.800628 0.798205 0.024686 0.021285
21 0.835774 0.832846 0.025523 0.025459
21 0.687029 0.792988 0.025105 0.022538
21 0.585146 0.651085 0.020502 0.019199
21 0.609205 0.664232 0.020921 0.017947
21 0.618619 0.692195 0.022176 0.021285
21 0.662762 0.709098 0.024268 0.023372
21 0.715272 0.674040 0.018828 0.018364
21 0.719038 0.695743 0.020502 0.019199
21 0.714017 0.710768 0.017155 0.016694
21 0.714435 0.727045 0.020502 0.023372
21 0.729916 0.777755 0.027197 0.022120
21 0.744770 0.744992 0.021757 0.021703
21 0.761088 0.726002 0.024268 0.022955
21 0.796862 0.750835 0.023013 0.023372
21 0.784728 0.764608 0.021339 0.022538
21 0.845397 0.763773 0.023013 0.023372
21 0.837448 0.704925 0.023849 0.021703
21 0.875732 0.664023 0.023431 0.021703
21 0.878243 0.686978 0.020921 0.021703
21 0.934100 0.643364 0.027197 0.025459
21 0.935983 0.682179 0.023431 0.023790
21 0.898117 0.721202 0.023849 0.023372
21 0.873849 0.723497 0.023013 0.023790
21 0.737448 0.641486 0.018828 0.015860
21 0.706276 0.638564 0.020084 0.016694
21 0.703138 0.655259 0.018828 0.018364
21 0.693096 0.558222 0.025523 0.021285
21 0.943724 0.592446 0.029707 0.024624
21 0.858996 0.567613 0.020921 0.019199
21 0.846653 0.556553 0.020502 0.019616
21 0.837448 0.536937 0.021339 0.018781
21 0.817364 0.539023 0.018828 0.017947
21 0.809414 0.547371 0.017992 0.017112
21 0.841423 0.580134 0.013389 0.015860
21 0.776151 0.570743 0.021757 0.019616
21 0.758159 0.574499 0.019247 0.016277
21 0.755021 0.591611 0.017155 0.013773
21 0.761297 0.602045 0.014644 0.013773
21 0.774686 0.609766 0.014644 0.015860
21 0.771548 0.587229 0.016736 0.013356
21 0.777824 0.595367 0.014226 0.011269
21 0.794142 0.602045 0.014226 0.012938
21 0.814435 0.601628 0.024686 0.017947
21 0.800209 0.614357 0.023849 0.015860
21 0.785356 0.619157 0.013389 0.010434
21 0.792259 0.627087 0.015481 0.010434
21 0.793305 0.638147 0.019247 0.014190
21 0.779498 0.631469 0.015063 0.014190
21 0.778243 0.643155 0.014226 0.015025
21 0.757741 0.632513 0.015900 0.017947
21 0.741004 0.617070 0.018410 0.017947
21 0.750628 0.658389 0.016736 0.014608
21 0.698745 0.625835 0.025941 0.019616
21 0.707531 0.616653 0.016736 0.016277
21 0.722803 0.621452 0.018828 0.017529
21 0.714435 0.600584 0.017992 0.019199
21 0.648326 0.547371 0.021339 0.017947
21 0.660460 0.522746 0.020502 0.018781
21 0.641632 0.531302 0.020502 0.017529
21 0.641841 0.352880 0.025105 0.022120
21 0.626569 0.394199 0.022176 0.019616
21 0.688912 0.369574 0.027197 0.025459
21 0.722176 0.367905 0.020084 0.019616
21 0.709623 0.377504 0.026778 0.024624
21 0.743933 0.379800 0.027615 0.025042
21 0.768619 0.372078 0.026778 0.022955
21 0.770293 0.399416 0.027615 0.024207
21 0.884728 0.390442 0.024686 0.024624
21 0.943305 0.377295 0.024686 0.021703
21 0.940377 0.396494 0.023013 0.020868
21 0.951464 0.416528 0.026778 0.025876
21 0.867992 0.442613 0.025523 0.023790
21 0.943096 0.449290 0.025105 0.032137
21 0.831172 0.477462 0.021339 0.020868
21 0.842050 0.508556 0.017992 0.020451
21 0.859414 0.505634 0.023431 0.020451
21 0.648954 0.504382 0.020921 0.017947
21 0.624686 0.501043 0.020921 0.017947
21 0.616736 0.516903 0.018410 0.017112
21 0.687657 0.181970 0.023013 0.020033
21 0.652510 0.205342 0.021339 0.018364
21 0.667364 0.231845 0.019247 0.022120
21 0.690795 0.236644 0.024268 0.018364
21 0.632218 0.231427 0.022594 0.019616
21 0.694142 0.201795 0.021757 0.019616
21 0.705230 0.208681 0.019665 0.018364
21 0.783891 0.232679 0.023013 0.018781
21 0.774268 0.247913 0.019665 0.016694
21 0.793305 0.249791 0.024268 0.024624
21 0.826778 0.231845 0.023431 0.021285
21 0.824268 0.250417 0.020921 0.017529
21 0.822803 0.269407 0.022176 0.020451
21 0.882008 0.273790 0.026778 0.023372
21 0.800209 0.292154 0.024686 0.018364
21 0.753556 0.281511 0.024268 0.018781
21 0.726569 0.268990 0.023849 0.020451
21 0.672803 0.313856 0.024268 0.024207
21 0.704603 0.280050 0.020084 0.014190
21 0.706695 0.292780 0.018410 0.017947
21 0.676151 0.265234 0.020921 0.017947
21 0.648745 0.263773 0.020502 0.015860
21 0.734519 0.209933 0.026360 0.030050
21 0.767992 0.264816 0.018828 0.019616
21 0.756067 0.268364 0.016736 0.018364
21 0.824268 0.308431 0.020921 0.015860
21 0.825732 0.323038 0.020502 0.018364
21 0.844351 0.330760 0.020921 0.019616
21 0.866527 0.294240 0.018410 0.023372
21 0.888703 0.343698 0.020921 0.016277
21 0.881381 0.329299 0.019665 0.020033
21 0.615272 0.193447 0.023013 0.019616
21 0.444979 0.138356 0.027197 0.022955
21 0.486402 0.146703 0.022176 0.024624
21 0.513389 0.157554 0.018410 0.015442
21 0.531172 0.153589 0.017992 0.015860
21 0.526569 0.165902 0.017155 0.014608
21 0.517573 0.181135 0.016736 0.017529
21 0.558787 0.097663 0.023013 0.022538
21 0.559833 0.119366 0.020921 0.018364
21 0.580544 0.123539 0.022176 0.021703
21 0.598326 0.129591 0.016736 0.018781
21 0.611925 0.132095 0.017992 0.019616
21 0.627406 0.131678 0.019665 0.015442
21 0.634310 0.145659 0.015900 0.016694
21 0.665063 0.146077 0.014644 0.015860
21 0.675732 0.161937 0.016736 0.020868
21 0.712971 0.167362 0.023431 0.021703
21 0.597699 0.161102 0.019665 0.017529
21 0.612552 0.167362 0.017573 0.016694
21 0.562343 0.167362 0.019247 0.016694
21 0.552092 0.142321 0.019665 0.015860
21 0.535146 0.182179 0.017573 0.017947
21 0.552301 0.179883 0.018410 0.019199
21 0.517364 0.207220 0.022176 0.023790
21 0.536611 0.221619 0.018828 0.017529
21 0.553766 0.212020 0.023013 0.017529
21 0.568410 0.189691 0.017155 0.014608
21 0.574895 0.198873 0.019247 0.015442
21 0.592887 0.204090 0.020084 0.020033
21 0.483891 0.163815 0.017992 0.017112
21 0.497699 0.171327 0.014644 0.014608
21 0.488703 0.180718 0.016736 0.016694
21 0.475314 0.180092 0.017573 0.017112
21 0.439958 0.197621 0.020502 0.021285
21 0.460879 0.207012 0.019665 0.020033
21 0.477406 0.203464 0.024268 0.022120
21 0.482218 0.239775 0.022176 0.018781
21 0.445397 0.221619 0.019665 0.017529
21 0.446025 0.237062 0.019247 0.018364
21 0.441213 0.256260 0.018828 0.020033
21 0.410460 0.266068 0.020084 0.017112
21 0.401255 0.217237 0.022594 0.021285
21 0.390795 0.231010 0.020921 0.017947
21 0.391841 0.243322 0.018828 0.016694
21 0.519665 0.232888 0.023431 0.017529
21 0.560460 0.235810 0.028870 0.024207
21 0.526569 0.256678 0.020502 0.020033
21 0.542887 0.279215 0.022176 0.019199
21 0.473849 0.280050 0.020502 0.019199
21 0.372176 0.234140 0.018828 0.020868
21 0.344351 0.264190 0.026778 0.021703
21 0.354393 0.306970 0.022594 0.023790
21 0.409414 0.296327 0.028033 0.024207
21 0.446444 0.305509 0.020921 0.017529
21 0.439331 0.321786 0.023431 0.020868
21 0.392887 0.338689 0.023431 0.019616
21 0.332218 0.350793 0.017573 0.016277
21 0.352510 0.343072 0.019665 0.015860
21 0.352092 0.356219 0.022176 0.016277
21 0.377615 0.356219 0.019665 0.017947
21 0.382845 0.366861 0.016736 0.015860
21 0.411506 0.378756 0.022176 0.017112
21 0.361297 0.420284 0.020502 0.019199
21 0.450209 0.407137 0.023431 0.019616
21 0.464017 0.413189 0.017573 0.018364
21 0.478661 0.416319 0.017573 0.016277
21 0.476778 0.393155 0.021339 0.016694
21 0.481381 0.377087 0.020502 0.020451
21 0.501464 0.352045 0.023013 0.019616
21 0.532427 0.334725 0.021339 0.020868
21 0.507950 0.275668 0.022594 0.023790
21 0.567782 0.325334 0.020921 0.016277
21 0.570711 0.340985 0.022594 0.020033
21 0.591004 0.369157 0.022176 0.023790
21 0.541004 0.425501 0.020921 0.021285
21 0.376360 0.287563 0.018828 0.019199
21 0.270084 0.401503 0.020502 0.018364
21 0.291004 0.406511 0.020502 0.017529
21 0.276151 0.440943 0.023431 0.020451
21 0.326569 0.454925 0.024686 0.020868
21 0.402092 0.485392 0.016736 0.017529
21 0.414435 0.490192 0.015481 0.017112
21 0.427615 0.496661 0.017573 0.017529
21 0.390377 0.508556 0.017573 0.016277
21 0.401255 0.501669 0.016736 0.016694
21 0.396025 0.494157 0.014644 0.010017
21 0.471339 0.449082 0.017155 0.017529
21 0.463808 0.458681 0.018828 0.016694
21 0.500628 0.462229 0.021339 0.018781
21 0.450209 0.473706 0.020084 0.014190
21 0.469038 0.495200 0.015900 0.017947
21 0.454393 0.503965 0.016736 0.015442
21 0.449582 0.529424 0.019665 0.019616
21 0.439749 0.548831 0.020921 0.020033
21 0.487866 0.525042 0.023431 0.020868
21 0.523013 0.499165 0.020921 0.019199
21 0.538703 0.475376 0.021339 0.020868
21 0.548954 0.450334 0.020084 0.020033
21 0.585146 0.468280 0.020502 0.022538
21 0.578661 0.488731 0.019247 0.017529
21 0.598745 0.509182 0.019247 0.020033
21 0.543933 0.519199 0.017573 0.015860
21 0.537238 0.527755 0.018410 0.015442
21 0.588703 0.520659 0.013389 0.017112
21 0.606485 0.529215 0.014644 0.016694
21 0.581799 0.541736 0.017992 0.016694
21 0.620293 0.545910 0.017155 0.018364
21 0.577615 0.516068 0.016318 0.016277
21 0.560251 0.568239 0.020921 0.017947
21 0.501255 0.576169 0.020921 0.020451
21 0.512343 0.584098 0.020502 0.019616
21 0.435983 0.640442 0.019247 0.018781
21 0.525732 0.624165 0.019665 0.018781
21 0.596653 0.594741 0.017573 0.017529
21 0.611925 0.603923 0.018828 0.021703
21 0.577197 0.585768 0.021339 0.017947
21 0.508159 0.548831 0.025523 0.024207
21 0.588285 0.613314 0.016736 0.018781
21 0.540377 0.647120 0.019665 0.019616
21 0.538912 0.660893 0.017573 0.016277
21 0.555021 0.667571 0.016318 0.016277
21 0.508368 0.681344 0.019247 0.020451
21 0.479289 0.688022 0.028870 0.020451
21 0.529079 0.690109 0.021339 0.019616
21 0.573849 0.690735 0.020502 0.020033
21 0.555439 0.687396 0.019665 0.017529
21 0.558787 0.705760 0.020502 0.020033
21 0.574059 0.733306 0.021757 0.020868
21 0.555230 0.765025 0.023431 0.020033
21 0.533264 0.761477 0.020502 0.019616
21 0.517992 0.734975 0.016736 0.017529
21 0.530544 0.734975 0.015900 0.019199
21 0.132636 0.429466 0.029289 0.024207
21 0.196653 0.440317 0.022594 0.019199
21 0.208996 0.426753 0.020502 0.019616
21 0.226151 0.410058 0.025523 0.021285
21 0.204184 0.397538 0.021757 0.018781
21 0.206485 0.379591 0.021339 0.020451
21 0.238912 0.454925 0.021757 0.020868
21 0.162134 0.286937 0.023849 0.022955
21 0.151883 0.316361 0.025941 0.024207
21 0.178033 0.329508 0.023849 0.019616
21 0.234100 0.310935 0.024686 0.023372
21 0.270084 0.305301 0.024686 0.022120
21 0.297071 0.333681 0.020084 0.017112
21 0.247908 0.372496 0.019665 0.014608
21 0.231172 0.368948 0.016318 0.016694
21 0.230126 0.348080 0.015900 0.015025
21 0.219456 0.345159 0.018828 0.017529
21 0.224895 0.378339 0.022176 0.017947
21 0.253556 0.341820 0.016736 0.015860
21 0.273013 0.342654 0.013808 0.015025
21 0.279707 0.351419 0.017155 0.012521
21 0.282008 0.363731 0.015900 0.018781
21 0.426151 0.277755 0.015481 0.018781
21 0.438285 0.280885 0.017992 0.017529
21 0.164017 0.207638 0.025105 0.023790
21 0.321757 0.167571 0.024268 0.022955
21 0.588075 0.565317 0.017992 0.013773
21 0.589540 0.577421 0.017573 0.015442
21 0.600837 0.540693 0.015900 0.014608
21 0.608996 0.547579 0.017155 0.015860
21 0.126151 0.604132 0.023849 0.033806
21 0.278452 0.650042 0.025523 0.023790
21 0.294142 0.728715 0.032636 0.033389
21 0.521548 0.881678 0.024686 0.028798