21 0.472119 0.125235 0.015613 0.021813
21 0.458364 0.122791 0.011896 0.025950
21 0.444052 0.122791 0.019703 0.027454
21 0.259294 0.068259 0.023420 0.019932
21 0.237175 0.079353 0.014126 0.012035
21 0.241450 0.090636 0.023420 0.020308
21 0.186245 0.127680 0.026022 0.028958
21 0.155576 0.152689 0.025651 0.032343
21 0.101859 0.223204 0.023048 0.025197
21 0.089591 0.237495 0.018587 0.019932
21 0.099628 0.252162 0.028996 0.025197
21 0.411338 0.275480 0.021933 0.028206
21 0.389405 0.273411 0.019703 0.018052
21 0.392751 0.292591 0.030855 0.022565
21 0.439405 0.275668 0.027509 0.028582
21 0.445353 0.259120 0.024535 0.020308
21 0.455204 0.244641 0.023420 0.022189
21 0.419517 0.252915 0.023420 0.022189
21 0.343680 0.271155 0.021933 0.025574
21 0.354647 0.261376 0.021561 0.023317
21 0.041636 0.527454 0.026766 0.030463
21 0.051673 0.497932 0.019331 0.026326
21 0.032900 0.499624 0.018959 0.020684
21 0.021747 0.509214 0.021933 0.025574
21 0.064126 0.489658 0.015985 0.018804
21 0.050186 0.477435 0.019331 0.013163
21 0.029926 0.482700 0.021190 0.019932
21 0.041078 0.463896 0.016729 0.020684
21 0.022491 0.458631 0.020446 0.024445
21 0.038662 0.444716 0.020818 0.019932
21 0.047770 0.436254 0.020446 0.018804
21 0.015242 0.430049 0.013383 0.019932
21 0.032156 0.420271 0.018216 0.031215
21 0.023606 0.404099 0.016729 0.013915
21 0.026766 0.392065 0.020074 0.021437
21 0.048885 0.400903 0.021190 0.026326
21 0.043309 0.355585 0.023420 0.022189
21 0.046654 0.336029 0.019703 0.019932
21 0.061710 0.330387 0.025279 0.022941
21 0.075279 0.309327 0.024907 0.028958
21 0.053346 0.309515 0.018216 0.024069
21 0.636617 0.574652 0.015242 0.016548
21 0.626952 0.550207 0.015242 0.018804
21 0.636617 0.559797 0.013755 0.010906
21 0.622491 0.569011 0.017472 0.021061
21 0.651301 0.562618 0.017100 0.018804
21 0.646654 0.546258 0.018216 0.015419
21 0.603903 0.657954 0.021933 0.020684
21 0.596840 0.667544 0.024907 0.019556
21 0.591636 0.684656 0.023420 0.020684
21 0.719888 0.133697 0.034572 0.040241
21 0.751301 0.151561 0.037918 0.031591
21 0.760409 0.174502 0.036803 0.027078
21 0.760037 0.234111 0.034572 0.032719
21 0.719888 0.260060 0.034572 0.034976
21 0.755204 0.267018 0.030855 0.033095
21 0.807063 0.265325 0.029740 0.028206
21 0.838104 0.289771 0.038290 0.035728
21 0.801859 0.305002 0.028996 0.032343
21 0.775093 0.290899 0.032714 0.031215
21 0.583086 0.302181 0.019703 0.029710
21 0.556506 0.306506 0.031227 0.034599
21 0.557435 0.039677 0.033086 0.043249
21 0.502045 0.031591 0.029368 0.036104
21 0.455019 0.047010 0.030483 0.038360
21 0.420074 0.029710 0.034944 0.034599
21 0.334201 0.047762 0.033457 0.030839
21 0.395911 0.114893 0.032714 0.039489
21 0.420074 0.107183 0.026022 0.031591
21 0.313383 0.143099 0.031970 0.029710
21 0.424349 0.191425 0.030112 0.030839
21 0.395725 0.206657 0.034572 0.034223
21 0.512639 0.211922 0.026022 0.030463
21 0.508922 0.236555 0.029740 0.025574
21 0.514312 0.273035 0.031599 0.037608
21 0.484015 0.266454 0.027509 0.035728
21 0.447955 0.328695 0.037175 0.036856
21 0.356134 0.306130 0.033457 0.027830
21 0.325836 0.309703 0.033086 0.033471
21 0.346468 0.358405 0.040149 0.034599
21 0.375279 0.235991 0.029368 0.026702
21 0.413383 0.219819 0.027509 0.025197
21 0.429926 0.224897 0.018959 0.030086
21 0.444052 0.216247 0.020446 0.033847
21 0.476394 0.227529 0.014498 0.027078
21 0.476580 0.203648 0.016357 0.024445
21 0.487546 0.218691 0.018959 0.036480
21 0.461152 0.208537 0.014498 0.014667
21 0.461710 0.229222 0.014870 0.021437
21 0.534015 0.160775 0.028625 0.032719
21 0.512639 0.153253 0.020074 0.022941
21 0.495911 0.153065 0.013383 0.025574
21 0.479368 0.154005 0.014498 0.028958
21 0.465428 0.153629 0.014870 0.037984
21 0.448699 0.154569 0.018587 0.032343
21 0.428625 0.142535 0.027509 0.028582
21 0.464498 0.096277 0.024907 0.029334
21 0.486431 0.104927 0.027138 0.029334
21 0.512082 0.099285 0.030112 0.030839
21 0.515985 0.130124 0.030483 0.023317
21 0.567472 0.085558 0.042007 0.031215
21 0.584015 0.123167 0.027509 0.040241
21 0.565428 0.118842 0.026766 0.037608
21 0.543123 0.120534 0.021561 0.035728
21 0.220074 0.152501 0.034944 0.025950
21 0.245167 0.136706 0.032342 0.026702
21 0.313197 0.078789 0.031599 0.028958
21 0.290520 0.084618 0.027881 0.032343
21 0.274535 0.097217 0.025651 0.032719
21 0.257249 0.102106 0.012639 0.028958
21 0.217286 0.126739 0.025651 0.031591
21 0.235316 0.113577 0.026022 0.025574
21 0.236245 0.185408 0.024164 0.036104
21 0.255204 0.186724 0.024164 0.028958
21 0.314870 0.191989 0.023048 0.029710
21 0.298513 0.182587 0.026766 0.018428
21 0.295911 0.204400 0.019331 0.025197
21 0.325279 0.216623 0.024535 0.023317
21 0.304833 0.219255 0.020074 0.022565
21 0.313383 0.235991 0.029740 0.017676
21 0.322862 0.255359 0.020446 0.025574
21 0.301301 0.253103 0.022677 0.027830
21 0.276394 0.273975 0.029368 0.029710
21 0.269703 0.245205 0.029368 0.026326
21 0.253717 0.228657 0.022677 0.024069
21 0.269703 0.214366 0.025651 0.020308
21 0.206134 0.231102 0.026394 0.028958
21 0.228439 0.233734 0.019703 0.031967
21 0.230297 0.266266 0.031599 0.018052
21 0.227323 0.289206 0.032342 0.023317
21 0.252416 0.301617 0.026022 0.030839
21 0.199257 0.254795 0.026766 0.028206
21 0.178067 0.285634 0.034944 0.023693
21 0.178253 0.261188 0.025651 0.022941
21 0.147955 0.263257 0.028996 0.034599
21 0.669145 0.328695 0.030483 0.028582
21 0.710781 0.342422 0.029740 0.028206
21 0.776208 0.350320 0.034201 0.037984
21 0.808550 0.351072 0.028996 0.029710
21 0.850558 0.365551 0.036431 0.033847
21 0.845539 0.387740 0.039033 0.024069
21 0.812454 0.390184 0.024907 0.026702
21 0.785688 0.390184 0.028625 0.032719
21 0.843866 0.407860 0.032714 0.021437
21 0.855204 0.428921 0.038290 0.030463
21 0.803346 0.433810 0.028996 0.034976
21 0.817472 0.443776 0.020074 0.030086
21 0.840520 0.442836 0.023792 0.028206
21 0.838848 0.468973 0.032342 0.030086
21 0.817286 0.478187 0.034572 0.028958
21 0.847212 0.508086 0.031227 0.036856
21 0.674721 0.346935 0.031227 0.025197
21 0.689777 0.358593 0.025651 0.022941
21 0.680112 0.371568 0.032342 0.030086
21 0.710037 0.364611 0.031227 0.025950
21 0.723606 0.394133 0.034572 0.024821
21 0.634387 0.379654 0.025651 0.034976
21 0.613011 0.381534 0.023048 0.032719
21 0.638848 0.438511 0.027138 0.029334
21 0.665613 0.439075 0.024907 0.024445
21 0.660223 0.463708 0.031227 0.027078
21 0.555948 0.412937 0.038290 0.024069
21 0.565613 0.388492 0.032342 0.024821
21 0.571561 0.368372 0.035316 0.022189
21 0.563941 0.349379 0.037175 0.031591
21 0.528439 0.363106 0.028625 0.025197
21 0.518401 0.386423 0.036803 0.028958
21 0.513197 0.407672 0.030855 0.028582
21 0.483643 0.432493 0.028253 0.030839
21 0.458364 0.428733 0.022305 0.038360
21 0.407249 0.420459 0.038290 0.041369
21 0.511338 0.500188 0.032342 0.032343
21 0.733643 0.518428 0.031599 0.036480
21 0.760595 0.529146 0.033457 0.030839
21 0.786989 0.556036 0.037175 0.032719
21 0.771375 0.584054 0.036431 0.033095
21 0.884201 0.597217 0.039033 0.036104
21 0.777881 0.708913 0.036059 0.037608
21 0.576580 0.481572 0.027509 0.025950
21 0.602602 0.481008 0.019331 0.025574
21 0.618773 0.480632 0.022677 0.020308
21 0.635874 0.490974 0.022677 0.022189
21 0.614870 0.501316 0.020818 0.017300
21 0.599257 0.503761 0.026022 0.022189
21 0.581970 0.507710 0.028625 0.024069
21 0.563569 0.514291 0.024535 0.028206
21 0.451487 0.509966 0.033086 0.027078
21 0.449628 0.530651 0.031599 0.024069
21 0.418030 0.550207 0.039033 0.030839
21 0.461710 0.584054 0.026766 0.028582
21 0.526952 0.535540 0.024164 0.022565
21 0.543494 0.558293 0.024535 0.022941
21 0.523420 0.559797 0.019331 0.028958
21 0.504461 0.558293 0.020818 0.025197
21 0.497212 0.579165 0.029368 0.023317
21 0.523048 0.589131 0.023792 0.021437
21 0.537918 0.601542 0.028996 0.022941
21 0.543123 0.628056 0.029740 0.021813
21 0.582156 0.636329 0.025279 0.027078
21 0.609851 0.623167 0.024164 0.020308
21 0.621747 0.639526 0.022677 0.023693
21 0.581413 0.588755 0.027509 0.019180
21 0.567472 0.572960 0.018959 0.014667
21 0.582714 0.573900 0.018959 0.010530
21 0.569331 0.556224 0.015242 0.013539
21 0.583457 0.557540 0.018959 0.012411
21 0.603717 0.550771 0.024535 0.016171
21 0.602230 0.569763 0.020074 0.017300
21 0.594610 0.538360 0.019703 0.027454
21 0.616357 0.534788 0.017844 0.021061
21 0.602045 0.525197 0.029368 0.019180
21 0.631413 0.520684 0.026394 0.028958
21 0.655019 0.522565 0.017844 0.028958
21 0.670446 0.519180 0.022677 0.031967
21 0.683643 0.527266 0.028253 0.025574
21 0.715613 0.586123 0.020074 0.031215
21 0.760409 0.613388 0.033829 0.024069
21 0.745725 0.628432 0.023048 0.024821
21 0.758364 0.638210 0.023792 0.024821
21 0.724164 0.644039 0.031227 0.028958
21 0.792193 0.627868 0.026766 0.031967
21 0.845167 0.615457 0.029368 0.031967
21 0.823420 0.639526 0.026022 0.022189
21 0.823048 0.616209 0.023048 0.022189
21 0.840706 0.634825 0.015242 0.022565
21 0.649814 0.591388 0.026022 0.023693
21 0.650000 0.620346 0.027881 0.027454
21 0.670818 0.628056 0.018216 0.020308
21 0.662082 0.644415 0.023792 0.022189
21 0.676208 0.652689 0.023048 0.022941
21 0.686803 0.645731 0.025651 0.021061
21 0.693680 0.627680 0.027509 0.027078
21 0.698327 0.584430 0.018216 0.020308
21 0.702974 0.606807 0.023048 0.023693
21 0.686617 0.601166 0.017100 0.029710
21 0.671004 0.601918 0.014126 0.033471
21 0.497212 0.601166 0.025651 0.022189
21 0.504089 0.621286 0.025279 0.026326
21 0.487546 0.628056 0.024907 0.026326
21 0.689777 0.700827 0.029368 0.030463
21 0.653160 0.694998 0.028253 0.029334
21 0.660409 0.671681 0.023420 0.027078
21 0.636059 0.665664 0.023048 0.024069
21 0.624535 0.680707 0.019331 0.027078
21 0.598513 0.705152 0.031227 0.026326
21 0.590520 0.725273 0.021933 0.028206
21 0.568030 0.724709 0.023792 0.027078
21 0.538848 0.709853 0.028625 0.025950
21 0.547955 0.735051 0.029740 0.024445
21 0.546097 0.756299 0.029740 0.025574
21 0.568216 0.798232 0.034572 0.034223
21 0.593494 0.760812 0.033086 0.030839
21 0.630297 0.748026 0.030855 0.033095
21 0.650743 0.767582 0.024164 0.037608
21 0.675651 0.766454 0.025651 0.033095
21 0.710781 0.764009 0.029740 0.033471
21 0.714126 0.718879 0.032714 0.028958
21 0.700558 0.733923 0.027881 0.031967
21 0.689591 0.750658 0.026766 0.027830
21 0.738290 0.812712 0.037175 0.042121
21 0.686431 0.848063 0.036059 0.037608
21 0.553160 0.882475 0.028253 0.033471
21 0.537918 0.854645 0.028253 0.028206
21 0.513941 0.858405 0.024907 0.029710
21 0.528810 0.883415 0.023420 0.033847
21 0.514684 0.758180 0.029368 0.018804
21 0.514870 0.778300 0.030483 0.025950
21 0.441264 0.735051 0.031227 0.031967
21 0.477323 0.820233 0.025279 0.027078
21 0.476394 0.792027 0.019703 0.031591
21 0.458550 0.794848 0.018959 0.035728
21 0.391078 0.746521 0.035688 0.031591
21 0.320074 0.705904 0.026022 0.037608
21 0.339963 0.691049 0.027881 0.022941
21 0.345911 0.710794 0.025651 0.030086
21 0.394424 0.697443 0.031970 0.025950
21 0.441636 0.689921 0.032714 0.031967
21 0.481599 0.664536 0.030112 0.030086
21 0.524535 0.685220 0.024535 0.021061
21 0.547398 0.679203 0.021190 0.018052
21 0.566543 0.665664 0.017100 0.018052
21 0.558922 0.647424 0.026394 0.016171
21 0.548141 0.660399 0.018959 0.019556
21 0.526766 0.665100 0.023792 0.017676
21 0.458178 0.638774 0.024164 0.028206
21 0.438848 0.639150 0.018959 0.032719
21 0.416914 0.619782 0.028625 0.029334
21 0.399814 0.645355 0.024907 0.021813
21 0.414684 0.670177 0.021933 0.023317
21 0.396283 0.667732 0.023792 0.029710
21 0.369145 0.678074 0.028253 0.030086
21 0.357435 0.640842 0.029368 0.027078
21 0.370074 0.619970 0.036059 0.025197
21 0.358736 0.589507 0.026766 0.029710
21 0.384015 0.594208 0.022305 0.037608
21 0.402416 0.593080 0.017472 0.033847
21 0.427323 0.591388 0.028625 0.033471
21 0.462082 0.942648 0.039405 0.035728
21 0.429182 0.911997 0.030112 0.034599
21 0.386245 0.883415 0.036431 0.033847
21 0.323978 0.878714 0.037546 0.034223
21 0.482528 0.864423 0.023048 0.029710
21 0.485502 0.891689 0.028996 0.029334
21 0.476208 0.908236 0.027509 0.027078
21 0.458364 0.898082 0.026022 0.026326
21 0.464870 0.867619 0.021933 0.027078
21 0.445539 0.871568 0.024907 0.030463
21 0.194238 0.733546 0.033086 0.038736
21 0.200929 0.818353 0.033829 0.036856
21 0.251487 0.778676 0.031599 0.031967
21 0.255019 0.804062 0.033457 0.018804
21 0.253717 0.832832 0.032342 0.032719
21 0.308550 0.782061 0.027509 0.025197
21 0.391636 0.795412 0.023420 0.023317
21 0.373606 0.793531 0.020074 0.027078
21 0.351115 0.793907 0.026394 0.026326
21 0.326766 0.793343 0.022305 0.026702
21 0.312825 0.809139 0.030112 0.029710
21 0.432528 0.801241 0.029368 0.021437
21 0.429554 0.840165 0.025651 0.021813
21 0.418959 0.821926 0.017100 0.028206
21 0.442379 0.827567 0.023048 0.018428
21 0.393866 0.817036 0.017472 0.013915
21 0.406320 0.824558 0.011896 0.031967
21 0.399071 0.836405 0.019703 0.027830
21 0.370818 0.839037 0.011524 0.020308
21 0.383271 0.838661 0.013383 0.023317
21 0.378996 0.817601 0.018216 0.013539
21 0.355019 0.824746 0.020818 0.024069
21 0.340520 0.826439 0.020818 0.022189
21 0.361524 0.846559 0.020446 0.027078
21 0.345911 0.847875 0.019703 0.023693
21 0.269888 0.824934 0.020818 0.025950
21 0.282900 0.841482 0.020074 0.025197
21 0.290892 0.817036 0.018959 0.016924
21 0.295353 0.839601 0.010781 0.025197
21 0.322119 0.837345 0.021933 0.029710
21 0.315428 0.849191 0.019703 0.023317
21 0.304833 0.843550 0.014126 0.019556
21 0.166357 0.799737 0.039033 0.037984
21 0.163755 0.763821 0.023420 0.031591
21 0.143123 0.741256 0.032714 0.029334
21 0.143494 0.759872 0.030483 0.025197
21 0.149814 0.709477 0.026766 0.034223
21 0.124164 0.709477 0.024535 0.026702
21 0.068030 0.687100 0.034201 0.037608
21 0.097026 0.679203 0.023792 0.037608
21 0.111710 0.683528 0.030112 0.026702
21 0.099257 0.710417 0.026766 0.029334
21 0.312825 0.533847 0.039777 0.040241
21 0.262082 0.528770 0.031227 0.027830
21 0.299628 0.597593 0.032714 0.033095
21 0.294981 0.631816 0.028625 0.026326
21 0.271747 0.631816 0.023048 0.030086
21 0.282900 0.655322 0.031970 0.028958
21 0.244610 0.623167 0.029740 0.035352
21 0.269145 0.597217 0.030483 0.026326
21 0.265799 0.567507 0.037175 0.030839
21 0.197584 0.574464 0.032342 0.030463
21 0.191264 0.595337 0.029368 0.026326
21 0.212454 0.619218 0.025651 0.033471
21 0.189405 0.625611 0.025651 0.031215
21 0.276208 0.489846 0.029740 0.032719
21 0.255204 0.484393 0.025651 0.033847
21 0.228253 0.471794 0.040149 0.029710
21 0.226766 0.446220 0.031227 0.025197
21 0.182714 0.414442 0.033086 0.034599
21 0.278996 0.383791 0.033086 0.032719
21 0.257621 0.397706 0.034201 0.039489
21 0.243866 0.407108 0.038662 0.025950
21 0.244238 0.430425 0.034201 0.023693
21 0.110037 0.333020 0.036431 0.031967
21 0.069888 0.360474 0.032714 0.030463
21 0.072677 0.397706 0.026394 0.028206
21 0.078253 0.496427 0.028625 0.027078
21 0.099814 0.573524 0.033086 0.029334
21 0.086059 0.551335 0.033829 0.030839
21 0.065242 0.541181 0.036059 0.024069
21 0.072862 0.520120 0.034201 0.021813
21 0.086989 0.448101 0.020818 0.026702
21 0.103532 0.444340 0.021933 0.026702
21 0.103717 0.418202 0.025279 0.024821
21 0.081970 0.419707 0.018216 0.026326
21 0.057249 0.459759 0.023792 0.026702
21 0.140706 0.532531 0.025651 0.021813
21 0.155019 0.537796 0.023792 0.021061
21 0.158550 0.559045 0.032342 0.025197
21 0.134015 0.550395 0.025651 0.023693