21 0.025208 0.345978 0.025417 0.026949
21 0.072083 0.661484 0.028333 0.026949
21 0.065000 0.458126 0.042500 0.056385
21 0.131042 0.478234 0.035417 0.036899
21 0.107500 0.319444 0.028333 0.031095
21 0.158125 0.298922 0.027083 0.032338
21 0.210833 0.285240 0.044167 0.043947
21 0.284375 0.238184 0.035417 0.049337
21 0.301667 0.188847 0.038333 0.035240
21 0.267708 0.142828 0.027083 0.031095
21 0.281667 0.118781 0.024167 0.031095
21 0.317292 0.058665 0.027083 0.035240
21 0.370000 0.039179 0.044167 0.046849
21 0.650625 0.082090 0.031250 0.039801
21 0.714583 0.080017 0.040000 0.043947
21 0.797083 0.098259 0.020000 0.018242
21 0.816250 0.117123 0.024167 0.025290
21 0.841667 0.149876 0.018333 0.025290
21 0.823958 0.191128 0.037083 0.039801
21 0.636042 0.160655 0.047083 0.035240
21 0.627083 0.229685 0.038333 0.032338
21 0.580208 0.151327 0.041250 0.042289
21 0.534167 0.111526 0.040000 0.042289
21 0.135417 0.376036 0.032500 0.042289
21 0.163333 0.350746 0.034167 0.033997
21 0.338542 0.359245 0.027083 0.036899
21 0.390625 0.390962 0.025417 0.029851
21 0.340625 0.409411 0.031250 0.035240
21 0.310833 0.419362 0.034167 0.026949
21 0.250625 0.436982 0.049583 0.062189
21 0.206250 0.533167 0.032500 0.033997
21 0.246250 0.540216 0.024167 0.033997
21 0.296667 0.547471 0.034167 0.036899
21 0.230625 0.626451 0.027083 0.028192
21 0.282708 0.633706 0.022917 0.025290
21 0.294583 0.611111 0.032500 0.028192
21 0.422292 0.614635 0.035417 0.046849
21 0.497083 0.615257 0.040000 0.039801
21 0.370417 0.685323 0.014167 0.009950
21 0.389583 0.676824 0.032500 0.035240
21 0.344167 0.692371 0.024167 0.024046
21 0.276250 0.701285 0.044167 0.025290
21 0.276250 0.723881 0.024167 0.024876
21 0.194583 0.691750 0.034167 0.025290
21 0.113958 0.760365 0.035417 0.029851
21 0.149375 0.789386 0.035417 0.033997
21 0.167917 0.753109 0.024167 0.026949
21 0.192292 0.754561 0.027083 0.029851
21 0.213333 0.770937 0.016667 0.024461
21 0.428125 0.332504 0.035417 0.039801
21 0.419583 0.290837 0.030000 0.026949
21 0.512917 0.249585 0.028333 0.032338
21 0.558750 0.290630 0.032500 0.038143
21 0.600208 0.323176 0.035417 0.041045
21 0.658750 0.275912 0.044167 0.036899
21 0.845417 0.260365 0.042500 0.039801
21 0.733750 0.223673 0.032500 0.031095
21 0.724792 0.248342 0.031250 0.032338
21 0.751875 0.271559 0.037083 0.028192
21 0.657917 0.395108 0.042500 0.032338
21 0.798542 0.426617 0.031250 0.029851
21 0.737500 0.533789 0.040000 0.041045
21 0.799167 0.550166 0.018333 0.019900
21 0.818333 0.544569 0.034167 0.036899
21 0.882292 0.526327 0.031250 0.031095
21 0.695417 0.618367 0.038333 0.036899
21 0.748958 0.625829 0.031250 0.026949
21 0.679167 0.673922 0.034167 0.041045
21 0.846250 0.631633 0.030000 0.035240
21 0.887083 0.611733 0.032500 0.026949
21 0.884583 0.581882 0.030000 0.035240
21 0.911458 0.560116 0.021250 0.019900
21 0.673542 0.872720 0.031250 0.033997
21 0.667708 0.826078 0.037083 0.045191
21 0.761667 0.823798 0.042500 0.043947
21 0.627292 0.816335 0.035417 0.033997
21 0.642917 0.779229 0.024167 0.025290
21 0.576875 0.816335 0.031250 0.033997
21 0.573125 0.851368 0.035417 0.036899
21 0.480833 0.820896 0.032500 0.018242
21 0.905833 0.714760 0.038333 0.032338
21 0.878125 0.739013 0.031250 0.041045
21 0.379167 0.464138 0.014167 0.014511
21 0.407708 0.445896 0.027917 0.031924
21 0.424375 0.427653 0.027083 0.031924
21 0.480417 0.454395 0.025833 0.031509
21 0.440417 0.495647 0.029167 0.032753
21 0.473750 0.504353 0.020833 0.024461
21 0.505833 0.539594 0.030833 0.031924
21 0.523125 0.503109 0.034583 0.028607
21 0.532500 0.473881 0.027500 0.027363
21 0.504167 0.447347 0.018333 0.031509
21 0.521875 0.438847 0.022083 0.027778
21 0.596667 0.424751 0.022500 0.023632
21 0.576042 0.446103 0.025417 0.024046
21 0.580000 0.467662 0.020000 0.021559
21 0.601667 0.461650 0.024167 0.025290
21 0.627708 0.469527 0.025417 0.031924
21 0.611250 0.548715 0.019167 0.018657
21 0.624792 0.586443 0.028750 0.031095
21 0.596042 0.577114 0.025417 0.029022
21 0.535208 0.558665 0.018750 0.021973
21 0.555417 0.562604 0.015000 0.020730
21 0.570417 0.564262 0.020000 0.023217
21 0.565625 0.590796 0.024583 0.026534
21 0.544583 0.587065 0.016667 0.026534
21 0.526250 0.588930 0.017500 0.021144
21 0.619583 0.657131 0.028333 0.032338
21 0.629167 0.691128 0.018333 0.021559
21 0.576875 0.684494 0.030417 0.030680
21 0.541250 0.710406 0.022500 0.026119
21 0.587708 0.720149 0.027083 0.030680
21 0.596250 0.746683 0.023333 0.025705
21 0.626875 0.722637 0.018750 0.020730
21 0.643542 0.735489 0.022917 0.025705
21 0.711875 0.746891 0.027083 0.034411
21 0.771458 0.723259 0.023750 0.026949
21 0.740208 0.750622 0.022083 0.022803
21 0.735000 0.771559 0.024167 0.024046
21 0.603333 0.780058 0.020000 0.025290
21 0.584583 0.784619 0.019167 0.025290
21 0.528125 0.746269 0.026250 0.027363
21 0.468333 0.702529 0.030000 0.028607
21 0.478125 0.740050 0.022917 0.018242
21 0.480833 0.756426 0.025833 0.016998
21 0.479375 0.777570 0.022083 0.022803
21 0.508958 0.766169 0.022917 0.023217
21 0.505000 0.785033 0.020000 0.021144
21 0.430625 0.791874 0.027917 0.029851
21 0.414375 0.814262 0.032083 0.027363
21 0.404375 0.838930 0.022083 0.018657
21 0.377708 0.841418 0.025417 0.021973
21 0.393125 0.859660 0.037917 0.023632
21 0.406458 0.727819 0.023750 0.026949
21 0.385208 0.728234 0.019583 0.025290
21 0.388750 0.749378 0.017500 0.018657
21 0.357500 0.741501 0.026667 0.026949
21 0.334375 0.731758 0.023750 0.026534
21 0.297500 0.743574 0.025833 0.027778
21 0.298750 0.765547 0.016667 0.012023
21 0.337917 0.803897 0.020000 0.019071
21 0.349792 0.781716 0.022917 0.025290
21 0.380625 0.792289 0.025417 0.024046
21 0.531458 0.925580 0.025417 0.033582
21 0.512292 0.901119 0.025417 0.028607
21 0.475417 0.902985 0.018333 0.019071
21 0.479792 0.875622 0.023750 0.027363
21 0.456042 0.870025 0.023750 0.033582
21 0.437708 0.892828 0.021250 0.026119
21 0.447292 0.911070 0.018750 0.017828
21 0.422708 0.905887 0.022917 0.029851
21 0.375625 0.895108 0.024583 0.028192
21 0.307292 0.798715 0.024583 0.028607
21 0.275625 0.806799 0.012917 0.013267
21 0.287292 0.813847 0.019583 0.022388
21 0.297917 0.876036 0.028333 0.029851
21 0.279583 0.936774 0.024167 0.024461
21 0.277083 0.894693 0.024167 0.029851
21 0.258958 0.886609 0.012917 0.022803
21 0.238333 0.872098 0.026667 0.035240
21 0.243125 0.820066 0.021250 0.025705
21 0.200208 0.875207 0.022917 0.035655
21 0.241250 0.909619 0.013333 0.012438
21 0.211042 0.824834 0.030417 0.026949
21 0.218542 0.800166 0.024583 0.023217
21 0.231667 0.762645 0.020833 0.023632
21 0.252083 0.768035 0.023333 0.028607
21 0.230417 0.786692 0.020833 0.018657
21 0.460417 0.280680 0.020000 0.024046
21 0.487292 0.279229 0.031250 0.035240
21 0.789792 0.666045 0.031250 0.031095
21 0.785000 0.692993 0.032500 0.031095
21 0.803750 0.742330 0.030000 0.025290
21 0.787917 0.773010 0.032500 0.035240
21 0.955625 0.511194 0.027083 0.029851
21 0.926458 0.526741 0.025417 0.035240
21 0.925625 0.490257 0.027083 0.026949
21 0.882500 0.480100 0.028333 0.029851
21 0.910000 0.455224 0.032500 0.028192
21 0.969583 0.414594 0.032500 0.033997
21 0.947083 0.392413 0.030000 0.026949
21 0.927292 0.416459 0.041250 0.035240
21 0.881458 0.442579 0.035417 0.031095
21 0.919375 0.344113 0.037083 0.032338
21 0.846667 0.387645 0.028333 0.028192
21 0.863750 0.410655 0.042500 0.035240
21 0.777083 0.286277 0.020000 0.026949
21 0.798542 0.287313 0.025417 0.033997
21 0.823958 0.304726 0.025417 0.024046
21 0.807083 0.314677 0.028333 0.032338
21 0.794375 0.330017 0.031250 0.032338
21 0.843750 0.328980 0.028333 0.021144
21 0.866875 0.344320 0.022917 0.021144
21 0.865208 0.367952 0.031250 0.022803
21 0.844583 0.350954 0.018333 0.022803