22 0.914901 0.465092 0.020506 0.018062
22 0.907040 0.476207 0.023240 0.015978
22 0.923616 0.291247 0.039986 0.032303
22 0.195318 0.577457 0.056391 0.050365
22 0.213260 0.626954 0.047847 0.048628
22 0.273923 0.636506 0.035885 0.043418
22 0.316644 0.578326 0.052973 0.038208
22 0.462406 0.556617 0.047163 0.029524
22 0.513158 0.603508 0.046138 0.039944
22 0.590055 0.502779 0.046138 0.029524
22 0.711893 0.459361 0.043746 0.032998
22 0.736671 0.489927 0.024949 0.023967
22 0.751538 0.631296 0.047847 0.046891
22 0.907895 0.683397 0.056391 0.029524
22 0.911312 0.533171 0.049556 0.041681
22 0.944634 0.478465 0.034176 0.039944
22 0.954033 0.446336 0.056391 0.020841
22 0.827580 0.355158 0.052973 0.046891
22 0.837321 0.431052 0.051265 0.033345
22 0.501367 0.344217 0.032809 0.033345
22 0.573821 0.345432 0.034176 0.028829
22 0.566302 0.304793 0.035543 0.028829
22 0.627136 0.322334 0.034176 0.031261
22 0.632262 0.292115 0.044429 0.026398
22 0.647813 0.260854 0.038619 0.026398
22 0.607314 0.193123 0.032809 0.027787
22 0.588004 0.204585 0.033151 0.020841
22 0.559467 0.215179 0.032809 0.025356
22 0.546309 0.234109 0.043404 0.031261
22 0.482570 0.365057 0.027341 0.024314
22 0.478469 0.381209 0.030759 0.026745
22 0.465482 0.397534 0.036227 0.028829
22 0.347061 0.249913 0.045455 0.037166
22 0.265038 0.250955 0.029733 0.032303
22 0.385167 0.100556 0.051265 0.032303
22 0.395420 0.058180 0.037594 0.033692
22 0.494019 0.041507 0.038619 0.037166
22 0.477956 0.095867 0.029733 0.043765
22 0.451299 0.124349 0.035202 0.045155
22 0.503589 0.188086 0.032468 0.032998
22 0.569549 0.141369 0.018113 0.031956
22 0.585270 0.143626 0.022215 0.028135
22 0.607485 0.125912 0.025632 0.025356
22 0.619275 0.106113 0.024607 0.026051
22 0.635680 0.100556 0.023923 0.028829
22 0.687970 0.084925 0.023923 0.023272
22 0.714457 0.141021 0.023582 0.025703
22 0.733937 0.151789 0.025632 0.023619
22 0.741798 0.173150 0.020848 0.023967
22 0.696514 0.151441 0.023923 0.024314
22 0.663192 0.151268 0.029050 0.015630
22 0.673445 0.172456 0.034518 0.022577
22 0.210697 0.218826 0.052973 0.052101
22 0.305537 0.737235 0.054682 0.046891
22 0.313226 0.761549 0.049556 0.022577
22 0.321770 0.785863 0.039303 0.036471
22 0.366200 0.850990 0.039303 0.048628
22 0.407211 0.846648 0.039303 0.029524
22 0.410629 0.830149 0.035885 0.031261
22 0.473855 0.756339 0.052973 0.036471
22 0.554170 0.684265 0.042720 0.045155
22 0.606288 0.677319 0.041012 0.031261
22 0.609706 0.700764 0.044429 0.026051
22 0.569549 0.924800 0.042720 0.032998
22 0.543404 0.793678 0.021189 0.028482
22 0.563910 0.807919 0.029392 0.022230
22 0.560492 0.750261 0.026658 0.026398
22 0.548701 0.768496 0.017430 0.017020