22 0.153802 0.403455 0.016513 0.019962
22 0.135561 0.402111 0.019969 0.022649
22 0.667819 0.103455 0.053763 0.071017
22 0.650538 0.257965 0.057604 0.046065
22 0.727151 0.156238 0.048003 0.042226
22 0.765169 0.209981 0.044163 0.065259
22 0.532450 0.386564 0.090246 0.057582
22 0.385177 0.474664 0.027650 0.036468
22 0.389593 0.520921 0.048003 0.046065
22 0.288594 0.634165 0.040323 0.038388
22 0.223502 0.653167 0.048387 0.041843
22 0.215630 0.697505 0.048003 0.034549
22 0.135945 0.698464 0.057604 0.055662
22 0.141705 0.618810 0.053763 0.046065
22 0.149386 0.462380 0.046083 0.028791
22 0.192588 0.409597 0.024962 0.034549
22 0.194508 0.350096 0.028802 0.023033
22 0.156106 0.357582 0.024962 0.024952
22 0.151690 0.276392 0.030722 0.023033
22 0.131912 0.302303 0.025730 0.036468
22 0.117127 0.322265 0.026882 0.044146
22 0.080645 0.313820 0.023041 0.032630
22 0.096006 0.320345 0.023041 0.032630
22 0.198157 0.256430 0.031490 0.019194
22 0.218126 0.238388 0.021505 0.019194
22 0.236559 0.219194 0.037634 0.023800
22 0.163018 0.168906 0.040323 0.034549
22 0.179531 0.143762 0.024962 0.024952
22 0.215054 0.164875 0.042243 0.040307
22 0.281682 0.128023 0.041091 0.037236
22 0.298003 0.110749 0.035330 0.029559
22 0.319124 0.066219 0.041475 0.024952
22 0.302995 0.686948 0.053763 0.047985
22 0.303187 0.732246 0.032642 0.047985
22 0.373656 0.713244 0.052995 0.031478
22 0.425115 0.742610 0.049155 0.059501
22 0.571813 0.689827 0.034562 0.061420
22 0.626536 0.665835 0.044163 0.051823
22 0.722542 0.636084 0.051843 0.053743
22 0.777266 0.551631 0.069124 0.030710
22 0.808564 0.514203 0.051075 0.043378
22 0.787442 0.524568 0.029570 0.028023