22 0.407807 0.170438 0.052045 0.053783
22 0.407807 0.434718 0.063197 0.051929
22 0.260037 0.584013 0.050186 0.027819
22 0.211710 0.604414 0.017472 0.015208
22 0.220074 0.618138 0.015613 0.014466
22 0.245911 0.761128 0.056877 0.037092
22 0.294238 0.825668 0.047212 0.041543
22 0.392379 0.790987 0.027881 0.050074
22 0.471375 0.791914 0.037175 0.037092
22 0.636803 0.453820 0.044610 0.038205
22 0.814684 0.464021 0.039777 0.047478
22 0.761152 0.343472 0.031599 0.028932
22 0.957807 0.452522 0.036059 0.033383
22 0.989219 0.550260 0.021561 0.028561
22 0.907621 0.780786 0.042007 0.037092
22 0.897770 0.235534 0.049814 0.037092
22 0.743123 0.313056 0.020074 0.025223
22 0.796283 0.241654 0.052045 0.032270
22 0.614684 0.091988 0.053160 0.037092
22 0.631413 0.140208 0.054647 0.054154
22 0.590520 0.156899 0.039777 0.040801
22 0.497955 0.206602 0.038290 0.046736
22 0.463569 0.200853 0.033457 0.047107