22 0.628403 0.636950 0.015401 0.021482
22 0.518983 0.804153 0.019341 0.022198
22 0.531698 0.781955 0.023281 0.024347
22 0.586676 0.861439 0.024355 0.020766
22 0.211676 0.783208 0.024355 0.026137
22 0.229405 0.770140 0.022564 0.019334
22 0.136640 0.568743 0.024713 0.014680
22 0.140222 0.554064 0.021132 0.013963
22 0.152937 0.504117 0.025788 0.016470
22 0.395236 0.567132 0.013252 0.016470
22 0.559456 0.151987 0.020774 0.021124
22 0.506626 0.146617 0.010387 0.013247
22 0.515043 0.146617 0.012178 0.015396
22 0.504656 0.161475 0.015759 0.017186
22 0.530802 0.172753 0.014327 0.014680
22 0.461676 0.193340 0.015043 0.014322
22 0.504835 0.202291 0.014685 0.014322
22 0.466153 0.210168 0.015401 0.012889
22 0.437321 0.188507 0.017192 0.015396
22 0.434456 0.204977 0.012178 0.013247
22 0.444126 0.203366 0.010745 0.012889
22 0.484062 0.224848 0.011819 0.012173
22 0.497851 0.220730 0.013610 0.013247
22 0.479585 0.242213 0.012894 0.014680
22 0.491046 0.240064 0.012894 0.013247
22 0.520953 0.265485 0.013968 0.014680
22 0.531160 0.261905 0.011461 0.016112
22 0.577185 0.228786 0.015401 0.015038
22 0.421562 0.165951 0.013610 0.013247
22 0.418517 0.177766 0.014685 0.012531
22 0.401504 0.170784 0.014327 0.016470
22 0.397385 0.218045 0.016834 0.015038
22 0.402221 0.224311 0.012894 0.011815
22 0.357271 0.188507 0.016117 0.013963
22 0.354585 0.176692 0.012894 0.011099
22 0.345809 0.179377 0.011103 0.012173
22 0.464542 0.128178 0.017192 0.015754
22 0.626433 0.219119 0.015759 0.013605
22 0.629656 0.234515 0.012178 0.014322
22 0.622493 0.236126 0.010029 0.008235
22 0.619807 0.240602 0.011103 0.011457
22 0.611927 0.244540 0.013968 0.011457
22 0.633954 0.249015 0.011461 0.010383
22 0.640401 0.257071 0.012178 0.012173
22 0.615509 0.251522 0.015401 0.010383
22 0.648818 0.244719 0.012536 0.010383
22 0.648997 0.237558 0.012178 0.009667
22 0.667980 0.237021 0.012894 0.013605
22 0.672099 0.249731 0.013968 0.013963
22 0.684635 0.243824 0.011819 0.012173
22 0.688754 0.252238 0.013610 0.012531
22 0.717228 0.247404 0.012536 0.014322
22 0.722242 0.251343 0.010387 0.012173
22 0.728689 0.255818 0.011819 0.014680
22 0.728331 0.227175 0.016834 0.015396
22 0.758596 0.284640 0.017192 0.015754
22 0.737643 0.303079 0.014685 0.014680
22 0.727436 0.315789 0.014327 0.014322
22 0.637178 0.290369 0.013610 0.013605
22 0.666010 0.300931 0.014685 0.014680
22 0.678367 0.310956 0.010029 0.012531
22 0.668159 0.313641 0.011819 0.012173
22 0.574319 0.275689 0.019699 0.013605
22 0.609241 0.307734 0.015759 0.013963
22 0.616941 0.316685 0.013252 0.013247
22 0.621060 0.334765 0.012894 0.014322
22 0.635924 0.335661 0.013252 0.011815
22 0.642192 0.340673 0.012894 0.013963
22 0.681053 0.333512 0.013968 0.011815
22 0.697529 0.319370 0.014685 0.012889
22 0.699140 0.334765 0.014327 0.015038
22 0.695559 0.347655 0.014327 0.012889
22 0.521848 0.296455 0.015759 0.014322
22 0.566798 0.339957 0.011819 0.011099
22 0.592228 0.343358 0.012536 0.012173
22 0.607450 0.343000 0.012178 0.012889
22 0.823066 0.250806 0.018625 0.017544
22 0.792443 0.266738 0.020415 0.017902
22 0.769162 0.312209 0.016834 0.014322
22 0.775430 0.317401 0.015043 0.013247
22 0.803188 0.333512 0.017550 0.015396
22 0.774534 0.346223 0.019699 0.015038
22 0.783489 0.356427 0.016834 0.014680
22 0.783309 0.369495 0.017192 0.015754
22 0.821633 0.364304 0.017908 0.016112
22 0.751074 0.424812 0.015759 0.013963
22 0.756447 0.430720 0.012178 0.012889
22 0.767729 0.428750 0.015401 0.014680
22 0.823961 0.441998 0.018266 0.015396
22 0.855122 0.445220 0.016834 0.013247
22 0.854047 0.455066 0.010387 0.013605
22 0.862464 0.456498 0.012178 0.012173
22 0.866762 0.473863 0.016476 0.016828
22 0.826468 0.498747 0.017550 0.014322
22 0.797278 0.489080 0.016476 0.013605
22 0.771490 0.480308 0.018625 0.014680
22 0.754119 0.463480 0.016834 0.013247
22 0.704871 0.455066 0.014327 0.012173
22 0.731375 0.483709 0.013610 0.015038
22 0.738181 0.479055 0.015043 0.012889
22 0.795308 0.516649 0.013968 0.013605
22 0.807128 0.513784 0.014685 0.014322
22 0.827006 0.534730 0.018625 0.017544
22 0.870881 0.531686 0.016834 0.019334
22 0.799785 0.396348 0.017908 0.015038
22 0.839362 0.555138 0.016117 0.015396
22 0.863718 0.563373 0.018983 0.016828
22 0.820380 0.621375 0.016117 0.016112
22 0.838288 0.617078 0.013968 0.014680
22 0.846705 0.625671 0.012178 0.015396
22 0.857987 0.628178 0.014685 0.015396
22 0.859241 0.644647 0.017192 0.016828
22 0.843123 0.637845 0.017192 0.016828
22 0.809814 0.672216 0.016476 0.017544
22 0.840795 0.663444 0.015401 0.015038
22 0.834885 0.670247 0.012894 0.015038
22 0.775788 0.566774 0.010745 0.014322
22 0.783847 0.568743 0.010387 0.012531
22 0.750895 0.585750 0.015401 0.013605
22 0.750537 0.558360 0.012536 0.011815
22 0.748209 0.565879 0.014327 0.013963
22 0.735673 0.559613 0.012178 0.012889
22 0.726540 0.558360 0.008238 0.011815
22 0.720272 0.558002 0.007880 0.011099
22 0.714183 0.563373 0.013610 0.012531
22 0.702543 0.546545 0.010387 0.010383
22 0.693589 0.544039 0.012536 0.011815
22 0.698245 0.583960 0.012536 0.009309
22 0.702901 0.588614 0.011103 0.009309
22 0.715616 0.584318 0.008596 0.008593
22 0.723675 0.585034 0.010387 0.010025
22 0.719198 0.592911 0.010745 0.010025
22 0.724749 0.600788 0.012536 0.013605
22 0.712393 0.600609 0.010029 0.008951
22 0.709348 0.602578 0.008954 0.006445
22 0.710602 0.610097 0.012178 0.010741
22 0.723854 0.621912 0.015043 0.015038
22 0.695021 0.609023 0.014685 0.011457
22 0.727256 0.642857 0.016117 0.013963
22 0.702543 0.640351 0.013968 0.015396
22 0.719198 0.661296 0.014327 0.013605
22 0.703438 0.657179 0.015759 0.011815
22 0.694305 0.665055 0.015401 0.012531
22 0.690007 0.677945 0.017550 0.014680
22 0.647564 0.623523 0.015759 0.013963
22 0.649893 0.609381 0.015401 0.012173
22 0.658130 0.594701 0.014685 0.012173
22 0.682486 0.583781 0.014685 0.013963
22 0.666368 0.566953 0.013968 0.011815
22 0.647027 0.576978 0.016834 0.011815
22 0.638968 0.555496 0.014327 0.013247
22 0.652221 0.545471 0.012178 0.011815
22 0.728868 0.692982 0.017192 0.013963
22 0.784563 0.716792 0.019699 0.020050
22 0.825752 0.692803 0.018983 0.017186
22 0.719735 0.723774 0.016117 0.015396
22 0.697708 0.713391 0.014327 0.012531
22 0.694663 0.725564 0.016117 0.013963
22 0.678904 0.716076 0.015401 0.015038
22 0.653832 0.729860 0.015401 0.012531
22 0.672636 0.744361 0.011461 0.012889
22 0.701648 0.749731 0.009312 0.011457
22 0.708811 0.747404 0.009312 0.008235
22 0.707199 0.753849 0.008954 0.008951
22 0.739792 0.767991 0.013252 0.012889
22 0.778116 0.773541 0.017550 0.018260
22 0.791905 0.798783 0.020057 0.018618
22 0.737643 0.776763 0.014685 0.013963
22 0.730659 0.769782 0.014327 0.011457
22 0.720630 0.773899 0.014327 0.014680
22 0.702543 0.767096 0.011819 0.009667
22 0.693589 0.768170 0.012536 0.011815
22 0.684277 0.758682 0.014685 0.012889
22 0.702722 0.781239 0.014327 0.015038
22 0.728331 0.789832 0.013968 0.012889
22 0.734062 0.805227 0.016834 0.014322
22 0.715616 0.800931 0.012894 0.014322
22 0.695917 0.808629 0.015759 0.013963
22 0.681232 0.794844 0.013610 0.012173
22 0.673890 0.788937 0.013252 0.013247
22 0.644520 0.749015 0.010387 0.008593
22 0.651683 0.751701 0.008954 0.013247
22 0.639506 0.769603 0.012536 0.011099
22 0.628582 0.773362 0.014327 0.012173
22 0.618374 0.742571 0.016117 0.014322
22 0.606017 0.747941 0.012178 0.010741
22 0.609599 0.762800 0.014327 0.012531
22 0.606375 0.773899 0.014327 0.011815
22 0.593481 0.776942 0.012894 0.012889
22 0.619090 0.805764 0.013968 0.010383
22 0.638252 0.791980 0.012178 0.010025
22 0.636819 0.805585 0.012894 0.012173
22 0.644341 0.797530 0.011461 0.011099
22 0.651325 0.798783 0.009670 0.010741
22 0.647385 0.805227 0.008238 0.011457
22 0.654907 0.809882 0.009670 0.010025
22 0.658489 0.804511 0.008954 0.010025
22 0.642550 0.756534 0.016476 0.014322
22 0.624105 0.704440 0.013252 0.013963
22 0.632163 0.692266 0.012894 0.013247
22 0.623388 0.683852 0.014685 0.012889
22 0.602436 0.714823 0.012178 0.011815
22 0.688933 0.830290 0.013968 0.012889
22 0.687142 0.839420 0.015401 0.013963
22 0.674606 0.870569 0.016117 0.017544
22 0.658668 0.874866 0.013610 0.016112
22 0.668696 0.887397 0.017192 0.019692
22 0.629119 0.842463 0.011819 0.015038
22 0.620344 0.838525 0.012178 0.012889
22 0.609062 0.812746 0.012536 0.014322
22 0.594914 0.813462 0.012894 0.012173
22 0.583095 0.826889 0.013610 0.014680
22 0.583453 0.838346 0.009312 0.015396
22 0.590974 0.838167 0.009312 0.009309
22 0.594019 0.844970 0.013252 0.012173
22 0.605301 0.867168 0.015043 0.016470
22 0.593660 0.876835 0.014685 0.014322
22 0.569484 0.816864 0.010745 0.011815
22 0.573066 0.802184 0.012894 0.011099
22 0.575931 0.789295 0.012894 0.011815
22 0.564291 0.789474 0.009670 0.009309
22 0.560888 0.810598 0.012894 0.024347
22 0.551397 0.826173 0.010387 0.011099
22 0.531698 0.861439 0.014685 0.015038
22 0.543159 0.795560 0.013968 0.012173
22 0.536891 0.807376 0.012178 0.010025
22 0.527937 0.809703 0.012178 0.008235
22 0.531698 0.815610 0.012536 0.009309
22 0.508596 0.832796 0.015759 0.014322
22 0.495523 0.829216 0.013252 0.014322
22 0.502686 0.806660 0.012536 0.012889
22 0.509670 0.792517 0.012178 0.011099
22 0.497135 0.786967 0.012178 0.012889
22 0.583095 0.911207 0.015043 0.014322
22 0.591691 0.917114 0.016476 0.013963
22 0.551039 0.915145 0.014685 0.012889
22 0.536891 0.925349 0.013610 0.013247
22 0.523102 0.916935 0.014685 0.012173
22 0.515938 0.924812 0.011103 0.011457
22 0.523281 0.928213 0.012178 0.011815
22 0.506626 0.918546 0.013968 0.015396
22 0.485673 0.919620 0.015759 0.015396
22 0.490150 0.934479 0.014685 0.015038
22 0.492120 0.856606 0.015043 0.012531
22 0.484778 0.841210 0.015401 0.016112
22 0.471347 0.850877 0.017192 0.015396
22 0.440903 0.855890 0.020774 0.014680
22 0.535817 0.954529 0.017192 0.018618
22 0.516655 0.959005 0.015401 0.015396
22 0.499642 0.963480 0.016476 0.015754
22 0.416905 0.898854 0.010745 0.015396
22 0.426039 0.899928 0.013252 0.016112
22 0.431411 0.922485 0.020415 0.018260
22 0.405623 0.931794 0.015401 0.015396
22 0.392371 0.927676 0.016117 0.015754
22 0.361569 0.938417 0.016834 0.017902
22 0.370344 0.873971 0.017192 0.015754
22 0.345630 0.866452 0.015043 0.014322
22 0.355838 0.847476 0.017550 0.014322
22 0.332199 0.849087 0.015401 0.014680
22 0.251791 0.885607 0.017908 0.017544
22 0.293159 0.884891 0.018266 0.016112
22 0.273997 0.865378 0.015759 0.014322
22 0.276504 0.872718 0.015759 0.012531
22 0.288324 0.852846 0.012894 0.012889
22 0.289936 0.839599 0.016117 0.015038
22 0.320738 0.815431 0.016834 0.014680
22 0.273281 0.817043 0.015759 0.014322
22 0.248926 0.825098 0.014327 0.015396
22 0.253582 0.807376 0.011461 0.011457
22 0.245165 0.805764 0.013968 0.012531
22 0.202006 0.854279 0.017192 0.016470
22 0.235673 0.790906 0.014327 0.012173
22 0.384312 0.819370 0.015043 0.016112
22 0.402400 0.815252 0.013968 0.015038
22 0.414936 0.815789 0.014685 0.016112
22 0.432665 0.806301 0.017192 0.015038
22 0.440365 0.773720 0.016117 0.017186
22 0.470451 0.812746 0.016834 0.016470
22 0.391834 0.773362 0.017192 0.017902
22 0.327901 0.778733 0.020415 0.017902
22 0.131984 0.752059 0.017550 0.014680
22 0.108703 0.785714 0.015401 0.016828
22 0.094914 0.763516 0.012894 0.011815
22 0.686784 0.468851 0.012536 0.012531
22 0.685888 0.478518 0.013610 0.011815
22 0.664756 0.442714 0.015043 0.013247
22 0.653832 0.447010 0.015401 0.015396
22 0.621777 0.456856 0.012178 0.015038
22 0.614255 0.457035 0.012178 0.012531
22 0.597063 0.457035 0.012178 0.011815
22 0.603331 0.462227 0.011819 0.012173
22 0.613539 0.476549 0.010745 0.011457
22 0.623567 0.482098 0.012178 0.012531
22 0.643446 0.477086 0.012536 0.013247
22 0.651504 0.485858 0.013610 0.009309
22 0.652579 0.492481 0.011461 0.011099
22 0.640759 0.494092 0.013610 0.014322
22 0.611211 0.504117 0.013968 0.012173
22 0.618195 0.509846 0.014327 0.015038
22 0.545487 0.475832 0.015043 0.014322
22 0.578438 0.455245 0.014327 0.013247
22 0.521848 0.443967 0.019341 0.015754
22 0.549248 0.522914 0.010387 0.013247
22 0.556411 0.524526 0.011819 0.013605
22 0.640580 0.525600 0.013968 0.013605
22 0.656340 0.525600 0.012536 0.012173
22 0.666726 0.521482 0.011819 0.014680
22 0.680695 0.527569 0.015401 0.013963
22 0.693947 0.516649 0.008238 0.015754
22 0.702722 0.518081 0.011461 0.013605
22 0.697350 0.527927 0.010745 0.009667
22 0.698066 0.535804 0.013610 0.011815
22 0.647744 0.539742 0.012536 0.010383
22 0.604943 0.544934 0.013610 0.013605
22 0.538324 0.514501 0.012894 0.012889
22 0.537249 0.506087 0.012178 0.013247
22 0.530086 0.498568 0.011461 0.011815
22 0.522385 0.496241 0.012536 0.012173
22 0.518983 0.487290 0.013610 0.012889
22 0.592944 0.441461 0.011819 0.012173
22 0.616225 0.637129 0.011819 0.015396
22 0.625895 0.583602 0.011819 0.012889
22 0.625179 0.594880 0.015401 0.015396
22 0.604405 0.559792 0.011819 0.011099
22 0.603868 0.569101 0.008596 0.013247
22 0.586855 0.557107 0.012536 0.014322
22 0.567872 0.563373 0.017550 0.018260
22 0.591332 0.568206 0.012178 0.012889
22 0.591511 0.580201 0.012536 0.013963
22 0.578080 0.585750 0.015043 0.015038
22 0.601540 0.661654 0.010387 0.013605
22 0.608345 0.663802 0.008954 0.011457
22 0.601182 0.671679 0.013252 0.011457
22 0.587213 0.700322 0.014685 0.012889
22 0.587213 0.717150 0.013252 0.015038
22 0.556053 0.694057 0.012536 0.013963
22 0.553188 0.707125 0.013252 0.012889
22 0.544054 0.690834 0.011461 0.012531
22 0.532414 0.681346 0.013252 0.013605
22 0.535638 0.695310 0.011103 0.014322
22 0.511282 0.680809 0.014685 0.008235
22 0.510208 0.687075 0.012536 0.010025
22 0.501254 0.691371 0.013252 0.012889
22 0.521848 0.698174 0.010745 0.010741
22 0.525967 0.703724 0.011819 0.010383
22 0.541010 0.723416 0.012536 0.015396
22 0.513789 0.711779 0.011819 0.012173
22 0.498926 0.705693 0.012178 0.012173
22 0.508238 0.727891 0.011461 0.012173
22 0.519341 0.732725 0.012894 0.013247
22 0.491046 0.730218 0.012894 0.011815
22 0.485673 0.737379 0.012894 0.011815
22 0.472063 0.686001 0.013610 0.014322
22 0.483883 0.752954 0.015043 0.014322
22 0.510387 0.752775 0.012178 0.014680
22 0.534563 0.758503 0.012536 0.013963
22 0.547815 0.770677 0.014685 0.013963
22 0.488181 0.802005 0.014327 0.012889
22 0.382880 0.705156 0.013610 0.014680
22 0.389327 0.695489 0.016476 0.016828
22 0.405802 0.672932 0.017908 0.016828
22 0.430516 0.664876 0.013610 0.012889
22 0.432128 0.653061 0.012536 0.012173
22 0.437142 0.657179 0.009670 0.011099
22 0.409205 0.644110 0.018266 0.016470
22 0.469377 0.651450 0.014685 0.013247
22 0.470272 0.661296 0.012178 0.012889
22 0.463288 0.692982 0.012536 0.013247
22 0.466511 0.717508 0.012536 0.013605
22 0.448245 0.717866 0.013252 0.014322
22 0.436963 0.721805 0.015043 0.015038
22 0.497851 0.642141 0.014327 0.016112
22 0.394341 0.609918 0.017192 0.016112
22 0.456841 0.626208 0.015401 0.016470
22 0.468481 0.633369 0.015043 0.013605
22 0.482629 0.599714 0.016117 0.016470
22 0.478868 0.581454 0.015043 0.016470
22 0.448603 0.578052 0.015401 0.016828
22 0.436426 0.573935 0.016117 0.016470
22 0.389506 0.547261 0.017550 0.016828
22 0.356017 0.547261 0.018625 0.017544
22 0.310888 0.556749 0.019341 0.018618
22 0.273460 0.552632 0.016834 0.018260
22 0.326110 0.503759 0.017550 0.017186
22 0.358524 0.507161 0.016476 0.016828
22 0.344556 0.487290 0.015043 0.015038
22 0.408668 0.485499 0.017192 0.018618
22 0.381984 0.481382 0.017550 0.016828
22 0.503940 0.489617 0.015759 0.015396
22 0.507521 0.478697 0.014327 0.015038
22 0.476719 0.449875 0.017192 0.018260
22 0.470272 0.463659 0.019341 0.017186
22 0.480659 0.409953 0.012178 0.014322
22 0.470809 0.409953 0.011103 0.013605
22 0.455587 0.425349 0.015043 0.015038
22 0.441619 0.409953 0.014327 0.012889
22 0.431590 0.402077 0.013610 0.012889
22 0.417264 0.422485 0.016476 0.014322
22 0.377328 0.430899 0.014685 0.013247
22 0.403474 0.436806 0.013968 0.013605
22 0.394878 0.440924 0.012536 0.012531
22 0.387894 0.447010 0.014327 0.012531
22 0.359420 0.474937 0.014685 0.014680
22 0.644878 0.409058 0.013252 0.013963
22 0.647385 0.428392 0.012536 0.013247
22 0.635745 0.425707 0.014327 0.012889
22 0.617120 0.419979 0.014327 0.015038
22 0.597600 0.418904 0.013252 0.012889
22 0.590795 0.406015 0.012536 0.011457
22 0.587034 0.396706 0.012178 0.012173
22 0.563754 0.405836 0.015759 0.013247
22 0.583811 0.418009 0.009312 0.011099
22 0.578259 0.421590 0.008954 0.011099
22 0.573245 0.421411 0.006805 0.007877
22 0.565723 0.424454 0.013968 0.013247
22 0.601182 0.394737 0.011103 0.011099
22 0.602615 0.381131 0.013252 0.011815
22 0.610673 0.384175 0.013610 0.011457
22 0.612643 0.389187 0.011103 0.010025
22 0.583274 0.360007 0.013252 0.012531
22 0.539398 0.358754 0.013610 0.013605
22 0.531877 0.373076 0.012178 0.012889
22 0.537070 0.389903 0.013252 0.012173
22 0.519699 0.370927 0.013610 0.013605
22 0.508954 0.359112 0.014327 0.012889
22 0.502149 0.310061 0.016476 0.015754
22 0.483166 0.319191 0.016476 0.016112
22 0.512715 0.324382 0.016117 0.016470
22 0.596347 0.352130 0.014327 0.013963
22 0.464004 0.363230 0.014685 0.014680
22 0.488181 0.368600 0.014327 0.013247
22 0.489255 0.379699 0.014327 0.012531
22 0.425322 0.334586 0.013968 0.012531
22 0.417622 0.338346 0.013610 0.015038
22 0.380910 0.349445 0.013968 0.015754
22 0.390401 0.359112 0.015759 0.015038
22 0.400788 0.368421 0.013610 0.015754
22 0.383775 0.376835 0.015401 0.012531
22 0.390580 0.397243 0.013252 0.015396
22 0.408847 0.397959 0.013968 0.013963
22 0.342228 0.382743 0.013968 0.012173
22 0.347600 0.389545 0.010387 0.008593
22 0.350645 0.396169 0.012178 0.011099
22 0.341691 0.406194 0.010745 0.012531
22 0.330946 0.406194 0.012178 0.013247
22 0.305695 0.387039 0.015401 0.012889
22 0.304083 0.360365 0.014327 0.015396
22 0.293517 0.394916 0.014685 0.012889
22 0.288503 0.402614 0.014685 0.012531
22 0.321991 0.325277 0.014327 0.013963
22 0.355480 0.327784 0.012536 0.013963
22 0.348317 0.294844 0.016834 0.016828
22 0.344019 0.311314 0.012536 0.011099
22 0.344019 0.318117 0.011819 0.009667
22 0.346884 0.322771 0.012536 0.011099
22 0.307844 0.284461 0.012536 0.013247
22 0.303009 0.270319 0.012178 0.012173
22 0.296920 0.277121 0.011461 0.013605
22 0.302650 0.307734 0.015043 0.014680
22 0.280623 0.298604 0.014685 0.015038
22 0.280802 0.268170 0.013610 0.013605
22 0.269699 0.267633 0.015043 0.013247
22 0.274534 0.277121 0.013968 0.014322
22 0.247493 0.291085 0.015043 0.014322
22 0.221705 0.290190 0.018625 0.016112
22 0.262894 0.324919 0.016476 0.017544
22 0.226182 0.325815 0.017550 0.017902
22 0.213467 0.353383 0.018625 0.016470
22 0.220451 0.244898 0.025430 0.021482
22 0.220272 0.213391 0.020774 0.020766
22 0.195917 0.196026 0.020774 0.018976
22 0.217407 0.170068 0.012894 0.015754
22 0.227615 0.167204 0.016834 0.014322
22 0.297994 0.186896 0.020774 0.020050
22 0.320917 0.195310 0.014327 0.016112
22 0.329334 0.190476 0.011819 0.017186
22 0.335960 0.241139 0.017192 0.017544
22 0.301039 0.216792 0.016117 0.014680
22 0.299785 0.232367 0.015043 0.013605
22 0.300681 0.241497 0.016834 0.014680
22 0.288682 0.245435 0.015759 0.013963
22 0.314828 0.169531 0.015043 0.017544
22 0.285279 0.165235 0.014685 0.016828
22 0.262178 0.152703 0.017908 0.016828
22 0.279728 0.143752 0.018625 0.016828
22 0.285817 0.134622 0.018625 0.017186
22 0.303546 0.130505 0.016117 0.017544
22 0.331483 0.117974 0.016117 0.016112
22 0.322708 0.151092 0.014327 0.014322
22 0.333453 0.148407 0.012894 0.014680
22 0.341511 0.145005 0.011819 0.014322
22 0.376433 0.108306 0.016476 0.019692
22 0.402937 0.121912 0.017908 0.020408
22 0.142550 0.800394 0.013610 0.016112
22 0.170308 0.814357 0.017550 0.016112
22 0.182844 0.808450 0.011819 0.012173
22 0.193052 0.808271 0.012894 0.015396
22 0.188574 0.816864 0.013252 0.013963
22 0.186784 0.789295 0.015401 0.016828
22 0.167264 0.797351 0.012894 0.012889
22 0.172994 0.790906 0.013610 0.012889
22 0.174785 0.780344 0.014327 0.016112
22 0.165473 0.767096 0.015043 0.015396
22 0.221347 0.756892 0.010029 0.010741
22 0.214004 0.761368 0.011103 0.011815
22 0.202006 0.753133 0.012178 0.012531
22 0.202543 0.744540 0.011103 0.011099
22 0.193410 0.748657 0.012178 0.013605
22 0.233524 0.740422 0.013610 0.013605
22 0.221884 0.736663 0.015401 0.012531
22 0.211497 0.727712 0.012536 0.013247
22 0.262357 0.747583 0.012536 0.014322
22 0.265222 0.760473 0.014685 0.013605
22 0.276683 0.766738 0.014685 0.014680
22 0.285996 0.753491 0.011819 0.013247
22 0.277579 0.747225 0.012178 0.012173
22 0.275430 0.753670 0.012178 0.010025
22 0.281519 0.727354 0.014327 0.015396
22 0.310888 0.760473 0.014327 0.012889
22 0.313933 0.752059 0.011819 0.012531
22 0.324319 0.747583 0.013968 0.014322
22 0.304262 0.731651 0.013252 0.013247
22 0.298890 0.724490 0.012536 0.013963
22 0.340437 0.754028 0.016117 0.016470
22 0.276504 0.710884 0.009312 0.010383
22 0.285817 0.711242 0.014327 0.015396
22 0.226361 0.675618 0.016476 0.016470
22 0.180695 0.703724 0.015401 0.016828
22 0.200215 0.703187 0.012894 0.012889
22 0.208632 0.704261 0.012536 0.013605
22 0.199319 0.719656 0.014685 0.012889
22 0.311067 0.658790 0.018266 0.019334
22 0.254477 0.642141 0.021848 0.018260
22 0.190544 0.594701 0.017192 0.019334
22 0.138252 0.586824 0.017908 0.012889
22 0.136282 0.599177 0.016834 0.016112
22 0.118553 0.617974 0.017908 0.016470
22 0.124105 0.628894 0.017550 0.014680
22 0.156340 0.650197 0.016834 0.018618
22 0.135208 0.646438 0.016834 0.013963
22 0.137894 0.656463 0.015759 0.014680
22 0.086676 0.762084 0.010745 0.015396
22 0.072350 0.715181 0.014327 0.015396
22 0.058918 0.711958 0.013968 0.013963
22 0.065186 0.700322 0.016476 0.015038
22 0.063574 0.684569 0.016834 0.017186
22 0.080050 0.661654 0.015401 0.015754
22 0.042264 0.616004 0.016476 0.012531
22 0.043159 0.623702 0.016117 0.011457
22 0.039040 0.583960 0.017192 0.018618
22 0.070917 0.584855 0.016476 0.018976
22 0.096168 0.577157 0.013968 0.012173
22 0.104764 0.571787 0.011103 0.012173
22 0.096347 0.568385 0.012894 0.011815
22 0.125000 0.556212 0.012178 0.011099
22 0.127686 0.547082 0.014685 0.010741
22 0.139685 0.537236 0.014327 0.013963
22 0.122314 0.534372 0.015401 0.015396
22 0.089183 0.537594 0.014327 0.011099
22 0.088646 0.545292 0.015401 0.011457
22 0.100287 0.547798 0.010745 0.012173
22 0.091332 0.552990 0.012894 0.011099
22 0.027579 0.491765 0.018625 0.018976
22 0.031698 0.505729 0.017550 0.019692
22 0.062142 0.519692 0.016117 0.016828
22 0.079692 0.520050 0.015401 0.015396
22 0.069484 0.500716 0.017192 0.016112
22 0.089542 0.492302 0.015043 0.013605
22 0.090974 0.502327 0.014327 0.013605
22 0.094019 0.467419 0.013968 0.015396
22 0.078080 0.467419 0.017908 0.016828
22 0.136999 0.485320 0.013252 0.013247
22 0.149355 0.474042 0.013610 0.015754
22 0.149176 0.484067 0.011103 0.012889
22 0.163503 0.491407 0.013252 0.014680
22 0.148102 0.516112 0.016117 0.014680
22 0.159026 0.528464 0.013610 0.017186
22 0.171024 0.470999 0.013968 0.016112
22 0.302471 0.450233 0.014685 0.014680
22 0.323782 0.431615 0.014327 0.014680
22 0.335244 0.425528 0.014327 0.013963
22 0.243911 0.430541 0.019341 0.017544
22 0.266476 0.478160 0.015043 0.016112
22 0.255731 0.485141 0.016476 0.015754
22 0.239613 0.498389 0.016476 0.016470
22 0.213646 0.456856 0.015401 0.013605
22 0.192514 0.449159 0.013968 0.012531
22 0.184277 0.433763 0.016834 0.013963
22 0.174785 0.443609 0.012178 0.010025
22 0.178725 0.448084 0.010745 0.008951
22 0.175322 0.455782 0.012536 0.012173
22 0.147923 0.455245 0.015043 0.013247
22 0.158847 0.430183 0.013252 0.013963
22 0.170487 0.416219 0.012178 0.013963
22 0.171203 0.403867 0.013610 0.014322
22 0.192335 0.415503 0.012894 0.013963
22 0.210064 0.427497 0.011819 0.011457
22 0.215974 0.418546 0.012178 0.012889
22 0.206662 0.417472 0.010745 0.010025
22 0.206483 0.410311 0.010387 0.011457
22 0.200752 0.407626 0.011103 0.011099
22 0.208274 0.397064 0.014685 0.016470
22 0.182307 0.394558 0.015043 0.012173
22 0.078976 0.343895 0.019699 0.017544
22 0.090616 0.366094 0.018625 0.020408
22 0.087034 0.402077 0.017192 0.018618
22 0.074499 0.409237 0.015759 0.012173
22 0.072887 0.419083 0.013968 0.011815
22 0.070380 0.434658 0.018983 0.018618
22 0.040294 0.358933 0.016117 0.016112
22 0.168338 0.358933 0.017192 0.016112
22 0.170129 0.350519 0.014327 0.013605
22 0.186963 0.378983 0.008596 0.013247
22 0.197708 0.381847 0.012894 0.014680
22 0.091691 0.288042 0.020057 0.021124
22 0.144162 0.281955 0.018983 0.019692
22 0.173352 0.281776 0.017908 0.019334
22 0.136819 0.309882 0.018625 0.014680
22 0.140580 0.318654 0.018266 0.013605