22 0.109751 0.297587 0.024490 0.023224
22 0.670748 0.580601 0.025397 0.028233
22 0.598186 0.489071 0.009977 0.019126
22 0.373469 0.457423 0.010431 0.012295
22 0.341950 0.451047 0.009070 0.008652
22 0.443084 0.475410 0.022676 0.019126
22 0.482540 0.513206 0.023583 0.023679
22 0.509524 0.548497 0.026757 0.026867
22 0.601814 0.714253 0.025397 0.025956
22 0.068254 0.653005 0.019501 0.016393
22 0.061678 0.685792 0.020862 0.016393
22 0.109751 0.683060 0.018141 0.014572
22 0.081633 0.720856 0.017234 0.016393
22 0.109297 0.734517 0.013605 0.015483
22 0.241497 0.657559 0.014966 0.012750
22 0.239229 0.644809 0.010431 0.009107
22 0.247846 0.644581 0.010431 0.011384
22 0.248073 0.795765 0.015420 0.015027
22 0.339456 0.825592 0.014966 0.013661
22 0.329025 0.845856 0.017687 0.014117
22 0.283673 0.897313 0.015873 0.011384
22 0.339683 0.957650 0.015420 0.014572
22 0.392517 0.971311 0.015873 0.012750
22 0.453968 0.966530 0.016327 0.016849
22 0.582086 0.972905 0.017687 0.016849
22 0.616553 0.902095 0.017687 0.014572
22 0.553288 0.869080 0.016327 0.015938
22 0.615873 0.839709 0.016327 0.014572
22 0.653288 0.901412 0.017687 0.015027
22 0.538322 0.825137 0.011791 0.010018
22 0.541723 0.818534 0.012245 0.009563
22 0.545351 0.813069 0.012245 0.009563
22 0.470748 0.840619 0.015420 0.013661
22 0.474830 0.823315 0.011791 0.010929
22 0.478005 0.818078 0.012698 0.011384
22 0.513379 0.804872 0.009977 0.011384
22 0.518821 0.793033 0.009977 0.009563
22 0.555556 0.795537 0.013605 0.012750
22 0.485714 0.776184 0.012698 0.010474
22 0.492517 0.757969 0.011791 0.011384
22 0.499546 0.740209 0.015873 0.010474
22 0.503628 0.733151 0.014059 0.010929
22 0.599546 0.691257 0.018141 0.016393
22 0.597052 0.668488 0.013152 0.011840
22 0.602268 0.659153 0.014512 0.012295
22 0.698639 0.747040 0.014966 0.015938
22 0.721542 0.744763 0.017234 0.016849
22 0.785714 0.736339 0.015873 0.015483
22 0.792744 0.864526 0.018141 0.018670
22 0.707256 0.624317 0.014966 0.014572
22 0.718141 0.583561 0.012245 0.012295
22 0.736735 0.586521 0.014059 0.013661
22 0.621088 0.599271 0.011338 0.010018
22 0.623356 0.605874 0.014059 0.009563
22 0.666667 0.601093 0.011791 0.010018
22 0.792971 0.503871 0.017687 0.017760
22 0.821088 0.489982 0.019501 0.017304
22 0.630839 0.316712 0.015420 0.014117
22 0.648753 0.365893 0.014059 0.014117
22 0.703855 0.332195 0.015420 0.015938
22 0.720635 0.380464 0.015420 0.015027
22 0.694558 0.379326 0.019501 0.015483
22 0.697959 0.389800 0.011791 0.010929
22 0.823356 0.364526 0.018594 0.017760
22 0.596825 0.364754 0.019955 0.019126
22 0.605215 0.398679 0.014966 0.015027
22 0.604762 0.332423 0.016780 0.014572
22 0.611338 0.303279 0.013605 0.010018
22 0.614286 0.221995 0.014966 0.014117
22 0.690476 0.210610 0.015873 0.015027
22 0.725397 0.194444 0.018594 0.015483
22 0.745125 0.226776 0.015420 0.014572
22 0.695238 0.290528 0.015420 0.015483
22 0.719274 0.277550 0.015420 0.013206
22 0.728571 0.286430 0.013152 0.015483
22 0.655329 0.071038 0.015420 0.016393
22 0.709070 0.124317 0.017687 0.017304
22 0.643764 0.172814 0.020408 0.017760
22 0.588889 0.136157 0.014966 0.013661
22 0.579592 0.116803 0.017234 0.016849
22 0.583673 0.097450 0.017234 0.013661
22 0.548073 0.162568 0.017687 0.012750
22 0.402268 0.171676 0.016327 0.015483
22 0.387982 0.220401 0.013152 0.012750
22 0.389342 0.233151 0.011338 0.012750
22 0.442177 0.240437 0.012698 0.012750
22 0.465306 0.237933 0.013605 0.014117
22 0.501587 0.232240 0.014512 0.012750
22 0.506576 0.254781 0.011791 0.011384
22 0.519728 0.267304 0.014512 0.013661
22 0.560317 0.270719 0.013152 0.014117
22 0.459637 0.273907 0.014059 0.015027
22 0.406122 0.231102 0.018594 0.013206
22 0.397959 0.278916 0.016780 0.014117
22 0.487982 0.284836 0.012698 0.011384
22 0.500000 0.284608 0.010431 0.014572
22 0.544218 0.259563 0.012698 0.009107
22 0.396825 0.297131 0.012698 0.011384
22 0.385941 0.308060 0.013605 0.012295
22 0.408844 0.321038 0.013152 0.012750
22 0.431746 0.298725 0.012698 0.013661
22 0.460998 0.323315 0.015873 0.013661
22 0.426984 0.335383 0.014059 0.011384
22 0.446939 0.357013 0.013152 0.012750
22 0.526531 0.374545 0.011791 0.010474
22 0.534921 0.329690 0.014059 0.015483
22 0.543537 0.293944 0.013152 0.010474
22 0.565986 0.307377 0.013605 0.011840
22 0.579138 0.295310 0.012698 0.012295
22 0.603628 0.291894 0.011791 0.010018
22 0.585941 0.316712 0.012698 0.012295
22 0.347619 0.391393 0.011338 0.011384
22 0.353968 0.397086 0.010431 0.010018
22 0.365079 0.383424 0.010884 0.010018
22 0.379819 0.387295 0.010431 0.010474
22 0.388435 0.385246 0.012245 0.010018
22 0.372789 0.400729 0.013605 0.012750
22 0.361451 0.416211 0.014512 0.014572
22 0.382540 0.414162 0.014059 0.012295
22 0.347619 0.411430 0.010431 0.008652
22 0.345578 0.417122 0.010884 0.008197
22 0.319728 0.402095 0.013605 0.011840
22 0.299320 0.411202 0.009070 0.007286
22 0.301587 0.415984 0.009977 0.006831
22 0.324490 0.426913 0.010431 0.009563
22 0.317914 0.439208 0.008163 0.005920
22 0.316553 0.443761 0.008163 0.006831
22 0.338095 0.437386 0.009524 0.008652
22 0.345578 0.441712 0.009977 0.009107
22 0.359184 0.444900 0.009070 0.009107
22 0.377778 0.447177 0.010884 0.009107
22 0.468027 0.404372 0.009070 0.008197
22 0.464172 0.409381 0.009524 0.008197
22 0.462585 0.415301 0.011791 0.010018
22 0.480952 0.431239 0.013152 0.011840
22 0.553515 0.426913 0.013152 0.010474
22 0.570748 0.419399 0.013152 0.012750
22 0.599320 0.419399 0.012245 0.010018
22 0.589796 0.457650 0.013152 0.012750
22 0.514512 0.479736 0.010431 0.009563
22 0.511338 0.489299 0.010431 0.011384
22 0.531746 0.476321 0.009524 0.010018
22 0.543991 0.477914 0.011338 0.010474
22 0.568707 0.474727 0.009070 0.006831
22 0.567120 0.479964 0.008617 0.007286
22 0.536961 0.492259 0.009977 0.006375
22 0.538776 0.499317 0.009977 0.007741
22 0.577778 0.501821 0.013605 0.010018
22 0.636735 0.455601 0.012698 0.012295
22 0.287302 0.731785 0.014966 0.013661
22 0.289796 0.693761 0.012698 0.010474
22 0.302494 0.699226 0.014512 0.013206
22 0.322902 0.692623 0.016327 0.014572
22 0.295465 0.681694 0.014966 0.010929
22 0.353968 0.650729 0.014966 0.013661
22 0.292290 0.559654 0.012245 0.011840
22 0.310431 0.593124 0.014059 0.015938
22 0.343311 0.591758 0.010884 0.012295
22 0.342177 0.599954 0.011338 0.009563
22 0.402041 0.643670 0.015873 0.013206
22 0.415873 0.593352 0.010884 0.010018
22 0.423810 0.595173 0.010431 0.010018
22 0.429252 0.584472 0.010431 0.007741
22 0.430612 0.576730 0.009524 0.007741
22 0.434694 0.557605 0.010431 0.007741
22 0.361678 0.566940 0.013152 0.010929
22 0.356236 0.575137 0.010431 0.008197
22 0.357370 0.580601 0.009070 0.008197
22 0.337188 0.562386 0.011338 0.009107
22 0.335601 0.569217 0.010884 0.008197
22 0.321315 0.566029 0.013152 0.013661
22 0.493424 0.590847 0.009070 0.008652
22 0.529025 0.602914 0.011338 0.008197
22 0.532426 0.596767 0.010884 0.010474
22 0.535147 0.587432 0.009070 0.009107
22 0.538776 0.581056 0.010884 0.008197
22 0.565986 0.610656 0.011791 0.011840
22 0.544444 0.622040 0.011338 0.010929
22 0.530159 0.628415 0.008163 0.008197
22 0.529932 0.633880 0.008617 0.007286
22 0.564853 0.555100 0.011338 0.010018
22 0.460317 0.566485 0.010884 0.009107
22 0.462812 0.556694 0.008617 0.009563
22 0.474830 0.556694 0.009977 0.006831
22 0.476644 0.551457 0.008163 0.007286
22 0.390249 0.515255 0.008617 0.007741
22 0.393651 0.508652 0.009070 0.008197
22 0.417234 0.540984 0.011791 0.011840
22 0.444898 0.517987 0.011791 0.010474
22 0.428118 0.510701 0.008163 0.007741
22 0.425624 0.516849 0.010431 0.007286
22 0.435601 0.489754 0.008617 0.008652
22 0.472336 0.531421 0.008617 0.009107
22 0.100680 0.611339 0.019955 0.016849
22 0.191383 0.634563 0.016327 0.015938
22 0.219274 0.589253 0.016780 0.017304
22 0.262812 0.619991 0.014966 0.011384
22 0.042630 0.541211 0.016327 0.013206
22 0.047392 0.592441 0.016780 0.014572
22 0.208617 0.507969 0.014512 0.014117
22 0.249433 0.503871 0.010884 0.008652
22 0.247392 0.511157 0.009524 0.010474
22 0.256236 0.527550 0.012698 0.013206
22 0.268707 0.521175 0.008617 0.009563
22 0.271655 0.513889 0.011791 0.011384
22 0.291383 0.489299 0.013152 0.010474
22 0.270975 0.474954 0.011338 0.008197
22 0.275057 0.464709 0.010431 0.006831
22 0.278685 0.459472 0.012245 0.009107
22 0.304762 0.526412 0.009977 0.009107
22 0.302494 0.533698 0.010884 0.009107
22 0.328571 0.535064 0.010431 0.010929
22 0.347392 0.510701 0.011791 0.012295
22 0.240136 0.492259 0.013152 0.010929
22 0.230159 0.500911 0.008617 0.008197
22 0.234014 0.490893 0.009070 0.009107
22 0.334467 0.524362 0.011338 0.010474
22 0.336961 0.516621 0.010884 0.009563
22 0.356689 0.483834 0.010431 0.009563
22 0.354422 0.463570 0.010431 0.010929
22 0.338776 0.465619 0.014512 0.013206
22 0.137642 0.405738 0.015873 0.015483
22 0.157143 0.419399 0.015873 0.016393
22 0.169161 0.447860 0.014512 0.016849
22 0.182540 0.442851 0.015873 0.015027
22 0.244898 0.452186 0.016327 0.017304
22 0.134921 0.446494 0.016780 0.015027
22 0.143764 0.463115 0.018141 0.016393
22 0.108390 0.449454 0.019048 0.014572
22 0.084580 0.429872 0.016780 0.014572
22 0.082086 0.413707 0.015420 0.013206
22 0.105896 0.355647 0.016780 0.015483
22 0.166213 0.381831 0.016780 0.015027
22 0.197279 0.376366 0.014512 0.015027
22 0.263492 0.378415 0.019955 0.016393
22 0.282086 0.361111 0.019955 0.017304
22 0.321088 0.319444 0.019048 0.015938
22 0.318594 0.345856 0.014966 0.014117
22 0.297959 0.378871 0.016327 0.012750
22 0.327211 0.365209 0.010431 0.010929
22 0.331519 0.370219 0.010884 0.010018
22 0.349433 0.353597 0.013152 0.010474
22 0.351701 0.362705 0.011338 0.009563
22 0.369615 0.371357 0.012698 0.009563
22 0.367800 0.357468 0.009070 0.010018
22 0.225850 0.264572 0.018141 0.014572
22 0.223810 0.301457 0.018594 0.016393
22 0.330385 0.262750 0.014059 0.011840
22 0.339229 0.274135 0.013605 0.012750
22 0.324263 0.284836 0.012698 0.012295
22 0.333107 0.289162 0.014059 0.012750
22 0.232880 0.191029 0.018594 0.015938