22 0.251708 0.517354 0.012945 0.018077
22 0.553758 0.798988 0.022294 0.021692
22 0.560949 0.776934 0.020856 0.022415
22 0.625315 0.847614 0.025890 0.023500
22 0.246494 0.814895 0.027688 0.026030
22 0.262855 0.799711 0.020856 0.023138
22 0.145631 0.613160 0.027328 0.019523
22 0.149766 0.597252 0.021935 0.014461
22 0.155160 0.548626 0.029126 0.018438
22 0.415318 0.129971 0.020856 0.020607
22 0.466019 0.143529 0.028767 0.020969
22 0.516001 0.145517 0.026609 0.029284
22 0.459187 0.159074 0.018698 0.018077
22 0.488134 0.169017 0.017620 0.019884
22 0.466379 0.202820 0.021575 0.018800
22 0.542251 0.219631 0.020856 0.019884
22 0.587379 0.201916 0.021935 0.019884
22 0.593492 0.217101 0.014024 0.014100
22 0.587019 0.221800 0.013305 0.011208
22 0.581985 0.225597 0.009709 0.013015
22 0.574254 0.230658 0.012226 0.012292
22 0.579648 0.238431 0.011507 0.009038
22 0.583963 0.233912 0.010068 0.015184
22 0.598706 0.233731 0.013664 0.014823
22 0.612549 0.218547 0.010428 0.011931
22 0.614887 0.227223 0.016541 0.011931
22 0.606796 0.239696 0.014743 0.014461
22 0.630708 0.216739 0.014383 0.014823
22 0.636282 0.228489 0.014743 0.017354
22 0.647429 0.220535 0.011866 0.014461
22 0.652463 0.229754 0.012585 0.014823
22 0.421791 0.196855 0.017260 0.014823
22 0.396260 0.196312 0.015822 0.015184
22 0.379180 0.174078 0.019777 0.016269
22 0.353110 0.133767 0.018698 0.018077
22 0.325063 0.124910 0.021575 0.020607
22 0.358145 0.182755 0.017979 0.019884
22 0.376483 0.188720 0.015822 0.014461
22 0.393563 0.214389 0.016900 0.015184
22 0.403452 0.211316 0.014383 0.015546
22 0.426286 0.213666 0.015462 0.018800
22 0.461165 0.221439 0.018339 0.019161
22 0.447681 0.227946 0.015822 0.014823
22 0.455052 0.242227 0.013305 0.015907
22 0.445523 0.246023 0.017260 0.014823
22 0.358864 0.231200 0.015822 0.016269
22 0.369831 0.239335 0.020496 0.016631
22 0.488314 0.262111 0.013664 0.015907
22 0.498741 0.258858 0.017260 0.017354
22 0.542611 0.267534 0.019417 0.020246
22 0.691478 0.199205 0.022294 0.016631
22 0.680511 0.219812 0.013305 0.014461
22 0.686084 0.224512 0.013664 0.015907
22 0.695254 0.227766 0.016900 0.015907
22 0.759259 0.230477 0.021215 0.022777
22 0.787487 0.213666 0.022294 0.019523
22 0.724739 0.251808 0.019058 0.015546
22 0.707300 0.274223 0.018698 0.017715
22 0.701546 0.288322 0.020137 0.016992
22 0.739662 0.277657 0.014383 0.019523
22 0.747573 0.284346 0.012945 0.014823
22 0.776339 0.295192 0.018698 0.019161
22 0.748652 0.312364 0.015822 0.016631
22 0.798274 0.325741 0.020856 0.020246
22 0.759079 0.320860 0.017260 0.014823
22 0.760338 0.333514 0.017620 0.017715
22 0.670083 0.295734 0.018339 0.014461
22 0.650126 0.289949 0.012945 0.012292
22 0.642395 0.293926 0.012585 0.013738
22 0.638260 0.280369 0.015102 0.013377
22 0.606616 0.273861 0.016541 0.016269
22 0.581805 0.295011 0.012945 0.012292
22 0.590615 0.303507 0.014024 0.014100
22 0.655520 0.309834 0.012945 0.013015
22 0.675117 0.309653 0.014743 0.014100
22 0.672420 0.323753 0.015822 0.016269
22 0.618483 0.322126 0.015822 0.013738
22 0.609493 0.318510 0.012226 0.012292
22 0.596368 0.319776 0.013305 0.014823
22 0.583783 0.330622 0.014743 0.015546
22 0.568680 0.333514 0.016900 0.012654
22 0.573894 0.341468 0.015102 0.013377
22 0.544229 0.332249 0.015462 0.014461
22 0.562028 0.351048 0.013664 0.013738
22 0.494426 0.294288 0.017260 0.015907
22 0.488853 0.325018 0.015462 0.015907
22 0.516900 0.353398 0.015462 0.012654
22 0.475728 0.310738 0.018698 0.016269
22 0.457210 0.322307 0.017620 0.019161
22 0.403272 0.343818 0.014024 0.013738
22 0.394642 0.352495 0.019777 0.017354
22 0.443725 0.368221 0.015822 0.016992
22 0.469975 0.371114 0.017979 0.014100
22 0.489572 0.359364 0.015462 0.015184
22 0.500719 0.369125 0.013305 0.014461
22 0.512406 0.369125 0.013664 0.015907
22 0.519957 0.385936 0.012945 0.015546
22 0.472312 0.381598 0.019058 0.014100
22 0.546926 0.398048 0.015102 0.015184
22 0.569220 0.385394 0.012945 0.012292
22 0.585041 0.383586 0.012226 0.010846
22 0.583243 0.369667 0.012945 0.013377
22 0.591154 0.370571 0.010068 0.011569
22 0.595289 0.375813 0.011147 0.012654
22 0.628731 0.391902 0.017620 0.016631
22 0.575692 0.396240 0.013664 0.011569
22 0.581985 0.407086 0.012585 0.015184
22 0.569759 0.408351 0.010428 0.010484
22 0.564545 0.411424 0.009349 0.012292
22 0.559331 0.411967 0.009709 0.011208
22 0.553398 0.416847 0.012945 0.014461
22 0.581266 0.429320 0.016181 0.014823
22 0.603200 0.406363 0.014743 0.016631
22 0.622078 0.408894 0.012945 0.012292
22 0.634844 0.411605 0.015462 0.018438
22 0.641855 0.427513 0.015102 0.014100
22 0.653542 0.422632 0.016181 0.015184
22 0.694355 0.428959 0.018698 0.017715
22 0.677454 0.446674 0.016541 0.011931
22 0.679791 0.455351 0.015462 0.014100
22 0.611291 0.441612 0.014383 0.012654
22 0.603740 0.443782 0.012945 0.011931
22 0.594930 0.449747 0.015462 0.013015
22 0.588997 0.444866 0.014383 0.012654
22 0.568321 0.444685 0.016900 0.013015
22 0.510608 0.439443 0.015822 0.014823
22 0.466918 0.412871 0.011147 0.013738
22 0.458468 0.414317 0.010787 0.014461
22 0.442826 0.429501 0.018339 0.015184
22 0.427544 0.418113 0.015102 0.013377
22 0.416577 0.410521 0.014024 0.011208
22 0.382416 0.383767 0.016900 0.016269
22 0.371269 0.373463 0.014743 0.013738
22 0.361561 0.365871 0.013305 0.014461
22 0.366235 0.392263 0.013305 0.015907
22 0.375045 0.411605 0.016541 0.016992
22 0.393563 0.408894 0.014743 0.014461
22 0.403812 0.432936 0.014383 0.012654
22 0.366954 0.446312 0.016900 0.014823
22 0.395361 0.449566 0.014024 0.014823
22 0.384933 0.453362 0.013305 0.013015
22 0.380259 0.461316 0.014743 0.015184
22 0.467278 0.452097 0.018339 0.016992
22 0.463143 0.467824 0.017979 0.018077
22 0.540633 0.468727 0.018339 0.012654
22 0.606437 0.462762 0.011147 0.014461
22 0.617763 0.467462 0.015102 0.014461
22 0.636641 0.459689 0.014743 0.014823
22 0.644912 0.466016 0.013305 0.010123
22 0.782273 0.358641 0.019777 0.020969
22 0.752967 0.395336 0.014383 0.014823
22 0.735347 0.394794 0.019417 0.016631
22 0.742359 0.399494 0.012585 0.013738
22 0.813017 0.402025 0.020137 0.018800
22 0.841424 0.400036 0.017260 0.015546
22 0.840885 0.411063 0.014024 0.015184
22 0.849874 0.410701 0.011866 0.015184
22 0.855987 0.427151 0.018339 0.019161
22 0.743797 0.430766 0.019058 0.016992
22 0.729594 0.449566 0.014383 0.016269
22 0.722762 0.454989 0.014383 0.014823
22 0.763754 0.446132 0.020137 0.020246
22 0.788026 0.451012 0.016900 0.019161
22 0.819669 0.456797 0.019058 0.017715
22 0.868393 0.484454 0.021575 0.020969
22 0.801690 0.475054 0.014024 0.013738
22 0.792700 0.479573 0.015462 0.015546
22 0.823984 0.494035 0.018339 0.019161
22 0.838188 0.512834 0.017260 0.016992
22 0.863898 0.517534 0.020496 0.017715
22 0.699928 0.491866 0.010428 0.012654
22 0.691837 0.492950 0.012226 0.016269
22 0.679791 0.504881 0.012585 0.014100
22 0.648148 0.472885 0.010428 0.009400
22 0.634664 0.477223 0.015102 0.015907
22 0.605717 0.489154 0.015462 0.013738
22 0.614887 0.496927 0.013664 0.014100
22 0.640417 0.506869 0.015102 0.013015
22 0.654081 0.505423 0.012945 0.013015
22 0.661992 0.500542 0.013664 0.014823
22 0.696872 0.503796 0.010787 0.009761
22 0.696872 0.510665 0.014383 0.009761
22 0.692017 0.518800 0.012585 0.013738
22 0.703883 0.521330 0.011866 0.013015
22 0.647789 0.520607 0.011147 0.010846
22 0.653003 0.526934 0.014383 0.011931
22 0.786408 0.532719 0.010068 0.014823
22 0.776339 0.530911 0.012945 0.014823
22 0.752247 0.527115 0.012945 0.012292
22 0.750809 0.534165 0.014383 0.014100
22 0.737504 0.529646 0.012945 0.015184
22 0.728515 0.529103 0.012226 0.012654
22 0.722941 0.529465 0.011147 0.009761
22 0.716649 0.535249 0.011507 0.011931
22 0.755843 0.555134 0.017979 0.018438
22 0.728335 0.554411 0.011866 0.012654
22 0.720964 0.558026 0.010068 0.012654
22 0.724739 0.565076 0.011866 0.014461
22 0.731032 0.570860 0.012945 0.013015
22 0.720065 0.573391 0.009709 0.007954
22 0.717368 0.577368 0.011507 0.009400
22 0.718267 0.583514 0.012585 0.010846
22 0.703704 0.584418 0.015822 0.015546
22 0.702985 0.558749 0.010787 0.009761
22 0.709277 0.562907 0.011866 0.013015
22 0.731212 0.590745 0.013305 0.015907
22 0.739123 0.612617 0.015462 0.015546
22 0.714132 0.613341 0.015822 0.014100
22 0.734268 0.631236 0.015102 0.014461
22 0.716649 0.630513 0.012945 0.014461
22 0.708378 0.639371 0.015822 0.013377
22 0.706221 0.651844 0.015102 0.015907
22 0.747033 0.664136 0.019777 0.017354
22 0.830097 0.579537 0.016900 0.019523
22 0.845020 0.572487 0.017260 0.017715
22 0.853830 0.581164 0.014024 0.015546
22 0.866595 0.582249 0.016541 0.016992
22 0.870730 0.597975 0.019058 0.017354
22 0.853110 0.594541 0.016181 0.018438
22 0.853830 0.619667 0.017620 0.015907
22 0.847896 0.627260 0.017260 0.017354
22 0.842143 0.650036 0.015822 0.018077
22 0.824883 0.632502 0.018698 0.017715
22 0.685725 0.559653 0.014383 0.015184
22 0.669184 0.544830 0.014383 0.014461
22 0.640777 0.537599 0.015822 0.014461
22 0.650665 0.556038 0.014024 0.015184
22 0.663970 0.574657 0.013305 0.015546
22 0.658216 0.588937 0.012585 0.013738
22 0.657857 0.603037 0.015462 0.015907
22 0.631248 0.567245 0.015462 0.012292
22 0.631428 0.576283 0.015102 0.013015
22 0.605358 0.531634 0.013305 0.014823
22 0.606796 0.545915 0.013305 0.013738
22 0.608055 0.554591 0.010787 0.009400
22 0.597627 0.567426 0.012945 0.013377
22 0.593851 0.556761 0.011147 0.011569
22 0.588457 0.545192 0.013305 0.013738
22 0.585221 0.573753 0.016181 0.017354
22 0.627113 0.621114 0.011507 0.015184
22 0.638439 0.618583 0.019058 0.023138
22 0.614707 0.646963 0.014743 0.013377
22 0.623337 0.648771 0.009709 0.011931
22 0.615786 0.657448 0.015462 0.014823
22 0.803308 0.679140 0.020856 0.019161
22 0.805286 0.736985 0.019777 0.022054
22 0.821467 0.760665 0.024092 0.023861
22 0.740381 0.695951 0.017979 0.015184
22 0.718267 0.687997 0.016181 0.015184
22 0.717548 0.700108 0.016900 0.016269
22 0.699569 0.691974 0.014743 0.012292
22 0.727256 0.721800 0.010428 0.013377
22 0.733369 0.718547 0.010428 0.011931
22 0.733010 0.725597 0.008990 0.009400
22 0.765552 0.734454 0.015822 0.014100
22 0.765912 0.744758 0.013664 0.013738
22 0.756203 0.738069 0.011507 0.010484
22 0.746134 0.744396 0.014383 0.015184
22 0.758181 0.758134 0.015462 0.013015
22 0.764473 0.773319 0.015822 0.018800
22 0.748292 0.770427 0.015102 0.012292
22 0.731751 0.754881 0.017260 0.017354
22 0.729773 0.739154 0.011866 0.015546
22 0.720784 0.742046 0.011866 0.011931
22 0.709817 0.733369 0.014383 0.015546
22 0.696692 0.719993 0.014743 0.012654
22 0.676555 0.708424 0.014743 0.011208
22 0.644193 0.686009 0.012585 0.011208
22 0.650845 0.674620 0.014383 0.013015
22 0.626214 0.699566 0.015462 0.012292
22 0.609493 0.704085 0.015822 0.012654
22 0.606976 0.687636 0.015102 0.016631
22 0.643114 0.724873 0.016900 0.015184
22 0.632866 0.732827 0.013664 0.014461
22 0.667566 0.727766 0.008990 0.009400
22 0.676735 0.730839 0.010068 0.012654
22 0.701546 0.763196 0.012226 0.012292
22 0.712513 0.768800 0.012585 0.014823
22 0.729594 0.780007 0.015822 0.016269
22 0.724020 0.801699 0.015462 0.013377
22 0.723121 0.812545 0.016541 0.014823
22 0.689860 0.780550 0.010428 0.008677
22 0.688601 0.788684 0.010068 0.011208
22 0.684286 0.776573 0.010787 0.010846
22 0.681410 0.783984 0.011507 0.011208
22 0.676915 0.776934 0.011147 0.009400
22 0.671341 0.772957 0.014383 0.011569
22 0.667026 0.749638 0.015102 0.014823
22 0.657138 0.754519 0.009709 0.013015
22 0.638080 0.746565 0.014743 0.013015
22 0.633945 0.758134 0.013664 0.013738
22 0.622798 0.760484 0.012226 0.011931
22 0.652104 0.788503 0.012585 0.011569
22 0.669723 0.785069 0.011866 0.011931
22 0.642395 0.796095 0.014743 0.011569
22 0.628191 0.800253 0.012945 0.013377
22 0.657318 0.820680 0.012945 0.014461
22 0.666307 0.822307 0.011507 0.013377
22 0.669903 0.738431 0.017260 0.016269
22 0.606976 0.777477 0.014383 0.011931
22 0.596188 0.780007 0.012226 0.012654
22 0.604459 0.790130 0.012226 0.011931
22 0.594930 0.794107 0.011866 0.011208
22 0.603380 0.805495 0.011507 0.011569
22 0.617943 0.812545 0.013305 0.012654
22 0.619921 0.824295 0.010787 0.013015
22 0.627832 0.824295 0.009349 0.009400
22 0.631967 0.829718 0.010428 0.010123
22 0.593851 0.808749 0.013305 0.010123
22 0.589536 0.813630 0.011147 0.009761
22 0.575872 0.786876 0.011866 0.012654
22 0.575333 0.762111 0.015822 0.014461
22 0.561489 0.752711 0.015462 0.013015
22 0.565264 0.716016 0.014383 0.012654
22 0.573355 0.699024 0.014743 0.011931
22 0.577490 0.686189 0.016541 0.015184
22 0.563107 0.683478 0.012226 0.012654
22 0.555016 0.689986 0.011866 0.011931
22 0.550701 0.676247 0.014743 0.014100
22 0.529666 0.677151 0.013664 0.008677
22 0.530205 0.683297 0.011147 0.008677
22 0.520316 0.688539 0.012226 0.011931
22 0.519777 0.702639 0.012585 0.014100
22 0.535958 0.708424 0.013305 0.013377
22 0.541172 0.693420 0.010787 0.010846
22 0.547285 0.697939 0.010068 0.011931
22 0.533441 0.723970 0.011147 0.011931
22 0.544948 0.728489 0.011866 0.012292
22 0.516721 0.729212 0.012226 0.010123
22 0.537936 0.748192 0.015102 0.014823
22 0.512765 0.736985 0.014383 0.013377
22 0.512585 0.752892 0.016181 0.013377
22 0.529666 0.785430 0.015102 0.014100
22 0.541891 0.787599 0.012945 0.011931
22 0.521935 0.799711 0.014743 0.011569
22 0.535778 0.803688 0.013664 0.012292
22 0.570838 0.798988 0.011147 0.008677
22 0.562747 0.802603 0.010787 0.007231
22 0.546206 0.829356 0.014383 0.013738
22 0.532902 0.826283 0.014383 0.012654
22 0.566703 0.808749 0.012226 0.011569
22 0.642215 0.666667 0.015822 0.013738
22 0.714491 0.843999 0.017979 0.016269
22 0.698490 0.852133 0.017620 0.018077
22 0.708558 0.860448 0.016900 0.018800
22 0.644552 0.850145 0.018339 0.015546
22 0.633225 0.862075 0.016541 0.014823
22 0.574434 0.853579 0.014743 0.013015
22 0.628551 0.895155 0.014383 0.014461
22 0.638979 0.901482 0.015822 0.016992
22 0.597807 0.904013 0.014024 0.015546
22 0.586120 0.917209 0.017979 0.014461
22 0.570478 0.908713 0.011866 0.014100
22 0.554657 0.912509 0.013305 0.014461
22 0.564725 0.916305 0.011866 0.013377
22 0.572636 0.920644 0.014024 0.014100
22 0.534700 0.916305 0.017979 0.014100
22 0.540273 0.929501 0.016900 0.013738
22 0.551600 0.958604 0.015822 0.017715
22 0.568860 0.950289 0.015102 0.016269
22 0.587918 0.945047 0.017260 0.017354
22 0.473391 0.903290 0.012585 0.014100
22 0.465300 0.904917 0.011507 0.013738
22 0.480583 0.925524 0.019777 0.017354
22 0.456490 0.938539 0.016181 0.017354
22 0.442826 0.937093 0.015462 0.018077
22 0.482021 0.859544 0.015462 0.015546
22 0.509169 0.850145 0.016541 0.014100
22 0.522834 0.839479 0.015102 0.014461
22 0.532542 0.853760 0.015822 0.014100
22 0.507551 0.813268 0.016181 0.014823
22 0.468177 0.810376 0.016541 0.013377
22 0.452355 0.822307 0.014383 0.013377
22 0.440129 0.824295 0.016541 0.013738
22 0.423589 0.830441 0.017979 0.017354
22 0.413520 0.950651 0.019417 0.021330
22 0.416037 0.885756 0.017260 0.017354
22 0.398238 0.864606 0.019777 0.019161
22 0.389968 0.883044 0.021935 0.017715
22 0.375944 0.866775 0.019058 0.017715
22 0.359223 0.833514 0.020137 0.017715
22 0.333693 0.861171 0.017979 0.015907
22 0.334412 0.875994 0.017260 0.015184
22 0.318231 0.887563 0.015822 0.014461
22 0.323445 0.897144 0.016181 0.014100
22 0.339626 0.905278 0.016900 0.018800
22 0.299892 0.910882 0.017979 0.018438
22 0.313736 0.841649 0.019058 0.017354
22 0.289464 0.853579 0.020137 0.020246
22 0.293060 0.833695 0.012945 0.014461
22 0.282632 0.834779 0.014383 0.015907
22 0.271845 0.819053 0.017979 0.014100
22 0.360302 0.797180 0.017260 0.018800
22 0.247213 0.886298 0.021935 0.018438
22 0.233549 0.842191 0.013305 0.012654
22 0.231392 0.851772 0.014743 0.015184
22 0.224020 0.844722 0.011507 0.010484
22 0.210716 0.852314 0.017979 0.016992
22 0.184466 0.842733 0.014383 0.015184
22 0.165948 0.794288 0.018339 0.018800
22 0.147968 0.832249 0.016900 0.016631
22 0.202086 0.808207 0.020137 0.016269
22 0.196512 0.846891 0.021215 0.022777
22 0.206760 0.835322 0.012226 0.010484
22 0.210536 0.827368 0.012585 0.009761
22 0.223481 0.823933 0.016181 0.013738
22 0.209637 0.815799 0.017260 0.013377
22 0.225099 0.784165 0.012226 0.012292
22 0.235347 0.787238 0.014024 0.012654
22 0.234448 0.777838 0.012226 0.009761
22 0.247753 0.791938 0.011507 0.012654
22 0.254585 0.788684 0.010787 0.009761
22 0.263394 0.771511 0.012585 0.013738
22 0.252068 0.769342 0.015102 0.015184
22 0.240741 0.762654 0.015462 0.015546
22 0.227796 0.754881 0.016900 0.013015
22 0.206401 0.740419 0.017260 0.018077
22 0.225998 0.738250 0.013305 0.013015
22 0.234987 0.739516 0.013305 0.014823
22 0.294139 0.774403 0.015102 0.014461
22 0.298094 0.787057 0.015102 0.014461
22 0.309960 0.793203 0.016541 0.018077
22 0.306724 0.779465 0.011507 0.012292
22 0.307803 0.770969 0.013664 0.011208
22 0.317332 0.777115 0.014743 0.014823
22 0.308702 0.753254 0.015462 0.014100
22 0.302229 0.735900 0.009709 0.010484
22 0.312837 0.735900 0.017260 0.016992
22 0.326142 0.746023 0.015102 0.013377
22 0.332794 0.752350 0.015462 0.013015
22 0.343222 0.782357 0.014024 0.015184
22 0.343941 0.770427 0.013305 0.012292
22 0.354549 0.767354 0.016541 0.014823
22 0.370370 0.771692 0.015102 0.015546
22 0.424667 0.784888 0.020137 0.019523
22 0.472132 0.777838 0.019417 0.017715
22 0.462603 0.728127 0.016181 0.014461
22 0.473211 0.721258 0.015102 0.013738
22 0.490291 0.719450 0.015462 0.014461
22 0.484178 0.695589 0.015462 0.015907
22 0.492449 0.687274 0.014024 0.014461
22 0.488314 0.664136 0.015822 0.014461
22 0.485617 0.655278 0.017620 0.013377
22 0.513305 0.640817 0.015462 0.016269
22 0.482920 0.636298 0.015822 0.013015
22 0.469076 0.631056 0.015462 0.014100
22 0.406149 0.621294 0.014743 0.013377
22 0.423948 0.652928 0.017260 0.017354
22 0.447860 0.658532 0.011866 0.012654
22 0.454153 0.663051 0.011507 0.012292
22 0.448400 0.672090 0.017979 0.014461
22 0.424667 0.683116 0.017260 0.017715
22 0.412442 0.707339 0.017979 0.015546
22 0.408486 0.718727 0.016541 0.015907
22 0.329558 0.681851 0.020496 0.018800
22 0.273643 0.671909 0.024452 0.018438
22 0.248472 0.708243 0.019417 0.015907
22 0.492269 0.602495 0.017260 0.017715
22 0.485796 0.583695 0.017260 0.015546
22 0.571018 0.553868 0.015102 0.015184
22 0.549083 0.515546 0.010787 0.012292
22 0.557533 0.516450 0.009709 0.014100
22 0.536857 0.509581 0.013664 0.011208
22 0.534160 0.500723 0.013305 0.011569
22 0.525710 0.494939 0.013664 0.012292
22 0.517080 0.492589 0.010787 0.009761
22 0.514383 0.484816 0.014024 0.011569
22 0.500000 0.488973 0.014743 0.011208
22 0.403991 0.496927 0.016181 0.015546
22 0.456131 0.584779 0.015462 0.018438
22 0.441388 0.580260 0.014743 0.015184
22 0.400575 0.576826 0.012226 0.011931
22 0.393024 0.561099 0.019417 0.018077
22 0.359763 0.565437 0.019058 0.015184
22 0.317512 0.579718 0.020856 0.017715
22 0.280654 0.580622 0.018339 0.015184
22 0.324883 0.524403 0.017620 0.014823
22 0.357246 0.525127 0.017620 0.016992
22 0.342143 0.507592 0.019058 0.015184
22 0.355088 0.493312 0.017620 0.014100
22 0.378101 0.496204 0.017620 0.016992
22 0.501798 0.477404 0.017620 0.014823
22 0.326501 0.404013 0.015822 0.011931
22 0.332614 0.408532 0.012945 0.011569
22 0.337469 0.415582 0.016181 0.013377
22 0.327041 0.426247 0.011147 0.014461
22 0.318051 0.427693 0.015462 0.011569
22 0.324164 0.446493 0.014743 0.013015
22 0.314096 0.454266 0.015462 0.014823
22 0.294858 0.476500 0.016541 0.014461
22 0.276519 0.430766 0.015822 0.011931
22 0.279036 0.422090 0.016541 0.012654
22 0.291442 0.412328 0.017620 0.014100
22 0.285509 0.385756 0.015102 0.015184
22 0.233549 0.464027 0.017620 0.016992
22 0.263035 0.507773 0.016181 0.014100
22 0.211794 0.497289 0.020137 0.023500
22 0.206940 0.455531 0.015462 0.015184
22 0.125494 0.810195 0.020856 0.015907
22 0.102841 0.766269 0.017979 0.014100
22 0.089536 0.764461 0.014383 0.013377
22 0.093851 0.754158 0.017260 0.013738
22 0.090435 0.736804 0.017620 0.015907
22 0.103919 0.712943 0.017979 0.015907
22 0.060410 0.671367 0.015822 0.013015
22 0.064186 0.678778 0.015462 0.011931
22 0.134844 0.665582 0.017260 0.014461
22 0.141855 0.673717 0.016900 0.016269
22 0.154800 0.690528 0.019058 0.013738
22 0.159295 0.700289 0.017979 0.013738
22 0.176375 0.691612 0.019058 0.017354
22 0.053398 0.641721 0.019058 0.015907
22 0.083603 0.637744 0.016900 0.015907
22 0.107515 0.627983 0.015102 0.012292
22 0.117584 0.622017 0.011507 0.014823
22 0.107335 0.618583 0.015462 0.013015
22 0.150485 0.631779 0.020496 0.014100
22 0.149766 0.644613 0.017620 0.015184
22 0.203524 0.631960 0.020856 0.016631
22 0.134664 0.602495 0.013305 0.009761
22 0.134664 0.593456 0.017620 0.013377
22 0.129809 0.581887 0.015822 0.011931
22 0.146170 0.583153 0.017620 0.015184
22 0.163430 0.570499 0.016900 0.016631
22 0.095469 0.588033 0.014743 0.010484
22 0.108055 0.596529 0.012585 0.013015
22 0.101582 0.604302 0.014743 0.012654
22 0.095469 0.595445 0.015462 0.011569
22 0.083783 0.572668 0.016541 0.013015
22 0.066523 0.575199 0.019417 0.015907
22 0.035239 0.566522 0.019417 0.016631
22 0.029306 0.550615 0.019058 0.013738
22 0.072276 0.555134 0.017260 0.015546
22 0.091873 0.554230 0.016900 0.013015
22 0.090435 0.545011 0.016181 0.011208
22 0.151564 0.561641 0.017620 0.014100
22 0.162711 0.534346 0.017620 0.015907
22 0.146530 0.528019 0.014743 0.011931
22 0.136462 0.530188 0.014024 0.015546
22 0.090615 0.519342 0.017260 0.013377
22 0.077131 0.522054 0.019058 0.017354
22 0.064186 0.488250 0.019777 0.014823
22 0.063646 0.473066 0.015102 0.010484
22 0.065444 0.464389 0.019417 0.011931
22 0.075692 0.455531 0.017620 0.015184
22 0.146530 0.518800 0.017620 0.013738
22 0.143474 0.499819 0.016541 0.013377
22 0.186444 0.488792 0.016181 0.014461
22 0.239302 0.530911 0.016900 0.014100
22 0.172240 0.489335 0.012226 0.009761
22 0.177095 0.472704 0.015462 0.014100
22 0.168644 0.512292 0.017260 0.015184
22 0.170442 0.497289 0.015102 0.011208
22 0.167925 0.484816 0.015102 0.008677
22 0.151564 0.474512 0.018339 0.015546
22 0.161093 0.457881 0.017260 0.014100
22 0.159835 0.445770 0.016181 0.013738
22 0.167206 0.435286 0.017260 0.014461
22 0.183207 0.454447 0.015462 0.015184
22 0.200647 0.464751 0.015102 0.012654
22 0.197231 0.454989 0.011866 0.011208
22 0.189141 0.445047 0.011507 0.012292
22 0.197051 0.447578 0.011507 0.011569
22 0.195793 0.434020 0.016900 0.014823
22 0.024991 0.419378 0.015462 0.016631
22 0.060590 0.399675 0.023373 0.018438
22 0.074074 0.418655 0.022294 0.017354
22 0.067062 0.339841 0.021935 0.018800
22 0.112370 0.356110 0.018339 0.012292
22 0.117763 0.363883 0.019058 0.014823
22 0.151025 0.390817 0.017260 0.013015
22 0.151205 0.401302 0.020496 0.012292
22 0.172240 0.419559 0.015822 0.012654
22 0.183028 0.419920 0.013664 0.014823
22 0.193995 0.390275 0.017620 0.016992
22 0.205142 0.361171 0.019777 0.016631
22 0.194714 0.326103 0.019058 0.016631
22 0.146350 0.325018 0.020856 0.018800
22 0.116145 0.327549 0.020856 0.018077
22 0.221323 0.324476 0.019777 0.016992
22 0.239662 0.356833 0.019777 0.019523
22 0.254045 0.327187 0.017620 0.015907
22 0.277418 0.333333 0.017620 0.015907
22 0.298274 0.348518 0.017620 0.016631
22 0.320209 0.315257 0.018339 0.016631
22 0.333333 0.347614 0.014383 0.014100
22 0.319669 0.331164 0.015102 0.010846
22 0.320748 0.338576 0.012226 0.011208
22 0.323804 0.342914 0.012585 0.012654
22 0.279755 0.310376 0.017260 0.014823
22 0.272923 0.296276 0.014383 0.013377
22 0.268429 0.303326 0.014024 0.013015
22 0.249371 0.296457 0.014024 0.010846
22 0.238943 0.296457 0.019058 0.015184
22 0.245775 0.306941 0.014743 0.017354
22 0.302589 0.263196 0.018339 0.018800
22 0.263394 0.243854 0.019058 0.015546
22 0.263754 0.259219 0.016900 0.010846
22 0.266990 0.268077 0.018339 0.014100
22 0.254944 0.273680 0.015822 0.013738
22 0.188242 0.280007 0.019777 0.015546
22 0.183747 0.249819 0.018698 0.019523
22 0.156239 0.234816 0.021935 0.017715
22 0.174398 0.206797 0.018698 0.015907
22 0.183747 0.200289 0.016541 0.015184
22 0.216649 0.184201 0.018339 0.019161
22 0.232111 0.171909 0.018339 0.016269
22 0.238763 0.163051 0.019417 0.014461
22 0.255484 0.156544 0.017620 0.017354
22 0.241640 0.194143 0.020137 0.015907
22 0.270047 0.193601 0.017260 0.018438
22 0.257282 0.213304 0.020496 0.018800
22 0.279755 0.219631 0.017979 0.015546
22 0.289824 0.212220 0.015822 0.015907
22 0.303668 0.199747 0.014024 0.017715
22 0.311758 0.196855 0.015102 0.014100
22 0.316253 0.207158 0.017620 0.017354
22 0.276339 0.173897 0.017620 0.015184
22 0.288385 0.169197 0.015102 0.013738
22 0.295757 0.163774 0.016181 0.015907
22 0.283172 0.140998 0.022654 0.019523