22 0.746302 0.390420 0.012550 0.018075
22 0.274989 0.816991 0.014792 0.013556
22 0.290901 0.810438 0.014343 0.014008
22 0.297848 0.767736 0.015688 0.011749
22 0.306589 0.750791 0.012550 0.013104
22 0.334827 0.749661 0.016136 0.014460
22 0.331242 0.786037 0.015240 0.015816
22 0.323846 0.846814 0.013895 0.015364
22 0.386374 0.835517 0.017033 0.016268
22 0.428732 0.783778 0.017481 0.015816
22 0.443971 0.805694 0.012999 0.013556
22 0.279919 0.886127 0.014792 0.015364
22 0.324966 0.890420 0.016136 0.016719
22 0.349171 0.908495 0.014343 0.014912
22 0.374720 0.890646 0.015240 0.016268
22 0.304572 0.951875 0.015688 0.017623
22 0.413268 0.915725 0.015240 0.015816
22 0.439489 0.923407 0.018377 0.017623
22 0.463918 0.923407 0.017033 0.015816
22 0.424697 0.952327 0.014792 0.016719
22 0.474227 0.985766 0.014343 0.014912
22 0.565890 0.907366 0.015688 0.014460
22 0.496414 0.783552 0.020170 0.015364
22 0.566114 0.756213 0.015240 0.016719
22 0.558494 0.834388 0.015240 0.015816
22 0.608696 0.767736 0.010758 0.011749
22 0.613178 0.772933 0.012550 0.014008
22 0.661363 0.739268 0.019274 0.014460
22 0.415509 0.640081 0.015240 0.016719
22 0.431197 0.648667 0.012550 0.013104
22 0.460780 0.623814 0.016136 0.016719
22 0.451143 0.661319 0.015688 0.015816
22 0.454281 0.706733 0.013895 0.015364
22 0.607351 0.634207 0.014343 0.014008
22 0.612057 0.649571 0.016584 0.014008
22 0.421336 0.612969 0.013447 0.010393
22 0.664500 0.626073 0.016584 0.015816
22 0.679292 0.632625 0.009413 0.009941
22 0.647916 0.699955 0.014792 0.016268
22 0.734872 0.667420 0.016584 0.015364
22 0.793366 0.648667 0.015240 0.015816
22 0.770282 0.698373 0.017481 0.016719
22 0.770282 0.741979 0.017481 0.013556
22 0.855670 0.700407 0.020619 0.018075
22 0.938593 0.691595 0.017033 0.015816
22 0.752577 0.524401 0.014343 0.014008
22 0.778126 0.525531 0.017033 0.015364
22 0.791573 0.483507 0.017929 0.015364
22 0.799193 0.584953 0.015240 0.014912
22 0.916629 0.537958 0.016136 0.016719
22 0.961004 0.485088 0.015240 0.014008
22 0.969072 0.495029 0.013447 0.014912
22 0.803451 0.387257 0.015688 0.013556
22 0.820260 0.376186 0.014343 0.014912
22 0.806813 0.428152 0.014343 0.014008
22 0.841327 0.462720 0.016136 0.017171
22 0.944868 0.452327 0.014343 0.014460
22 0.950471 0.407366 0.013895 0.013104
22 0.969296 0.399684 0.010309 0.008586
22 0.958091 0.378446 0.012999 0.010393
22 0.741147 0.427474 0.011206 0.014460
22 0.886150 0.286941 0.018826 0.016268
22 0.925594 0.285811 0.013447 0.015816
22 0.935231 0.324446 0.017481 0.018075
22 0.939265 0.355174 0.017481 0.016268
22 0.624160 0.266832 0.010309 0.011297
22 0.635365 0.267510 0.009413 0.010845
22 0.623039 0.299593 0.012550 0.011749
22 0.646347 0.297108 0.012550 0.012201
22 0.632452 0.308179 0.012550 0.013556
22 0.597490 0.347718 0.011654 0.010393
22 0.705737 0.272029 0.015688 0.016268
22 0.700807 0.289652 0.015688 0.015364
22 0.730390 0.284681 0.014792 0.013556
22 0.732183 0.308179 0.013895 0.014460
22 0.732407 0.323543 0.013447 0.012653
22 0.677051 0.330999 0.012999 0.011297
22 0.697669 0.331225 0.011206 0.012653
22 0.710892 0.335066 0.011654 0.013104
22 0.753474 0.251469 0.014343 0.014008
22 0.846257 0.213285 0.020619 0.016268
22 0.815778 0.222549 0.017033 0.014008
22 0.814209 0.235653 0.013895 0.014912
22 0.895114 0.253276 0.016136 0.014912
22 0.894442 0.217578 0.011206 0.010393
22 0.897580 0.225712 0.013895 0.011297
22 0.904527 0.232490 0.010758 0.010393
22 0.915061 0.240172 0.011206 0.011297
22 0.932990 0.269770 0.012999 0.012653
22 0.644106 0.164934 0.017929 0.015364
22 0.649036 0.122910 0.014343 0.012653
22 0.654639 0.135789 0.011206 0.012201
22 0.662483 0.132399 0.011654 0.015364
22 0.657104 0.210122 0.017033 0.015364
22 0.671224 0.201085 0.013895 0.017171
22 0.688929 0.210574 0.013447 0.013556
22 0.726580 0.177361 0.015240 0.015816
22 0.729045 0.190239 0.015688 0.012653
22 0.604886 0.114324 0.014792 0.012653
22 0.588301 0.121329 0.011206 0.014912
22 0.465710 0.050836 0.019722 0.019431
22 0.505379 0.038183 0.017481 0.014912
22 0.546392 0.027790 0.015240 0.014008
22 0.558270 0.033439 0.011206 0.011749
22 0.572389 0.030502 0.012550 0.014008
22 0.562976 0.051514 0.013447 0.012653
22 0.535634 0.058066 0.014343 0.014008
22 0.503362 0.077271 0.013447 0.014460
22 0.524653 0.091279 0.012999 0.012653
22 0.522187 0.099864 0.012550 0.013556
22 0.461676 0.123814 0.013447 0.013556
22 0.487001 0.126073 0.015688 0.013556
22 0.570372 0.136918 0.014792 0.015364
22 0.579337 0.126073 0.011206 0.011749
22 0.613402 0.103254 0.013895 0.014912
22 0.625504 0.087438 0.010309 0.011297
22 0.666517 0.063488 0.014343 0.014008
22 0.640744 0.036602 0.011206 0.011749
22 0.645899 0.107772 0.016136 0.013104
22 0.393994 0.112517 0.015240 0.011749
22 0.404527 0.127655 0.016584 0.014008
22 0.385029 0.175328 0.012550 0.012653
22 0.411923 0.185043 0.017929 0.016719
22 0.457418 0.162223 0.012999 0.013556
22 0.429852 0.234071 0.015240 0.016268
22 0.462125 0.232038 0.013447 0.014008
22 0.477364 0.223678 0.012550 0.013556
22 0.545271 0.149571 0.012999 0.014460
22 0.540789 0.187076 0.013895 0.015364
22 0.563424 0.180976 0.014343 0.016719
22 0.554908 0.206507 0.015240 0.015364
22 0.542806 0.234523 0.015240 0.014460
22 0.430973 0.258699 0.012102 0.012201
22 0.445092 0.253050 0.015240 0.012653
22 0.472658 0.277451 0.011206 0.010845
22 0.491035 0.269092 0.012102 0.011297
22 0.508740 0.247854 0.012550 0.012201
22 0.521067 0.265025 0.014792 0.011297
22 0.538324 0.254180 0.011654 0.013104
22 0.543254 0.277225 0.011654 0.012201
22 0.567683 0.251017 0.012999 0.014008
22 0.573958 0.261862 0.012999 0.013104
22 0.521963 0.303660 0.012999 0.011749
22 0.472658 0.312020 0.011206 0.011297
22 0.477813 0.319476 0.010758 0.010845
22 0.468624 0.323543 0.012999 0.011749
22 0.419543 0.306597 0.011654 0.010393
22 0.406096 0.333710 0.011654 0.012201
22 0.421336 0.339810 0.014343 0.011749
22 0.380995 0.315409 0.014343 0.011749
22 0.512775 0.335517 0.012550 0.014008
22 0.532048 0.328965 0.011654 0.011749
22 0.542582 0.342747 0.012102 0.011297
22 0.559839 0.345007 0.012550 0.012201
22 0.422456 0.372571 0.014792 0.012201
22 0.423801 0.386579 0.013895 0.013104
22 0.454056 0.361274 0.012550 0.013104
22 0.469969 0.362630 0.012102 0.011297
22 0.472658 0.379123 0.013895 0.013556
22 0.521963 0.383190 0.013895 0.012653
22 0.531376 0.357433 0.012102 0.012653
22 0.537427 0.370990 0.012550 0.010845
22 0.555132 0.361726 0.010309 0.009489
22 0.554012 0.389291 0.011654 0.011297
22 0.513671 0.400813 0.012550 0.011749
22 0.503138 0.409173 0.011206 0.011297
22 0.560287 0.407140 0.010758 0.009941
22 0.563200 0.413466 0.011206 0.009941
22 0.508068 0.441934 0.014792 0.011749
22 0.467952 0.431315 0.011654 0.012201
22 0.421560 0.433574 0.012999 0.012201
22 0.405648 0.441030 0.011654 0.010845
22 0.596818 0.394035 0.012102 0.011749
22 0.602420 0.382061 0.008965 0.010393
22 0.608472 0.378446 0.009413 0.009489
22 0.627745 0.386805 0.011206 0.011749
22 0.622367 0.405784 0.012102 0.013556
22 0.592335 0.435382 0.012999 0.013104
22 0.616764 0.427926 0.011654 0.011749
22 0.623487 0.420922 0.009861 0.009489
22 0.632900 0.419114 0.011654 0.011297
22 0.401390 0.458427 0.014792 0.011297
22 0.454505 0.449842 0.011654 0.009489
22 0.459659 0.454587 0.010309 0.009038
22 0.477364 0.474695 0.009861 0.009489
22 0.503362 0.469047 0.015240 0.013556
22 0.483864 0.483507 0.008516 0.009038
22 0.523756 0.497289 0.013895 0.013104
22 0.571493 0.455264 0.014343 0.011297
22 0.598835 0.469498 0.012550 0.013556
22 0.580233 0.496611 0.012999 0.011749
22 0.601076 0.503163 0.014343 0.012201
22 0.607799 0.518753 0.014343 0.012653
22 0.585612 0.523272 0.013895 0.012653
22 0.572165 0.527338 0.012999 0.012653
22 0.465038 0.502259 0.012102 0.012201
22 0.446212 0.498870 0.012102 0.011749
22 0.453832 0.507682 0.013895 0.011297
22 0.423129 0.499096 0.014343 0.012201
22 0.409458 0.485540 0.011206 0.010393
22 0.398028 0.536150 0.015240 0.014008
22 0.526221 0.547899 0.014343 0.012201
22 0.508965 0.571848 0.014792 0.014008
22 0.514343 0.583597 0.012999 0.012201
22 0.549081 0.560777 0.013447 0.011749
22 0.562304 0.557840 0.013895 0.012201
22 0.581802 0.558518 0.013447 0.012653
22 0.623487 0.587438 0.015240 0.017171
22 0.272972 0.539765 0.015240 0.014912
22 0.307934 0.550610 0.015240 0.014008
22 0.321156 0.571848 0.014792 0.013104
22 0.350740 0.572526 0.015688 0.014460
22 0.330345 0.586308 0.016136 0.014008
22 0.383684 0.551740 0.012550 0.009941
22 0.402286 0.566200 0.014792 0.013556
22 0.393994 0.595346 0.011654 0.013104
22 0.407216 0.599187 0.010309 0.012653
22 0.434558 0.596701 0.017481 0.015816
22 0.354774 0.511297 0.015688 0.013104
22 0.363290 0.506100 0.012999 0.011749
22 0.300986 0.502937 0.016584 0.015364
22 0.220305 0.399232 0.015688 0.014912
22 0.214030 0.412788 0.013895 0.012201
22 0.229269 0.441256 0.014792 0.014912
22 0.246750 0.407817 0.010309 0.012201
22 0.258628 0.399232 0.013447 0.014912
22 0.287763 0.414370 0.016136 0.014460
22 0.260645 0.475599 0.014792 0.014912
22 0.305693 0.485314 0.017033 0.015364
22 0.329449 0.464754 0.013447 0.013104
22 0.331242 0.444645 0.012550 0.012653
22 0.339982 0.450520 0.013895 0.014460
22 0.375840 0.437867 0.014792 0.014460
22 0.362842 0.490285 0.011206 0.013556
22 0.079113 0.448486 0.014792 0.014008
22 0.069700 0.487122 0.015688 0.014460
22 0.146795 0.438093 0.013895 0.014008
22 0.128418 0.455038 0.012102 0.012653
22 0.125504 0.464302 0.012550 0.010393
22 0.176602 0.454812 0.011654 0.014008
22 0.187136 0.466109 0.017481 0.017623
22 0.192963 0.476954 0.012999 0.014008
22 0.158225 0.521464 0.017929 0.016268
22 0.209547 0.527338 0.017481 0.015364
22 0.039668 0.509263 0.015688 0.016268
22 0.049753 0.576593 0.016136 0.012653
22 0.069700 0.578400 0.013895 0.015364
22 0.100179 0.553999 0.015688 0.015364
22 0.109816 0.542928 0.010758 0.012201
22 0.237338 0.547899 0.012999 0.014912
22 0.227028 0.586986 0.013895 0.015364
22 0.268041 0.575011 0.012550 0.014008
22 0.182654 0.618617 0.016584 0.016268
22 0.242940 0.647085 0.013447 0.014460
22 0.271851 0.688206 0.016584 0.016268
22 0.131779 0.736331 0.016136 0.017623
22 0.105782 0.796656 0.016136 0.015364
22 0.141641 0.813376 0.016136 0.016268
22 0.192515 0.799593 0.016584 0.017623
22 0.158673 0.840940 0.014343 0.017171
22 0.025997 0.463624 0.017929 0.022594
22 0.038324 0.428152 0.017481 0.016719
22 0.110713 0.405106 0.016136 0.015816
22 0.145899 0.361726 0.013895 0.016719
22 0.104886 0.348622 0.019722 0.015816
22 0.211788 0.368730 0.016584 0.014460
22 0.265800 0.371216 0.015240 0.015816
22 0.274316 0.341618 0.017033 0.016268
22 0.094576 0.329869 0.017033 0.013556
22 0.153967 0.291911 0.018377 0.017171
22 0.168310 0.317442 0.017481 0.016719
22 0.244285 0.318798 0.014343 0.013104
22 0.265352 0.311568 0.013447 0.014008
22 0.287091 0.317668 0.015688 0.013556
22 0.307037 0.307275 0.016136 0.017171
22 0.315105 0.330321 0.014343 0.013556
22 0.341999 0.317442 0.017033 0.015816
22 0.343568 0.338906 0.012999 0.014460
22 0.270506 0.250791 0.015688 0.014460
22 0.298745 0.248983 0.014792 0.015364
22 0.352757 0.290104 0.013447 0.015364
22 0.337293 0.270447 0.011206 0.012201
22 0.340654 0.279711 0.008965 0.012653
22 0.329000 0.241979 0.013447 0.014008
22 0.333483 0.177813 0.016136 0.015816
22 0.321829 0.233845 0.014343 0.014912
22 0.345137 0.223226 0.015240 0.017171
22 0.365307 0.263895 0.016136 0.014460
22 0.162483 0.147311 0.014792 0.014460
22 0.388839 0.029598 0.012999 0.011297
22 0.397804 0.024853 0.011206 0.010845
22 0.391304 0.078174 0.017929 0.018075
22 0.647692 0.387935 0.015240 0.012201
22 0.664276 0.373927 0.014343 0.014008
22 0.682205 0.389291 0.012550 0.012201
22 0.672344 0.427248 0.016136 0.017623
22 0.651277 0.476277 0.015240 0.013556
22 0.692515 0.454361 0.016136 0.014912
22 0.681309 0.477858 0.015240 0.013104
22 0.697669 0.500452 0.013895 0.012201
22 0.695652 0.386805 0.012550 0.010845
22 0.700134 0.376638 0.007172 0.007682
22 0.704169 0.383190 0.007172 0.008134
22 0.706410 0.378671 0.008068 0.009941
22 0.715150 0.368278 0.014792 0.011749
22 0.713357 0.383416 0.010309 0.011297
22 0.716495 0.394487 0.014792 0.013556