22 0.530488 0.151509 0.021447 0.025566
22 0.234651 0.196354 0.016821 0.028080
22 0.516190 0.215633 0.029857 0.023889
22 0.496426 0.280176 0.021447 0.033948
22 0.453322 0.302598 0.022708 0.022632
22 0.363751 0.328374 0.031119 0.025566
22 0.335156 0.455365 0.031119 0.028080
22 0.458158 0.405281 0.023970 0.026823
22 0.490118 0.390402 0.028175 0.028080
22 0.468671 0.470243 0.019765 0.026823
22 0.426198 0.483864 0.025652 0.025566
22 0.748949 0.329631 0.026913 0.028080
22 0.714466 0.378877 0.022708 0.022632
22 0.634777 0.413873 0.019765 0.021375
22 0.784693 0.605197 0.018503 0.022632
22 0.681034 0.507125 0.023970 0.026823
22 0.654121 0.457041 0.021447 0.025566
22 0.736964 0.432733 0.019765 0.025566
22 0.834735 0.317477 0.022708 0.023889
22 0.930193 0.473177 0.022708 0.018441
22 0.716358 0.832146 0.023970 0.023889
22 0.932296 0.452012 0.018503 0.021375
22 0.628890 0.891031 0.028175 0.022632
22 0.544155 0.840109 0.022708 0.019698
22 0.444071 0.862741 0.018503 0.028080
22 0.416316 0.871961 0.016821 0.023889
22 0.316653 0.869447 0.016821 0.021375
22 0.392136 0.789187 0.019765 0.022632
22 0.308452 0.717100 0.019765 0.022632
22 0.193230 0.719405 0.019765 0.021375
22 0.099033 0.672464 0.023970 0.023889
22 0.180824 0.667016 0.022708 0.023889
22 0.212574 0.642079 0.021447 0.022632
22 0.246636 0.606035 0.021447 0.026823
22 0.140244 0.512573 0.021447 0.026823
22 0.117746 0.545264 0.018503 0.026823
22 0.409798 0.655490 0.021447 0.018441
22 0.384987 0.681894 0.019765 0.022632
22 0.117115 0.619237 0.012195 0.018022
22 0.127628 0.622171 0.010513 0.018860
22 0.409588 0.686505 0.008410 0.015088
22 0.419260 0.681685 0.015139 0.011316
22 0.758410 0.214166 0.019765 0.022632
22 0.758200 0.232607 0.015139 0.016764
22 0.807611 0.285624 0.012195 0.018860
22 0.892977 0.419321 0.010513 0.020536
22 0.868797 0.359179 0.022708 0.013412
22 0.868797 0.371542 0.016821 0.011316
22 0.925568 0.418064 0.015139 0.018022
22 0.913373 0.401928 0.016821 0.015926
22 0.725820 0.457251 0.015139 0.016764
22 0.889823 0.382649 0.010093 0.012573
22 0.899495 0.386840 0.013457 0.014250
22 0.712363 0.455365 0.014298 0.018022
22 0.692178 0.440696 0.015139 0.018860
22 0.662742 0.430637 0.011775 0.016345
22 0.653490 0.420159 0.013457 0.014669
22 0.778806 0.251886 0.015139 0.015088
22 0.786585 0.263202 0.013036 0.012573
22 0.798570 0.261106 0.011775 0.010897
22 0.799411 0.271584 0.013457 0.010059