22 0.684211 0.343820 0.023890 0.027923
22 0.610116 0.360201 0.027249 0.016009
22 0.625233 0.340097 0.016424 0.027923
22 0.607503 0.340469 0.019784 0.023455
22 0.590892 0.347171 0.019410 0.027178
22 0.475551 0.327066 0.016424 0.018987
22 0.570549 0.205882 0.024263 0.025316
22 0.559910 0.260424 0.023890 0.027923
22 0.537141 0.259308 0.024636 0.027923
22 0.470698 0.279970 0.026876 0.029039
22 0.453341 0.291139 0.025756 0.028295
22 0.437290 0.254095 0.006346 0.007818
22 0.452221 0.263031 0.019784 0.027923
22 0.433557 0.299888 0.023516 0.027923
22 0.402576 0.403946 0.025009 0.026806
22 0.641284 0.579300 0.020903 0.017126
22 0.506159 0.801005 0.023143 0.019732
22 0.482270 0.703835 0.014931 0.016754
22 0.474617 0.670514 0.021277 0.023083
22 0.229750 0.694713 0.021277 0.019360
22 0.227137 0.802867 0.034714 0.035369
22 0.202314 0.768429 0.025383 0.029784
22 0.546846 0.041698 0.017171 0.019360
22 0.561030 0.042442 0.017917 0.021593
22 0.550205 0.100894 0.019410 0.018615
22 0.565323 0.113738 0.016051 0.018987
22 0.594065 0.118764 0.016051 0.018615
22 0.674132 0.086746 0.015677 0.015637
22 0.672826 0.098846 0.016797 0.018243
22 0.685890 0.101266 0.016797 0.017870
22 0.683464 0.129933 0.017917 0.016381
22 0.648750 0.154877 0.017917 0.018615
22 0.674505 0.163999 0.017171 0.018987
22 0.604143 0.176098 0.012318 0.010424
22 0.607876 0.171817 0.009332 0.011541
22 0.616648 0.174981 0.014184 0.015637
22 0.562710 0.168466 0.021277 0.015264
22 0.571482 0.180752 0.013438 0.013775
22 0.534714 0.172375 0.014558 0.017126
22 0.484509 0.119136 0.016424 0.020104
22 0.443822 0.112993 0.020903 0.013775
22 0.418626 0.085629 0.020530 0.014892
22 0.462859 0.130305 0.016424 0.014147
22 0.477604 0.135331 0.013065 0.015264
22 0.487682 0.130491 0.010078 0.013031
22 0.497760 0.124907 0.013811 0.013775
22 0.453527 0.155063 0.016424 0.012286
22 0.379806 0.161206 0.021277 0.016381
22 0.455580 0.176471 0.017544 0.014147
22 0.494401 0.161020 0.016797 0.014520
22 0.510265 0.177587 0.017171 0.013403
22 0.503359 0.198250 0.014558 0.012286
22 0.535648 0.190618 0.018664 0.012658
22 0.465472 0.191363 0.014931 0.011169
22 0.475177 0.197133 0.014184 0.011541
22 0.481150 0.203835 0.016424 0.012286
22 0.458193 0.208116 0.016797 0.012658
22 0.436730 0.208861 0.017171 0.012658
22 0.377753 0.212956 0.020157 0.014147
22 0.417507 0.229337 0.015304 0.014147
22 0.427772 0.234922 0.016424 0.012658
22 0.472751 0.242926 0.008585 0.009308
22 0.478537 0.241065 0.009705 0.011541
22 0.500747 0.232874 0.013811 0.011541
22 0.507839 0.222636 0.011571 0.012658
22 0.522956 0.211281 0.015677 0.011541
22 0.530795 0.218913 0.011945 0.011914
22 0.527996 0.228779 0.011571 0.011541
22 0.512878 0.240506 0.014184 0.014147
22 0.504479 0.251117 0.012318 0.012286
22 0.553565 0.229337 0.015677 0.011914
22 0.572602 0.228407 0.014931 0.013031
22 0.591825 0.217982 0.015304 0.014520
22 0.619634 0.204393 0.016424 0.017126
22 0.608436 0.227476 0.015677 0.014147
22 0.636805 0.221333 0.014931 0.014520
22 0.649869 0.215376 0.017917 0.015264
22 0.671146 0.231013 0.020903 0.015264
22 0.642031 0.243671 0.011945 0.011541
22 0.652669 0.242740 0.012318 0.011169
22 0.641097 0.252978 0.014558 0.012286
22 0.601530 0.255026 0.016797 0.014892
22 0.579507 0.260983 0.014558 0.013403
22 0.504853 0.261169 0.009332 0.010797
22 0.444569 0.250186 0.011198 0.009680
22 0.346771 0.119322 0.017917 0.017498
22 0.345465 0.103872 0.016797 0.014892
22 0.355356 0.108153 0.014931 0.012286
22 0.363382 0.114669 0.018290 0.014892
22 0.769130 0.113179 0.023516 0.018615
22 0.744867 0.211653 0.016797 0.013775
22 0.760358 0.214259 0.011198 0.013775
22 0.769317 0.215190 0.013438 0.013403
22 0.768757 0.224125 0.015304 0.014147
22 0.780515 0.225987 0.015677 0.015637
22 0.729190 0.232130 0.016797 0.014520
22 0.735536 0.235294 0.011571 0.013403
22 0.716499 0.250931 0.017544 0.013403
22 0.861515 0.215376 0.017171 0.019732
22 0.877940 0.215562 0.015677 0.016381
22 0.886525 0.225056 0.016424 0.016009
22 0.860022 0.248511 0.021650 0.018243
22 0.804778 0.263031 0.017171 0.016754
22 0.684584 0.260983 0.017917 0.014147
22 0.653789 0.250186 0.015304 0.008191
22 0.663680 0.269173 0.016424 0.014892
22 0.635685 0.268057 0.014184 0.014892
22 0.622434 0.272710 0.017544 0.012286
22 0.605077 0.274386 0.017171 0.013403
22 0.609742 0.293559 0.011571 0.011541
22 0.603397 0.294304 0.010825 0.010052
22 0.598731 0.295235 0.010452 0.007446
22 0.589586 0.298399 0.007839 0.007818
22 0.591079 0.303984 0.010078 0.009308
22 0.598544 0.299516 0.010078 0.007074
22 0.600411 0.306217 0.012318 0.010052
22 0.620567 0.312733 0.016051 0.014147
22 0.681598 0.276992 0.016424 0.014147
22 0.689810 0.296910 0.018664 0.012286
22 0.743001 0.303053 0.016051 0.013403
22 0.759239 0.301191 0.017917 0.015637
22 0.777342 0.282018 0.014558 0.014520
22 0.774169 0.290208 0.013438 0.012286
22 0.789287 0.289836 0.015304 0.015264
22 0.801605 0.294490 0.017544 0.013403
22 0.881859 0.280343 0.019037 0.017870
22 0.709780 0.331534 0.017544 0.014520
22 0.703621 0.344564 0.013438 0.015264
22 0.715566 0.355175 0.016424 0.013403
22 0.714446 0.367275 0.020903 0.015264
22 0.819336 0.342703 0.018664 0.016009
22 0.838746 0.362063 0.017917 0.018243
22 0.865995 0.366344 0.013438 0.016381
22 0.874953 0.362249 0.012691 0.011914
22 0.884099 0.368206 0.017544 0.014147
22 0.903695 0.370067 0.015677 0.014892
22 0.918813 0.356292 0.015304 0.015637
22 0.889324 0.380491 0.014558 0.011914
22 0.898843 0.389241 0.017917 0.016009
22 0.873087 0.401713 0.016424 0.015637
22 0.638671 0.383656 0.022396 0.016009
22 0.613102 0.374907 0.019784 0.013403
22 0.595745 0.376396 0.014931 0.014892
22 0.586040 0.386076 0.018664 0.014147
22 0.931131 0.380119 0.015304 0.009680
22 0.943449 0.387937 0.013811 0.013403
22 0.924972 0.388124 0.017917 0.013031
22 0.930571 0.396687 0.013438 0.013775
22 0.915267 0.405249 0.014931 0.013775
22 0.886152 0.402643 0.014931 0.010052
22 0.886711 0.408042 0.013065 0.006701
22 0.889884 0.415488 0.016424 0.011914
22 0.878686 0.432614 0.017917 0.017870
22 0.897163 0.430938 0.013811 0.013031
22 0.931318 0.412323 0.011945 0.012286
22 0.922919 0.416232 0.012318 0.013403
22 0.900336 0.411765 0.011198 0.011914
22 0.905375 0.417535 0.011571 0.010052
22 0.954087 0.413626 0.010452 0.011914
22 0.945315 0.422189 0.013065 0.013403
22 0.959686 0.422934 0.014931 0.014147
22 0.974617 0.427029 0.011198 0.011169
22 0.941396 0.440804 0.014931 0.011169
22 0.941023 0.448436 0.011198 0.012286
22 0.951101 0.453090 0.013438 0.014147
22 0.973311 0.440432 0.016797 0.014892
22 0.973311 0.456255 0.012318 0.011541
22 0.974431 0.462211 0.010825 0.009308
22 0.976110 0.469099 0.011198 0.008935
22 0.952408 0.488273 0.016051 0.013031
22 0.974244 0.492740 0.012691 0.012286
22 0.854423 0.496091 0.018664 0.016009
22 0.844718 0.506888 0.019410 0.015264
22 0.787047 0.507074 0.018290 0.018615
22 0.812430 0.535555 0.015304 0.017498
22 0.821948 0.535741 0.012691 0.013403
22 0.818962 0.565153 0.015677 0.016381
22 0.894550 0.555845 0.019784 0.014892
22 0.928331 0.517126 0.014931 0.017126
22 0.953527 0.518429 0.014558 0.014520
22 0.944196 0.530156 0.016051 0.016381
22 0.974431 0.551750 0.015304 0.014892
22 0.950728 0.556590 0.017917 0.013403
22 0.918440 0.554356 0.013811 0.011914
22 0.914894 0.560685 0.010452 0.011169
22 0.913774 0.566456 0.011198 0.010797
22 0.924599 0.565153 0.008212 0.007446
22 0.921799 0.569806 0.009332 0.007818
22 0.916200 0.577625 0.012318 0.012286
22 0.929451 0.575391 0.010452 0.013775
22 0.940649 0.572040 0.012691 0.016754
22 0.922546 0.588421 0.014558 0.013031
22 0.878313 0.583023 0.018664 0.015637
22 0.665733 0.550633 0.019784 0.019360
22 0.685890 0.588608 0.020530 0.020104
22 0.769317 0.613924 0.020157 0.020104
22 0.806644 0.638310 0.020157 0.018243
22 0.877753 0.615599 0.017544 0.018243
22 0.921799 0.606664 0.015304 0.016754
22 0.955021 0.612621 0.018290 0.017498
22 0.915454 0.622301 0.016051 0.017498
22 0.879619 0.637937 0.017544 0.016754
22 0.907242 0.654505 0.017544 0.015637
22 0.943636 0.654133 0.023890 0.016381
22 0.869354 0.662509 0.015677 0.015264
22 0.831654 0.677215 0.016424 0.014147
22 0.857409 0.689129 0.017171 0.017126
22 0.842105 0.697506 0.017917 0.015264
22 0.793580 0.716865 0.019410 0.015264
22 0.839679 0.720402 0.019037 0.017126
22 0.811870 0.744788 0.023890 0.020477
22 0.784434 0.753537 0.016797 0.017870
22 0.763158 0.737528 0.017544 0.018615
22 0.702874 0.690618 0.020157 0.017126
22 0.669280 0.679449 0.020903 0.016381
22 0.632512 0.683172 0.015304 0.014147
22 0.659574 0.709233 0.015677 0.014892
22 0.641657 0.672934 0.011945 0.011541
22 0.648190 0.677774 0.011571 0.013775
22 0.686264 0.763775 0.016797 0.018243
22 0.706980 0.765637 0.017171 0.018987
22 0.752333 0.782204 0.017544 0.017126
22 0.763531 0.771966 0.014558 0.011541
22 0.764278 0.780529 0.014558 0.011541
22 0.634752 0.768243 0.015304 0.016009
22 0.842852 0.814036 0.020157 0.018243
22 0.771930 0.805659 0.014184 0.013403
22 0.777902 0.813291 0.015677 0.016009
22 0.766331 0.814780 0.012691 0.012286
22 0.730683 0.800261 0.015304 0.011541
22 0.734043 0.806590 0.014558 0.010052
22 0.736842 0.813291 0.014184 0.011541
22 0.741508 0.828183 0.016797 0.015264
22 0.695222 0.808265 0.015304 0.014147
22 0.677305 0.807707 0.015304 0.016009
22 0.656402 0.801005 0.013811 0.015264
22 0.662561 0.813105 0.014184 0.013403
22 0.653415 0.815525 0.012318 0.013775
22 0.642964 0.818503 0.010078 0.009308
22 0.636991 0.820923 0.011571 0.012658
22 0.624300 0.821109 0.010078 0.006329
22 0.625607 0.828183 0.011945 0.010052
22 0.660321 0.832278 0.014184 0.013775
22 0.670959 0.831720 0.013811 0.013403
22 0.691676 0.855920 0.013438 0.014892
22 0.701008 0.852941 0.014931 0.017126
22 0.688503 0.882167 0.018290 0.016754
22 0.642777 0.883656 0.021650 0.016754
22 0.593318 0.879561 0.017544 0.013031
22 0.598171 0.888682 0.015304 0.014147
22 0.612729 0.834885 0.009332 0.008563
22 0.615528 0.841400 0.014931 0.011169
22 0.606383 0.837305 0.011571 0.012658
22 0.599851 0.841400 0.010452 0.012658
22 0.590519 0.842144 0.011198 0.012658
22 0.579694 0.844937 0.014184 0.013031
22 0.570362 0.833768 0.013438 0.013775
22 0.562150 0.851452 0.015677 0.014892
22 0.563643 0.807148 0.010452 0.011914
22 0.569616 0.805101 0.010452 0.010797
22 0.583987 0.805101 0.011571 0.014520
22 0.608249 0.804356 0.013811 0.013031
22 0.623740 0.786672 0.015677 0.013403
22 0.602837 0.778295 0.013438 0.010797
22 0.604890 0.769918 0.015304 0.014147
22 0.590332 0.774013 0.012318 0.011914
22 0.583613 0.778667 0.012318 0.011541
22 0.508399 0.909903 0.017171 0.016381
22 0.522396 0.905622 0.016051 0.016754
22 0.539754 0.882353 0.012691 0.014147
22 0.548152 0.883656 0.012318 0.016009
22 0.533968 0.853872 0.013811 0.013031
22 0.542926 0.857967 0.012318 0.012286
22 0.540127 0.838235 0.012691 0.011541
22 0.550579 0.830045 0.011198 0.012286
22 0.525943 0.814408 0.014931 0.013775
22 0.526502 0.826136 0.011571 0.011914
22 0.527622 0.835071 0.011571 0.012658
22 0.520343 0.832651 0.008959 0.008563
22 0.491601 0.815525 0.012691 0.014520
22 0.501306 0.815897 0.011198 0.012286
22 0.507465 0.819620 0.010078 0.011541
22 0.514931 0.828369 0.011571 0.017126
22 0.497574 0.834885 0.011945 0.011541
22 0.497387 0.847357 0.010825 0.009680
22 0.504853 0.851266 0.010078 0.011541
22 0.497200 0.856478 0.014184 0.012286
22 0.483203 0.844937 0.013065 0.015264
22 0.473498 0.841400 0.013065 0.011914
22 0.469951 0.834698 0.011198 0.011914
22 0.463606 0.836188 0.011945 0.012658
22 0.459127 0.825019 0.017917 0.011914
22 0.457447 0.816456 0.015304 0.014892
22 0.460433 0.792815 0.013811 0.013775
22 0.442516 0.790395 0.013811 0.013403
22 0.432624 0.794490 0.016424 0.014147
22 0.407242 0.843820 0.018664 0.016009
22 0.276409 0.828183 0.018290 0.017498
22 0.300672 0.820551 0.019784 0.019360
22 0.274729 0.795048 0.018664 0.017498
22 0.337066 0.792628 0.017917 0.017870
22 0.358529 0.819620 0.016797 0.020477
22 0.377193 0.793931 0.018290 0.014520
22 0.383725 0.787230 0.014931 0.016009
22 0.380179 0.875652 0.022023 0.021593
22 0.319522 0.758004 0.022396 0.019360
22 0.435797 0.750186 0.022023 0.018615
22 0.512878 0.755585 0.014931 0.016009
22 0.525756 0.755212 0.013811 0.015264
22 0.515677 0.763775 0.011571 0.012286
22 0.179358 0.785182 0.019784 0.019360
22 0.194662 0.797655 0.018290 0.017498
22 0.163307 0.757632 0.022770 0.019360
22 0.172079 0.721147 0.015677 0.017126
22 0.213886 0.730640 0.015677 0.015264
22 0.263158 0.746463 0.012691 0.014892
22 0.267451 0.739203 0.011571 0.015264
22 0.233296 0.728407 0.014184 0.013031
22 0.198955 0.709605 0.014184 0.012658
22 0.204927 0.720030 0.011945 0.012658
22 0.217805 0.707372 0.013065 0.012658
22 0.217992 0.714445 0.008959 0.011169
22 0.226764 0.715376 0.007839 0.007074
22 0.231056 0.721147 0.008212 0.009680
22 0.238895 0.712956 0.014931 0.015637
22 0.230310 0.706627 0.011945 0.011169
22 0.148563 0.688012 0.017171 0.016381
22 0.180664 0.691363 0.014931 0.014892
22 0.193356 0.668838 0.012691 0.014520
22 0.125233 0.597543 0.022770 0.020104
22 0.137551 0.637193 0.019784 0.020477
22 0.145577 0.658414 0.016424 0.017498
22 0.166480 0.659717 0.013438 0.015637
22 0.164987 0.669583 0.012691 0.012286
22 0.176932 0.667349 0.012691 0.013775
22 0.178238 0.639799 0.013811 0.013031
22 0.186823 0.646500 0.012318 0.013031
22 0.221725 0.662323 0.014184 0.014147
22 0.211273 0.669211 0.013438 0.011541
22 0.218552 0.672934 0.010825 0.013031
22 0.214819 0.680752 0.013065 0.012286
22 0.249720 0.647059 0.022396 0.022338
22 0.278649 0.678146 0.019037 0.021221
22 0.346211 0.651713 0.015304 0.016754
22 0.333707 0.641102 0.017171 0.014147
22 0.352557 0.626396 0.016797 0.015264
22 0.338932 0.618764 0.013438 0.012658
22 0.339119 0.627699 0.013065 0.012658
22 0.322882 0.587118 0.016424 0.017126
22 0.418440 0.688943 0.022396 0.021221
22 0.581187 0.680752 0.018664 0.019732
22 0.599104 0.690618 0.018664 0.020849
22 0.597238 0.709233 0.016424 0.016381
22 0.598544 0.720774 0.014558 0.015637
22 0.618888 0.620067 0.014184 0.018243
22 0.635685 0.609084 0.015677 0.013403
22 0.630086 0.616902 0.011945 0.014147
22 0.639791 0.616902 0.012691 0.013403
22 0.399589 0.616530 0.019037 0.017126
22 0.391751 0.591586 0.017544 0.018615
22 0.507839 0.577252 0.017544 0.016754
22 0.522956 0.575391 0.018664 0.018987
22 0.455580 0.536858 0.017544 0.018615
22 0.386338 0.563291 0.019410 0.015637
22 0.364128 0.565711 0.012318 0.013775
22 0.374393 0.566642 0.010452 0.016381
22 0.351624 0.521407 0.019410 0.016754
22 0.331280 0.524013 0.016051 0.016009
22 0.332027 0.538161 0.017544 0.015264
22 0.309257 0.494602 0.020530 0.016754
22 0.368421 0.492368 0.017171 0.016009
22 0.372900 0.500745 0.014931 0.014147
22 0.390258 0.489389 0.016051 0.015264
22 0.427025 0.498325 0.012691 0.012286
22 0.433557 0.502048 0.010078 0.013031
22 0.441956 0.505585 0.012691 0.011914
22 0.446995 0.515823 0.017544 0.014520
22 0.142591 0.505026 0.019410 0.018243
22 0.160508 0.538719 0.020903 0.021593
22 0.230310 0.570551 0.022396 0.018243
22 0.223591 0.508191 0.017171 0.016381
22 0.252893 0.510238 0.016051 0.016754
22 0.267451 0.531087 0.018290 0.019732
22 0.251400 0.482502 0.019037 0.014147
22 0.185704 0.447319 0.019037 0.017498
22 0.203247 0.435592 0.023516 0.017870
22 0.206794 0.390916 0.021650 0.016381
22 0.224151 0.452345 0.018290 0.017870
22 0.253266 0.443410 0.017544 0.018615
22 0.268570 0.430007 0.019037 0.016381
22 0.277716 0.442293 0.017917 0.018615
22 0.291153 0.416977 0.018664 0.015637
22 0.265584 0.351452 0.018290 0.017126
22 0.317096 0.394825 0.019037 0.017498
22 0.336320 0.410089 0.018664 0.016009
22 0.389884 0.444527 0.020530 0.017126
22 0.391751 0.468727 0.016797 0.014892
22 0.436357 0.461281 0.016424 0.017870
22 0.433931 0.409531 0.015304 0.017870
22 0.379993 0.374907 0.017917 0.017126
22 0.385592 0.386262 0.014931 0.015264
22 0.417320 0.368950 0.017917 0.017126
22 0.434864 0.348660 0.016424 0.018243
22 0.209220 0.280156 0.019037 0.019732
22 0.226390 0.282204 0.019037 0.021593
22 0.292273 0.255398 0.016424 0.016381
22 0.304965 0.247580 0.018664 0.020104
22 0.320455 0.267870 0.016797 0.015264
22 0.312057 0.284810 0.013438 0.017870
22 0.323255 0.281832 0.015677 0.016381
22 0.282941 0.317014 0.018664 0.018987
22 0.334826 0.327066 0.017917 0.016754
22 0.376073 0.296724 0.016797 0.018615
22 0.369728 0.337118 0.018290 0.016009
22 0.405002 0.303053 0.016424 0.015637
22 0.419933 0.290953 0.013438 0.016754
22 0.421053 0.313477 0.015677 0.014147
22 0.506906 0.396873 0.015677 0.014892
22 0.541993 0.390730 0.014931 0.016754
22 0.516237 0.373232 0.014184 0.013031
22 0.514744 0.365041 0.011198 0.008563
22 0.511945 0.360759 0.011571 0.009680
22 0.501306 0.369695 0.012691 0.014147
22 0.493841 0.372673 0.011198 0.011169
22 0.493468 0.381050 0.012691 0.010797
22 0.486002 0.375652 0.011945 0.011914
22 0.468272 0.370067 0.013811 0.014147
22 0.480403 0.359643 0.013438 0.015637
22 0.462673 0.340469 0.014558 0.010797
22 0.466592 0.347915 0.015677 0.011541
22 0.491041 0.347357 0.011571 0.011169
22 0.497574 0.344192 0.009705 0.010052
22 0.508585 0.338794 0.013811 0.011914
22 0.485442 0.334885 0.009332 0.009308
22 0.490855 0.328183 0.011945 0.010052
22 0.494588 0.335257 0.012691 0.011541
22 0.509332 0.320923 0.014558 0.010424
22 0.524449 0.289278 0.014184 0.014147
22 0.527062 0.312733 0.013438 0.012658
22 0.529675 0.339538 0.011198 0.010424
22 0.526502 0.352569 0.011571 0.013403
22 0.536767 0.351266 0.011945 0.015264
22 0.544793 0.344564 0.010825 0.013031
22 0.555058 0.352569 0.015677 0.013403
22 0.558417 0.339724 0.012691 0.013031
22 0.566443 0.330975 0.009332 0.009680
22 0.569242 0.336374 0.008212 0.010797
22 0.577268 0.332278 0.012318 0.012286
22 0.552072 0.311616 0.010452 0.008935
22 0.558044 0.306404 0.011198 0.009680
22 0.560470 0.314966 0.009332 0.008191
22 0.566629 0.312919 0.008959 0.010052
22 0.569242 0.287789 0.011198 0.013403
22 0.563830 0.294304 0.013065 0.010797
22 0.567749 0.302308 0.011198 0.010424
22 0.583427 0.308265 0.007465 0.009680
22 0.575961 0.308079 0.009705 0.009308
22 0.247107 0.212211 0.026129 0.017870
22 0.291527 0.201787 0.023143 0.023083
22 0.298432 0.157483 0.023516 0.020104
22 0.330161 0.145756 0.019784 0.019732
22 0.312057 0.114296 0.019410 0.018615
22 0.636805 0.338049 0.014931 0.016381