22 0.264718 0.244561 0.023970 0.025523
22 0.546047 0.203556 0.029857 0.025523
22 0.771657 0.366946 0.022708 0.026778
22 0.898024 0.572803 0.025652 0.028452
22 0.885198 0.677406 0.022708 0.022594
22 0.095669 0.489958 0.015559 0.018410
22 0.322960 0.403138 0.018503 0.019665
22 0.340202 0.355021 0.018503 0.017155
22 0.403490 0.471548 0.017241 0.018410
22 0.414003 0.440586 0.021447 0.026778
22 0.440917 0.542469 0.021447 0.029707
22 0.459630 0.504184 0.018503 0.018410
22 0.267662 0.776360 0.021447 0.019665
22 0.273129 0.816736 0.021447 0.026778
22 0.531749 0.345397 0.018082 0.015481
22 0.549832 0.339958 0.013036 0.015481
22 0.560555 0.266946 0.019344 0.019247
22 0.564550 0.340586 0.018082 0.016736
22 0.574012 0.362762 0.015980 0.016736
22 0.591253 0.322594 0.013457 0.014226
22 0.630782 0.375523 0.015980 0.017992
22 0.615433 0.284519 0.018082 0.015900
22 0.626156 0.310669 0.011775 0.017992
22 0.616484 0.319665 0.009251 0.014226
22 0.556140 0.674895 0.013036 0.020084
22 0.558242 0.711925 0.014718 0.014644
22 0.782801 0.704603 0.018082 0.020084
22 0.579058 0.688075 0.013457 0.012134
22 0.580109 0.699791 0.010513 0.012134
22 0.409378 0.766527 0.020606 0.019247
22 0.412321 0.815481 0.014718 0.015900
22 0.533852 0.791423 0.017241 0.017992
22 0.643188 0.780544 0.017241 0.017155
22 0.731287 0.795397 0.019344 0.016736
22 0.720984 0.822803 0.017241 0.020502
22 0.650336 0.892887 0.025652 0.024268
22 0.455425 0.882636 0.016821 0.017992
22 0.408326 0.852929 0.015980 0.020502
22 0.341463 0.860460 0.010934 0.014644
22 0.330740 0.867364 0.012195 0.015900
22 0.355971 0.916527 0.015559 0.021339
22 0.467620 0.122594 0.015980 0.017573
22 0.484651 0.132636 0.014718 0.016736
22 0.510093 0.133054 0.012616 0.015063
22 0.596720 0.136611 0.014298 0.018828
22 0.712574 0.161506 0.015559 0.015900
22 0.765349 0.154812 0.015139 0.014226
22 0.775442 0.172803 0.018503 0.017573
22 0.731077 0.135774 0.015559 0.018828
22 0.715517 0.139331 0.014718 0.015063
22 0.694281 0.137238 0.010093 0.014226
22 0.684399 0.138285 0.011354 0.012134
22 0.660219 0.146653 0.011775 0.012134
22 0.651598 0.138703 0.012195 0.013808
22 0.554037 0.131590 0.013877 0.017155
22 0.540160 0.130126 0.009672 0.011715
22 0.531539 0.123849 0.012616 0.011715
22 0.525442 0.134937 0.009672 0.012971
22 0.303616 0.301255 0.031119 0.022594
22 0.283221 0.488494 0.021447 0.029707
22 0.359966 0.594979 0.026913 0.032636