23 0.505313 0.046552 0.038611 0.023801
23 0.446865 0.078054 0.037903 0.034302
23 0.389302 0.097655 0.036840 0.026601
23 0.329260 0.104305 0.035069 0.030802
23 0.248140 0.154708 0.047821 0.026601
23 0.252037 0.181134 0.049238 0.032552
23 0.161885 0.279664 0.036840 0.039202
23 0.130181 0.325516 0.035778 0.025901
23 0.168261 0.359993 0.039674 0.020651
23 0.253631 0.258838 0.034715 0.028351
23 0.286043 0.270039 0.020900 0.029751
23 0.304109 0.259363 0.025859 0.031502
23 0.307474 0.210886 0.026922 0.025551
23 0.317039 0.228211 0.024088 0.029401
23 0.350868 0.224886 0.032944 0.020651
23 0.356890 0.205810 0.028693 0.021701
23 0.355296 0.174309 0.024088 0.021001
23 0.418349 0.233462 0.039674 0.026601
23 0.464045 0.182534 0.042508 0.037452
23 0.518066 0.151033 0.023025 0.024851
23 0.579702 0.159258 0.030110 0.025901
23 0.599717 0.148582 0.026922 0.015751
23 0.598831 0.161183 0.020900 0.025551
23 0.661353 0.152433 0.034006 0.017851
23 0.666312 0.170809 0.029756 0.021701
23 0.693411 0.166083 0.032944 0.023451
23 0.753454 0.157858 0.044633 0.026601
23 0.587673 0.286664 0.041800 0.031502
23 0.614772 0.305565 0.023025 0.030802
23 0.628409 0.314316 0.026922 0.024501
23 0.526922 0.359468 0.030818 0.023801
23 0.400106 0.319216 0.025151 0.018901
23 0.412327 0.340042 0.021962 0.023451
23 0.397804 0.364893 0.021962 0.017151
23 0.356890 0.275464 0.023025 0.026601
23 0.374424 0.285964 0.036840 0.026601
23 0.293305 0.302590 0.019837 0.020651
23 0.278959 0.308540 0.023025 0.028351
23 0.286397 0.335667 0.025859 0.034302
23 0.302338 0.375569 0.035778 0.034302
23 0.319872 0.410571 0.031881 0.030802
23 0.304286 0.430522 0.024088 0.019601
23 0.178711 0.389219 0.032944 0.026601
23 0.199433 0.408120 0.046759 0.027301
23 0.151258 0.419846 0.024796 0.023451
23 0.105384 0.468323 0.043571 0.031502
23 0.165427 0.448547 0.034006 0.038152
23 0.188098 0.431047 0.027630 0.015051
23 0.191994 0.446097 0.016295 0.023451
23 0.226886 0.487399 0.020900 0.024851
23 0.238222 0.504375 0.035778 0.025901
23 0.219093 0.586629 0.040737 0.024501
23 0.307651 0.532552 0.035069 0.033252
23 0.318101 0.461148 0.031881 0.030452
23 0.351399 0.477074 0.027630 0.029401
23 0.362380 0.389044 0.031881 0.022751
23 0.384874 0.399545 0.030110 0.017851
23 0.394084 0.411446 0.030818 0.032552
23 0.485299 0.409695 0.029756 0.020651
23 0.460149 0.476724 0.036840 0.021001
23 0.403117 0.537802 0.036840 0.022751
23 0.453241 0.506825 0.032944 0.021001
23 0.451293 0.524851 0.040383 0.023451
23 0.503011 0.493700 0.029756 0.023451
23 0.527630 0.513476 0.035778 0.044102
23 0.534892 0.466048 0.026922 0.024851
23 0.633369 0.469898 0.052426 0.034652
23 0.607864 0.501925 0.026922 0.032202
23 0.600779 0.520826 0.044633 0.019601
23 0.724938 0.430172 0.038611 0.026601
23 0.727241 0.486874 0.034006 0.039202
23 0.736096 0.514701 0.034006 0.032552
23 0.694297 0.569128 0.032589 0.034302
23 0.708998 0.631257 0.030818 0.032552
23 0.646121 0.644032 0.029047 0.016801
23 0.666844 0.655583 0.025151 0.021001
23 0.603259 0.724011 0.031881 0.035352
23 0.591923 0.687609 0.026922 0.032552
23 0.644704 0.791565 0.034006 0.040252
23 0.594403 0.784039 0.016295 0.036402
23 0.562522 0.777739 0.021254 0.039202
23 0.530464 0.826741 0.043571 0.021001
23 0.504428 0.850543 0.026922 0.029401
23 0.460503 0.793140 0.031881 0.031502
23 0.433936 0.786839 0.021962 0.053903
23 0.412504 0.780539 0.035778 0.021701
23 0.915161 0.317116 0.033652 0.044102
23 0.804640 0.502450 0.032944 0.045152
23 0.809068 0.550578 0.041800 0.042002
23 0.776125 0.530277 0.036840 0.034302