23 0.471773 0.195250 0.024441 0.026546
23 0.548193 0.194377 0.020998 0.024799
23 0.543890 0.210094 0.022719 0.017813
23 0.514114 0.239434 0.024441 0.017813
23 0.274699 0.243800 0.017900 0.026546
23 0.552668 0.228956 0.016867 0.021306
23 0.292427 0.242578 0.012737 0.017813
23 0.570396 0.232448 0.015146 0.017813
23 0.548193 0.279078 0.020998 0.018163
23 0.713253 0.285889 0.021343 0.021306
23 0.609466 0.323961 0.020998 0.021306
23 0.719966 0.283269 0.024441 0.016067
23 0.222719 0.334963 0.019277 0.020258
23 0.731153 0.299860 0.019277 0.021306
23 0.440275 0.344569 0.015835 0.022005
23 0.760069 0.315229 0.026162 0.021306
23 0.735456 0.317848 0.024441 0.023053
23 0.674182 0.344569 0.017556 0.031785
23 0.795009 0.337583 0.020998 0.024799
23 0.682788 0.336011 0.027883 0.021656
23 0.209122 0.319769 0.016179 0.017813
23 0.172117 0.487775 0.020654 0.021306
23 0.181756 0.473454 0.019277 0.017813
23 0.287952 0.356794 0.024441 0.024799
23 0.605164 0.436954 0.026162 0.019560
23 0.603442 0.452497 0.026162 0.019909
23 0.586575 0.434335 0.029604 0.021306
23 0.427367 0.389452 0.031325 0.014670
23 0.429088 0.373908 0.027883 0.021306
23 0.511704 0.363605 0.026506 0.021656
23 0.513425 0.351554 0.023064 0.021306
23 0.482788 0.335138 0.023064 0.023402
23 0.454905 0.341076 0.012048 0.021306
23 0.468330 0.409361 0.024441 0.023053
23 0.459725 0.439574 0.027883 0.028292
23 0.542169 0.446560 0.029604 0.024799
23 0.578830 0.505938 0.031325 0.019909
23 0.686747 0.464548 0.026162 0.019560
23 0.636661 0.464548 0.024441 0.026546
23 0.653012 0.446560 0.022719 0.028292
23 0.095869 0.599546 0.020998 0.017115
23 0.164716 0.278030 0.029260 0.023053
23 0.276248 0.274712 0.027883 0.029689
23 0.360241 0.463151 0.016867 0.009780
23 0.370912 0.453196 0.017556 0.011526
23 0.300861 0.816626 0.022719 0.023053
23 0.202065 0.668180 0.029604 0.016067
23 0.174010 0.719001 0.027883 0.028292
23 0.281239 0.648446 0.024785 0.024799
23 0.221687 0.694027 0.024785 0.019560
23 0.236145 0.592386 0.029604 0.026546
23 0.321170 0.793399 0.026162 0.024799
23 0.261618 0.707125 0.022719 0.024799
23 0.259036 0.681278 0.024441 0.028292
23 0.201205 0.650541 0.024441 0.022005
23 0.463167 0.796891 0.024441 0.021306
23 0.846816 0.443940 0.026162 0.023053
23 0.287952 0.638840 0.024441 0.023053
23 0.424096 0.619106 0.030981 0.028292
23 0.273666 0.323088 0.026162 0.019560
23 0.250602 0.316975 0.024785 0.021306
23 0.189501 0.360286 0.027883 0.024799
23 0.864544 0.545582 0.027883 0.023053
23 0.789845 0.524974 0.024441 0.023053
23 0.899484 0.508732 0.026162 0.028292
23 0.842513 0.423158 0.027883 0.019909
23 0.780379 0.507684 0.022719 0.023402
23 0.856971 0.615613 0.023064 0.021306
23 0.816179 0.527593 0.026162 0.024799
23 0.890878 0.639714 0.026162 0.021306
23 0.852840 0.566539 0.027883 0.026546
23 0.479518 0.533706 0.033046 0.030038
23 0.263339 0.353301 0.026162 0.024799
23 0.396041 0.413727 0.026506 0.024799
23 0.328055 0.365176 0.022719 0.031785
23 0.396041 0.512749 0.023064 0.026546
23 0.169019 0.391198 0.014458 0.021656
23 0.339071 0.443067 0.024785 0.021306
23 0.279690 0.406741 0.027883 0.024799
23 0.407057 0.583654 0.027883 0.026546
23 0.231842 0.392071 0.027883 0.026895
23 0.121343 0.446560 0.031325 0.028292
23 0.094148 0.486029 0.031325 0.021306
23 0.237866 0.447433 0.022719 0.026546
23 0.078830 0.580161 0.021343 0.030038
23 0.212392 0.500000 0.026162 0.024799
23 0.287091 0.557806 0.026162 0.030038
23 0.304303 0.606881 0.029604 0.024799
23 0.107057 0.617883 0.019277 0.020258
23 0.111015 0.600943 0.017556 0.012225
23 0.200861 0.766329 0.014114 0.009780
23 0.207917 0.775061 0.006885 0.015368
23 0.220998 0.773315 0.015146 0.013273
23 0.228399 0.785889 0.010671 0.015368
23 0.243201 0.775760 0.012737 0.016067
23 0.259380 0.784317 0.016867 0.015718
23 0.240275 0.742752 0.013081 0.016416
23 0.255077 0.743975 0.012392 0.013971
23 0.250602 0.755327 0.008950 0.008732
23 0.257315 0.755327 0.010671 0.009431
23 0.268675 0.755327 0.012737 0.011526
23 0.269191 0.765630 0.008262 0.008383
23 0.263339 0.770695 0.008262 0.005938
23 0.256971 0.766504 0.011360 0.010129
23 0.273150 0.772965 0.012737 0.009780
23 0.283477 0.778205 0.017556 0.013971
23 0.294492 0.782745 0.012737 0.013971