23 0.407711 0.086207 0.038895 0.027654
23 0.641590 0.259645 0.029683 0.027654
23 0.575230 0.337146 0.023200 0.029703
23 0.512282 0.460908 0.036506 0.025265
23 0.823610 0.321270 0.025247 0.025265
23 0.889628 0.266132 0.034459 0.027654
23 0.893893 0.289348 0.017059 0.018095
23 0.917946 0.483271 0.034459 0.029703
23 0.912487 0.300102 0.018765 0.023216
23 0.930229 0.323489 0.027636 0.020826
23 0.892187 0.518095 0.040942 0.036531
23 0.305527 0.411403 0.045377 0.052578
23 0.174002 0.468590 0.038895 0.036531
23 0.322416 0.611642 0.052542 0.043360
23 0.460764 0.629566 0.027636 0.025265
23 0.219038 0.718334 0.030024 0.023216
23 0.286421 0.722772 0.025589 0.032093
23 0.637155 0.773472 0.034459 0.029703
23 0.529853 0.035678 0.015694 0.019461
23 0.642443 0.060601 0.030024 0.022192
23 0.773286 0.127518 0.023541 0.020826