23 0.484925 0.190692 0.030486 0.037298
23 0.625628 0.209845 0.027136 0.028562
23 0.311893 0.288810 0.035511 0.020497
23 0.350084 0.370968 0.025461 0.025538
23 0.714238 0.356687 0.025461 0.020497
23 0.712563 0.369288 0.022111 0.018817
23 0.723451 0.378360 0.020436 0.024194
23 0.740704 0.407426 0.028811 0.028562
23 0.625628 0.481351 0.030486 0.027218
23 0.418760 0.432460 0.033501 0.032258
23 0.574372 0.490591 0.023786 0.025538
23 0.590117 0.491263 0.019095 0.024194
23 0.639028 0.536962 0.023786 0.028898
23 0.898660 0.565188 0.027136 0.032258
23 0.733166 0.589214 0.027136 0.023858
23 0.567672 0.605007 0.037186 0.035282
23 0.487437 0.560148 0.032161 0.022177
23 0.455946 0.586694 0.032161 0.028898
23 0.672864 0.654066 0.019095 0.020497
23 0.746566 0.700437 0.027136 0.023858
23 0.683585 0.699597 0.030486 0.028898
23 0.629816 0.722782 0.025461 0.032258
23 0.275712 0.428259 0.028811 0.027218
23 0.263149 0.450605 0.030486 0.025538
23 0.246734 0.488911 0.027136 0.025538
23 0.250754 0.537802 0.031826 0.033938
23 0.196817 0.583333 0.030486 0.022177
23 0.171189 0.432460 0.025461 0.028898
23 0.061977 0.437332 0.025461 0.022513
23 0.066164 0.465558 0.030486 0.022513
23 0.081072 0.546875 0.024121 0.022513
23 0.760469 0.813340 0.032161 0.030578
23 0.561977 0.894657 0.035176 0.033938
23 0.523116 0.910618 0.027136 0.022177
23 0.429481 0.936324 0.025461 0.027218
23 0.462647 0.938844 0.032161 0.028898
23 0.493300 0.946069 0.017085 0.027218