1 0.188281 0.482031 0.117188 0.117188
5 0.437500 0.574219 0.040625 0.039062
4 0.496094 0.853125 0.173437 0.165625
3 0.383594 0.710156 0.326562 0.329688
3 0.255469 0.308594 0.207813 0.167187
3 0.450000 0.624219 0.078125 0.085938
1 0.299219 0.235937 0.079687 0.081250
2 0.700000 0.450000 0.100000 0.106250
4 0.213281 0.555469 0.173437 0.207813
2 0.618750 0.659375 0.028125 0.025000
0 0.512500 0.713281 0.050000 0.039062
1 0.750781 0.687500 0.207813 0.196875
3 0.475781 0.356250 0.135937 0.134375
2 0.565625 0.540625 0.018750 0.034375
2 0.653906 0.507031 0.026562 0.026562
0 0.717187 0.817969 0.062500 0.045312
1 0.610938 0.718750 0.040625 0.043750
1 0.128125 0.325000 0.034375 0.059375
5 0.817969 0.385156 0.039062 0.032813
2 0.767969 0.718750 0.039062 0.050000
5 0.189062 0.700781 0.028125 0.026562
2 0.151562 0.303906 0.015625 0.020313
0 0.416406 0.665625 0.042188 0.043750
2 0.158594 0.645312 0.042188 0.034375
4 0.512500 0.875781 0.040625 0.045312
4 0.557813 0.165625 0.090625 0.109375
1 0.791406 0.438281 0.110937 0.157812
5 0.345313 0.165625 0.046875 0.046875
2 0.575000 0.337500 0.034375 0.034375
3 0.800781 0.433594 0.189062 0.176563
0 0.621094 0.875781 0.048438 0.051562
4 0.289062 0.658594 0.071875 0.079687
5 0.246094 0.494531 0.032813 0.035937
3 0.393750 0.567187 0.084375 0.084375
2 0.581250 0.596094 0.018750 0.029687
0 0.527344 0.444531 0.042188 0.032813
5 0.411719 0.219531 0.026562 0.026562
2 0.650000 0.874219 0.028125 0.035937
3 0.157812 0.429688 0.078125 0.078125
4 0.177344 0.533594 0.039062 0.057813
3 0.106250 0.489063 0.075000 0.075000
2 0.276562 0.746875 0.053125 0.062500
1 0.482031 0.685937 0.226562 0.212500
0 0.639062 0.732031 0.100000 0.085938
4 0.742969 0.728125 0.054688 0.053125
4 0.575000 0.776563 0.046875 0.050000
0 0.557031 0.371094 0.126562 0.120313
0 0.144531 0.272656 0.029687 0.032813
2 0.858594 0.425781 0.023438 0.045312
5 0.393750 0.327344 0.050000 0.045312
3 0.218750 0.296094 0.096875 0.117188
0 0.450000 0.103125 0.090625 0.090625
4 0.608594 0.733594 0.023438 0.020313
4 0.441406 0.499219 0.020313 0.017188
0 0.362500 0.100781 0.053125 0.051562
3 0.484375 0.325781 0.359375 0.373437
5 0.266406 0.777344 0.035937 0.035937
5 0.667188 0.717187 0.043750 0.040625
4 0.339062 0.393750 0.096875 0.106250
3 0.295312 0.610938 0.218750 0.268750
5 0.205469 0.193750 0.026562 0.025000
1 0.168750 0.433594 0.053125 0.054688
2 0.512500 0.410938 0.050000 0.043750
1 0.089844 0.526563 0.070312 0.075000
1 0.268750 0.763281 0.037500 0.039062
4 0.462500 0.782031 0.046875 0.042188
1 0.900000 0.494531 0.093750 0.089063
2 0.169531 0.248438 0.020313 0.021875
3 0.316406 0.702344 0.092188 0.092188
5 0.220312 0.834375 0.021875 0.028125
4 0.292969 0.646875 0.139063 0.143750
5 0.220312 0.796094 0.050000 0.042188
0 0.403125 0.091406 0.050000 0.048438
1 0.582812 0.884375 0.078125 0.062500
1 0.728125 0.700000 0.084375 0.084375
3 0.525000 0.847656 0.121875 0.123438
4 0.395313 0.471875 0.050000 0.050000
0 0.421875 0.375000 0.112500 0.109375
1 0.599219 0.500000 0.092188 0.093750
2 0.451562 0.192188 0.031250 0.028125
2 0.851562 0.587500 0.028125 0.034375
1 0.509375 0.189062 0.128125 0.065625
3 0.542969 0.216406 0.079687 0.079687
5 0.844531 0.557031 0.064062 0.054688
1 0.715625 0.397656 0.081250 0.079687
1 0.405469 0.569531 0.101562 0.101562
2 0.441406 0.131250 0.042188 0.046875
2 0.276562 0.408594 0.021875 0.020313
2 0.751563 0.647656 0.075000 0.092188
1 0.332813 0.660937 0.071875 0.093750
0 0.670312 0.458594 0.065625 0.070312
2 0.242969 0.663281 0.054688 0.054688
0 0.409375 0.594531 0.065625 0.057813
2 0.181250 0.338281 0.021875 0.020313
0 0.478125 0.434375 0.125000 0.115625
5 0.803125 0.504687 0.050000 0.050000
5 0.799219 0.435937 0.060937 0.071875
3 0.542188 0.570312 0.081250 0.081250
3 0.590625 0.679688 0.096875 0.096875
4 0.801562 0.380469 0.025000 0.020313
2 0.272656 0.510938 0.067187 0.050000
0 0.261719 0.320312 0.051562 0.050000
5 0.703125 0.286719 0.037500 0.039062
0 0.614062 0.283594 0.050000 0.048438
2 0.535937 0.224219 0.053125 0.042188
2 0.747656 0.551562 0.067187 0.090625
0 0.513281 0.407813 0.076563 0.068750
3 0.647656 0.331250 0.223438 0.168750
4 0.536719 0.710938 0.026562 0.034375
3 0.437500 0.517188 0.362500 0.246875
1 0.392969 0.239063 0.064062 0.078125
5 0.246875 0.449219 0.050000 0.064062
2 0.271875 0.326562 0.112500 0.146875
1 0.417187 0.898438 0.068750 0.078125
1 0.262500 0.324219 0.084375 0.076563
1 0.685156 0.673438 0.064062 0.081250
1 0.515625 0.163281 0.031250 0.035937
2 0.432031 0.568750 0.029687 0.031250
2 0.646094 0.832812 0.064062 0.059375
4 0.459375 0.637500 0.025000 0.028125
0 0.328125 0.157812 0.062500 0.062500
5 0.369531 0.714063 0.032813 0.040625
1 0.182812 0.614844 0.143750 0.095312