1 0.336719 0.260937 0.048438 0.046875
2 0.225781 0.616406 0.060937 0.073438
3 0.514062 0.324219 0.275000 0.307812
3 0.598437 0.152344 0.159375 0.160938
1 0.654687 0.456250 0.065625 0.056250
1 0.312500 0.518750 0.059375 0.071875
0 0.560937 0.802344 0.143750 0.148438
1 0.403906 0.648438 0.170313 0.159375
5 0.660937 0.219531 0.050000 0.054688
2 0.185938 0.228125 0.025000 0.025000
2 0.198437 0.246875 0.050000 0.056250
5 0.299219 0.605469 0.039062 0.039062
4 0.443750 0.410156 0.037500 0.039062
0 0.632031 0.261719 0.085938 0.070312
2 0.834375 0.745313 0.037500 0.031250
2 0.913281 0.535156 0.060937 0.051562
3 0.398438 0.322656 0.221875 0.185938
3 0.378125 0.214844 0.096875 0.095312
3 0.241406 0.789844 0.101562 0.101562
2 0.730469 0.457813 0.023438 0.025000
3 0.447656 0.464844 0.223438 0.167187
3 0.289062 0.271875 0.234375 0.234375
2 0.779687 0.332813 0.065625 0.128125
0 0.723437 0.644531 0.096875 0.085938
3 0.426563 0.818750 0.159375 0.125000
3 0.517969 0.822656 0.101562 0.135937
1 0.746875 0.680469 0.078125 0.129688
2 0.432812 0.653125 0.034375 0.028125
0 0.653125 0.652344 0.021875 0.020313
0 0.610938 0.245312 0.034375 0.021875
1 0.300000 0.560937 0.106250 0.078125
1 0.594531 0.374219 0.107813 0.076563
3 0.239844 0.405469 0.229687 0.279687
1 0.696094 0.764844 0.185938 0.157812
3 0.805469 0.366406 0.148438 0.148438
0 0.385937 0.717187 0.046875 0.059375
0 0.404687 0.700781 0.078125 0.073438
0 0.664062 0.332813 0.062500 0.062500
3 0.699219 0.470313 0.126562 0.112500
3 0.314844 0.339062 0.107813 0.121875
2 0.441406 0.197656 0.070312 0.057813
5 0.878906 0.675000 0.039062 0.040625
5 0.125000 0.528125 0.046875 0.046875
1 0.477344 0.527344 0.057813 0.054688
1 0.578125 0.755469 0.081250 0.073438
4 0.504687 0.228125 0.025000 0.021875
2 0.536719 0.298438 0.042188 0.040625
2 0.702344 0.162500 0.089063 0.065625
3 0.453906 0.677344 0.279687 0.245312
1 0.405469 0.761719 0.070312 0.064062
5 0.529687 0.223438 0.053125 0.043750
5 0.551562 0.655469 0.053125 0.051562
5 0.165625 0.675000 0.028125 0.028125
5 0.688281 0.342969 0.029687 0.026562
4 0.753125 0.814063 0.075000 0.087500
0 0.835156 0.301563 0.064062 0.065625
4 0.631250 0.476562 0.040625 0.050000
5 0.757812 0.812500 0.040625 0.050000
0 0.733594 0.768750 0.048438 0.050000
4 0.097656 0.453906 0.054688 0.067187
4 0.259375 0.578125 0.103125 0.103125
0 0.696875 0.499219 0.068750 0.070312
5 0.540625 0.598437 0.046875 0.056250
4 0.603906 0.310156 0.070312 0.073438
0 0.574219 0.124219 0.042188 0.029687
5 0.590625 0.116406 0.053125 0.042188
5 0.145313 0.503125 0.021875 0.021875
1 0.739844 0.798438 0.076563 0.071875
3 0.574219 0.495312 0.079687 0.065625
4 0.400000 0.143750 0.015625 0.018750
4 0.479687 0.821094 0.050000 0.042188
4 0.382031 0.456250 0.051562 0.053125
4 0.789062 0.732031 0.028125 0.023438
4 0.185938 0.264844 0.034375 0.026562
2 0.578906 0.458594 0.042188 0.067187
3 0.794531 0.647656 0.073438 0.073438
0 0.185938 0.294531 0.053125 0.054688
4 0.121875 0.583594 0.025000 0.023438
4 0.768750 0.384375 0.053125 0.037500
5 0.253125 0.324219 0.087500 0.064062
1 0.539844 0.593750 0.060937 0.046875
0 0.282031 0.788281 0.035937 0.029687
3 0.563281 0.597656 0.426563 0.417187
5 0.843750 0.426563 0.031250 0.031250
4 0.248438 0.610156 0.062500 0.082812
0 0.457031 0.483594 0.023438 0.029687
2 0.385156 0.721094 0.073438 0.067187
0 0.549219 0.773438 0.042188 0.037500
1 0.487500 0.380469 0.103125 0.114062
0 0.621094 0.652344 0.057813 0.060937
3 0.487500 0.635156 0.231250 0.210938
3 0.537500 0.554688 0.140625 0.231250
4 0.910937 0.436719 0.025000 0.023438
2 0.212500 0.367969 0.009375 0.017188
0 0.850000 0.324219 0.046875 0.051562
3 0.367969 0.710156 0.292187 0.342187
4 0.261719 0.490625 0.095312 0.075000
5 0.752344 0.340625 0.045312 0.040625
4 0.495312 0.388281 0.084375 0.082812
2 0.439844 0.296094 0.045312 0.051562
4 0.339062 0.396875 0.050000 0.053125
4 0.632031 0.335156 0.235937 0.239063
1 0.646875 0.725000 0.050000 0.059375
2 0.445312 0.821094 0.096875 0.104688
2 0.762500 0.244531 0.025000 0.026562
2 0.656250 0.267188 0.031250 0.037500
4 0.295312 0.810156 0.018750 0.014063
2 0.529687 0.889062 0.015625 0.018750
0 0.709375 0.501563 0.034375 0.034375
3 0.294531 0.730469 0.045312 0.045312
1 0.764844 0.801562 0.076563 0.084375
1 0.138281 0.332813 0.076563 0.075000
4 0.739062 0.387500 0.156250 0.143750
1 0.379688 0.234375 0.075000 0.075000
5 0.415625 0.382812 0.031250 0.031250
0 0.446094 0.462500 0.070312 0.059375
1 0.583594 0.671875 0.129688 0.103125
4 0.121875 0.527344 0.034375 0.048438
0 0.849219 0.325000 0.032813 0.028125
0 0.364063 0.841406 0.031250 0.029687
5 0.282813 0.345313 0.090625 0.090625
0 0.531250 0.915625 0.046875 0.043750
2 0.367188 0.784375 0.168750 0.165625
2 0.671094 0.323437 0.032813 0.037500
5 0.316406 0.593750 0.045312 0.050000
0 0.710156 0.637500 0.054688 0.056250
5 0.867969 0.491406 0.029687 0.057813
2 0.864844 0.367188 0.079687 0.081250
2 0.250781 0.756250 0.035937 0.034375
1 0.853125 0.348438 0.125000 0.115625
2 0.730469 0.747656 0.014063 0.023438
2 0.625781 0.567187 0.042188 0.037500
0 0.242969 0.592969 0.070312 0.089063
4 0.477344 0.510938 0.032813 0.028125
3 0.539844 0.328125 0.067187 0.090625
5 0.167969 0.618750 0.051562 0.056250