5 0.248438 0.274219 0.056250 0.048438
4 0.775000 0.410156 0.040625 0.035937
4 0.722656 0.742969 0.035937 0.045312
4 0.447656 0.904687 0.039062 0.050000
3 0.335938 0.496094 0.262500 0.260937
4 0.619531 0.446875 0.067187 0.103125
4 0.808594 0.803125 0.017188 0.025000
1 0.589063 0.317969 0.125000 0.079687
1 0.549219 0.900000 0.064062 0.075000
1 0.765625 0.589063 0.115625 0.125000
0 0.448437 0.607031 0.065625 0.057813
5 0.642969 0.135937 0.032813 0.031250
3 0.872656 0.458594 0.114062 0.114062
1 0.202344 0.453125 0.051562 0.043750
5 0.717969 0.196094 0.054688 0.057813
0 0.576562 0.103125 0.081250 0.087500
1 0.426563 0.474219 0.125000 0.120313
0 0.663281 0.872656 0.032813 0.032813
4 0.576562 0.725781 0.018750 0.020313
0 0.295312 0.741406 0.050000 0.048438
5 0.633594 0.685156 0.045312 0.045312
2 0.453906 0.722656 0.057813 0.051562
4 0.239063 0.220312 0.062500 0.056250
2 0.898438 0.482812 0.034375 0.031250
2 0.530469 0.835938 0.060937 0.059375
5 0.314844 0.816406 0.060937 0.051562
2 0.707812 0.426563 0.034375 0.037500
2 0.203125 0.407813 0.021875 0.021875
5 0.775000 0.384375 0.062500 0.062500
2 0.662500 0.300000 0.025000 0.037500
5 0.577344 0.502344 0.045312 0.057813
0 0.436719 0.434375 0.073438 0.068750
2 0.543750 0.895312 0.075000 0.075000
4 0.436719 0.284375 0.020313 0.018750
3 0.728125 0.718750 0.115625 0.115625
4 0.382812 0.576562 0.081250 0.071875
4 0.421875 0.743750 0.040625 0.043750
0 0.820312 0.403125 0.028125 0.037500
0 0.671875 0.369531 0.056250 0.051562
3 0.537500 0.801562 0.200000 0.165625
3 0.534375 0.396875 0.075000 0.075000
5 0.408594 0.126562 0.048438 0.053125
4 0.451562 0.641406 0.031250 0.032813
3 0.278906 0.440625 0.126562 0.081250
1 0.560937 0.119531 0.059375 0.057813
1 0.135937 0.378125 0.125000 0.125000
1 0.378906 0.746094 0.104688 0.129688
3 0.635156 0.692969 0.289062 0.242188
5 0.210156 0.291406 0.045312 0.045312
2 0.406250 0.394531 0.090625 0.070312
3 0.746094 0.352344 0.167187 0.167187
5 0.913281 0.479687 0.045312 0.050000
5 0.824219 0.735938 0.026562 0.031250
0 0.608594 0.541406 0.039062 0.035937
3 0.621875 0.593750 0.100000 0.100000
4 0.405469 0.312500 0.042188 0.031250
1 0.429688 0.460156 0.040625 0.048438
5 0.303125 0.203906 0.034375 0.026562
4 0.786719 0.594531 0.026562 0.020313
5 0.341406 0.425781 0.042188 0.057813
4 0.553125 0.137500 0.034375 0.037500
3 0.525000 0.335938 0.481250 0.337500
3 0.676562 0.285938 0.125000 0.121875
1 0.628125 0.389062 0.131250 0.109375
3 0.803125 0.732031 0.093750 0.095312
5 0.577344 0.694531 0.032813 0.029687
0 0.585156 0.170313 0.107813 0.093750
1 0.693750 0.235156 0.075000 0.070312
5 0.531250 0.795312 0.028125 0.031250
2 0.653125 0.555469 0.078125 0.079687
1 0.787500 0.411719 0.131250 0.107813
3 0.475781 0.314844 0.092188 0.092188
2 0.485938 0.850000 0.046875 0.034375
2 0.450000 0.492969 0.037500 0.029687
2 0.155469 0.484375 0.067187 0.050000
2 0.403125 0.453125 0.025000 0.034375
5 0.767188 0.267188 0.015625 0.025000
4 0.682813 0.350781 0.059375 0.060937
5 0.446094 0.460156 0.035937 0.032813
1 0.564844 0.740625 0.067187 0.078125
1 0.400000 0.383594 0.053125 0.057813
1 0.725781 0.417969 0.095312 0.101562
4 0.297656 0.171094 0.026562 0.029687
3 0.326562 0.580469 0.221875 0.217188
5 0.658594 0.457031 0.032813 0.039062
2 0.774219 0.698438 0.089063 0.084375
5 0.811719 0.493750 0.042188 0.040625
0 0.462500 0.330469 0.100000 0.089063
3 0.414844 0.586719 0.129688 0.104688
0 0.401562 0.582812 0.050000 0.050000
4 0.314063 0.412500 0.253125 0.231250
4 0.675781 0.639062 0.042188 0.046875
4 0.678125 0.196094 0.040625 0.039062
0 0.724219 0.527344 0.079687 0.076563
3 0.817187 0.421875 0.178125 0.196875
4 0.699219 0.710156 0.107813 0.098437
3 0.575000 0.300000 0.340625 0.340625
3 0.220312 0.675781 0.162500 0.207813
5 0.335156 0.587500 0.051562 0.056250
4 0.549219 0.543750 0.023438 0.034375
1 0.671875 0.305469 0.128125 0.126562
0 0.789844 0.567187 0.035937 0.028125
2 0.703125 0.675000 0.037500 0.043750
2 0.275781 0.307812 0.039062 0.056250
5 0.581250 0.796875 0.018750 0.018750
2 0.781250 0.363281 0.018750 0.023438
5 0.289062 0.310156 0.028125 0.042188
2 0.095312 0.469531 0.050000 0.060937
4 0.146875 0.380469 0.140625 0.139063
5 0.870313 0.500781 0.043750 0.048438
2 0.435156 0.452344 0.064062 0.051562
3 0.539844 0.896094 0.060937 0.060937
5 0.190625 0.352344 0.053125 0.060937
0 0.292969 0.414844 0.039062 0.039062
5 0.227344 0.314063 0.042188 0.065625
2 0.795312 0.602344 0.059375 0.057813
3 0.528906 0.780469 0.120313 0.120313
4 0.407031 0.139063 0.032813 0.031250
4 0.175781 0.362500 0.023438 0.037500
0 0.193750 0.542188 0.021875 0.015625
0 0.548438 0.482031 0.053125 0.045312
4 0.803125 0.481250 0.109375 0.118750
3 0.527344 0.536719 0.098437 0.098437
0 0.792188 0.420312 0.115625 0.106250
2 0.320312 0.436719 0.031250 0.029687
3 0.453125 0.884375 0.068750 0.068750
0 0.615625 0.478906 0.071875 0.067187
3 0.447656 0.563281 0.410938 0.432812
5 0.111719 0.638281 0.042188 0.042188
5 0.495312 0.378125 0.021875 0.021875
2 0.401562 0.613281 0.028125 0.032813
3 0.507031 0.196875 0.220312 0.165625
2 0.189062 0.521875 0.168750 0.193750
1 0.611719 0.473438 0.079687 0.075000
4 0.207813 0.609375 0.062500 0.059375
4 0.343750 0.503906 0.031250 0.032813
2 0.320312 0.301563 0.031250 0.031250
5 0.814844 0.346094 0.032813 0.032813