4 0.491406 0.353125 0.057813 0.062500
1 0.529687 0.563281 0.118750 0.107813
4 0.848437 0.306250 0.053125 0.046875
1 0.542188 0.869531 0.056250 0.051562
1 0.228125 0.721875 0.090625 0.075000
3 0.434375 0.245312 0.103125 0.103125
2 0.323437 0.113281 0.025000 0.026562
3 0.286719 0.298438 0.289062 0.215625
3 0.832812 0.714063 0.059375 0.059375
2 0.425781 0.392969 0.039062 0.073438
0 0.328906 0.481250 0.032813 0.037500
4 0.189062 0.392188 0.040625 0.046875
3 0.598437 0.210938 0.071875 0.071875
4 0.650781 0.275781 0.026562 0.026562
3 0.742969 0.289844 0.107813 0.107813
2 0.257031 0.493750 0.067187 0.081250
0 0.699219 0.224219 0.070312 0.067187
5 0.814063 0.305469 0.046875 0.048438
2 0.832812 0.646875 0.025000 0.015625
4 0.485156 0.197656 0.067187 0.070312
5 0.633594 0.472656 0.039062 0.045312
1 0.528906 0.523438 0.076563 0.084375
1 0.495312 0.667188 0.093750 0.075000
5 0.528125 0.810937 0.078125 0.078125
1 0.298438 0.282813 0.034375 0.034375
4 0.935156 0.480469 0.020313 0.023438
4 0.304688 0.773438 0.018750 0.028125
4 0.547656 0.434375 0.029687 0.028125
3 0.353125 0.540625 0.046875 0.046875
3 0.196875 0.778125 0.075000 0.075000
5 0.887500 0.517188 0.037500 0.043750
0 0.353906 0.765625 0.085938 0.096875
0 0.161719 0.625781 0.051562 0.060937
0 0.389844 0.749219 0.107813 0.107813
1 0.338281 0.879687 0.035937 0.037500
4 0.801562 0.427344 0.159375 0.154688
3 0.461719 0.371875 0.373437 0.393750
4 0.207813 0.621875 0.221875 0.221875
2 0.385156 0.344531 0.029687 0.026562
4 0.414062 0.425000 0.121875 0.121875
4 0.215625 0.730469 0.134375 0.160938
5 0.532031 0.343750 0.039062 0.037500
0 0.110156 0.400781 0.057813 0.060937
2 0.399219 0.159375 0.045312 0.043750
0 0.471094 0.500781 0.045312 0.039062
5 0.383594 0.645312 0.057813 0.050000
2 0.592187 0.362500 0.040625 0.040625
0 0.182812 0.282813 0.125000 0.090625
2 0.200000 0.684375 0.031250 0.025000
3 0.639062 0.249219 0.300000 0.307812
0 0.821094 0.407813 0.042188 0.046875
1 0.217969 0.662500 0.117188 0.103125
2 0.247656 0.257031 0.082812 0.073438
4 0.464844 0.294531 0.057813 0.045312
2 0.640625 0.741406 0.259375 0.220312
1 0.655469 0.191406 0.064062 0.064062
0 0.485156 0.742188 0.048438 0.040625
5 0.495312 0.079687 0.034375 0.040625
4 0.297656 0.724219 0.020313 0.023438
1 0.401562 0.228125 0.031250 0.056250
3 0.364844 0.813281 0.139063 0.139063
5 0.353906 0.422656 0.032813 0.026562
2 0.786719 0.403906 0.032813 0.029687
2 0.428125 0.680469 0.050000 0.051562
4 0.461719 0.658594 0.079687 0.073438
2 0.311719 0.430469 0.048438 0.048438
5 0.246875 0.782813 0.021875 0.021875
4 0.209375 0.801562 0.056250 0.056250
5 0.085156 0.545312 0.029687 0.031250
0 0.197656 0.646875 0.045312 0.043750
0 0.421875 0.257812 0.193750 0.193750
4 0.802344 0.685937 0.064062 0.078125
4 0.508594 0.221094 0.079687 0.076563
4 0.435156 0.760938 0.064062 0.056250
5 0.882031 0.610156 0.035937 0.045312
2 0.835938 0.703906 0.040625 0.039062
1 0.566406 0.806250 0.123438 0.140625
0 0.355469 0.799219 0.064062 0.070312
1 0.585156 0.283594 0.045312 0.035937
0 0.669531 0.364844 0.051562 0.054688
1 0.394531 0.473438 0.129688 0.134375
3 0.869531 0.446094 0.085938 0.079687
3 0.654687 0.515625 0.075000 0.075000
3 0.766406 0.442969 0.142187 0.142187
3 0.161719 0.439844 0.135937 0.117188
4 0.246875 0.641406 0.081250 0.101562
3 0.306250 0.596875 0.240625 0.181250
3 0.718750 0.325781 0.315625 0.260937
1 0.340625 0.271875 0.062500 0.056250
1 0.467969 0.266406 0.145313 0.139063
1 0.317969 0.611719 0.026562 0.026562
2 0.284375 0.264062 0.046875 0.053125
1 0.764844 0.381250 0.101562 0.137500
2 0.676562 0.149219 0.031250 0.029687
5 0.323437 0.867188 0.071875 0.056250
2 0.473438 0.687500 0.165625 0.137500
4 0.820312 0.558594 0.015625 0.023438
4 0.615625 0.333594 0.028125 0.023438
0 0.370312 0.382812 0.021875 0.018750
1 0.697656 0.578906 0.139063 0.139063
0 0.447656 0.432031 0.114062 0.126562
4 0.207813 0.282813 0.015625 0.018750
3 0.771094 0.430469 0.095312 0.095312
2 0.335938 0.378125 0.050000 0.050000
3 0.754687 0.690625 0.246875 0.253125
4 0.850000 0.289062 0.018750 0.021875
1 0.374219 0.839844 0.057813 0.067187
5 0.528906 0.173437 0.026562 0.025000
0 0.521875 0.785937 0.103125 0.100000
5 0.826562 0.556250 0.025000 0.025000
2 0.805469 0.545312 0.054688 0.050000
1 0.598437 0.413281 0.118750 0.101562
1 0.438281 0.605469 0.060937 0.076563
5 0.814063 0.380469 0.050000 0.054688
1 0.178125 0.622656 0.075000 0.089063
4 0.168750 0.379688 0.037500 0.034375
5 0.696875 0.145313 0.037500 0.037500
4 0.866406 0.479687 0.095312 0.081250
4 0.604688 0.321094 0.037500 0.026562
3 0.643750 0.642188 0.118750 0.118750
1 0.339062 0.716406 0.156250 0.151562
3 0.861719 0.406250 0.151562 0.121875
1 0.578125 0.657813 0.034375 0.037500
3 0.850781 0.358594 0.079687 0.079687
2 0.173437 0.563281 0.043750 0.035937
4 0.364063 0.165625 0.087500 0.087500
5 0.373437 0.474219 0.034375 0.035937
4 0.858594 0.594531 0.064062 0.060937
3 0.558594 0.359375 0.264062 0.218750
4 0.618750 0.324219 0.046875 0.048438
0 0.413281 0.127344 0.067187 0.067187
5 0.856250 0.493750 0.040625 0.050000
0 0.549219 0.400781 0.079687 0.076563
5 0.168750 0.707031 0.021875 0.035937
4 0.796875 0.579688 0.037500 0.053125
3 0.172656 0.307812 0.117188 0.062500