0 0.500000 0.756250 0.090625 0.081250
5 0.284375 0.322656 0.034375 0.035937
0 0.374219 0.501563 0.023438 0.018750
0 0.413281 0.375000 0.020313 0.018750
3 0.371094 0.573438 0.348438 0.346875
0 0.565625 0.783594 0.040625 0.039062
2 0.507031 0.107813 0.079687 0.071875
0 0.535156 0.272656 0.035937 0.039062
5 0.522656 0.424219 0.039062 0.042188
4 0.250000 0.387500 0.021875 0.025000
0 0.488281 0.532031 0.132812 0.132812
5 0.828125 0.671875 0.056250 0.053125
4 0.158594 0.503125 0.092188 0.084375
0 0.346094 0.218750 0.142187 0.143750
0 0.717969 0.658594 0.057813 0.064062
3 0.472656 0.391406 0.154688 0.151562
5 0.912500 0.522656 0.040625 0.048438
5 0.872656 0.675781 0.051562 0.042188
1 0.444531 0.559375 0.107813 0.096875
5 0.714063 0.464062 0.037500 0.037500
2 0.398438 0.446875 0.046875 0.053125
5 0.367969 0.477344 0.029687 0.023438
5 0.515625 0.639062 0.040625 0.037500
3 0.448437 0.521875 0.125000 0.162500
1 0.621094 0.635938 0.042188 0.090625
2 0.370312 0.174219 0.053125 0.042188
4 0.625781 0.155469 0.017188 0.014063
0 0.376563 0.639062 0.040625 0.034375
3 0.232813 0.667188 0.059375 0.078125
1 0.453125 0.832031 0.100000 0.092188
3 0.483594 0.789844 0.245312 0.260937
0 0.257812 0.523438 0.078125 0.084375
2 0.643750 0.621094 0.062500 0.070312
4 0.541406 0.182812 0.020313 0.018750
0 0.153125 0.717969 0.071875 0.079687
0 0.116406 0.510156 0.064062 0.060937
0 0.589063 0.665625 0.050000 0.053125
2 0.570312 0.434375 0.028125 0.043750
0 0.671875 0.354687 0.115625 0.128125
5 0.351562 0.261719 0.031250 0.026562
4 0.372656 0.168750 0.079687 0.078125
2 0.638281 0.525000 0.067187 0.062500
4 0.600781 0.131250 0.039062 0.025000
0 0.532031 0.815625 0.042188 0.037500
1 0.614844 0.216406 0.085938 0.085938
3 0.581250 0.554688 0.243750 0.190625
2 0.583594 0.819531 0.035937 0.035937
2 0.825781 0.539844 0.082812 0.089063
4 0.412500 0.706250 0.075000 0.078125
0 0.441406 0.307812 0.132812 0.106250
4 0.576562 0.466406 0.100000 0.070312
4 0.509375 0.709375 0.015625 0.018750
2 0.477344 0.419531 0.020313 0.020313
5 0.508594 0.421094 0.054688 0.054688
3 0.492188 0.662500 0.143750 0.143750
4 0.246875 0.396875 0.121875 0.115625
5 0.761719 0.783594 0.026562 0.023438
4 0.789844 0.695312 0.026562 0.021875