1 0.782813 0.470313 0.143750 0.131250
2 0.820312 0.445312 0.028125 0.028125
5 0.307812 0.639844 0.050000 0.054688
5 0.675781 0.663281 0.035937 0.032813
3 0.582031 0.564063 0.264062 0.393750
1 0.507031 0.591406 0.123438 0.104688
4 0.675000 0.852344 0.087500 0.107813
3 0.486719 0.665625 0.135937 0.225000
5 0.412500 0.525000 0.050000 0.043750
3 0.512500 0.542188 0.356250 0.512500
2 0.245312 0.377344 0.053125 0.048438
1 0.439063 0.178125 0.084375 0.075000
5 0.619531 0.783594 0.026562 0.039062
2 0.186719 0.655469 0.073438 0.085938
1 0.525000 0.671875 0.034375 0.040625
2 0.432031 0.822656 0.023438 0.020313
0 0.446875 0.524219 0.040625 0.073438
0 0.781250 0.663281 0.037500 0.035937
2 0.471094 0.796875 0.042188 0.034375
1 0.366406 0.835938 0.054688 0.046875
4 0.453125 0.685937 0.040625 0.037500
4 0.564844 0.849219 0.042188 0.048438
0 0.180469 0.721875 0.042188 0.037500
5 0.497656 0.514844 0.048438 0.039062
3 0.331250 0.364063 0.181250 0.150000
0 0.742969 0.626563 0.023438 0.018750
2 0.817187 0.531250 0.040625 0.043750
1 0.307812 0.382812 0.059375 0.053125
1 0.380469 0.669531 0.079687 0.079687
2 0.467969 0.723437 0.032813 0.040625
2 0.484375 0.773438 0.040625 0.040625
0 0.165625 0.525000 0.046875 0.037500
3 0.485938 0.157812 0.128125 0.128125
3 0.517969 0.160156 0.123438 0.123438
2 0.619531 0.389844 0.020313 0.032813
0 0.221094 0.442969 0.132812 0.132812
4 0.889062 0.392188 0.031250 0.037500
3 0.821094 0.585156 0.107813 0.107813
3 0.781250 0.750000 0.087500 0.087500
0 0.371875 0.771875 0.109375 0.093750
2 0.541406 0.531250 0.026562 0.021875
1 0.456250 0.528906 0.078125 0.085938
4 0.348438 0.520312 0.025000 0.025000
0 0.372656 0.239844 0.064062 0.054688
4 0.418750 0.630469 0.037500 0.039062
1 0.210938 0.775781 0.043750 0.051562
0 0.546875 0.111719 0.096875 0.098437
4 0.773438 0.667188 0.021875 0.018750
5 0.628906 0.896094 0.051562 0.045312
0 0.207813 0.633594 0.043750 0.035937
2 0.693750 0.353906 0.053125 0.054688
1 0.603125 0.576562 0.059375 0.065625
3 0.403125 0.790625 0.087500 0.087500
5 0.346875 0.186719 0.056250 0.057813
4 0.900000 0.579688 0.053125 0.040625
2 0.103125 0.571875 0.034375 0.028125
4 0.721094 0.485156 0.145313 0.129688
0 0.776563 0.341406 0.018750 0.017188
1 0.201563 0.242969 0.075000 0.064062
0 0.813281 0.490625 0.039062 0.034375
1 0.635938 0.109375 0.046875 0.059375
1 0.878125 0.603906 0.075000 0.092188
2 0.357812 0.892188 0.037500 0.046875
5 0.135156 0.482031 0.020313 0.020313
3 0.406250 0.700000 0.075000 0.075000
1 0.613281 0.682031 0.060937 0.064062
4 0.511719 0.458594 0.076563 0.082812
0 0.337500 0.141406 0.050000 0.042188
2 0.270313 0.141406 0.021875 0.023438
1 0.442188 0.418750 0.081250 0.087500
1 0.903906 0.511719 0.064062 0.057813
3 0.691406 0.588281 0.092188 0.092188
1 0.404687 0.264062 0.103125 0.121875
4 0.615625 0.876563 0.056250 0.059375
0 0.303125 0.229687 0.040625 0.037500
5 0.321875 0.785156 0.037500 0.032813
1 0.252344 0.699219 0.073438 0.089063
2 0.666406 0.460938 0.020313 0.028125
2 0.273438 0.257812 0.021875 0.037500
4 0.425000 0.229687 0.059375 0.046875
3 0.596094 0.663281 0.095312 0.095312
4 0.262500 0.389062 0.021875 0.021875
1 0.320312 0.575000 0.115625 0.134375
1 0.326562 0.249219 0.078125 0.095312
4 0.485938 0.520312 0.021875 0.031250
3 0.200000 0.537500 0.128125 0.128125
0 0.159375 0.339062 0.065625 0.075000
1 0.792188 0.529687 0.090625 0.125000
3 0.645312 0.768750 0.090625 0.065625
4 0.406250 0.168750 0.143750 0.156250
3 0.484375 0.408594 0.084375 0.107813
0 0.623437 0.755469 0.034375 0.032813
4 0.297656 0.530469 0.070312 0.089063
0 0.267188 0.219531 0.037500 0.057813
5 0.722656 0.732031 0.060937 0.060937
2 0.653906 0.131250 0.057813 0.050000
3 0.223438 0.773438 0.100000 0.100000
5 0.694531 0.373437 0.035937 0.034375
1 0.644531 0.214062 0.129688 0.153125
4 0.167969 0.432031 0.060937 0.064062
0 0.417187 0.406250 0.093750 0.087500
5 0.645312 0.333594 0.046875 0.051562
0 0.749219 0.703906 0.045312 0.085938
2 0.400781 0.463281 0.064062 0.054688
1 0.841406 0.692969 0.085938 0.098437
4 0.715625 0.300781 0.018750 0.017188
2 0.445312 0.084375 0.031250 0.028125
2 0.215625 0.474219 0.034375 0.039062
5 0.444531 0.092188 0.070312 0.056250
1 0.425781 0.742188 0.082812 0.084375
0 0.576562 0.716406 0.075000 0.060937
0 0.635156 0.706250 0.073438 0.068750
0 0.674219 0.366406 0.123438 0.117188
5 0.392969 0.652344 0.048438 0.054688
1 0.470313 0.277344 0.087500 0.067187
0 0.322656 0.614062 0.026562 0.031250
0 0.266406 0.557031 0.126562 0.126562
4 0.697656 0.355469 0.076563 0.082812
4 0.435156 0.266406 0.032813 0.039062
4 0.289844 0.543750 0.092188 0.081250
0 0.339062 0.812500 0.037500 0.034375
1 0.564063 0.441406 0.068750 0.092188
3 0.536719 0.823438 0.073438 0.081250
4 0.642188 0.607812 0.028125 0.028125
0 0.153906 0.451562 0.048438 0.040625
1 0.817969 0.592187 0.095312 0.093750
3 0.419531 0.713281 0.170313 0.170313
3 0.513281 0.808594 0.132812 0.132812
0 0.291406 0.170313 0.039062 0.037500
4 0.508594 0.182812 0.051562 0.053125
0 0.235156 0.527344 0.017188 0.023438