4 0.597656 0.261719 0.142187 0.176563
2 0.651563 0.364844 0.050000 0.032813
3 0.684375 0.817187 0.153125 0.153125
3 0.696094 0.611719 0.117188 0.117188
3 0.830469 0.622656 0.098437 0.098437
5 0.320312 0.395313 0.068750 0.059375
2 0.478125 0.206250 0.068750 0.075000
3 0.673438 0.765625 0.103125 0.103125
0 0.250781 0.398438 0.070312 0.068750
1 0.679688 0.332813 0.106250 0.090625
3 0.466406 0.764844 0.135937 0.151562
1 0.538281 0.264844 0.064062 0.082812
5 0.353125 0.495312 0.025000 0.025000
3 0.271875 0.534375 0.084375 0.084375
0 0.355469 0.291406 0.029687 0.029687
3 0.702344 0.157031 0.089063 0.064062
0 0.533594 0.146094 0.098437 0.085938
3 0.647656 0.685937 0.414062 0.393750
5 0.557813 0.215625 0.068750 0.071875
0 0.342187 0.546094 0.112500 0.089063
0 0.327344 0.167187 0.060937 0.053125
4 0.367969 0.307812 0.023438 0.021875
3 0.740625 0.317188 0.143750 0.140625
4 0.247656 0.372656 0.045312 0.032813
2 0.170313 0.514062 0.012500 0.021875
0 0.389844 0.475781 0.120313 0.104688
0 0.867188 0.651563 0.037500 0.034375
2 0.642188 0.446875 0.056250 0.053125
3 0.650000 0.685937 0.075000 0.075000
3 0.541406 0.246875 0.223438 0.368750
0 0.367188 0.234375 0.053125 0.068750
4 0.788281 0.567187 0.095312 0.096875
3 0.907813 0.520312 0.031250 0.031250
4 0.796875 0.801562 0.034375 0.028125
3 0.627344 0.347656 0.126562 0.126562
1 0.560937 0.292187 0.053125 0.053125
4 0.874219 0.282813 0.029687 0.018750
5 0.246875 0.675781 0.056250 0.048438
2 0.430469 0.709375 0.067187 0.078125
1 0.501563 0.692969 0.112500 0.085938
1 0.447656 0.230469 0.104688 0.148438
5 0.588281 0.651563 0.042188 0.043750
4 0.463281 0.553906 0.210938 0.257812
4 0.595313 0.541406 0.037500 0.048438
4 0.803906 0.220312 0.039062 0.050000
5 0.281250 0.589063 0.043750 0.046875
0 0.543750 0.164844 0.087500 0.085938
0 0.175000 0.277344 0.053125 0.029687
3 0.756250 0.764844 0.134375 0.139063
4 0.808594 0.295312 0.060937 0.062500
1 0.275000 0.219531 0.053125 0.064062
1 0.190625 0.287500 0.065625 0.081250
5 0.392969 0.639062 0.067187 0.062500
2 0.722656 0.462500 0.032813 0.028125
5 0.210938 0.207813 0.043750 0.040625
0 0.374219 0.385937 0.051562 0.043750
4 0.519531 0.768750 0.051562 0.053125
1 0.577344 0.194531 0.104688 0.104688
1 0.428125 0.807031 0.118750 0.139063
3 0.502344 0.421875 0.126562 0.134375
5 0.367969 0.278125 0.020313 0.018750
5 0.136719 0.290625 0.039062 0.037500
5 0.353906 0.162500 0.032813 0.034375
4 0.246094 0.702344 0.064062 0.070312
0 0.588281 0.179688 0.060937 0.056250
4 0.851562 0.494531 0.012500 0.014063
1 0.753125 0.404687 0.090625 0.128125
4 0.454688 0.173437 0.075000 0.068750
0 0.565625 0.647656 0.093750 0.092188
1 0.381250 0.117969 0.062500 0.076563
5 0.415625 0.717187 0.043750 0.046875
4 0.874219 0.423438 0.023438 0.021875
2 0.371094 0.742969 0.042188 0.042188
0 0.644531 0.766406 0.098437 0.070312
1 0.206250 0.542188 0.075000 0.075000
0 0.524219 0.346875 0.045312 0.037500
2 0.196875 0.198437 0.037500 0.037500
0 0.096094 0.478125 0.039062 0.040625
4 0.478906 0.339844 0.039062 0.039062
3 0.275000 0.276562 0.100000 0.100000
2 0.296875 0.418750 0.031250 0.031250
3 0.484375 0.221875 0.125000 0.125000
4 0.263281 0.156250 0.035937 0.031250
2 0.272656 0.168750 0.045312 0.040625
0 0.585156 0.739844 0.039062 0.032813
2 0.658594 0.144531 0.014063 0.020313
4 0.514844 0.209375 0.035937 0.037500
0 0.482812 0.138281 0.037500 0.039062
1 0.677344 0.625781 0.051562 0.051562
1 0.649219 0.749219 0.085938 0.073438
0 0.397656 0.435156 0.039062 0.029687
3 0.317969 0.550781 0.192188 0.192188
2 0.897656 0.454688 0.067187 0.062500
0 0.607812 0.872656 0.046875 0.064062
4 0.734375 0.486719 0.031250 0.032813
0 0.453906 0.873437 0.145313 0.121875
4 0.354687 0.758594 0.206250 0.232813
3 0.470313 0.554688 0.121875 0.121875
1 0.650781 0.644531 0.129688 0.142187
5 0.610938 0.667969 0.037500 0.042188
5 0.135937 0.518750 0.046875 0.050000
5 0.368750 0.440625 0.059375 0.062500
5 0.512500 0.202344 0.031250 0.032813
2 0.535156 0.430469 0.039062 0.042188
1 0.657031 0.533594 0.054688 0.064062
5 0.576562 0.839844 0.040625 0.039062
5 0.157812 0.472656 0.065625 0.051562
2 0.695312 0.592969 0.084375 0.092188
4 0.725781 0.645312 0.232813 0.253125
2 0.335156 0.547656 0.070312 0.051562
1 0.280469 0.672656 0.054688 0.035937
2 0.588281 0.110937 0.060937 0.059375
2 0.420312 0.606250 0.040625 0.040625
0 0.674219 0.361719 0.085938 0.085938
0 0.420312 0.701562 0.103125 0.125000
3 0.710938 0.210156 0.093750 0.092188
4 0.489844 0.206250 0.017188 0.018750
4 0.806250 0.233594 0.062500 0.064062
5 0.281250 0.624219 0.021875 0.026562
3 0.659375 0.250000 0.071875 0.071875
5 0.727344 0.730469 0.039062 0.035937
0 0.611719 0.607031 0.067187 0.057813
5 0.613281 0.904687 0.042188 0.034375
0 0.517969 0.700000 0.064062 0.062500
5 0.300000 0.338281 0.046875 0.035937
2 0.654687 0.400000 0.071875 0.050000
3 0.359375 0.556250 0.100000 0.100000
0 0.507812 0.832812 0.109375 0.121875
0 0.223438 0.403125 0.037500 0.031250
4 0.617969 0.823438 0.032813 0.031250
5 0.599219 0.146094 0.073438 0.073438
1 0.464844 0.560156 0.023438 0.029687
3 0.528125 0.656250 0.075000 0.075000
3 0.395313 0.804688 0.125000 0.134375
4 0.566406 0.605469 0.032813 0.029687
3 0.275000 0.487500 0.084375 0.084375
3 0.456250 0.148438 0.103125 0.103125
5 0.877344 0.470313 0.076563 0.075000
1 0.632031 0.150781 0.117188 0.117188
4 0.560937 0.372656 0.068750 0.082812
5 0.114844 0.433594 0.026562 0.023438
3 0.846875 0.685937 0.081250 0.081250
2 0.250000 0.360156 0.153125 0.226562
2 0.360156 0.472656 0.017188 0.023438
4 0.472656 0.824219 0.032813 0.023438