5 0.652344 0.375000 0.070312 0.068750
0 0.571094 0.857031 0.070312 0.060937
0 0.785156 0.759375 0.064062 0.059375
3 0.332813 0.595313 0.150000 0.140625
4 0.284375 0.193750 0.081250 0.084375
3 0.203906 0.283594 0.079687 0.079687
1 0.464844 0.630469 0.082812 0.079687
3 0.786719 0.364844 0.179688 0.179688
2 0.867188 0.448437 0.075000 0.084375
2 0.310937 0.450781 0.040625 0.032813
4 0.522656 0.921875 0.017188 0.021875
4 0.824219 0.251563 0.035937 0.025000
2 0.371094 0.525781 0.045312 0.042188
0 0.728125 0.542188 0.150000 0.162500
5 0.635156 0.324219 0.032813 0.035937
3 0.325000 0.751563 0.103125 0.103125
0 0.521875 0.475781 0.031250 0.020313
2 0.724219 0.815625 0.048438 0.056250
3 0.577344 0.365625 0.064062 0.046875
3 0.249219 0.488281 0.242188 0.232813
3 0.438281 0.692187 0.314063 0.306250
0 0.346875 0.501563 0.100000 0.093750
4 0.257031 0.591406 0.060937 0.060937
5 0.732031 0.497656 0.032813 0.032813
4 0.412500 0.178125 0.031250 0.040625
4 0.167187 0.634375 0.043750 0.037500
4 0.505469 0.339844 0.026562 0.026562
4 0.553906 0.369531 0.020313 0.023438
5 0.197656 0.674219 0.029687 0.035937
3 0.674219 0.708594 0.310937 0.310937
0 0.771094 0.594531 0.020313 0.020313
5 0.683594 0.660937 0.039062 0.037500
4 0.284375 0.778125 0.050000 0.040625
1 0.692969 0.547656 0.089063 0.070312
4 0.234375 0.330469 0.196875 0.195312
1 0.366406 0.285156 0.135937 0.132812
5 0.552344 0.714844 0.032813 0.035937
1 0.125000 0.484375 0.062500 0.059375
1 0.713281 0.177344 0.057813 0.057813
4 0.614062 0.358594 0.025000 0.026562
2 0.376563 0.402344 0.046875 0.042188
0 0.445312 0.700781 0.078125 0.082812
2 0.467969 0.315625 0.035937 0.037500
1 0.621094 0.835938 0.079687 0.090625
2 0.483594 0.794531 0.057813 0.051562
3 0.561719 0.697656 0.089063 0.089063
4 0.737500 0.406250 0.025000 0.025000
2 0.401562 0.395313 0.040625 0.043750
5 0.285938 0.750781 0.056250 0.045312
2 0.219531 0.325000 0.073438 0.062500
1 0.689063 0.396094 0.071875 0.092188
4 0.334375 0.853906 0.115625 0.079687