4 0.406250 0.231250 0.021875 0.025000
1 0.310156 0.333594 0.079687 0.082812
0 0.528906 0.125000 0.020313 0.018750
5 0.597656 0.540625 0.054688 0.059375
1 0.290625 0.257031 0.103125 0.076563
5 0.211719 0.660937 0.067187 0.071875
3 0.336719 0.825000 0.110937 0.128125
3 0.247656 0.257031 0.132812 0.132812
5 0.780469 0.281250 0.045312 0.046875
4 0.814844 0.486719 0.029687 0.029687
0 0.239063 0.696094 0.134375 0.117188
0 0.397656 0.405469 0.067187 0.051562
2 0.375000 0.628906 0.046875 0.042188
4 0.676562 0.857031 0.018750 0.017188
1 0.542188 0.501563 0.146875 0.121875
1 0.378906 0.807031 0.101562 0.104688
5 0.625000 0.773438 0.043750 0.046875
0 0.651563 0.514844 0.059375 0.064062
0 0.433594 0.346094 0.114062 0.114062
3 0.410938 0.357812 0.131250 0.131250
2 0.706250 0.539844 0.046875 0.026562
0 0.428906 0.406250 0.073438 0.065625
5 0.627344 0.130469 0.035937 0.035937
1 0.626563 0.264844 0.103125 0.107813
5 0.729688 0.231250 0.037500 0.040625
4 0.592187 0.765625 0.028125 0.021875
2 0.414062 0.503125 0.056250 0.046875
1 0.776563 0.680469 0.196875 0.179688
1 0.391406 0.433594 0.076563 0.089063
0 0.599219 0.714844 0.085938 0.070312
1 0.764844 0.453906 0.064062 0.079687
3 0.504687 0.878125 0.134375 0.103125
3 0.369531 0.694531 0.060937 0.060937
3 0.321094 0.738281 0.139063 0.139063
4 0.562500 0.105469 0.028125 0.029687
3 0.579688 0.637500 0.150000 0.150000
2 0.585938 0.225781 0.059375 0.076563
4 0.629687 0.553125 0.059375 0.062500
0 0.178125 0.269531 0.065625 0.060937
3 0.574219 0.326562 0.185938 0.187500
1 0.164844 0.536719 0.139063 0.120313
5 0.371875 0.300781 0.071875 0.064062
3 0.289062 0.570312 0.084375 0.103125
5 0.729688 0.349219 0.059375 0.045312
5 0.396094 0.468750 0.039062 0.040625
4 0.528906 0.667188 0.048438 0.053125
1 0.304688 0.727344 0.078125 0.067187
0 0.602344 0.789062 0.045312 0.037500
0 0.566406 0.560937 0.035937 0.034375
3 0.432031 0.308594 0.076563 0.076563
2 0.570312 0.885156 0.040625 0.039062
3 0.266406 0.321094 0.107813 0.107813
2 0.323437 0.552344 0.068750 0.076563
4 0.473438 0.313281 0.021875 0.023438
4 0.327344 0.160938 0.035937 0.034375
2 0.492969 0.166406 0.042188 0.045312
5 0.362500 0.324219 0.068750 0.079687
1 0.253906 0.277344 0.126562 0.114062
2 0.522656 0.296875 0.042188 0.040625
3 0.277344 0.638281 0.139063 0.139063
0 0.338281 0.707812 0.073438 0.084375
2 0.161719 0.223438 0.017188 0.018750
5 0.436719 0.783594 0.051562 0.054688
3 0.182031 0.694531 0.123438 0.123438
5 0.326562 0.868750 0.050000 0.040625
4 0.797656 0.633594 0.064062 0.079687
2 0.482812 0.150000 0.059375 0.059375
3 0.769531 0.460156 0.345313 0.345313
4 0.100781 0.550781 0.023438 0.020313
0 0.307031 0.356250 0.067187 0.056250
4 0.435937 0.301563 0.059375 0.046875
3 0.391406 0.338281 0.148438 0.148438
0 0.335938 0.417969 0.078125 0.064062
4 0.289844 0.802344 0.060937 0.048438
3 0.450781 0.596094 0.132812 0.117188
3 0.674219 0.538281 0.117188 0.117188
1 0.399219 0.810156 0.057813 0.054688
5 0.116406 0.677344 0.045312 0.048438
0 0.385937 0.749219 0.075000 0.064062
1 0.496875 0.114062 0.065625 0.056250
1 0.324219 0.682813 0.070312 0.084375
4 0.606250 0.390625 0.018750 0.021875
2 0.349219 0.200000 0.029687 0.028125
5 0.660156 0.217969 0.035937 0.032813
0 0.315625 0.128125 0.043750 0.040625
4 0.280469 0.612500 0.039062 0.031250
1 0.161719 0.342187 0.101562 0.090625
2 0.209375 0.520312 0.034375 0.034375
0 0.907031 0.423438 0.029687 0.028125
3 0.481250 0.754687 0.065625 0.065625
1 0.342187 0.479687 0.096875 0.131250
5 0.522656 0.093750 0.051562 0.053125
3 0.417969 0.684375 0.126562 0.137500
5 0.211719 0.446094 0.032813 0.023438
4 0.621094 0.360938 0.032813 0.025000
4 0.295312 0.571094 0.231250 0.304688
2 0.308594 0.792969 0.042188 0.051562
4 0.616406 0.113281 0.039062 0.032813
1 0.526563 0.215625 0.084375 0.093750
4 0.424219 0.617188 0.060937 0.053125
3 0.435937 0.438281 0.206250 0.132812