1 0.642188 0.368750 0.131250 0.115625
2 0.793750 0.262500 0.025000 0.028125
2 0.492188 0.756250 0.128125 0.118750
0 0.571875 0.592187 0.075000 0.068750
0 0.471875 0.641406 0.037500 0.035937
1 0.153125 0.338281 0.103125 0.110937
0 0.532031 0.528125 0.039062 0.034375
4 0.271875 0.343750 0.096875 0.084375
1 0.595313 0.490625 0.071875 0.078125
4 0.092188 0.561719 0.034375 0.032813
2 0.198437 0.464844 0.071875 0.067187
2 0.506250 0.176563 0.140625 0.137500
4 0.464062 0.819531 0.075000 0.045312
1 0.270313 0.671875 0.084375 0.128125
3 0.864062 0.560156 0.140625 0.114062
5 0.153906 0.503906 0.032813 0.032813
5 0.297656 0.349219 0.039062 0.035937
4 0.345313 0.447656 0.012500 0.014063
0 0.759375 0.458594 0.062500 0.060937
3 0.667969 0.323437 0.048438 0.125000
2 0.707031 0.635938 0.045312 0.037500
1 0.506250 0.855469 0.153125 0.145313
3 0.562500 0.570312 0.118750 0.118750
2 0.239063 0.404687 0.028125 0.034375
3 0.239063 0.235937 0.103125 0.103125
0 0.257812 0.529687 0.046875 0.043750
0 0.238281 0.602344 0.092188 0.095312
4 0.290625 0.143750 0.046875 0.043750
2 0.301563 0.498437 0.040625 0.037500
4 0.403906 0.103125 0.017188 0.021875
4 0.607031 0.376563 0.067187 0.056250
5 0.482812 0.314844 0.071875 0.060937
5 0.210156 0.322656 0.035937 0.035937
4 0.642969 0.347656 0.070312 0.067187
1 0.494531 0.386719 0.051562 0.045312
5 0.534375 0.550000 0.037500 0.037500
5 0.716406 0.559375 0.032813 0.037500
3 0.647656 0.619531 0.254688 0.254688
3 0.253125 0.560937 0.140625 0.140625
2 0.521875 0.125781 0.096875 0.139063
3 0.528125 0.396875 0.293750 0.231250
2 0.459375 0.560156 0.043750 0.032813
2 0.282031 0.159375 0.042188 0.031250
2 0.250781 0.456250 0.079687 0.084375
4 0.686719 0.802344 0.079687 0.082812
0 0.237500 0.453125 0.025000 0.021875
1 0.606250 0.142969 0.059375 0.076563
2 0.587500 0.364063 0.053125 0.043750
4 0.682031 0.539062 0.035937 0.043750
5 0.479687 0.819531 0.028125 0.029687
2 0.534375 0.448437 0.056250 0.050000
4 0.510938 0.209375 0.062500 0.053125
2 0.281250 0.603906 0.043750 0.045312
4 0.504687 0.242969 0.090625 0.089063
4 0.781250 0.805469 0.043750 0.048438
4 0.617969 0.221875 0.229687 0.225000
2 0.449219 0.359375 0.073438 0.059375
2 0.696875 0.342969 0.075000 0.067187
2 0.881250 0.588281 0.046875 0.048438
4 0.560156 0.367969 0.117188 0.123438
4 0.575781 0.091406 0.023438 0.017188
2 0.621094 0.164844 0.042188 0.045312
5 0.190625 0.399219 0.043750 0.039062
1 0.150781 0.571875 0.120313 0.121875
0 0.211719 0.750000 0.098437 0.100000
4 0.591406 0.841406 0.035937 0.029687
1 0.548438 0.284375 0.106250 0.100000
5 0.787500 0.573438 0.043750 0.046875
1 0.416406 0.305469 0.085938 0.079687
3 0.773438 0.595313 0.109375 0.109375
4 0.647656 0.554688 0.167187 0.175000
0 0.809375 0.357812 0.031250 0.037500
2 0.587500 0.378125 0.037500 0.034375
3 0.485156 0.266406 0.210938 0.139063
0 0.312500 0.860938 0.065625 0.056250
0 0.644531 0.421875 0.057813 0.062500
1 0.149219 0.435937 0.101562 0.090625
0 0.772656 0.286719 0.048438 0.064062
3 0.710156 0.358594 0.095312 0.095312
5 0.743750 0.456250 0.025000 0.025000
2 0.653125 0.786719 0.015625 0.014063
1 0.342187 0.463281 0.093750 0.101562
1 0.299219 0.700000 0.129688 0.153125
4 0.359375 0.114062 0.025000 0.028125
0 0.346094 0.221094 0.057813 0.057813
5 0.668750 0.231250 0.034375 0.028125
0 0.233594 0.629687 0.060937 0.068750
0 0.728906 0.447656 0.092188 0.104688
0 0.604688 0.784375 0.075000 0.056250
4 0.143750 0.391406 0.128125 0.110937
0 0.429688 0.275781 0.018750 0.020313
1 0.553125 0.821875 0.062500 0.062500
4 0.494531 0.427344 0.010937 0.010937
3 0.122656 0.574219 0.067187 0.067187
0 0.665625 0.679688 0.031250 0.031250
3 0.423438 0.662500 0.237500 0.228125
1 0.462500 0.538281 0.046875 0.064062
4 0.165625 0.405469 0.034375 0.042188
4 0.639062 0.768750 0.059375 0.050000
4 0.577344 0.656250 0.010937 0.015625
3 0.250781 0.252344 0.129688 0.129688
5 0.692969 0.142187 0.079687 0.068750
2 0.586719 0.901563 0.067187 0.056250
5 0.662500 0.364063 0.040625 0.043750
0 0.631250 0.640625 0.034375 0.025000
0 0.269531 0.300781 0.073438 0.064062
4 0.304688 0.840625 0.037500 0.031250
0 0.520312 0.478125 0.131250 0.131250
3 0.146094 0.577344 0.129688 0.129688
5 0.195312 0.528125 0.028125 0.028125
5 0.406250 0.832812 0.050000 0.053125
3 0.541406 0.542969 0.098437 0.079687
5 0.753125 0.155469 0.028125 0.032813
0 0.779687 0.674219 0.062500 0.045312
2 0.315625 0.639844 0.053125 0.064062
4 0.521094 0.589063 0.017188 0.018750
1 0.489063 0.467969 0.137500 0.114062
1 0.670312 0.444531 0.096875 0.089063
1 0.667969 0.811719 0.073438 0.104688
5 0.286719 0.698438 0.073438 0.071875
2 0.358594 0.436719 0.042188 0.051562
0 0.225781 0.732031 0.070312 0.070312
1 0.498437 0.104688 0.084375 0.084375
5 0.867188 0.408594 0.053125 0.051562
0 0.246875 0.472656 0.037500 0.026562
1 0.614062 0.886719 0.034375 0.042188
3 0.411719 0.350781 0.151562 0.198437
3 0.739844 0.275781 0.085938 0.085938
1 0.755469 0.295312 0.129688 0.112500
2 0.328125 0.597656 0.262500 0.298438
5 0.323437 0.567187 0.031250 0.025000
0 0.575781 0.111719 0.035937 0.039062
5 0.809375 0.446875 0.040625 0.034375
4 0.261719 0.839844 0.054688 0.048438
4 0.356250 0.757031 0.034375 0.026562
1 0.326562 0.246875 0.087500 0.115625
0 0.115625 0.642969 0.062500 0.060937
5 0.351562 0.297656 0.043750 0.045312
1 0.264062 0.252344 0.062500 0.057813
5 0.361719 0.309375 0.042188 0.037500
3 0.533594 0.224219 0.073438 0.073438
2 0.790625 0.387500 0.025000 0.025000
5 0.507031 0.760156 0.048438 0.039062
4 0.189844 0.708594 0.020313 0.017188
4 0.257031 0.196875 0.026562 0.028125
0 0.590625 0.405469 0.068750 0.048438