2 0.543750 0.729688 0.046875 0.043750
2 0.385156 0.600781 0.042188 0.039062
5 0.394531 0.728906 0.032813 0.029687
2 0.348438 0.234375 0.087500 0.059375
1 0.627344 0.427344 0.142187 0.104688
0 0.292969 0.267969 0.026562 0.023438
3 0.810156 0.313281 0.110937 0.110937
0 0.319531 0.569531 0.070312 0.060937
3 0.636719 0.485156 0.070312 0.070312
4 0.466406 0.652344 0.089063 0.060937
5 0.436719 0.628906 0.032813 0.035937
4 0.219531 0.219531 0.023438 0.029687
0 0.894531 0.504687 0.082812 0.071875
4 0.416406 0.396094 0.035937 0.039062
2 0.838281 0.304688 0.020313 0.018750
2 0.449219 0.253125 0.057813 0.056250
2 0.928125 0.483594 0.028125 0.023438
1 0.728125 0.256250 0.112500 0.128125
1 0.636719 0.604688 0.110937 0.093750
1 0.119531 0.658594 0.045312 0.051562
2 0.491406 0.189062 0.076563 0.065625
0 0.804688 0.385937 0.056250 0.040625
3 0.233594 0.535156 0.076563 0.076563
0 0.301563 0.357812 0.056250 0.037500
1 0.694531 0.559375 0.070312 0.068750
1 0.700000 0.629687 0.125000 0.121875
1 0.592969 0.567969 0.114062 0.095312
4 0.288281 0.506250 0.026562 0.031250
2 0.203906 0.263281 0.057813 0.048438
2 0.610938 0.803906 0.050000 0.054688
0 0.320312 0.438281 0.037500 0.035937
2 0.278125 0.146875 0.040625 0.056250
5 0.415625 0.506250 0.031250 0.025000
2 0.488281 0.637500 0.039062 0.028125
4 0.329688 0.233594 0.021875 0.026562
1 0.603125 0.737500 0.071875 0.084375
5 0.385937 0.725000 0.043750 0.040625
3 0.770312 0.578125 0.115625 0.115625
2 0.185938 0.759375 0.025000 0.025000
2 0.564844 0.121094 0.039062 0.039062
5 0.729688 0.207813 0.025000 0.037500
1 0.454688 0.770312 0.137500 0.131250
0 0.366406 0.296094 0.020313 0.032813
2 0.455469 0.672656 0.023438 0.029687
5 0.593750 0.584375 0.043750 0.043750
2 0.781250 0.302344 0.018750 0.014063
1 0.749219 0.475000 0.173437 0.181250
5 0.498437 0.253125 0.037500 0.037500
3 0.317969 0.699219 0.098437 0.098437
2 0.416406 0.632812 0.039062 0.040625
1 0.545312 0.690625 0.056250 0.059375
5 0.545312 0.693750 0.037500 0.040625
5 0.879687 0.429688 0.018750 0.018750
2 0.860156 0.537500 0.054688 0.050000
4 0.221875 0.243750 0.040625 0.031250
3 0.485156 0.514844 0.098437 0.098437
4 0.631250 0.553906 0.025000 0.029687
4 0.742969 0.307031 0.020313 0.020313
2 0.182812 0.783594 0.018750 0.017188
1 0.492969 0.662500 0.048438 0.034375
4 0.739844 0.642969 0.023438 0.023438
3 0.464062 0.193750 0.140625 0.140625
0 0.735938 0.372656 0.037500 0.042188
1 0.344531 0.735938 0.123438 0.109375
4 0.364063 0.577344 0.078125 0.076563
1 0.663281 0.578906 0.089063 0.073438
2 0.214062 0.261719 0.134375 0.092188
0 0.517969 0.853125 0.085938 0.075000
2 0.771875 0.186719 0.059375 0.057813
2 0.385937 0.862500 0.025000 0.021875
5 0.765625 0.318750 0.025000 0.031250
4 0.662500 0.396875 0.056250 0.050000
5 0.667969 0.852344 0.026562 0.026562
3 0.396875 0.281250 0.290625 0.231250
4 0.628906 0.744531 0.076563 0.051562
2 0.795312 0.319531 0.056250 0.054688
1 0.411719 0.844531 0.079687 0.079687
3 0.794531 0.404687 0.198437 0.218750
1 0.753125 0.707031 0.068750 0.060937
3 0.661719 0.663281 0.070312 0.070312
0 0.677344 0.210938 0.045312 0.040625
2 0.518750 0.331250 0.131250 0.121875
4 0.626563 0.863281 0.043750 0.054688
4 0.253125 0.764844 0.015625 0.014063
2 0.632812 0.849219 0.040625 0.035937
4 0.510156 0.589063 0.020313 0.028125
1 0.401562 0.570312 0.146875 0.090625
1 0.649219 0.860156 0.082812 0.107813
0 0.777344 0.533594 0.067187 0.057813
4 0.653125 0.237500 0.021875 0.046875
3 0.682813 0.820312 0.053125 0.059375
2 0.133594 0.364063 0.048438 0.053125
2 0.644531 0.733594 0.054688 0.051562
1 0.718750 0.397656 0.100000 0.110937
4 0.304688 0.453906 0.025000 0.020313
2 0.212500 0.790625 0.043750 0.043750
0 0.176563 0.336719 0.040625 0.035937
0 0.722656 0.326562 0.045312 0.062500
4 0.815625 0.563281 0.037500 0.042188
3 0.227344 0.307031 0.126562 0.126562
2 0.165625 0.567187 0.031250 0.031250
1 0.805469 0.580469 0.095312 0.110937
3 0.670312 0.187500 0.106250 0.087500
3 0.397656 0.685156 0.298438 0.254688
5 0.139844 0.425000 0.067187 0.053125
3 0.730469 0.291406 0.076563 0.076563
1 0.181250 0.436719 0.093750 0.076563