4 0.303125 0.767188 0.212500 0.203125
3 0.250000 0.225000 0.115625 0.115625
2 0.301563 0.278125 0.112500 0.171875
2 0.551562 0.489063 0.043750 0.043750
5 0.560937 0.321875 0.034375 0.040625
0 0.715625 0.225000 0.050000 0.053125
1 0.719531 0.242969 0.039062 0.039062
0 0.581250 0.867969 0.031250 0.035937
3 0.452344 0.252344 0.167187 0.248438
4 0.641406 0.130469 0.085938 0.079687
0 0.595313 0.868750 0.028125 0.021875
5 0.917188 0.518750 0.034375 0.034375
0 0.601562 0.886719 0.031250 0.048438
0 0.705469 0.468750 0.060937 0.053125
0 0.531250 0.363281 0.068750 0.067187
1 0.727344 0.232813 0.101562 0.081250
2 0.803906 0.490625 0.051562 0.050000
3 0.447656 0.268750 0.201563 0.206250
2 0.819531 0.614062 0.054688 0.056250
3 0.645312 0.153125 0.140625 0.140625
1 0.367188 0.411719 0.134375 0.132812
1 0.742188 0.562500 0.043750 0.043750
1 0.792969 0.322656 0.079687 0.070312
4 0.577344 0.857031 0.082812 0.070312
1 0.422656 0.282031 0.051562 0.060937
2 0.172656 0.496875 0.020313 0.015625
4 0.413281 0.325781 0.051562 0.057813
4 0.635156 0.627344 0.051562 0.054688
1 0.129688 0.410938 0.131250 0.100000
2 0.575781 0.559375 0.051562 0.056250
3 0.485156 0.414844 0.260937 0.260937
5 0.584375 0.859375 0.034375 0.034375
0 0.399219 0.446875 0.023438 0.018750
1 0.325781 0.640625 0.064062 0.059375
1 0.477344 0.414062 0.192188 0.212500
4 0.164062 0.472656 0.037500 0.051562
2 0.607812 0.850000 0.043750 0.043750
3 0.496094 0.527344 0.176563 0.176563
0 0.889062 0.649219 0.043750 0.051562
3 0.378125 0.245312 0.103125 0.103125
3 0.336719 0.149219 0.123438 0.123438
1 0.296094 0.630469 0.098437 0.079687
4 0.572656 0.592187 0.020313 0.021875
0 0.797656 0.476562 0.076563 0.084375
2 0.304688 0.494531 0.018750 0.020313
3 0.684375 0.677344 0.200000 0.185938
4 0.409375 0.085156 0.043750 0.042188
3 0.129688 0.493750 0.096875 0.096875
5 0.299219 0.629687 0.039062 0.040625
1 0.489844 0.705469 0.157812 0.167187
5 0.179688 0.719531 0.028125 0.045312
5 0.656250 0.866406 0.043750 0.045312
2 0.326562 0.282813 0.212500 0.128125
2 0.281250 0.239063 0.075000 0.075000
5 0.628906 0.462500 0.035937 0.040625
5 0.250781 0.708594 0.054688 0.051562
3 0.599219 0.430469 0.095312 0.095312
0 0.360156 0.383594 0.026562 0.020313
4 0.691406 0.249219 0.051562 0.051562
1 0.723437 0.613281 0.103125 0.126562
2 0.800781 0.510938 0.057813 0.062500
5 0.715625 0.833594 0.031250 0.051562
4 0.641406 0.738281 0.157812 0.207813
5 0.632031 0.738281 0.045312 0.054688
1 0.335938 0.377344 0.115625 0.120313
3 0.600781 0.729688 0.292187 0.303125
4 0.138281 0.502344 0.145313 0.120313
2 0.648438 0.653906 0.025000 0.026562
5 0.385156 0.467969 0.029687 0.032813
4 0.449219 0.071094 0.026562 0.026562
2 0.391406 0.200000 0.085938 0.096875
0 0.867969 0.540625 0.067187 0.068750
2 0.534375 0.121875 0.037500 0.031250
5 0.747656 0.488281 0.035937 0.035937
1 0.711719 0.502344 0.064062 0.064062
1 0.582031 0.281250 0.151562 0.131250
1 0.137500 0.385156 0.050000 0.054688
3 0.562500 0.587500 0.134375 0.134375
1 0.814063 0.474219 0.062500 0.048438
3 0.785156 0.308594 0.101562 0.101562
4 0.353906 0.657031 0.098437 0.085938
3 0.239063 0.268750 0.137500 0.137500
2 0.547656 0.316406 0.023438 0.023438
3 0.376563 0.562500 0.300000 0.300000
2 0.578906 0.795312 0.192188 0.159375
1 0.405469 0.427344 0.148438 0.132812
5 0.397656 0.407031 0.095312 0.092188
1 0.371875 0.380469 0.034375 0.035937
2 0.562500 0.686719 0.031250 0.029687
2 0.155469 0.309375 0.045312 0.037500
1 0.773438 0.663281 0.100000 0.114062
4 0.773438 0.229687 0.018750 0.021875
4 0.435156 0.851562 0.023438 0.021875
5 0.713281 0.221094 0.042188 0.051562
4 0.449219 0.596875 0.057813 0.056250
1 0.760156 0.321094 0.151562 0.126562
2 0.434375 0.449219 0.081250 0.073438
0 0.502344 0.422656 0.070312 0.057813
3 0.453125 0.282813 0.159375 0.159375
5 0.646094 0.671094 0.054688 0.054688
1 0.273438 0.589844 0.065625 0.070312
2 0.752344 0.540625 0.195312 0.193750
3 0.406250 0.725000 0.075000 0.075000
0 0.687500 0.737500 0.046875 0.046875
2 0.600781 0.410938 0.057813 0.065625
0 0.550000 0.782031 0.065625 0.060937
2 0.276562 0.721875 0.053125 0.056250
4 0.155469 0.342187 0.023438 0.025000
5 0.662500 0.475000 0.031250 0.037500
3 0.508594 0.771875 0.214062 0.234375
2 0.667969 0.485938 0.045312 0.034375
3 0.536719 0.505469 0.198437 0.198437
1 0.279687 0.502344 0.165625 0.123438
5 0.221094 0.303906 0.023438 0.023438
2 0.203125 0.346094 0.025000 0.017188
3 0.135937 0.428125 0.071875 0.106250
1 0.734375 0.483594 0.096875 0.067187
1 0.438281 0.619531 0.110937 0.126562
1 0.354687 0.825781 0.118750 0.098437
3 0.690625 0.379688 0.334375 0.221875