0 0.401562 0.597656 0.050000 0.042188
0 0.450781 0.196094 0.076563 0.082812
0 0.371094 0.540625 0.048438 0.043750
3 0.320312 0.187500 0.093750 0.093750
5 0.736719 0.689844 0.054688 0.048438
1 0.670312 0.506250 0.075000 0.071875
4 0.705469 0.448437 0.079687 0.081250
2 0.767969 0.756250 0.054688 0.062500
1 0.619531 0.168750 0.079687 0.059375
4 0.424219 0.728906 0.029687 0.026562
2 0.354687 0.107031 0.028125 0.029687
4 0.798438 0.570312 0.059375 0.050000
0 0.552344 0.595313 0.029687 0.031250
4 0.796094 0.657031 0.023438 0.029687
1 0.383594 0.867188 0.117188 0.109375
0 0.298438 0.389844 0.103125 0.082812
1 0.760938 0.354687 0.040625 0.037500
0 0.438281 0.725781 0.064062 0.076563
1 0.420312 0.204687 0.096875 0.096875
2 0.471094 0.775000 0.254688 0.265625
0 0.503906 0.755469 0.064062 0.082812
0 0.493750 0.921094 0.043750 0.042188
4 0.453906 0.599219 0.023438 0.020313
3 0.333594 0.638281 0.082812 0.082812
2 0.528906 0.583594 0.267188 0.267188
0 0.619531 0.745313 0.048438 0.040625
4 0.306250 0.642969 0.037500 0.032813
3 0.404687 0.429688 0.234375 0.234375
1 0.696875 0.471875 0.106250 0.106250
0 0.374219 0.639844 0.020313 0.017188
1 0.643750 0.473438 0.081250 0.096875
3 0.503125 0.405469 0.090625 0.048438
4 0.724219 0.425781 0.039062 0.035937
1 0.698438 0.465625 0.100000 0.096875
3 0.268750 0.389062 0.153125 0.115625
1 0.189062 0.656250 0.093750 0.112500
4 0.546094 0.110937 0.045312 0.040625
5 0.687500 0.850781 0.037500 0.032813
2 0.328125 0.250000 0.025000 0.034375
4 0.315625 0.380469 0.021875 0.020313
5 0.098437 0.562500 0.053125 0.053125
1 0.546875 0.112500 0.096875 0.090625
1 0.309375 0.785156 0.059375 0.057813
4 0.343750 0.414844 0.068750 0.064062
1 0.348438 0.177344 0.059375 0.051562
5 0.755469 0.299219 0.045312 0.048438
5 0.459375 0.364063 0.037500 0.062500
5 0.624219 0.579688 0.042188 0.043750
0 0.165625 0.366406 0.053125 0.048438
1 0.309375 0.546094 0.106250 0.092188
0 0.498437 0.357031 0.028125 0.026562
0 0.582031 0.313281 0.129688 0.114062
3 0.105469 0.496094 0.101562 0.101562
5 0.550781 0.759375 0.042188 0.046875
1 0.218750 0.308594 0.106250 0.110937
3 0.417969 0.392969 0.332813 0.285938
0 0.366406 0.111719 0.073438 0.073438
0 0.514844 0.174219 0.067187 0.057813
4 0.313281 0.504687 0.042188 0.043750
0 0.250781 0.451562 0.085938 0.081250
5 0.666406 0.280469 0.054688 0.064062
4 0.630469 0.717187 0.017188 0.021875
2 0.499219 0.175781 0.151562 0.151562
5 0.760938 0.339062 0.043750 0.056250
3 0.727344 0.292969 0.257812 0.179688
0 0.153906 0.391406 0.132812 0.132812
1 0.248438 0.184375 0.046875 0.040625
3 0.596094 0.269531 0.110937 0.110937
2 0.783594 0.619531 0.026562 0.023438
3 0.693750 0.523438 0.037500 0.037500
0 0.158594 0.339062 0.032813 0.037500
5 0.330469 0.761719 0.042188 0.035937
4 0.496875 0.560156 0.075000 0.079687
2 0.300781 0.437500 0.045312 0.050000
3 0.846094 0.633594 0.126562 0.129688
4 0.125000 0.621094 0.025000 0.023438
4 0.576562 0.191406 0.112500 0.110937
0 0.481250 0.149219 0.043750 0.045312
3 0.496875 0.623437 0.278125 0.209375
5 0.439844 0.422656 0.039062 0.042188
1 0.515625 0.472656 0.131250 0.164062
3 0.801562 0.215625 0.037500 0.037500