0 0.523438 0.108594 0.046875 0.042188
5 0.446875 0.230469 0.046875 0.054688
4 0.457813 0.842187 0.012500 0.015625
0 0.293750 0.836719 0.053125 0.054688
1 0.446875 0.482812 0.106250 0.103125
2 0.803906 0.633594 0.051562 0.045312
5 0.513281 0.614062 0.042188 0.034375
2 0.634375 0.880469 0.056250 0.064062
1 0.488281 0.546094 0.070312 0.114062
2 0.810937 0.571875 0.084375 0.075000
2 0.366406 0.290625 0.067187 0.053125
5 0.356250 0.173437 0.040625 0.043750
1 0.518750 0.336719 0.037500 0.064062
1 0.503906 0.164062 0.123438 0.118750
1 0.207813 0.525000 0.062500 0.068750
4 0.745313 0.741406 0.031250 0.045312
1 0.863281 0.605469 0.095312 0.132812
0 0.267188 0.547656 0.118750 0.126562
5 0.282031 0.714063 0.042188 0.040625
3 0.235937 0.318750 0.112500 0.090625
2 0.411719 0.233594 0.185938 0.195312
2 0.175781 0.586719 0.045312 0.045312
3 0.429688 0.307031 0.278125 0.264062
5 0.295312 0.318750 0.034375 0.037500
5 0.103125 0.547656 0.025000 0.060937
4 0.721875 0.398438 0.068750 0.068750
0 0.332813 0.229687 0.100000 0.106250
5 0.189062 0.313281 0.034375 0.032813
2 0.781250 0.554688 0.037500 0.040625
3 0.810937 0.379688 0.084375 0.084375
3 0.380469 0.161719 0.073438 0.073438
3 0.488281 0.144531 0.082812 0.082812
1 0.685937 0.529687 0.146875 0.118750
3 0.844531 0.398438 0.079687 0.075000
2 0.382812 0.447656 0.043750 0.051562
1 0.096094 0.599219 0.054688 0.054688
2 0.367969 0.651563 0.042188 0.040625
1 0.262500 0.297656 0.056250 0.057813
1 0.607812 0.700000 0.134375 0.106250
5 0.110156 0.557813 0.039062 0.040625
5 0.412500 0.839844 0.053125 0.057813
2 0.400781 0.575781 0.079687 0.079687
0 0.741406 0.620313 0.092188 0.087500
3 0.457031 0.417969 0.101562 0.101562
1 0.437500 0.174219 0.093750 0.079687
1 0.521875 0.567187 0.068750 0.056250
3 0.626563 0.214062 0.087500 0.087500
2 0.433594 0.692187 0.039062 0.037500
3 0.527344 0.683594 0.339062 0.489063
2 0.713281 0.594531 0.048438 0.054688
1 0.318750 0.671094 0.031250 0.029687
5 0.755469 0.486719 0.035937 0.035937
1 0.284375 0.501563 0.143750 0.128125
4 0.206250 0.181250 0.021875 0.021875
2 0.735938 0.459375 0.206250 0.212500
1 0.547656 0.671094 0.064062 0.060937
5 0.208594 0.304688 0.020313 0.018750
4 0.759375 0.731250 0.021875 0.034375
2 0.621094 0.525781 0.035937 0.035937
1 0.227344 0.195312 0.042188 0.034375
5 0.507031 0.395313 0.070312 0.056250
1 0.508594 0.907813 0.076563 0.065625
1 0.119531 0.560937 0.089063 0.084375
4 0.729688 0.397656 0.050000 0.039062
5 0.716406 0.471875 0.045312 0.037500
0 0.664062 0.226562 0.050000 0.050000
5 0.778125 0.546094 0.043750 0.029687
2 0.452344 0.457031 0.104688 0.107813
4 0.534375 0.621875 0.018750 0.031250
3 0.542188 0.400000 0.275000 0.293750
4 0.413281 0.588281 0.042188 0.045312
4 0.438281 0.822656 0.064062 0.060937
1 0.660156 0.734375 0.092188 0.087500
4 0.134375 0.446094 0.021875 0.020313
3 0.503125 0.879687 0.081250 0.081250
0 0.828906 0.597656 0.048438 0.045312
5 0.314844 0.197656 0.045312 0.051562
0 0.349219 0.314844 0.067187 0.089063
3 0.352344 0.432031 0.176563 0.176563
5 0.738281 0.207813 0.045312 0.046875
5 0.527344 0.572656 0.032813 0.045312
3 0.389844 0.167969 0.089063 0.089063
0 0.507812 0.835156 0.062500 0.057813
3 0.477344 0.629687 0.117188 0.118750
5 0.341406 0.502344 0.032813 0.035937
4 0.854688 0.312500 0.025000 0.021875
1 0.707031 0.657813 0.073438 0.075000
3 0.660156 0.332031 0.135937 0.101562
1 0.698438 0.252344 0.109375 0.107813
1 0.410938 0.567187 0.071875 0.071875
5 0.660156 0.546875 0.051562 0.043750
3 0.692187 0.399219 0.193750 0.245312
0 0.878906 0.440625 0.107813 0.096875
0 0.217188 0.739844 0.121875 0.110937
0 0.468750 0.500781 0.034375 0.029687
4 0.414844 0.412500 0.057813 0.059375
5 0.893750 0.587500 0.059375 0.068750
2 0.862500 0.493750 0.046875 0.050000
1 0.595313 0.235156 0.131250 0.104688
0 0.152344 0.365625 0.067187 0.075000
0 0.864844 0.578906 0.029687 0.029687
1 0.660937 0.367969 0.125000 0.085938
0 0.838281 0.398438 0.120313 0.118750
2 0.546875 0.392969 0.031250 0.032813
0 0.466406 0.805469 0.032813 0.023438
1 0.542969 0.546094 0.164062 0.157812
0 0.574219 0.752344 0.110937 0.120313
0 0.149219 0.742188 0.042188 0.034375
5 0.842187 0.410938 0.050000 0.034375
4 0.376563 0.339844 0.040625 0.039062
1 0.391406 0.128125 0.089063 0.121875
0 0.782031 0.742188 0.029687 0.031250
3 0.353906 0.558594 0.423438 0.414062
3 0.160938 0.407813 0.131250 0.131250
1 0.803125 0.379688 0.115625 0.146875
0 0.735156 0.710938 0.032813 0.068750
3 0.676562 0.453125 0.115625 0.115625
4 0.460938 0.383594 0.025000 0.023438
1 0.542188 0.218750 0.112500 0.118750
2 0.249219 0.404687 0.051562 0.043750
4 0.689063 0.660156 0.203125 0.226562
5 0.141406 0.346875 0.039062 0.043750
4 0.325000 0.442188 0.165625 0.165625
3 0.457031 0.403906 0.132812 0.132812
1 0.407813 0.613281 0.131250 0.145313
0 0.373437 0.375000 0.040625 0.028125
2 0.671875 0.129688 0.018750 0.025000
0 0.623437 0.389062 0.053125 0.050000
4 0.229687 0.462500 0.037500 0.046875
3 0.279687 0.450000 0.150000 0.150000
4 0.184375 0.275000 0.025000 0.025000
4 0.173437 0.606250 0.037500 0.037500
5 0.446094 0.407031 0.045312 0.042188
4 0.624219 0.592969 0.026562 0.032813
1 0.446094 0.650781 0.085938 0.114062
2 0.878125 0.632031 0.056250 0.045312
1 0.343750 0.196875 0.093750 0.131250
4 0.298438 0.564063 0.056250 0.081250
0 0.533594 0.400781 0.064062 0.060937