1 0.738281 0.364063 0.032813 0.040625
4 0.606250 0.417187 0.040625 0.046875
4 0.442969 0.839844 0.067187 0.051562
0 0.246875 0.617969 0.071875 0.085938
1 0.168750 0.461719 0.121875 0.173437
3 0.451562 0.667969 0.209375 0.260937
0 0.812500 0.305469 0.043750 0.057813
3 0.764844 0.748437 0.129688 0.112500
3 0.428125 0.484375 0.234375 0.234375
4 0.333594 0.699219 0.048438 0.048438
4 0.450781 0.278906 0.029687 0.029687
3 0.646094 0.474219 0.095312 0.095312
5 0.410938 0.146094 0.053125 0.042188
3 0.539062 0.608594 0.221875 0.492188
2 0.716406 0.528125 0.064062 0.053125
1 0.888281 0.473438 0.073438 0.075000
3 0.277344 0.321094 0.064062 0.085938
2 0.791406 0.267969 0.035937 0.035937
1 0.563281 0.450000 0.126562 0.109375
1 0.459375 0.707812 0.106250 0.143750
0 0.303906 0.368750 0.085938 0.081250
4 0.707031 0.825000 0.029687 0.031250
1 0.528125 0.714063 0.137500 0.121875
3 0.446875 0.143750 0.065625 0.065625
1 0.777344 0.307031 0.032813 0.032813
1 0.207031 0.367969 0.067187 0.073438
0 0.447656 0.458594 0.051562 0.054688
0 0.302344 0.703125 0.042188 0.012500
3 0.554688 0.579688 0.265625 0.265625
3 0.666406 0.585156 0.339062 0.357812
1 0.175000 0.525781 0.065625 0.092188
2 0.475000 0.517969 0.050000 0.054688
1 0.253125 0.195312 0.071875 0.075000
5 0.410156 0.504687 0.032813 0.037500
0 0.502344 0.112500 0.064062 0.059375
0 0.775781 0.739844 0.048438 0.048438
3 0.589844 0.596094 0.132812 0.132812
1 0.667969 0.421094 0.035937 0.035937
5 0.596094 0.866406 0.048438 0.048438
1 0.841406 0.413281 0.132812 0.145313
0 0.574219 0.357031 0.029687 0.029687
2 0.499219 0.528125 0.117188 0.171875
4 0.400000 0.796094 0.018750 0.017188
0 0.158594 0.457813 0.079687 0.071875
5 0.130469 0.671094 0.039062 0.039062
1 0.651563 0.518750 0.106250 0.128125
0 0.732812 0.678125 0.096875 0.087500
0 0.551562 0.586719 0.103125 0.117188
4 0.089844 0.520312 0.032813 0.034375
2 0.131250 0.502344 0.075000 0.070312
4 0.287500 0.178125 0.025000 0.028125
0 0.159375 0.371094 0.025000 0.032813
2 0.427344 0.757031 0.023438 0.029687
4 0.414844 0.087500 0.023438 0.021875
1 0.764844 0.671875 0.123438 0.131250
2 0.171094 0.487500 0.048438 0.046875
2 0.464062 0.700000 0.043750 0.043750
1 0.353125 0.252344 0.093750 0.089063
2 0.900781 0.425781 0.054688 0.079687
3 0.664844 0.585156 0.079687 0.079687
3 0.838281 0.463281 0.151562 0.135937
5 0.806250 0.301563 0.040625 0.065625
4 0.497656 0.767188 0.160938 0.168750
5 0.589844 0.680469 0.051562 0.032813
0 0.598437 0.284375 0.056250 0.046875
3 0.275781 0.344531 0.070312 0.070312
0 0.320312 0.182812 0.043750 0.040625
1 0.632812 0.417969 0.053125 0.057813
4 0.571094 0.144531 0.045312 0.048438
0 0.547656 0.408594 0.045312 0.035937
1 0.412500 0.104688 0.084375 0.084375
0 0.365625 0.274219 0.053125 0.060937
2 0.143750 0.384375 0.040625 0.031250
4 0.196094 0.336719 0.032813 0.026562
5 0.496094 0.435937 0.064062 0.056250
2 0.741406 0.526563 0.079687 0.096875
0 0.380469 0.679688 0.085938 0.075000
0 0.617188 0.701562 0.093750 0.071875
1 0.725781 0.779687 0.117188 0.075000
4 0.358594 0.705469 0.073438 0.060937
3 0.602344 0.282031 0.173437 0.257812
5 0.438281 0.861719 0.048438 0.051562
1 0.563281 0.805469 0.189062 0.142187
2 0.299219 0.384375 0.117188 0.087500
1 0.563281 0.496094 0.089063 0.064062
4 0.602344 0.455469 0.014063 0.020313
2 0.239844 0.567969 0.060937 0.070312
4 0.473438 0.738281 0.090625 0.076563
1 0.153906 0.434375 0.142187 0.162500
4 0.644531 0.139063 0.023438 0.025000
0 0.346875 0.246875 0.084375 0.078125
4 0.821094 0.345313 0.070312 0.065625
4 0.476562 0.689844 0.059375 0.029687
4 0.205469 0.356250 0.042188 0.040625
2 0.228906 0.484375 0.057813 0.059375
0 0.696875 0.852344 0.046875 0.045312
3 0.485156 0.827344 0.095312 0.095312
1 0.835156 0.676562 0.057813 0.053125
5 0.228906 0.223438 0.035937 0.031250
1 0.434375 0.825000 0.068750 0.062500
2 0.381250 0.370312 0.037500 0.031250
4 0.584375 0.549219 0.153125 0.173437
5 0.433594 0.305469 0.023438 0.017188
5 0.690625 0.547656 0.043750 0.045312
0 0.285156 0.657813 0.101562 0.115625
0 0.248438 0.286719 0.068750 0.060937
2 0.619531 0.407031 0.057813 0.045312
2 0.652344 0.484375 0.020313 0.018750
1 0.253125 0.439063 0.137500 0.137500
2 0.441406 0.111719 0.032813 0.042188
0 0.397656 0.321094 0.060937 0.057813
0 0.696094 0.196875 0.026562 0.025000
3 0.635938 0.610938 0.150000 0.150000