0 0.650781 0.585156 0.073438 0.067187
2 0.697656 0.769531 0.057813 0.048438
3 0.682813 0.171094 0.103125 0.104688
5 0.756250 0.791406 0.021875 0.029687
3 0.451562 0.656250 0.287500 0.200000
5 0.710938 0.695312 0.040625 0.040625
2 0.503125 0.403125 0.078125 0.068750
2 0.246094 0.654687 0.032813 0.037500
2 0.516406 0.723437 0.026562 0.028125
1 0.704688 0.492969 0.121875 0.117188
0 0.275000 0.657031 0.050000 0.064062
2 0.210156 0.276562 0.026562 0.028125
3 0.174219 0.374219 0.142187 0.142187
5 0.508594 0.341406 0.051562 0.057813
2 0.692187 0.342187 0.281250 0.243750
4 0.642969 0.479687 0.032813 0.031250
5 0.482812 0.789062 0.037500 0.034375
4 0.482812 0.190625 0.018750 0.021875
2 0.357812 0.402344 0.137500 0.248438
0 0.521094 0.523438 0.054688 0.046875
1 0.293750 0.657813 0.050000 0.087500
2 0.837500 0.672656 0.025000 0.023438
1 0.744531 0.644531 0.126562 0.095312
2 0.464844 0.260156 0.057813 0.057813
1 0.358594 0.289062 0.170313 0.184375
3 0.480469 0.535156 0.217188 0.151562
2 0.810156 0.387500 0.032813 0.034375
2 0.304688 0.688281 0.071875 0.060937
3 0.794531 0.457031 0.085938 0.085938
2 0.096875 0.486719 0.056250 0.064062
4 0.474219 0.238281 0.032813 0.032813
4 0.623437 0.321094 0.018750 0.014063
1 0.392188 0.285938 0.153125 0.140625
0 0.750781 0.301563 0.026562 0.025000
0 0.723437 0.554688 0.078125 0.071875
1 0.553906 0.799219 0.089063 0.095312
1 0.743750 0.371875 0.081250 0.087500
0 0.492969 0.144531 0.082812 0.089063
4 0.504687 0.125000 0.103125 0.059375
2 0.317188 0.342969 0.043750 0.048438
5 0.334375 0.500000 0.046875 0.040625
4 0.821094 0.276562 0.079687 0.068750
2 0.370312 0.790625 0.040625 0.040625
3 0.769531 0.440625 0.285938 0.278125
2 0.146875 0.475781 0.078125 0.064062
3 0.512500 0.310937 0.056250 0.056250
5 0.234375 0.652344 0.071875 0.064062
0 0.774219 0.565625 0.067187 0.075000
5 0.331250 0.521875 0.053125 0.046875
2 0.827344 0.605469 0.045312 0.035937
5 0.312500 0.559375 0.037500 0.050000
5 0.796875 0.769531 0.031250 0.039062
4 0.658594 0.867188 0.032813 0.040625
1 0.377344 0.860156 0.101562 0.101562
4 0.289844 0.542969 0.026562 0.042188
1 0.347656 0.839063 0.064062 0.050000
1 0.849219 0.424219 0.120313 0.098437
1 0.447656 0.803906 0.051562 0.064062
5 0.328906 0.832031 0.051562 0.042188
4 0.441406 0.469531 0.017188 0.020313
4 0.066406 0.483594 0.029687 0.023438
2 0.321094 0.475000 0.039062 0.040625
4 0.709375 0.566406 0.121875 0.148438
3 0.566406 0.533594 0.195312 0.179688
2 0.142187 0.369531 0.018750 0.017188
5 0.611719 0.810937 0.029687 0.034375
4 0.206250 0.752344 0.062500 0.048438
4 0.485938 0.341406 0.028125 0.026562
2 0.634375 0.589844 0.043750 0.039062
5 0.661719 0.533594 0.051562 0.051562
2 0.557813 0.431250 0.025000 0.021875
5 0.344531 0.503906 0.032813 0.032813
2 0.650781 0.138281 0.014063 0.010937
2 0.421875 0.618750 0.087500 0.087500
2 0.065625 0.500781 0.028125 0.029687
0 0.550781 0.625000 0.020313 0.021875
3 0.381250 0.528125 0.440625 0.431250
2 0.388281 0.386719 0.017188 0.017188
0 0.801562 0.308594 0.040625 0.029687