5 0.832812 0.511719 0.043750 0.042188
1 0.600781 0.661719 0.095312 0.095312
5 0.372656 0.479687 0.042188 0.043750
3 0.514844 0.400781 0.082812 0.082812
0 0.677344 0.490625 0.085938 0.068750
5 0.750781 0.273438 0.042188 0.043750
3 0.530469 0.595313 0.254688 0.256250
1 0.648438 0.424219 0.121875 0.145313
0 0.268750 0.572656 0.065625 0.054688
5 0.803125 0.607031 0.037500 0.042188
0 0.709375 0.741406 0.053125 0.067187
2 0.307812 0.186719 0.050000 0.035937
2 0.603125 0.723437 0.034375 0.034375
5 0.485938 0.693750 0.025000 0.028125
2 0.734375 0.567969 0.143750 0.139063
5 0.238281 0.194531 0.026562 0.029687
1 0.413281 0.489844 0.110937 0.098437
5 0.420312 0.710938 0.043750 0.043750
2 0.537500 0.832031 0.021875 0.026562
1 0.662500 0.770312 0.081250 0.134375
2 0.539844 0.861719 0.048438 0.048438
5 0.691406 0.289844 0.048438 0.048438
3 0.548438 0.574219 0.078125 0.092188
2 0.325000 0.893750 0.018750 0.021875
4 0.517188 0.764062 0.009375 0.015625
5 0.886719 0.653906 0.070312 0.070312
3 0.793750 0.468750 0.125000 0.100000
1 0.203906 0.382812 0.054688 0.068750
1 0.334375 0.679688 0.153125 0.162500
5 0.228906 0.232813 0.029687 0.046875
4 0.466406 0.782813 0.039062 0.053125
2 0.143750 0.297656 0.025000 0.029687
5 0.353906 0.328906 0.045312 0.045312
5 0.487500 0.475000 0.050000 0.065625
2 0.446094 0.744531 0.070312 0.054688
1 0.612500 0.702344 0.140625 0.142187
1 0.599219 0.524219 0.051562 0.051562
4 0.371094 0.144531 0.026562 0.029687
1 0.480469 0.178125 0.076563 0.100000
1 0.783594 0.546094 0.051562 0.079687
0 0.330469 0.589844 0.045312 0.039062
2 0.614844 0.723437 0.035937 0.025000
4 0.502344 0.853125 0.020313 0.018750
3 0.729688 0.335938 0.278125 0.312500
1 0.831250 0.674219 0.043750 0.048438
3 0.295312 0.284375 0.100000 0.100000
3 0.300000 0.496094 0.068750 0.067187
0 0.455469 0.241406 0.023438 0.026562
3 0.422656 0.768750 0.107813 0.081250
1 0.373437 0.210156 0.115625 0.098437
1 0.692969 0.619531 0.129688 0.132812
3 0.396875 0.582031 0.100000 0.120313
4 0.665625 0.546875 0.028125 0.028125
3 0.494531 0.221094 0.282813 0.226562
1 0.122656 0.536719 0.070312 0.067187
2 0.441406 0.860938 0.035937 0.031250
1 0.593750 0.828906 0.121875 0.132812
3 0.693750 0.447656 0.171875 0.204687
1 0.603906 0.905469 0.051562 0.039062
5 0.625781 0.353125 0.048438 0.046875
2 0.437500 0.118750 0.062500 0.059375
4 0.761719 0.658594 0.023438 0.017188
3 0.507812 0.214062 0.146875 0.184375
2 0.487500 0.538281 0.046875 0.048438
1 0.524219 0.674219 0.107813 0.082812
3 0.196094 0.660937 0.101562 0.071875
4 0.818750 0.571875 0.043750 0.040625
5 0.543750 0.208594 0.031250 0.026562
2 0.257031 0.552344 0.095312 0.089063
2 0.358594 0.457031 0.067187 0.067187
2 0.510938 0.194531 0.200000 0.273438
2 0.279687 0.800781 0.031250 0.020313
4 0.118750 0.650781 0.034375 0.039062
0 0.896875 0.589063 0.043750 0.050000
2 0.496094 0.481250 0.070312 0.068750
1 0.610156 0.298438 0.045312 0.043750
4 0.562500 0.667188 0.028125 0.025000
2 0.578906 0.889844 0.051562 0.057813
5 0.239063 0.246094 0.040625 0.042188
0 0.675781 0.596875 0.048438 0.075000
4 0.911719 0.398438 0.039062 0.040625
2 0.430469 0.396875 0.023438 0.031250