2 0.210156 0.660937 0.048438 0.075000
0 0.735156 0.400781 0.051562 0.042188
4 0.377344 0.371875 0.026562 0.028125
2 0.692969 0.822656 0.042188 0.045312
3 0.642969 0.234375 0.189062 0.243750
4 0.465625 0.858594 0.031250 0.045312
2 0.491406 0.762500 0.020313 0.034375
0 0.455469 0.523438 0.117188 0.112500
4 0.740625 0.825000 0.021875 0.025000
3 0.738281 0.325000 0.220312 0.209375
5 0.506250 0.576562 0.034375 0.037500
1 0.436719 0.833594 0.110937 0.098437
4 0.587500 0.512500 0.028125 0.025000
2 0.820312 0.441406 0.034375 0.029687
5 0.699219 0.813281 0.042188 0.042188
0 0.453125 0.131250 0.043750 0.043750
3 0.371094 0.490625 0.295312 0.215625
2 0.313281 0.536719 0.064062 0.054688
0 0.797656 0.346094 0.135937 0.117188
1 0.743750 0.707031 0.065625 0.064062
0 0.410938 0.619531 0.046875 0.045312
2 0.188281 0.244531 0.073438 0.067187
1 0.649219 0.243750 0.082812 0.065625
5 0.517969 0.621875 0.039062 0.043750
2 0.385156 0.553906 0.023438 0.023438
2 0.147656 0.574219 0.073438 0.067187
1 0.682031 0.712500 0.085938 0.115625
2 0.511719 0.171875 0.026562 0.028125
0 0.445312 0.666406 0.093750 0.082812
2 0.353906 0.840625 0.042188 0.034375
3 0.422656 0.547656 0.120313 0.139063
4 0.550781 0.235156 0.039062 0.045312
0 0.279687 0.743750 0.125000 0.143750
5 0.681250 0.542188 0.034375 0.034375
4 0.668750 0.163281 0.012500 0.023438
2 0.250781 0.489063 0.064062 0.065625
1 0.668750 0.358594 0.056250 0.057813
4 0.475000 0.889844 0.034375 0.029687
4 0.620313 0.398438 0.018750 0.018750
2 0.310937 0.264062 0.043750 0.037500
5 0.714844 0.643750 0.054688 0.062500
3 0.806250 0.640625 0.106250 0.137500
4 0.286719 0.690625 0.032813 0.025000
3 0.317969 0.713281 0.070312 0.070312
1 0.669531 0.446094 0.076563 0.060937
0 0.489844 0.307812 0.054688 0.046875
3 0.782813 0.459375 0.246875 0.262500
3 0.738281 0.652344 0.260937 0.204687
0 0.198437 0.649219 0.056250 0.048438
0 0.391406 0.810156 0.076563 0.070312
4 0.509375 0.167969 0.021875 0.023438
3 0.571875 0.700781 0.109375 0.107813
2 0.576562 0.328125 0.037500 0.028125
3 0.277344 0.357812 0.157812 0.215625
3 0.903125 0.515625 0.078125 0.078125
4 0.686719 0.303906 0.026562 0.035937
3 0.845313 0.417187 0.106250 0.106250
1 0.496094 0.311719 0.120313 0.120313
2 0.411719 0.440625 0.076563 0.062500
3 0.204687 0.693750 0.068750 0.068750
0 0.689063 0.468750 0.115625 0.115625
3 0.610938 0.684375 0.275000 0.406250
4 0.167969 0.649219 0.070312 0.070312
0 0.636719 0.467187 0.107813 0.071875
1 0.375000 0.832812 0.081250 0.106250
1 0.635938 0.328906 0.062500 0.085938
3 0.397656 0.229687 0.139063 0.190625
2 0.328125 0.161719 0.106250 0.092188
0 0.281250 0.578906 0.046875 0.051562
0 0.360156 0.192969 0.035937 0.035937
4 0.300781 0.457031 0.032813 0.029687
2 0.125781 0.495312 0.039062 0.037500
2 0.707812 0.821875 0.025000 0.034375
4 0.554688 0.481250 0.065625 0.053125
1 0.403906 0.475781 0.132812 0.114062
5 0.127344 0.625000 0.048438 0.043750
0 0.357031 0.402344 0.054688 0.048438
2 0.765625 0.352344 0.065625 0.051562
1 0.392969 0.510938 0.129688 0.125000
1 0.432812 0.876563 0.065625 0.056250
4 0.832812 0.550781 0.046875 0.048438
1 0.287500 0.202344 0.059375 0.064062
1 0.600000 0.314844 0.159375 0.185938
1 0.799219 0.592969 0.073438 0.070312
0 0.657031 0.358594 0.079687 0.060937
0 0.432812 0.288281 0.037500 0.020313
1 0.825000 0.550781 0.068750 0.095312
4 0.629687 0.261719 0.034375 0.029687
4 0.558594 0.298438 0.020313 0.018750
5 0.402344 0.233594 0.042188 0.042188
5 0.607812 0.183594 0.037500 0.035937
3 0.353125 0.521094 0.118750 0.114062
1 0.339062 0.867188 0.059375 0.050000
1 0.228125 0.253906 0.106250 0.095312
2 0.820312 0.608594 0.043750 0.039062
3 0.337500 0.717187 0.056250 0.056250
4 0.492969 0.411719 0.020313 0.029687
5 0.478125 0.210156 0.062500 0.060937
4 0.436719 0.249219 0.214062 0.070312
0 0.532031 0.339844 0.073438 0.070312
0 0.424219 0.629687 0.073438 0.062500
1 0.378125 0.350781 0.121875 0.114062
5 0.391406 0.285156 0.048438 0.045312
3 0.703125 0.300000 0.056250 0.056250
3 0.342187 0.650781 0.212500 0.148438
3 0.502344 0.496094 0.101562 0.101562
3 0.502344 0.501563 0.395313 0.350000
2 0.090625 0.393750 0.031250 0.028125
2 0.279687 0.423438 0.015625 0.018750
3 0.283594 0.544531 0.110937 0.110937
5 0.303125 0.689844 0.046875 0.045312
2 0.547656 0.373437 0.045312 0.031250
1 0.203125 0.585938 0.062500 0.068750
5 0.187500 0.675781 0.040625 0.064062
1 0.447656 0.132031 0.123438 0.135937
5 0.356250 0.378125 0.056250 0.068750
4 0.268750 0.456250 0.025000 0.025000
5 0.614062 0.164844 0.031250 0.029687
5 0.582812 0.685156 0.031250 0.032813
5 0.551562 0.184375 0.043750 0.037500
1 0.546875 0.621875 0.106250 0.134375
5 0.856250 0.499219 0.065625 0.076563
0 0.328906 0.594531 0.076563 0.076563
4 0.354687 0.688281 0.103125 0.054688
5 0.484375 0.479687 0.043750 0.037500
4 0.348438 0.275000 0.028125 0.028125
3 0.757812 0.593750 0.131250 0.131250
0 0.300781 0.297656 0.073438 0.045312
1 0.735156 0.306250 0.057813 0.059375
4 0.664062 0.210156 0.015625 0.020313
4 0.293750 0.138281 0.043750 0.064062
3 0.445312 0.749219 0.265625 0.198437
0 0.573438 0.252344 0.128125 0.110937
0 0.638281 0.301563 0.070312 0.065625
3 0.175000 0.686719 0.075000 0.095312
1 0.482031 0.263281 0.145313 0.101562
5 0.564063 0.912500 0.040625 0.046875
1 0.194531 0.554688 0.095312 0.112500
1 0.264062 0.433594 0.134375 0.089063
5 0.186719 0.754687 0.042188 0.059375
2 0.782813 0.517969 0.059375 0.060937
3 0.531250 0.617188 0.096875 0.096875
0 0.324219 0.442969 0.098437 0.101562
3 0.709375 0.403125 0.090625 0.090625
2 0.394531 0.610938 0.014063 0.015625