4 0.908594 0.496875 0.057813 0.059375
1 0.436719 0.163281 0.089063 0.089063
3 0.349219 0.767969 0.129688 0.129688
2 0.888281 0.526563 0.048438 0.043750
2 0.464844 0.664844 0.051562 0.067187
2 0.807031 0.515625 0.029687 0.028125
3 0.128906 0.528906 0.067187 0.067187
5 0.744531 0.468750 0.026562 0.025000
0 0.808594 0.245312 0.042188 0.037500
3 0.718750 0.264062 0.121875 0.121875
4 0.176563 0.407031 0.028125 0.023438
2 0.273438 0.517188 0.025000 0.021875
5 0.664844 0.757031 0.029687 0.026562
2 0.810937 0.456250 0.034375 0.034375
2 0.497656 0.739062 0.182812 0.193750
4 0.670312 0.318750 0.137500 0.134375
5 0.200000 0.410938 0.050000 0.065625
5 0.715625 0.428906 0.037500 0.035937
5 0.546094 0.673438 0.029687 0.037500
1 0.714063 0.388281 0.118750 0.114062
2 0.542188 0.876563 0.025000 0.018750
4 0.713281 0.726562 0.035937 0.031250
3 0.617188 0.701562 0.115625 0.112500
2 0.714844 0.717187 0.039062 0.037500
1 0.457813 0.891406 0.046875 0.048438
5 0.685156 0.315625 0.042188 0.037500
1 0.353906 0.417187 0.064062 0.068750
3 0.303906 0.546875 0.154688 0.131250
0 0.319531 0.743750 0.098437 0.096875
4 0.195312 0.519531 0.018750 0.020313
4 0.215625 0.255469 0.040625 0.045312
4 0.201563 0.319531 0.193750 0.198437
0 0.746094 0.718750 0.029687 0.034375
1 0.378906 0.559375 0.126562 0.112500
4 0.732812 0.410156 0.025000 0.023438
1 0.138281 0.422656 0.070312 0.076563
3 0.182812 0.339062 0.118750 0.118750
4 0.353906 0.743750 0.057813 0.037500
2 0.647656 0.762500 0.082812 0.084375
4 0.413281 0.877344 0.023438 0.017188
4 0.762500 0.562500 0.034375 0.046875
0 0.397656 0.719531 0.032813 0.029687
2 0.537500 0.301563 0.065625 0.056250
5 0.400781 0.159375 0.067187 0.050000
0 0.388281 0.739844 0.045312 0.039062
2 0.901563 0.510938 0.062500 0.071875
4 0.194531 0.500781 0.126562 0.120313
1 0.514062 0.627344 0.075000 0.067187
1 0.728125 0.759375 0.078125 0.112500
2 0.535937 0.389844 0.021875 0.020313
0 0.617969 0.685937 0.057813 0.056250
0 0.612500 0.428906 0.056250 0.060937
2 0.444531 0.199219 0.045312 0.032813
3 0.398438 0.799219 0.125000 0.170313
4 0.437500 0.489844 0.046875 0.042188
0 0.823438 0.612500 0.075000 0.059375
1 0.450000 0.913281 0.059375 0.048438
0 0.311719 0.564844 0.045312 0.035937
4 0.273438 0.262500 0.028125 0.021875
4 0.403125 0.207813 0.028125 0.028125
3 0.814063 0.305469 0.046875 0.064062
4 0.624219 0.763281 0.064062 0.057813
0 0.309375 0.517969 0.037500 0.035937
3 0.903125 0.596094 0.068750 0.045312
3 0.567969 0.232031 0.285938 0.289062
1 0.614844 0.481250 0.073438 0.081250
3 0.342187 0.720313 0.140625 0.140625
5 0.770312 0.590625 0.046875 0.050000
5 0.725000 0.441406 0.059375 0.064062
1 0.272656 0.191406 0.057813 0.076563
2 0.319531 0.151562 0.035937 0.037500
3 0.142969 0.685156 0.082812 0.082812
3 0.222656 0.207031 0.070312 0.070312
1 0.276562 0.650781 0.056250 0.054688
4 0.127344 0.453125 0.095312 0.075000
3 0.620313 0.730469 0.187500 0.192188
0 0.691406 0.435156 0.029687 0.026562
2 0.513281 0.502344 0.023438 0.026562
2 0.546094 0.170313 0.029687 0.028125
4 0.369531 0.886719 0.020313 0.023438
1 0.262500 0.774219 0.053125 0.064062
5 0.232031 0.566406 0.064062 0.060937
0 0.753906 0.546875 0.120313 0.112500
2 0.285156 0.705469 0.064062 0.051562
0 0.725000 0.535937 0.093750 0.087500
2 0.435156 0.857812 0.035937 0.040625
2 0.562500 0.464062 0.025000 0.025000
2 0.595313 0.501563 0.056250 0.059375
1 0.500000 0.446094 0.078125 0.095312
1 0.208594 0.550781 0.204687 0.173437
4 0.232813 0.487500 0.040625 0.043750
3 0.300781 0.374219 0.095312 0.095312
0 0.630469 0.914844 0.032813 0.026562
2 0.374219 0.632812 0.026562 0.028125
5 0.614062 0.792188 0.028125 0.031250
2 0.442969 0.115625 0.029687 0.028125