2 0.484375 0.798438 0.040625 0.040625
3 0.515625 0.470313 0.106250 0.106250
0 0.747656 0.348438 0.101562 0.090625
1 0.784375 0.560937 0.112500 0.090625
3 0.537500 0.430469 0.178125 0.207813
5 0.150000 0.396094 0.040625 0.064062
3 0.568750 0.440625 0.568750 0.418750
5 0.279687 0.607031 0.059375 0.054688
0 0.442188 0.800781 0.050000 0.051562
1 0.428906 0.835156 0.079687 0.057813
4 0.576562 0.848437 0.056250 0.062500
3 0.607812 0.789062 0.146875 0.146875
5 0.592187 0.815625 0.025000 0.034375
3 0.517188 0.473438 0.115625 0.115625
4 0.582812 0.503906 0.043750 0.048438
0 0.472656 0.643750 0.032813 0.028125
2 0.073438 0.528125 0.012500 0.015625
0 0.124219 0.376563 0.060937 0.062500
0 0.635938 0.761719 0.025000 0.014063
5 0.425781 0.449219 0.054688 0.054688
1 0.482031 0.396875 0.085938 0.090625
0 0.138281 0.383594 0.095312 0.085938
1 0.628125 0.699219 0.187500 0.167187
2 0.310937 0.178125 0.037500 0.050000
3 0.457813 0.162500 0.109375 0.109375
4 0.365625 0.540625 0.103125 0.090625
4 0.310937 0.742969 0.031250 0.032813
5 0.348438 0.161719 0.040625 0.054688
4 0.821875 0.769531 0.043750 0.045312
0 0.167187 0.376563 0.062500 0.050000
5 0.417969 0.369531 0.029687 0.014063
3 0.446875 0.525000 0.059375 0.068750
3 0.453125 0.617188 0.075000 0.075000
1 0.350000 0.273438 0.093750 0.093750
1 0.700000 0.548438 0.040625 0.040625
5 0.771094 0.647656 0.035937 0.045312
0 0.489063 0.397656 0.153125 0.154688
0 0.523438 0.235156 0.056250 0.057813
3 0.731250 0.610938 0.081250 0.081250
2 0.452344 0.435937 0.045312 0.040625
3 0.526563 0.476562 0.106250 0.106250
2 0.838281 0.303125 0.042188 0.034375
2 0.184375 0.384375 0.037500 0.040625
2 0.817187 0.652344 0.062500 0.057813
4 0.402344 0.317188 0.020313 0.018750
3 0.210156 0.528906 0.145313 0.145313
0 0.613281 0.362500 0.067187 0.062500
0 0.269531 0.715625 0.023438 0.025000
5 0.226562 0.378906 0.034375 0.032813
0 0.730469 0.170313 0.085938 0.075000
0 0.667969 0.532813 0.035937 0.034375
0 0.265625 0.370312 0.106250 0.093750
5 0.719531 0.244531 0.020313 0.020313
1 0.799219 0.308594 0.057813 0.054688
3 0.576562 0.445312 0.212500 0.212500
4 0.743750 0.496875 0.018750 0.034375
1 0.523438 0.125000 0.103125 0.118750
2 0.689063 0.711719 0.028125 0.029687
5 0.278125 0.490625 0.065625 0.071875
1 0.478125 0.513281 0.050000 0.042188
1 0.844531 0.545312 0.107813 0.096875
3 0.827344 0.432031 0.060937 0.064062
4 0.226562 0.671094 0.062500 0.057813
5 0.799219 0.717187 0.045312 0.043750
3 0.372656 0.383594 0.082812 0.082812
2 0.786719 0.289062 0.060937 0.065625
5 0.473438 0.205469 0.034375 0.026562
3 0.228906 0.303906 0.132812 0.132812
1 0.590625 0.554688 0.084375 0.093750
3 0.472656 0.327344 0.132812 0.132812
5 0.366406 0.127344 0.039062 0.032813
2 0.593750 0.771094 0.065625 0.064062
0 0.649219 0.123438 0.035937 0.043750
4 0.582031 0.205469 0.064062 0.070312
4 0.704688 0.425781 0.071875 0.073438
5 0.698438 0.603906 0.034375 0.035937
1 0.466406 0.771875 0.054688 0.056250
2 0.851562 0.330469 0.028125 0.017188
3 0.378906 0.774219 0.079687 0.104688
3 0.497656 0.735156 0.160938 0.160938
0 0.491406 0.727344 0.060937 0.067187
5 0.707812 0.803906 0.043750 0.029687
1 0.375000 0.774219 0.121875 0.104688
3 0.527344 0.310156 0.367188 0.357812
4 0.639844 0.785937 0.026562 0.021875
1 0.173437 0.631250 0.078125 0.112500
4 0.322656 0.119531 0.039062 0.035937
2 0.317969 0.814844 0.064062 0.067187
0 0.157812 0.516406 0.053125 0.057813
3 0.251563 0.340625 0.278125 0.296875
3 0.492188 0.521875 0.087500 0.087500
1 0.319531 0.531250 0.154688 0.096875
0 0.359375 0.794531 0.103125 0.095312
1 0.318750 0.421094 0.093750 0.104688
1 0.349219 0.296094 0.076563 0.073438
0 0.744531 0.172656 0.026562 0.026562
3 0.530469 0.545312 0.176563 0.234375
2 0.674219 0.614844 0.032813 0.029687
2 0.246094 0.511719 0.029687 0.029687
3 0.385156 0.196875 0.160938 0.121875
4 0.719531 0.135156 0.029687 0.026562
3 0.523438 0.463281 0.200000 0.195312
1 0.653125 0.657813 0.053125 0.037500
2 0.845313 0.453125 0.081250 0.093750
2 0.396094 0.685156 0.076563 0.064062
3 0.348438 0.445312 0.081250 0.081250
0 0.840625 0.282031 0.043750 0.039062
0 0.496875 0.793750 0.215625 0.215625
4 0.107031 0.484375 0.023438 0.028125
3 0.430469 0.452344 0.201563 0.301563
4 0.238281 0.545312 0.054688 0.065625
2 0.648438 0.589063 0.037500 0.043750
3 0.357031 0.831250 0.089063 0.068750
2 0.771875 0.192188 0.059375 0.043750
3 0.498437 0.834375 0.150000 0.118750
4 0.594531 0.193750 0.026562 0.025000
1 0.559375 0.297656 0.078125 0.064062
4 0.645312 0.364844 0.053125 0.067187
4 0.157812 0.444531 0.109375 0.107813
0 0.467969 0.662500 0.032813 0.025000
0 0.207031 0.726562 0.035937 0.034375
4 0.149219 0.584375 0.042188 0.053125
2 0.421875 0.550781 0.059375 0.060937
3 0.435156 0.571094 0.120313 0.120313
2 0.700781 0.187500 0.073438 0.065625
5 0.558594 0.394531 0.032813 0.029687
4 0.908594 0.518750 0.026562 0.025000
0 0.768750 0.411719 0.093750 0.101562
1 0.313281 0.185156 0.098437 0.095312
2 0.624219 0.265625 0.042188 0.037500
3 0.248438 0.285938 0.140625 0.140625
2 0.532813 0.871094 0.040625 0.045312
2 0.446875 0.457031 0.087500 0.079687
2 0.301563 0.612500 0.050000 0.059375
1 0.497656 0.307031 0.048438 0.042188
3 0.362500 0.400781 0.131250 0.160938
3 0.692969 0.232813 0.117188 0.093750
3 0.832031 0.610156 0.104688 0.104688
0 0.335156 0.807031 0.051562 0.048438
0 0.153125 0.480469 0.106250 0.092188
5 0.323437 0.368750 0.025000 0.025000
4 0.692187 0.346875 0.050000 0.043750
5 0.623437 0.596094 0.040625 0.039062
1 0.492188 0.734375 0.075000 0.071875
5 0.635938 0.838281 0.043750 0.048438