1 0.567187 0.789062 0.087500 0.081250
0 0.794531 0.625000 0.154688 0.121875
1 0.192188 0.662500 0.056250 0.062500
4 0.175781 0.416406 0.042188 0.042188
5 0.682813 0.300000 0.043750 0.043750
2 0.795312 0.794531 0.040625 0.042188
5 0.784375 0.585938 0.018750 0.018750
5 0.428125 0.675781 0.031250 0.029687
5 0.246875 0.732812 0.031250 0.031250
5 0.827344 0.425781 0.054688 0.035937
1 0.414062 0.757812 0.106250 0.096875
5 0.306250 0.725781 0.028125 0.026562
4 0.771875 0.457813 0.025000 0.021875
1 0.675781 0.368750 0.120313 0.140625
3 0.446875 0.391406 0.218750 0.195312
4 0.794531 0.764844 0.035937 0.042188
2 0.340625 0.164062 0.034375 0.028125
3 0.139063 0.381250 0.118750 0.118750
5 0.525000 0.115625 0.043750 0.040625
3 0.767969 0.280469 0.195312 0.207813
4 0.525781 0.292187 0.029687 0.040625
3 0.651563 0.388281 0.150000 0.114062
3 0.742969 0.792969 0.079687 0.079687
4 0.442969 0.860156 0.023438 0.032813
4 0.836719 0.610938 0.039062 0.031250
1 0.371875 0.454688 0.221875 0.300000
3 0.377344 0.707031 0.235937 0.176563
3 0.741406 0.541406 0.120313 0.120313
4 0.444531 0.378125 0.023438 0.021875
3 0.711719 0.694531 0.145313 0.145313
0 0.701562 0.831250 0.075000 0.068750
4 0.112500 0.682813 0.034375 0.040625
1 0.410938 0.723437 0.131250 0.118750
4 0.333594 0.698438 0.032813 0.028125
0 0.414062 0.191406 0.053125 0.045312
1 0.437500 0.857812 0.090625 0.087500
2 0.740625 0.337500 0.025000 0.021875
0 0.525000 0.760938 0.056250 0.059375
1 0.121875 0.594531 0.043750 0.039062
2 0.596875 0.392969 0.043750 0.039062
3 0.694531 0.775781 0.151562 0.151562
0 0.374219 0.169531 0.032813 0.039062
0 0.339062 0.209375 0.046875 0.040625
5 0.633594 0.202344 0.045312 0.045312
1 0.468750 0.164844 0.096875 0.085938
4 0.755469 0.357031 0.032813 0.039062
1 0.827344 0.446875 0.092188 0.084375
0 0.664062 0.804688 0.100000 0.087500
3 0.174219 0.587500 0.223438 0.209375
0 0.859375 0.603125 0.056250 0.059375
0 0.256250 0.299219 0.037500 0.064062
0 0.090625 0.583594 0.046875 0.048438
5 0.315625 0.593750 0.071875 0.059375
3 0.597656 0.197656 0.132812 0.132812
1 0.687500 0.728125 0.168750 0.162500