0 0.582812 0.635156 0.040625 0.045312
1 0.624219 0.412500 0.104688 0.103125
1 0.657031 0.686719 0.092188 0.092188
1 0.163281 0.479687 0.076563 0.109375
1 0.682813 0.803125 0.081250 0.075000
3 0.522656 0.548438 0.129688 0.112500
5 0.608594 0.434375 0.026562 0.034375
1 0.308594 0.694531 0.079687 0.089063
2 0.696094 0.696094 0.054688 0.045312
2 0.148438 0.632031 0.050000 0.042188
3 0.239844 0.549219 0.067187 0.067187
1 0.593750 0.235156 0.203125 0.207813
2 0.625000 0.599219 0.134375 0.114062
2 0.812500 0.506250 0.059375 0.059375
5 0.121875 0.450000 0.050000 0.037500
5 0.878125 0.389062 0.046875 0.050000
0 0.521875 0.137500 0.115625 0.096875
5 0.712500 0.387500 0.028125 0.040625
1 0.810156 0.571875 0.076563 0.065625
3 0.512500 0.764062 0.234375 0.168750
4 0.571094 0.292969 0.029687 0.026562
2 0.777344 0.491406 0.054688 0.095312
4 0.671875 0.830469 0.021875 0.023438
5 0.368750 0.783594 0.012500 0.017188
1 0.749219 0.503125 0.064062 0.065625
1 0.667188 0.764844 0.112500 0.095312
0 0.122656 0.441406 0.048438 0.067187
0 0.603125 0.687500 0.128125 0.115625
1 0.275000 0.694531 0.071875 0.073438
3 0.644531 0.407031 0.151562 0.223438
5 0.178906 0.356250 0.035937 0.034375
4 0.150000 0.715625 0.065625 0.056250
2 0.650781 0.222656 0.060937 0.051562
0 0.673438 0.714844 0.121875 0.117188
1 0.640625 0.579688 0.037500 0.065625
5 0.340625 0.612500 0.031250 0.028125
3 0.559375 0.473438 0.087500 0.087500
0 0.632812 0.391406 0.096875 0.079687
5 0.546094 0.395313 0.060937 0.046875
4 0.292969 0.472656 0.139063 0.145313
0 0.811719 0.452344 0.076563 0.089063
4 0.629687 0.657813 0.031250 0.031250
1 0.517188 0.778906 0.087500 0.067187
3 0.389844 0.369531 0.123438 0.135937
4 0.548438 0.752344 0.059375 0.057813
0 0.496094 0.510156 0.026562 0.014063
0 0.429688 0.647656 0.071875 0.067187
5 0.375000 0.346094 0.034375 0.054688
5 0.253906 0.667969 0.029687 0.026562
1 0.281250 0.753125 0.053125 0.071875
2 0.564063 0.835156 0.059375 0.051562
4 0.721875 0.234375 0.056250 0.059375
5 0.167969 0.614844 0.067187 0.067187
0 0.601562 0.307812 0.050000 0.040625
3 0.317969 0.427344 0.226562 0.198437
1 0.697656 0.301563 0.079687 0.071875
5 0.509375 0.100000 0.018750 0.018750
2 0.571875 0.356250 0.112500 0.115625
3 0.381250 0.727344 0.281250 0.301563
0 0.483594 0.537500 0.051562 0.046875
2 0.600781 0.221094 0.095312 0.101562
1 0.417187 0.903906 0.075000 0.070312
1 0.779687 0.338281 0.100000 0.098437
3 0.366406 0.725781 0.057813 0.057813
4 0.216406 0.491406 0.023438 0.020313
5 0.621094 0.742969 0.020313 0.020313
5 0.916406 0.532031 0.042188 0.035937
0 0.158594 0.339844 0.110937 0.114062
5 0.799219 0.443750 0.070312 0.071875
5 0.885156 0.650000 0.035937 0.031250
2 0.539844 0.542188 0.039062 0.043750
3 0.604688 0.603125 0.118750 0.118750
4 0.433594 0.900781 0.026562 0.023438
5 0.407813 0.482812 0.031250 0.034375
1 0.808594 0.650781 0.092188 0.098437
5 0.399219 0.292187 0.039062 0.040625
1 0.842187 0.520312 0.050000 0.050000
0 0.316406 0.210938 0.014063 0.015625
4 0.473438 0.848437 0.068750 0.068750
0 0.592187 0.760156 0.121875 0.110937
5 0.391406 0.782031 0.070312 0.064062
4 0.303125 0.411719 0.050000 0.082812
2 0.164844 0.264844 0.051562 0.042188
5 0.444531 0.342969 0.060937 0.048438
1 0.239844 0.264844 0.057813 0.107813
2 0.718750 0.480469 0.031250 0.029687
2 0.282813 0.180469 0.068750 0.095312
2 0.846094 0.709375 0.042188 0.050000
2 0.532031 0.714063 0.054688 0.043750
5 0.803125 0.243750 0.059375 0.050000
1 0.563281 0.600000 0.142187 0.156250
2 0.457031 0.553125 0.039062 0.043750
2 0.849219 0.427344 0.014063 0.014063
2 0.492188 0.861719 0.062500 0.064062
3 0.769531 0.453906 0.095312 0.095312
2 0.536719 0.723437 0.045312 0.037500
2 0.536719 0.491406 0.035937 0.029687
4 0.506250 0.611719 0.031250 0.032813
3 0.432031 0.317969 0.135937 0.135937
4 0.419531 0.282813 0.035937 0.025000
4 0.440625 0.202344 0.146875 0.154688
5 0.848437 0.532813 0.043750 0.040625
0 0.655469 0.285938 0.064062 0.068750
3 0.287500 0.384375 0.065625 0.065625
3 0.138281 0.382031 0.079687 0.079687
0 0.867969 0.577344 0.039062 0.035937
4 0.246094 0.677344 0.023438 0.020313
5 0.654687 0.592969 0.050000 0.045312
4 0.200781 0.359375 0.045312 0.043750
4 0.887500 0.699219 0.012500 0.023438
2 0.346094 0.410938 0.035937 0.031250
1 0.641406 0.154688 0.067187 0.096875
0 0.547656 0.300000 0.098437 0.100000
4 0.515625 0.083594 0.031250 0.029687
2 0.329688 0.334375 0.059375 0.071875
3 0.254688 0.297656 0.209375 0.242188
0 0.440625 0.315625 0.084375 0.084375
5 0.625000 0.664062 0.056250 0.056250
5 0.332031 0.446094 0.064062 0.064062