3 0.661719 0.303125 0.145313 0.190625
0 0.592187 0.559375 0.040625 0.059375
5 0.299219 0.851562 0.051562 0.043750
5 0.382812 0.317969 0.046875 0.042188
0 0.232031 0.473438 0.114062 0.062500
2 0.387500 0.237500 0.034375 0.053125
3 0.677344 0.863281 0.085938 0.085938
1 0.400000 0.757031 0.071875 0.089063
5 0.600781 0.717187 0.045312 0.043750
0 0.710156 0.329688 0.098437 0.084375
3 0.545312 0.287500 0.131250 0.131250
2 0.660156 0.604688 0.032813 0.028125
2 0.417969 0.127344 0.085938 0.085938
2 0.343750 0.799219 0.056250 0.067187
0 0.384375 0.482812 0.084375 0.081250
1 0.342969 0.776563 0.054688 0.056250
0 0.188281 0.280469 0.057813 0.060937
3 0.757812 0.435937 0.128125 0.128125
3 0.680469 0.210156 0.089063 0.089063
0 0.287500 0.607031 0.037500 0.032813
1 0.767188 0.634375 0.100000 0.090625
4 0.176563 0.340625 0.106250 0.090625
5 0.771094 0.650000 0.039062 0.037500
3 0.332813 0.497656 0.159375 0.170313
2 0.400781 0.284375 0.189062 0.165625
5 0.205469 0.274219 0.029687 0.035937
3 0.810156 0.532031 0.223438 0.273438
2 0.317188 0.756250 0.028125 0.028125
4 0.121875 0.694531 0.034375 0.032813
4 0.367969 0.811719 0.048438 0.048438
2 0.479687 0.361719 0.193750 0.201563
2 0.117969 0.368750 0.035937 0.028125
0 0.349219 0.282031 0.179688 0.167187
5 0.816406 0.528906 0.042188 0.048438
3 0.344531 0.309375 0.173437 0.190625
0 0.240625 0.243750 0.028125 0.056250
2 0.484375 0.743750 0.018750 0.025000
5 0.438281 0.297656 0.026562 0.035937
1 0.714063 0.710156 0.065625 0.095312
1 0.388281 0.492969 0.132812 0.139063
0 0.734375 0.540625 0.040625 0.037500
0 0.230469 0.274219 0.067187 0.064062
3 0.150000 0.607812 0.109375 0.109375
5 0.485938 0.501563 0.046875 0.037500
3 0.355469 0.695312 0.182812 0.171875
2 0.675781 0.832812 0.057813 0.068750
0 0.450781 0.167969 0.145313 0.145313
2 0.575000 0.328906 0.037500 0.035937
2 0.299219 0.436719 0.039062 0.039062
2 0.564844 0.282813 0.051562 0.056250