4 0.697656 0.308594 0.029687 0.029687
3 0.392188 0.274219 0.137500 0.179688
2 0.522656 0.783594 0.048438 0.042188
0 0.808594 0.689063 0.054688 0.050000
2 0.146875 0.431250 0.062500 0.068750
0 0.463281 0.791406 0.067187 0.054688
5 0.130469 0.551562 0.032813 0.034375
5 0.578906 0.635938 0.026562 0.025000
1 0.712500 0.807813 0.106250 0.106250
5 0.678906 0.474219 0.045312 0.048438
2 0.328906 0.557813 0.029687 0.025000
1 0.328125 0.583594 0.106250 0.104688
5 0.377344 0.850781 0.054688 0.045312
1 0.372656 0.738281 0.076563 0.060937
5 0.752344 0.521875 0.020313 0.028125
3 0.559375 0.212500 0.162500 0.162500
1 0.221875 0.263281 0.075000 0.085938
0 0.546875 0.371875 0.059375 0.059375
0 0.678125 0.572656 0.062500 0.045312
5 0.224219 0.713281 0.054688 0.057813
0 0.491406 0.693750 0.098437 0.084375
3 0.189844 0.335156 0.135937 0.157812
3 0.360156 0.667969 0.067187 0.067187
0 0.525000 0.184375 0.084375 0.075000
5 0.115625 0.626563 0.031250 0.031250
4 0.502344 0.778125 0.051562 0.037500
2 0.207813 0.742188 0.046875 0.046875
1 0.452344 0.279687 0.067187 0.071875
4 0.257812 0.290625 0.065625 0.056250
0 0.152344 0.678906 0.023438 0.029687
0 0.198437 0.532031 0.046875 0.039062
0 0.925781 0.416406 0.023438 0.023438
3 0.467187 0.314844 0.221875 0.289062
2 0.249219 0.585938 0.223438 0.200000
5 0.696094 0.790625 0.023438 0.025000
2 0.515625 0.917969 0.043750 0.045312
2 0.693750 0.333594 0.034375 0.039062
3 0.542969 0.346094 0.073438 0.073438
2 0.267969 0.620313 0.035937 0.034375
5 0.544531 0.491406 0.039062 0.026562
4 0.704688 0.564063 0.034375 0.050000
4 0.376563 0.247656 0.025000 0.026562
3 0.228125 0.440625 0.190625 0.168750
0 0.403906 0.822656 0.054688 0.089063
1 0.395313 0.757812 0.187500 0.143750
3 0.347656 0.326562 0.298438 0.250000
4 0.349219 0.414844 0.123438 0.098437
3 0.433594 0.447656 0.485938 0.473438
5 0.518750 0.470313 0.034375 0.040625
1 0.858594 0.302344 0.079687 0.067187
1 0.350000 0.551562 0.068750 0.050000
4 0.669531 0.101562 0.023438 0.015625
0 0.553906 0.364844 0.089063 0.085938
2 0.660937 0.482812 0.078125 0.065625
3 0.413281 0.230469 0.160938 0.120313
4 0.493750 0.860938 0.050000 0.053125
5 0.429688 0.825000 0.037500 0.043750
1 0.610938 0.662500 0.071875 0.087500
1 0.239844 0.579688 0.070312 0.062500
1 0.215625 0.478906 0.106250 0.073438
3 0.435937 0.197656 0.103125 0.085938
4 0.573438 0.266406 0.053125 0.054688
5 0.377344 0.625781 0.051562 0.045312
5 0.473438 0.367188 0.021875 0.028125
1 0.760156 0.464844 0.076563 0.076563
2 0.727344 0.516406 0.045312 0.048438
5 0.182812 0.346875 0.040625 0.034375
4 0.564844 0.442969 0.032813 0.032813
4 0.663281 0.308594 0.067187 0.051562
5 0.291406 0.315625 0.029687 0.028125
2 0.604688 0.678125 0.068750 0.053125
3 0.633594 0.150781 0.120313 0.120313
4 0.432812 0.545312 0.075000 0.068750
2 0.432031 0.217188 0.064062 0.103125
0 0.635156 0.573438 0.126562 0.125000