3 0.342969 0.411719 0.229687 0.382812
5 0.421094 0.796875 0.048438 0.081250
0 0.454688 0.428125 0.043750 0.034375
4 0.490625 0.604688 0.025000 0.021875
3 0.498437 0.662500 0.090625 0.068750
4 0.392188 0.137500 0.025000 0.025000
0 0.639062 0.285156 0.037500 0.039062
1 0.372656 0.718750 0.039062 0.040625
5 0.422656 0.550000 0.060937 0.071875
4 0.421875 0.489063 0.025000 0.028125
1 0.692187 0.244531 0.106250 0.107813
3 0.743750 0.806250 0.071875 0.078125
0 0.497656 0.850000 0.023438 0.021875
5 0.783594 0.466406 0.026562 0.029687
3 0.817187 0.496875 0.209375 0.231250
4 0.371094 0.420312 0.120313 0.100000
2 0.382031 0.231250 0.029687 0.021875
3 0.497656 0.517969 0.107813 0.107813
1 0.665625 0.594531 0.068750 0.095312
5 0.180469 0.491406 0.051562 0.051562
3 0.735156 0.294531 0.135937 0.076563
4 0.499219 0.083594 0.048438 0.042188
3 0.500000 0.189062 0.256250 0.243750
0 0.307812 0.714063 0.043750 0.053125
2 0.846094 0.286719 0.045312 0.039062
3 0.798438 0.248438 0.090625 0.090625
5 0.744531 0.636719 0.039062 0.039062
2 0.786719 0.670312 0.042188 0.046875
4 0.480469 0.207813 0.042188 0.037500
3 0.410938 0.201563 0.125000 0.125000
4 0.589063 0.210156 0.021875 0.014063
2 0.217969 0.387500 0.079687 0.084375
4 0.392969 0.573438 0.023438 0.025000
4 0.434375 0.682031 0.046875 0.057813
5 0.782813 0.377344 0.037500 0.039062
1 0.223438 0.309375 0.178125 0.200000
3 0.325000 0.504687 0.137500 0.137500
4 0.646094 0.888281 0.060937 0.073438
0 0.671875 0.313281 0.031250 0.026562
4 0.150000 0.508594 0.043750 0.054688
2 0.847656 0.325000 0.054688 0.046875
4 0.548438 0.422656 0.068750 0.060937
5 0.686719 0.242188 0.054688 0.043750
0 0.510938 0.469531 0.131250 0.145313
3 0.379688 0.571094 0.103125 0.101562
3 0.324219 0.221094 0.176563 0.239063
0 0.567187 0.728906 0.028125 0.048438
4 0.313281 0.635156 0.048438 0.054688
4 0.576562 0.329688 0.187500 0.178125
2 0.416406 0.172656 0.035937 0.035937
4 0.691406 0.799219 0.020313 0.026562
4 0.729688 0.468750 0.050000 0.071875
2 0.417187 0.425781 0.034375 0.023438
4 0.288281 0.859375 0.020313 0.025000
1 0.703125 0.700000 0.118750 0.109375
0 0.413281 0.307812 0.076563 0.068750
2 0.342969 0.683594 0.057813 0.057813
5 0.326562 0.580469 0.025000 0.023438
3 0.803125 0.290625 0.075000 0.075000
0 0.242969 0.500000 0.032813 0.040625
4 0.401562 0.774219 0.021875 0.023438
5 0.156250 0.587500 0.028125 0.028125
3 0.367969 0.784375 0.070312 0.065625
5 0.710938 0.692187 0.037500 0.043750