1 0.550781 0.777344 0.204687 0.223438
0 0.337500 0.646875 0.056250 0.046875
5 0.785937 0.199219 0.056250 0.060937
5 0.492188 0.099219 0.034375 0.032813
0 0.567187 0.528125 0.075000 0.062500
5 0.513281 0.464062 0.026562 0.040625
4 0.418750 0.249219 0.040625 0.045312
0 0.398438 0.660937 0.071875 0.071875
5 0.471094 0.146094 0.048438 0.048438
3 0.551562 0.634375 0.115625 0.115625
3 0.453906 0.530469 0.151562 0.151562
1 0.576562 0.175781 0.093750 0.170313
5 0.742969 0.294531 0.048438 0.039062
0 0.622656 0.667188 0.042188 0.040625
0 0.190625 0.242969 0.043750 0.051562
5 0.628125 0.452344 0.031250 0.023438
4 0.595313 0.396094 0.043750 0.042188
2 0.173437 0.592969 0.090625 0.070312
3 0.543750 0.614844 0.065625 0.089063
2 0.645312 0.686719 0.050000 0.064062
0 0.275781 0.596875 0.117188 0.103125
0 0.664062 0.885156 0.034375 0.029687
4 0.083594 0.555469 0.042188 0.029687
4 0.494531 0.434375 0.045312 0.043750
0 0.401562 0.721875 0.056250 0.025000
1 0.420312 0.571875 0.100000 0.096875
3 0.745313 0.184375 0.081250 0.081250
2 0.606250 0.524219 0.109375 0.139063
4 0.350000 0.250000 0.093750 0.096875
2 0.255469 0.819531 0.051562 0.054688
0 0.535156 0.785156 0.048438 0.051562
5 0.555469 0.788281 0.070312 0.070312
0 0.582031 0.511719 0.104688 0.101562
0 0.474219 0.899219 0.076563 0.079687
4 0.232813 0.187500 0.028125 0.025000
0 0.773438 0.563281 0.028125 0.026562
1 0.665625 0.581250 0.156250 0.103125
4 0.571875 0.516406 0.034375 0.039062
5 0.746875 0.356250 0.040625 0.040625
1 0.379688 0.242969 0.090625 0.089063
2 0.739844 0.491406 0.064062 0.051562
1 0.314844 0.200000 0.135937 0.118750
3 0.290625 0.692187 0.156250 0.156250
1 0.567187 0.393750 0.087500 0.115625
4 0.592187 0.239063 0.015625 0.018750
0 0.563281 0.136719 0.085938 0.064062
4 0.304688 0.303125 0.093750 0.078125
1 0.777344 0.704688 0.048438 0.037500
4 0.160938 0.564844 0.021875 0.029687
5 0.372656 0.664844 0.042188 0.042188
3 0.733594 0.478125 0.317188 0.231250
5 0.771094 0.467969 0.035937 0.045312
0 0.373437 0.485938 0.090625 0.087500
3 0.382031 0.686719 0.139063 0.117188
4 0.517969 0.607812 0.229687 0.193750
3 0.710938 0.328125 0.118750 0.118750
4 0.832812 0.331250 0.068750 0.068750
5 0.675000 0.388281 0.034375 0.032813
1 0.394531 0.630469 0.032813 0.039062
3 0.442969 0.342969 0.267188 0.279687
4 0.289844 0.486719 0.029687 0.026562
2 0.377344 0.885156 0.060937 0.057813
2 0.561719 0.283594 0.029687 0.026562
4 0.690625 0.236719 0.040625 0.029687
5 0.373437 0.264062 0.043750 0.040625
1 0.350000 0.445312 0.112500 0.121875
0 0.425781 0.682813 0.110937 0.084375
1 0.625000 0.799219 0.050000 0.139063
3 0.507031 0.528906 0.098437 0.098437
2 0.780469 0.324219 0.042188 0.029687
4 0.574219 0.287500 0.017188 0.018750
3 0.512500 0.442969 0.415625 0.301563
1 0.635938 0.107031 0.037500 0.039062
1 0.246094 0.435937 0.082812 0.093750
2 0.580469 0.231250 0.073438 0.081250
5 0.896875 0.383594 0.050000 0.054688
0 0.488281 0.565625 0.060937 0.056250
1 0.356250 0.311719 0.081250 0.117188
3 0.365625 0.502344 0.150000 0.120313
5 0.830469 0.728125 0.042188 0.037500
0 0.157812 0.692187 0.053125 0.053125
2 0.828906 0.758594 0.039062 0.039062
5 0.398438 0.165625 0.028125 0.028125
1 0.847656 0.375781 0.164062 0.151562
0 0.571875 0.652344 0.053125 0.054688
4 0.557031 0.825000 0.076563 0.068750
4 0.166406 0.417969 0.073438 0.073438
1 0.221094 0.678906 0.157812 0.101562
2 0.433594 0.922656 0.026562 0.020313
4 0.543750 0.820312 0.018750 0.018750
1 0.683594 0.610156 0.070312 0.104688
3 0.278125 0.718750 0.131250 0.178125
0 0.467969 0.825781 0.032813 0.029687
0 0.416406 0.341406 0.035937 0.079687
2 0.443750 0.154688 0.084375 0.075000
2 0.589063 0.410156 0.053125 0.035937
2 0.617188 0.579688 0.034375 0.046875
5 0.785156 0.741406 0.026562 0.026562