5 0.706250 0.382031 0.050000 0.048438
2 0.903906 0.414062 0.032813 0.031250
4 0.846094 0.356250 0.064062 0.050000
5 0.314844 0.203125 0.045312 0.043750
5 0.435156 0.290625 0.054688 0.043750
2 0.603906 0.571094 0.026562 0.042188
3 0.424219 0.600000 0.439063 0.428125
3 0.343750 0.212500 0.125000 0.103125
5 0.712500 0.703125 0.046875 0.043750
5 0.614844 0.497656 0.039062 0.035937
3 0.456250 0.571875 0.087500 0.087500
0 0.249219 0.603906 0.079687 0.067187
3 0.730469 0.636719 0.082812 0.082812
2 0.403125 0.458594 0.025000 0.026562
2 0.357031 0.385937 0.042188 0.040625
5 0.177344 0.675781 0.045312 0.029687
1 0.705469 0.521094 0.067187 0.076563
3 0.355469 0.747656 0.139063 0.139063
0 0.778125 0.398438 0.156250 0.156250
5 0.260937 0.502344 0.034375 0.032813
4 0.650000 0.178906 0.025000 0.029687
2 0.240625 0.625000 0.028125 0.025000
5 0.335938 0.875000 0.065625 0.062500
0 0.217188 0.568750 0.034375 0.040625
3 0.433594 0.738281 0.104688 0.104688
4 0.471875 0.501563 0.084375 0.096875
1 0.280469 0.403906 0.079687 0.064062
5 0.828125 0.458594 0.046875 0.045312
5 0.174219 0.624219 0.039062 0.051562
3 0.839063 0.373437 0.156250 0.156250
2 0.690625 0.196875 0.050000 0.037500
5 0.462500 0.664844 0.050000 0.039062
5 0.148438 0.374219 0.034375 0.029687
1 0.167969 0.411719 0.060937 0.073438
1 0.225000 0.415625 0.068750 0.068750
2 0.284375 0.747656 0.021875 0.020313
2 0.471094 0.792188 0.076563 0.103125
2 0.374219 0.204687 0.057813 0.059375
1 0.482031 0.435937 0.060937 0.056250
0 0.340625 0.648438 0.059375 0.062500
3 0.345313 0.489063 0.100000 0.100000
1 0.316406 0.558594 0.157812 0.160938
0 0.157812 0.264844 0.065625 0.057813
3 0.607812 0.200000 0.225000 0.153125
3 0.307031 0.538281 0.064062 0.064062
1 0.798438 0.453125 0.137500 0.162500
1 0.328125 0.682031 0.068750 0.067187
4 0.739844 0.523438 0.054688 0.078125
1 0.585156 0.689844 0.076563 0.079687
1 0.699219 0.735938 0.060937 0.071875
1 0.603125 0.383594 0.056250 0.054688
5 0.649219 0.849219 0.048438 0.045312
5 0.824219 0.630469 0.051562 0.051562
0 0.728125 0.492188 0.075000 0.071875
2 0.844531 0.682813 0.067187 0.059375
1 0.303906 0.185938 0.085938 0.071875
1 0.428125 0.746875 0.078125 0.059375
4 0.445312 0.429688 0.071875 0.075000
0 0.768750 0.776563 0.103125 0.109375
4 0.104688 0.373437 0.018750 0.021875
3 0.175781 0.276562 0.064062 0.065625
0 0.253906 0.680469 0.135937 0.114062
2 0.761719 0.433594 0.035937 0.042188
5 0.429688 0.426563 0.040625 0.046875
0 0.709375 0.242188 0.021875 0.021875
1 0.538281 0.760938 0.070312 0.075000
3 0.443750 0.461719 0.196875 0.126562
3 0.231250 0.638281 0.065625 0.060937
5 0.743750 0.234375 0.034375 0.034375
3 0.692187 0.712500 0.121875 0.137500
4 0.331250 0.282813 0.059375 0.050000
1 0.580469 0.596094 0.057813 0.051562
4 0.399219 0.881250 0.054688 0.053125
1 0.702344 0.238281 0.201563 0.185938
4 0.555469 0.864844 0.067187 0.076563
3 0.425000 0.610156 0.190625 0.257812
2 0.155469 0.421875 0.170313 0.171875
5 0.249219 0.681250 0.042188 0.040625
2 0.783594 0.255469 0.070312 0.073438
1 0.265625 0.390625 0.087500 0.109375
2 0.396875 0.682813 0.046875 0.043750
1 0.195312 0.559375 0.140625 0.134375
1 0.489063 0.789062 0.103125 0.087500
4 0.100000 0.527344 0.087500 0.064062
3 0.775781 0.582031 0.229687 0.185938
2 0.473438 0.796875 0.043750 0.034375
5 0.286719 0.435937 0.051562 0.040625
2 0.377344 0.759375 0.032813 0.034375
2 0.725000 0.407031 0.043750 0.045312
5 0.548438 0.924219 0.031250 0.029687
0 0.623437 0.249219 0.059375 0.048438
1 0.839844 0.615625 0.032813 0.037500
3 0.762500 0.392188 0.165625 0.165625
1 0.335156 0.767969 0.067187 0.060937
5 0.756250 0.605469 0.056250 0.048438
5 0.433594 0.633594 0.048438 0.048438
0 0.693750 0.771094 0.031250 0.042188
4 0.257031 0.357812 0.017188 0.018750
5 0.767969 0.787500 0.032813 0.046875
0 0.397656 0.230469 0.129688 0.092188
0 0.191406 0.515625 0.110937 0.093750
3 0.422656 0.767969 0.248438 0.220312
4 0.653906 0.574219 0.079687 0.032813
5 0.328125 0.600000 0.034375 0.043750
5 0.822656 0.213281 0.032813 0.035937
5 0.571875 0.208594 0.034375 0.035937
2 0.445312 0.456250 0.025000 0.025000
1 0.879687 0.446875 0.118750 0.128125
1 0.482812 0.162500 0.081250 0.062500
1 0.725781 0.504687 0.039062 0.040625
3 0.600000 0.228125 0.125000 0.125000
2 0.893750 0.542188 0.053125 0.056250
3 0.324219 0.567187 0.132812 0.146875
1 0.433594 0.706250 0.048438 0.065625
4 0.500000 0.825781 0.025000 0.023438
4 0.711719 0.308594 0.029687 0.039062
5 0.750781 0.216406 0.042188 0.048438
4 0.341406 0.306250 0.051562 0.050000
5 0.190625 0.484375 0.037500 0.037500
5 0.239844 0.189844 0.026562 0.032813
2 0.460938 0.212500 0.046875 0.046875
2 0.317188 0.507812 0.034375 0.031250
1 0.436719 0.653906 0.110937 0.104688
4 0.438281 0.444531 0.120313 0.132812
3 0.664844 0.664062 0.073438 0.084375
3 0.837500 0.609375 0.143750 0.143750
2 0.469531 0.555469 0.042188 0.032813
4 0.370312 0.408594 0.040625 0.032813
2 0.814844 0.593750 0.054688 0.050000
1 0.656250 0.707031 0.043750 0.029687
5 0.120313 0.466406 0.031250 0.029687
4 0.557031 0.603906 0.026562 0.026562
1 0.867969 0.591406 0.092188 0.117188
4 0.363281 0.669531 0.051562 0.035937
4 0.550000 0.116406 0.043750 0.042188
3 0.346094 0.825781 0.126562 0.126562
0 0.433594 0.087500 0.051562 0.056250
2 0.587500 0.778906 0.043750 0.042188
0 0.273438 0.264844 0.040625 0.042188
4 0.602344 0.521875 0.039062 0.037500
5 0.615625 0.410938 0.025000 0.034375
0 0.343750 0.118750 0.059375 0.062500
0 0.845313 0.683594 0.068750 0.064062
2 0.557031 0.870313 0.048438 0.050000
0 0.337500 0.736719 0.018750 0.020313
3 0.719531 0.475781 0.126562 0.126562
3 0.456250 0.700000 0.159375 0.175000
1 0.563281 0.253125 0.182812 0.143750
3 0.315625 0.214062 0.112500 0.112500
3 0.381250 0.667188 0.071875 0.071875