4 0.483594 0.383594 0.020313 0.023438
3 0.468750 0.637500 0.121875 0.121875
3 0.367969 0.221094 0.095312 0.085938
0 0.653906 0.325781 0.035937 0.039062
2 0.714844 0.669531 0.185938 0.139063
0 0.535937 0.463281 0.071875 0.079687
4 0.323437 0.335156 0.071875 0.073438
4 0.791406 0.351562 0.073438 0.065625
1 0.650000 0.359375 0.056250 0.050000
5 0.571094 0.421094 0.039062 0.042188
2 0.899219 0.420312 0.048438 0.050000
3 0.232031 0.573438 0.223438 0.200000
2 0.684375 0.175781 0.021875 0.029687
5 0.207031 0.466406 0.035937 0.035937
4 0.292969 0.376563 0.029687 0.025000
1 0.190625 0.621094 0.087500 0.098437
2 0.323437 0.175781 0.028125 0.026562
0 0.637500 0.627344 0.021875 0.020313
1 0.469531 0.210938 0.120313 0.100000
0 0.293750 0.714063 0.090625 0.075000
4 0.860938 0.657031 0.046875 0.045312
2 0.364844 0.257031 0.045312 0.045312
5 0.714063 0.698438 0.059375 0.065625
4 0.557813 0.520312 0.121875 0.109375
4 0.901563 0.491406 0.059375 0.064062
5 0.155469 0.602344 0.039062 0.039062
0 0.157812 0.393750 0.034375 0.031250
0 0.687500 0.742188 0.028125 0.028125
3 0.273438 0.628125 0.321875 0.256250
0 0.784375 0.297656 0.046875 0.045312
3 0.610938 0.743750 0.096875 0.096875
1 0.781250 0.560156 0.059375 0.067187
2 0.628906 0.140625 0.029687 0.034375
1 0.483594 0.482812 0.151562 0.140625
4 0.671875 0.400000 0.018750 0.018750
1 0.255469 0.307031 0.067187 0.073438
1 0.557031 0.146094 0.089063 0.082812
4 0.763281 0.244531 0.085938 0.079687
4 0.853125 0.383594 0.037500 0.051562
4 0.599219 0.221094 0.092188 0.104688
1 0.214062 0.399219 0.071875 0.082812
3 0.453906 0.475000 0.279687 0.262500
3 0.242969 0.225781 0.073438 0.073438
2 0.435156 0.169531 0.064062 0.057813
3 0.315625 0.614062 0.225000 0.225000
2 0.625781 0.538281 0.032813 0.029687
4 0.677344 0.695312 0.107813 0.115625
5 0.267969 0.185156 0.042188 0.057813
2 0.517188 0.250781 0.034375 0.035937
2 0.510156 0.441406 0.220312 0.179688
4 0.209375 0.702344 0.031250 0.029687
5 0.297656 0.880469 0.039062 0.032813
1 0.356250 0.846094 0.037500 0.051562
1 0.381250 0.263281 0.059375 0.051562
5 0.331250 0.876563 0.050000 0.050000
5 0.371875 0.358594 0.040625 0.045312
2 0.688281 0.255469 0.042188 0.039062
4 0.471875 0.771875 0.031250 0.034375
4 0.672656 0.790625 0.020313 0.021875
5 0.603906 0.565625 0.023438 0.028125
1 0.248438 0.745313 0.118750 0.137500
5 0.561719 0.824219 0.045312 0.054688
1 0.629687 0.810937 0.059375 0.081250
1 0.490625 0.134375 0.065625 0.068750
1 0.429688 0.619531 0.068750 0.073438
4 0.796875 0.633594 0.031250 0.029687
5 0.401562 0.464062 0.046875 0.040625
5 0.477344 0.390625 0.023438 0.025000
5 0.167969 0.557031 0.035937 0.048438
2 0.667969 0.495312 0.235937 0.184375
1 0.510156 0.090625 0.070312 0.071875
4 0.911719 0.514062 0.051562 0.046875
0 0.642188 0.393750 0.034375 0.037500
4 0.731250 0.341406 0.062500 0.070312
0 0.232813 0.679688 0.025000 0.031250
4 0.709375 0.190625 0.046875 0.050000
2 0.899219 0.482812 0.045312 0.043750
5 0.086719 0.457813 0.039062 0.050000
2 0.775781 0.528906 0.039062 0.035937
5 0.214062 0.429688 0.059375 0.050000
4 0.694531 0.731250 0.026562 0.018750
5 0.759375 0.240625 0.034375 0.037500
2 0.096875 0.441406 0.037500 0.029687
5 0.703125 0.457031 0.068750 0.067187
5 0.501563 0.457031 0.068750 0.057813
2 0.529687 0.851562 0.056250 0.065625
5 0.307031 0.631250 0.029687 0.028125
2 0.329688 0.360156 0.059375 0.048438
2 0.568750 0.557813 0.037500 0.034375
1 0.764062 0.413281 0.103125 0.079687
4 0.596094 0.573438 0.045312 0.062500
4 0.647656 0.790625 0.010937 0.018750
1 0.182812 0.295312 0.075000 0.078125
3 0.697656 0.549219 0.089063 0.089063
0 0.540625 0.845313 0.075000 0.075000
0 0.265625 0.744531 0.021875 0.023438
5 0.634375 0.145313 0.043750 0.031250
1 0.171094 0.558594 0.064062 0.057813
4 0.229687 0.593750 0.025000 0.025000
0 0.620313 0.841406 0.050000 0.045312
2 0.332031 0.435937 0.079687 0.078125
4 0.733594 0.207031 0.064062 0.073438
5 0.330469 0.825000 0.039062 0.043750
4 0.789062 0.671094 0.043750 0.039062
5 0.482031 0.395313 0.054688 0.056250
3 0.874219 0.502344 0.089063 0.089063
3 0.491406 0.346094 0.154688 0.148438
2 0.561719 0.229687 0.060937 0.056250
0 0.334375 0.660156 0.062500 0.057813
1 0.525000 0.367188 0.093750 0.071875
1 0.493750 0.275781 0.106250 0.082812
2 0.489844 0.771094 0.039062 0.039062
0 0.523438 0.765625 0.034375 0.031250
2 0.202344 0.455469 0.029687 0.029687
4 0.632812 0.542969 0.028125 0.026562
2 0.428125 0.249219 0.053125 0.051562
1 0.704688 0.210156 0.118750 0.095312
2 0.917188 0.429688 0.021875 0.037500
4 0.680469 0.528125 0.042188 0.021875
2 0.197656 0.434375 0.035937 0.034375
1 0.487500 0.502344 0.078125 0.073438
2 0.656250 0.211719 0.034375 0.035937
0 0.823438 0.694531 0.037500 0.032813
2 0.800000 0.206250 0.021875 0.021875
2 0.691406 0.385156 0.023438 0.026562
0 0.797656 0.499219 0.023438 0.023438
1 0.763281 0.576562 0.139063 0.159375
2 0.386719 0.848437 0.010937 0.021875
5 0.842969 0.294531 0.035937 0.039062
4 0.336719 0.581250 0.204687 0.237500
2 0.852344 0.364844 0.045312 0.045312
3 0.284375 0.442188 0.428125 0.418750