5 0.510156 0.698438 0.026562 0.037500
5 0.600781 0.437500 0.051562 0.046875
5 0.286719 0.860938 0.048438 0.043750
1 0.472656 0.902344 0.064062 0.073438
1 0.360938 0.764062 0.031250 0.046875
4 0.389062 0.637500 0.240625 0.181250
3 0.613281 0.323437 0.404687 0.409375
1 0.148438 0.425781 0.050000 0.048438
3 0.589063 0.417187 0.175000 0.228125
3 0.622656 0.565625 0.314063 0.296875
2 0.284375 0.768750 0.043750 0.053125
3 0.193750 0.661719 0.093750 0.101562
2 0.629687 0.301563 0.028125 0.034375
4 0.726562 0.363281 0.034375 0.039062
2 0.465625 0.750781 0.043750 0.035937
5 0.308594 0.360938 0.051562 0.046875
2 0.574219 0.516406 0.048438 0.057813
5 0.310156 0.657031 0.054688 0.039062
4 0.535156 0.753125 0.023438 0.021875
0 0.274219 0.764844 0.023438 0.020313
1 0.581250 0.645312 0.087500 0.078125
0 0.653125 0.182031 0.118750 0.098437
2 0.310156 0.882031 0.032813 0.029687
5 0.177344 0.651563 0.035937 0.037500
2 0.825781 0.679688 0.070312 0.075000
2 0.785156 0.345313 0.057813 0.043750
2 0.402344 0.841406 0.020313 0.020313
2 0.546094 0.223438 0.164062 0.240625
0 0.629687 0.215625 0.150000 0.121875
0 0.816406 0.565625 0.054688 0.056250
0 0.548438 0.414844 0.050000 0.051562
5 0.120313 0.589063 0.040625 0.050000
2 0.315625 0.803906 0.031250 0.032813
0 0.708594 0.835156 0.026562 0.023438
3 0.615625 0.170313 0.143750 0.109375
2 0.349219 0.551562 0.085938 0.096875
0 0.621875 0.214062 0.096875 0.081250
3 0.654687 0.136719 0.059375 0.048438
2 0.335156 0.801562 0.029687 0.034375
1 0.417187 0.403125 0.134375 0.128125
4 0.539062 0.405469 0.050000 0.054688
1 0.436719 0.466406 0.095312 0.092188
1 0.710938 0.557031 0.059375 0.048438
3 0.607031 0.155469 0.151562 0.151562
3 0.428125 0.696875 0.081250 0.081250
3 0.589844 0.856250 0.104688 0.090625
4 0.475000 0.325781 0.056250 0.051562
2 0.425000 0.561719 0.046875 0.035937
4 0.457813 0.573438 0.125000 0.125000
5 0.582812 0.137500 0.018750 0.018750
4 0.276562 0.260937 0.046875 0.046875
0 0.842969 0.252344 0.020313 0.039062
1 0.688281 0.514844 0.051562 0.051562
0 0.620313 0.824219 0.103125 0.095312
2 0.617188 0.710938 0.062500 0.056250
0 0.904687 0.403125 0.046875 0.040625
4 0.553125 0.840625 0.028125 0.025000
5 0.234375 0.653125 0.034375 0.028125
3 0.585938 0.671875 0.115625 0.115625
4 0.691406 0.289062 0.117188 0.131250
1 0.560156 0.845313 0.060937 0.087500
5 0.424219 0.098437 0.054688 0.053125
5 0.782813 0.363281 0.031250 0.026562
0 0.613281 0.314844 0.054688 0.054688
1 0.442969 0.516406 0.079687 0.070312
0 0.116406 0.363281 0.082812 0.076563
0 0.584375 0.507031 0.031250 0.039062
5 0.270313 0.352344 0.053125 0.042188
4 0.614844 0.769531 0.023438 0.020313
0 0.639062 0.660156 0.031250 0.032813
1 0.313281 0.550000 0.051562 0.040625
3 0.574219 0.533594 0.051562 0.051562
0 0.772656 0.594531 0.070312 0.060937
4 0.294531 0.740625 0.035937 0.018750
0 0.703906 0.275781 0.029687 0.029687
3 0.137500 0.531250 0.121875 0.121875
5 0.292187 0.603125 0.040625 0.031250
3 0.268750 0.685937 0.271875 0.237500
0 0.499219 0.793750 0.045312 0.043750
0 0.743750 0.444531 0.071875 0.073438
1 0.557031 0.359375 0.089063 0.075000
0 0.551562 0.581250 0.037500 0.028125
3 0.722656 0.367969 0.204687 0.142187
3 0.778906 0.284375 0.182812 0.115625
3 0.338281 0.374219 0.407813 0.445312
3 0.348438 0.300000 0.065625 0.065625
1 0.421875 0.532813 0.065625 0.068750
2 0.233594 0.730469 0.173437 0.182812
1 0.289062 0.790625 0.053125 0.043750