0 0.400781 0.905469 0.067187 0.060937
3 0.452344 0.838281 0.098437 0.126562
1 0.771875 0.284375 0.084375 0.062500
3 0.544531 0.605469 0.098437 0.098437
4 0.305469 0.158594 0.042188 0.045312
2 0.596875 0.148438 0.034375 0.037500
3 0.337500 0.631250 0.100000 0.100000
0 0.712500 0.745313 0.065625 0.059375
0 0.621875 0.553125 0.075000 0.062500
0 0.632812 0.646875 0.031250 0.028125
5 0.222656 0.745313 0.035937 0.037500
5 0.509375 0.575000 0.068750 0.068750
1 0.308594 0.290625 0.151562 0.093750
5 0.117188 0.592969 0.065625 0.060937
3 0.610156 0.696094 0.329688 0.329688
5 0.402344 0.494531 0.042188 0.032813
1 0.635156 0.325000 0.101562 0.112500
2 0.192969 0.304688 0.029687 0.028125
3 0.219531 0.508594 0.126562 0.126562
0 0.454688 0.217188 0.056250 0.053125
2 0.270313 0.380469 0.046875 0.051562
1 0.304688 0.278125 0.106250 0.090625
2 0.262500 0.633594 0.071875 0.064062
4 0.369531 0.740625 0.057813 0.050000
2 0.516406 0.607812 0.010937 0.012500
3 0.325000 0.726562 0.193750 0.193750
1 0.475781 0.703125 0.060937 0.053125
0 0.707812 0.691406 0.050000 0.054688
1 0.302344 0.660937 0.204687 0.193750
0 0.814063 0.447656 0.037500 0.051562
4 0.918750 0.525000 0.037500 0.037500
3 0.547656 0.146094 0.101562 0.092188
0 0.435156 0.388281 0.095312 0.079687
5 0.190625 0.565625 0.062500 0.050000
3 0.333594 0.353906 0.048438 0.048438
5 0.236719 0.250781 0.042188 0.045312
4 0.279687 0.225000 0.040625 0.065625
0 0.161719 0.676562 0.064062 0.065625
1 0.330469 0.575000 0.051562 0.065625
4 0.591406 0.820312 0.023438 0.025000
0 0.522656 0.917969 0.017188 0.023438
4 0.459375 0.725781 0.025000 0.032813
5 0.767969 0.523438 0.054688 0.090625
4 0.743750 0.792969 0.025000 0.020313
4 0.272656 0.661719 0.160938 0.176563
3 0.195312 0.465625 0.106250 0.106250
2 0.375000 0.856250 0.028125 0.031250
1 0.590625 0.650000 0.053125 0.062500
4 0.234375 0.180469 0.059375 0.064062
2 0.471094 0.437500 0.045312 0.053125
0 0.887500 0.550000 0.028125 0.028125
4 0.846875 0.435156 0.025000 0.029687
1 0.571875 0.785937 0.156250 0.153125
5 0.161719 0.686719 0.029687 0.032813
2 0.107813 0.517188 0.031250 0.031250
1 0.367969 0.534375 0.070312 0.071875
2 0.835156 0.700781 0.048438 0.051562
1 0.232813 0.281250 0.118750 0.109375
0 0.441406 0.756250 0.045312 0.043750
0 0.365625 0.417969 0.025000 0.020313
1 0.656250 0.172656 0.084375 0.095312
1 0.254688 0.691406 0.156250 0.139063
0 0.787500 0.564844 0.143750 0.092188
1 0.535937 0.707812 0.043750 0.021875
3 0.569531 0.447656 0.392188 0.348438
0 0.221875 0.641406 0.109375 0.107813
3 0.423438 0.778125 0.290625 0.234375
1 0.836719 0.550781 0.060937 0.057813
0 0.209375 0.473438 0.040625 0.046875
2 0.412500 0.770312 0.078125 0.071875
0 0.817187 0.378906 0.031250 0.026562
1 0.421875 0.757812 0.053125 0.087500
3 0.463281 0.764844 0.176563 0.195312
1 0.815625 0.596875 0.059375 0.056250
5 0.657031 0.433594 0.032813 0.035937
3 0.240625 0.226562 0.143750 0.140625
0 0.786719 0.370312 0.029687 0.028125
5 0.433594 0.696875 0.051562 0.037500
0 0.300781 0.653125 0.051562 0.050000
5 0.287500 0.810937 0.056250 0.050000
2 0.389062 0.339844 0.093750 0.092188
4 0.638281 0.310937 0.026562 0.015625
3 0.700000 0.310937 0.075000 0.075000
1 0.368750 0.518750 0.096875 0.103125
2 0.746094 0.856250 0.032813 0.031250
1 0.782031 0.517969 0.076563 0.070312
2 0.290625 0.595313 0.043750 0.046875
5 0.577344 0.483594 0.039062 0.032813
5 0.655469 0.237500 0.032813 0.037500
1 0.654687 0.366406 0.043750 0.057813
1 0.521094 0.447656 0.148438 0.120313
4 0.626563 0.445312 0.046875 0.056250
4 0.636719 0.717187 0.039062 0.043750
3 0.210938 0.445312 0.112500 0.059375
3 0.781250 0.504687 0.153125 0.153125
2 0.339062 0.877344 0.068750 0.057813
2 0.704688 0.555469 0.015625 0.020313
4 0.798438 0.242188 0.031250 0.043750
4 0.290625 0.502344 0.012500 0.020313
5 0.344531 0.769531 0.045312 0.051562
2 0.560937 0.732812 0.059375 0.053125
3 0.396875 0.510156 0.081250 0.098437
2 0.621094 0.391406 0.029687 0.023438
2 0.616406 0.348438 0.039062 0.053125
0 0.708594 0.730469 0.057813 0.051562
4 0.546875 0.194531 0.021875 0.014063
1 0.353906 0.288281 0.073438 0.082812
1 0.503125 0.467187 0.093750 0.115625
5 0.801562 0.623437 0.043750 0.040625
3 0.312500 0.358594 0.268750 0.239063
0 0.714063 0.557813 0.025000 0.028125
0 0.510938 0.536719 0.096875 0.120313
5 0.763281 0.528906 0.060937 0.060937
3 0.218750 0.245312 0.121875 0.100000
0 0.639844 0.865625 0.017188 0.025000
3 0.777344 0.678906 0.082812 0.082812
3 0.872656 0.477344 0.079687 0.079687