4 0.173437 0.363281 0.115625 0.095312
2 0.551562 0.825781 0.018750 0.032813
2 0.577344 0.766406 0.042188 0.042188
5 0.506250 0.601562 0.037500 0.040625
5 0.336719 0.754687 0.048438 0.046875
0 0.187500 0.501563 0.043750 0.040625
2 0.540625 0.400781 0.053125 0.060937
2 0.243750 0.755469 0.134375 0.092188
1 0.550000 0.859375 0.134375 0.150000
0 0.408594 0.646875 0.117188 0.106250
2 0.189062 0.514844 0.034375 0.048438
5 0.680469 0.867188 0.045312 0.040625
2 0.687500 0.371094 0.165625 0.164062
0 0.553125 0.685156 0.084375 0.082812
1 0.832812 0.458594 0.056250 0.076563
2 0.512500 0.925781 0.025000 0.029687
4 0.249219 0.385937 0.051562 0.053125
2 0.740625 0.396094 0.062500 0.064062
5 0.234375 0.691406 0.034375 0.032813
1 0.300781 0.431250 0.079687 0.071875
3 0.477344 0.646094 0.445312 0.429688
0 0.389062 0.275781 0.046875 0.039062
5 0.393750 0.806250 0.028125 0.025000
3 0.610156 0.460156 0.092188 0.092188
0 0.333594 0.581250 0.107813 0.100000
1 0.304688 0.433594 0.200000 0.123438
2 0.615625 0.654687 0.059375 0.068750
4 0.371875 0.711719 0.028125 0.023438
0 0.503906 0.642969 0.067187 0.060937
1 0.475781 0.871875 0.139063 0.125000
5 0.717969 0.247656 0.039062 0.045312
4 0.336719 0.675781 0.217188 0.201563
1 0.252344 0.505469 0.085938 0.079687
1 0.650000 0.717187 0.043750 0.043750
3 0.400000 0.782813 0.056250 0.056250
2 0.137500 0.396875 0.062500 0.065625
4 0.443750 0.359375 0.021875 0.018750
2 0.707812 0.539844 0.031250 0.035937
4 0.530469 0.417969 0.039062 0.045312
3 0.753125 0.348438 0.103125 0.093750
5 0.432812 0.213281 0.031250 0.026562
0 0.720313 0.307812 0.068750 0.084375
5 0.245312 0.729688 0.046875 0.046875
0 0.845313 0.483594 0.109375 0.101562
3 0.329688 0.557031 0.187500 0.232813
3 0.517969 0.492969 0.139063 0.139063
1 0.271094 0.525000 0.045312 0.043750
4 0.426563 0.754687 0.028125 0.037500
2 0.589844 0.296875 0.017188 0.015625
0 0.673438 0.810156 0.018750 0.020313
1 0.163281 0.307031 0.060937 0.070312
2 0.192969 0.578125 0.039062 0.034375
2 0.339062 0.735938 0.028125 0.034375
4 0.660937 0.849219 0.103125 0.082812
2 0.656250 0.470313 0.037500 0.037500
3 0.782813 0.501563 0.268750 0.159375
0 0.629687 0.832031 0.059375 0.064062
1 0.412500 0.176563 0.031250 0.043750
3 0.291406 0.800781 0.095312 0.095312
0 0.299219 0.810937 0.045312 0.034375
3 0.299219 0.453906 0.117188 0.117188
1 0.737500 0.592187 0.268750 0.225000
3 0.322656 0.469531 0.104688 0.104688
1 0.823438 0.557813 0.056250 0.093750
5 0.243750 0.160156 0.025000 0.029687
5 0.598437 0.435937 0.071875 0.068750
4 0.898438 0.646875 0.031250 0.031250
3 0.663281 0.770312 0.070312 0.093750
3 0.734375 0.209375 0.115625 0.115625
2 0.499219 0.657031 0.217188 0.189062
1 0.239844 0.314063 0.098437 0.103125
1 0.368750 0.685937 0.078125 0.071875
4 0.521094 0.854688 0.117188 0.121875
1 0.292187 0.774219 0.081250 0.089063
4 0.771875 0.223438 0.056250 0.040625
2 0.857812 0.621094 0.062500 0.051562
4 0.376563 0.275781 0.028125 0.026562
1 0.504687 0.278906 0.193750 0.154688
3 0.345313 0.150000 0.112500 0.112500
4 0.385937 0.337500 0.025000 0.018750
5 0.116406 0.435156 0.029687 0.026562
1 0.366406 0.451562 0.089063 0.078125
5 0.683594 0.486719 0.023438 0.026562
5 0.582812 0.867188 0.034375 0.034375
2 0.475000 0.430469 0.025000 0.026562
2 0.638281 0.437500 0.064062 0.056250
3 0.524219 0.816406 0.142187 0.142187
3 0.555469 0.275000 0.342187 0.303125
5 0.272656 0.401562 0.076563 0.075000
4 0.097656 0.455469 0.023438 0.023438
4 0.360938 0.259375 0.043750 0.059375
5 0.860938 0.382031 0.037500 0.039062