0 0.232031 0.714063 0.079687 0.096875
3 0.251563 0.503125 0.065625 0.065625
3 0.212500 0.551562 0.100000 0.100000
2 0.564063 0.671094 0.031250 0.020313
3 0.299219 0.497656 0.357812 0.323437
3 0.885938 0.535937 0.084375 0.084375
4 0.267969 0.231250 0.023438 0.018750
2 0.263281 0.797656 0.051562 0.048438
1 0.735156 0.717187 0.101562 0.128125
4 0.379688 0.170313 0.031250 0.031250
0 0.557031 0.337500 0.107813 0.096875
5 0.232813 0.696094 0.034375 0.035937
1 0.771875 0.300000 0.071875 0.071875
5 0.859375 0.483594 0.034375 0.029687
4 0.451562 0.152344 0.031250 0.035937
2 0.634375 0.658594 0.053125 0.048438
0 0.189844 0.385156 0.095312 0.095312
2 0.282813 0.435156 0.034375 0.032813
5 0.667969 0.890625 0.051562 0.050000
1 0.291406 0.551562 0.051562 0.056250
5 0.604688 0.407813 0.034375 0.034375
1 0.366406 0.719531 0.064062 0.070312
1 0.734375 0.768750 0.137500 0.128125
0 0.430469 0.603906 0.082812 0.076563
2 0.775000 0.445312 0.018750 0.018750
2 0.496875 0.364844 0.037500 0.042188
5 0.413281 0.214062 0.035937 0.034375
1 0.260937 0.689844 0.175000 0.201563
4 0.786719 0.560156 0.023438 0.020313
2 0.286719 0.312500 0.067187 0.053125
4 0.790625 0.757812 0.028125 0.025000
0 0.869531 0.288281 0.048438 0.048438
1 0.342969 0.585938 0.079687 0.078125
0 0.754687 0.289062 0.078125 0.087500
0 0.582812 0.206250 0.084375 0.084375
2 0.532031 0.212500 0.039062 0.037500
4 0.217188 0.558594 0.021875 0.020313
3 0.725781 0.462500 0.123438 0.125000
2 0.404687 0.756250 0.021875 0.021875
3 0.684375 0.756250 0.084375 0.065625
5 0.273438 0.782031 0.062500 0.060937
0 0.696875 0.448437 0.025000 0.031250
1 0.575781 0.125000 0.060937 0.068750
1 0.517188 0.210156 0.065625 0.060937
4 0.819531 0.707031 0.032813 0.023438
1 0.900781 0.629687 0.048438 0.050000
4 0.775000 0.302344 0.018750 0.020313
0 0.869531 0.528906 0.032813 0.032813
5 0.551562 0.138281 0.034375 0.029687
5 0.335156 0.186719 0.048438 0.039062
0 0.797656 0.764062 0.057813 0.056250
4 0.284375 0.600000 0.053125 0.068750
4 0.559375 0.232031 0.121875 0.085938
0 0.543750 0.146094 0.065625 0.064062
2 0.424219 0.811719 0.035937 0.035937
4 0.572656 0.822656 0.085938 0.064062
0 0.600781 0.119531 0.076563 0.076563
1 0.618750 0.260937 0.068750 0.068750
2 0.348438 0.871094 0.059375 0.057813
2 0.747656 0.563281 0.070312 0.073438
1 0.547656 0.168750 0.135937 0.109375
0 0.564844 0.546094 0.054688 0.051562
5 0.406250 0.139063 0.040625 0.040625
3 0.421875 0.668750 0.246875 0.246875
2 0.661719 0.641406 0.045312 0.039062
2 0.576562 0.314844 0.103125 0.089063
2 0.728125 0.171094 0.046875 0.057813
1 0.306250 0.359375 0.065625 0.078125
0 0.673438 0.510156 0.087500 0.073438
2 0.503906 0.096094 0.045312 0.070312
1 0.711719 0.437500 0.129688 0.121875
5 0.726562 0.314063 0.050000 0.043750
3 0.112500 0.551562 0.112500 0.084375
1 0.087500 0.469531 0.068750 0.070312
0 0.539062 0.814844 0.018750 0.023438
3 0.679688 0.761719 0.075000 0.076563
4 0.556250 0.781250 0.028125 0.018750
1 0.385937 0.166406 0.100000 0.082812
1 0.514062 0.725781 0.084375 0.098437
4 0.446094 0.385937 0.020313 0.028125
2 0.407813 0.853906 0.050000 0.051562
3 0.581250 0.234375 0.062500 0.062500
3 0.784375 0.448437 0.165625 0.159375
0 0.257031 0.738281 0.107813 0.101562
2 0.615625 0.384375 0.021875 0.018750
4 0.250000 0.614062 0.040625 0.031250
2 0.785937 0.459375 0.053125 0.056250
4 0.281250 0.690625 0.018750 0.018750
0 0.733594 0.616406 0.035937 0.035937
4 0.704688 0.804688 0.031250 0.025000
0 0.835938 0.643750 0.025000 0.025000
1 0.422656 0.170313 0.079687 0.078125
0 0.495312 0.908594 0.034375 0.035937
1 0.660937 0.382812 0.050000 0.046875
1 0.652344 0.646094 0.076563 0.085938
5 0.705469 0.356250 0.073438 0.056250
2 0.710156 0.218750 0.048438 0.046875
1 0.632812 0.626563 0.109375 0.087500
5 0.669531 0.607812 0.039062 0.037500
0 0.519531 0.166406 0.070312 0.054688
0 0.326562 0.332813 0.068750 0.059375
5 0.353125 0.478906 0.059375 0.057813
0 0.598437 0.323437 0.059375 0.068750
3 0.407031 0.338281 0.073438 0.073438