4 0.552344 0.683594 0.023438 0.026562
5 0.523438 0.621094 0.037500 0.042188
2 0.727344 0.650781 0.067187 0.057813
2 0.602344 0.497656 0.039062 0.035937
1 0.566406 0.813281 0.048438 0.067187
5 0.521094 0.790625 0.051562 0.056250
1 0.265625 0.609375 0.046875 0.046875
5 0.672656 0.285938 0.057813 0.050000
2 0.653906 0.152344 0.042188 0.032813
0 0.611719 0.736719 0.029687 0.029687
2 0.382812 0.893750 0.043750 0.043750
2 0.864062 0.646875 0.031250 0.028125
5 0.434375 0.357812 0.037500 0.050000
1 0.828906 0.316406 0.067187 0.060937
5 0.484375 0.100781 0.050000 0.042188
5 0.840625 0.367969 0.037500 0.042188
3 0.680469 0.592187 0.226562 0.243750
4 0.310156 0.759375 0.039062 0.037500
2 0.588281 0.486719 0.014063 0.029687
1 0.668750 0.317188 0.053125 0.056250
0 0.435156 0.123438 0.051562 0.046875
2 0.735156 0.800781 0.029687 0.026562
1 0.363281 0.663281 0.129688 0.104688
2 0.673438 0.333594 0.021875 0.020313
1 0.235156 0.537500 0.054688 0.075000
3 0.557031 0.582812 0.167187 0.218750
2 0.374219 0.646875 0.045312 0.037500
5 0.117969 0.479687 0.042188 0.043750
2 0.817187 0.781250 0.037500 0.034375
5 0.638281 0.153906 0.042188 0.051562
2 0.722656 0.457031 0.079687 0.067187
0 0.454688 0.859375 0.081250 0.071875
3 0.303906 0.342969 0.076563 0.076563
3 0.685937 0.643750 0.178125 0.396875
3 0.775000 0.342187 0.071875 0.081250
5 0.080469 0.519531 0.057813 0.057813
2 0.596094 0.519531 0.104688 0.110937
5 0.287500 0.277344 0.012500 0.023438
2 0.150781 0.568750 0.039062 0.034375
3 0.460156 0.155469 0.145313 0.145313
5 0.576562 0.237500 0.018750 0.021875
4 0.555469 0.410938 0.035937 0.025000
2 0.190625 0.615625 0.087500 0.087500
1 0.377344 0.857031 0.048438 0.032813
3 0.475000 0.410938 0.090625 0.090625
5 0.672656 0.761719 0.026562 0.023438
1 0.329688 0.734375 0.059375 0.068750
2 0.561719 0.277344 0.042188 0.048438
4 0.378906 0.352344 0.157812 0.160938
4 0.202344 0.463281 0.039062 0.020313
3 0.471094 0.360156 0.104688 0.104688
0 0.257031 0.239844 0.026562 0.020313
1 0.500000 0.502344 0.071875 0.070312
3 0.617188 0.813281 0.050000 0.060937
5 0.270313 0.545312 0.037500 0.050000
5 0.772656 0.443750 0.039062 0.037500
0 0.622656 0.331250 0.057813 0.050000
0 0.444531 0.828906 0.039062 0.067187
2 0.478906 0.478906 0.029687 0.026562
2 0.252344 0.378906 0.304688 0.270313
3 0.508594 0.244531 0.139063 0.217188
3 0.616406 0.584375 0.273438 0.318750