3 0.382031 0.747656 0.157812 0.157812
1 0.416406 0.804688 0.114062 0.112500
5 0.457031 0.380469 0.045312 0.029687
2 0.852344 0.382031 0.029687 0.042188
3 0.304688 0.549219 0.384375 0.414062
0 0.664062 0.413281 0.021875 0.017188
2 0.415625 0.145313 0.037500 0.034375
5 0.353906 0.330469 0.032813 0.032813
5 0.897656 0.504687 0.032813 0.031250
0 0.668750 0.857031 0.065625 0.060937
3 0.195312 0.429688 0.171875 0.187500
2 0.804688 0.306250 0.068750 0.062500
4 0.242969 0.713281 0.017188 0.020313
2 0.384375 0.741406 0.078125 0.082812
2 0.628125 0.277344 0.028125 0.023438
4 0.743750 0.239063 0.165625 0.128125
4 0.706250 0.838281 0.021875 0.023438
0 0.392969 0.337500 0.070312 0.050000
2 0.630469 0.710156 0.032813 0.032813
2 0.705469 0.235156 0.039062 0.029687
3 0.639844 0.300781 0.157812 0.157812
4 0.614844 0.910937 0.035937 0.031250
4 0.137500 0.600000 0.015625 0.018750
0 0.757812 0.376563 0.068750 0.068750
0 0.840625 0.580469 0.034375 0.032813
4 0.373437 0.101562 0.021875 0.028125
0 0.553125 0.226562 0.062500 0.081250
0 0.500781 0.415625 0.045312 0.059375
0 0.663281 0.517969 0.092188 0.085938
3 0.622656 0.535156 0.167187 0.151562
1 0.515625 0.575000 0.146875 0.131250
5 0.366406 0.603125 0.073438 0.065625
5 0.532813 0.915625 0.037500 0.037500
0 0.229687 0.552344 0.059375 0.067187
3 0.713281 0.641406 0.082812 0.082812
0 0.542188 0.698438 0.081250 0.078125
3 0.457813 0.371875 0.100000 0.100000
4 0.632812 0.104688 0.025000 0.025000
2 0.582031 0.683594 0.039062 0.042188
1 0.230469 0.683594 0.098437 0.154688
0 0.232031 0.557813 0.085938 0.084375
5 0.439063 0.900000 0.037500 0.043750
2 0.425000 0.618750 0.012500 0.012500
5 0.317969 0.717969 0.032813 0.032813
3 0.746094 0.469531 0.257812 0.267188
2 0.301563 0.308594 0.050000 0.054688
3 0.616406 0.657031 0.114062 0.114062
1 0.539844 0.598437 0.051562 0.043750
0 0.246875 0.736719 0.087500 0.082812
4 0.735156 0.536719 0.029687 0.026562
2 0.417969 0.649219 0.032813 0.042188
5 0.267188 0.846875 0.028125 0.031250
5 0.869531 0.348438 0.064062 0.053125
5 0.730469 0.239063 0.029687 0.028125
5 0.814063 0.454688 0.043750 0.040625
4 0.544531 0.555469 0.170313 0.179688
4 0.705469 0.645312 0.026562 0.031250
2 0.628125 0.342969 0.050000 0.048438
1 0.424219 0.698438 0.054688 0.059375
1 0.514844 0.557031 0.079687 0.070312
4 0.841406 0.433594 0.017188 0.020313
5 0.700781 0.847656 0.035937 0.035937
2 0.271094 0.789844 0.051562 0.048438
4 0.162500 0.379688 0.043750 0.034375
5 0.281250 0.432812 0.028125 0.028125
1 0.757031 0.464844 0.032813 0.029687
3 0.321875 0.639844 0.178125 0.179688
1 0.252344 0.403125 0.126562 0.096875
5 0.229687 0.621094 0.062500 0.060937
0 0.810156 0.204687 0.045312 0.037500
2 0.564844 0.456250 0.117188 0.100000
2 0.555469 0.724219 0.048438 0.051562
4 0.514062 0.753125 0.150000 0.187500
5 0.495312 0.228125 0.040625 0.043750
5 0.460156 0.647656 0.048438 0.048438
5 0.263281 0.249219 0.045312 0.045312
0 0.601562 0.337500 0.031250 0.028125
1 0.502344 0.275000 0.051562 0.043750
4 0.418750 0.198437 0.031250 0.031250
1 0.136719 0.640625 0.095312 0.112500
4 0.423438 0.753125 0.025000 0.025000
2 0.667969 0.557031 0.048438 0.045312
5 0.489063 0.348438 0.018750 0.018750
2 0.845313 0.677344 0.093750 0.064062