5 0.255469 0.231250 0.039062 0.034375
3 0.646875 0.312500 0.071875 0.071875
1 0.352344 0.453125 0.089063 0.081250
1 0.254688 0.395313 0.143750 0.118750
3 0.297656 0.701562 0.132812 0.109375
3 0.198437 0.521094 0.200000 0.179688
1 0.417969 0.669531 0.092188 0.089063
5 0.194531 0.595313 0.026562 0.028125
4 0.533594 0.105469 0.064062 0.057813
1 0.689063 0.709375 0.131250 0.090625
2 0.259375 0.357812 0.021875 0.021875
5 0.545312 0.900000 0.059375 0.065625
4 0.476562 0.144531 0.171875 0.179688
2 0.332031 0.866406 0.067187 0.070312
3 0.759375 0.778125 0.100000 0.100000
0 0.692969 0.355469 0.020313 0.017188
0 0.599219 0.747656 0.067187 0.067187
3 0.622656 0.328906 0.170313 0.114062
1 0.344531 0.254688 0.210938 0.193750
1 0.380469 0.440625 0.070312 0.065625
2 0.424219 0.788281 0.039062 0.032813
5 0.264844 0.686719 0.026562 0.039062
0 0.132031 0.706250 0.035937 0.034375
4 0.850781 0.382812 0.026562 0.018750
1 0.392188 0.747656 0.112500 0.151562
2 0.535156 0.298438 0.039062 0.034375
4 0.399219 0.892969 0.045312 0.039062
4 0.549219 0.541406 0.054688 0.067187
0 0.546094 0.464062 0.054688 0.046875
2 0.845313 0.338281 0.050000 0.045312
1 0.790625 0.317188 0.131250 0.196875
2 0.348438 0.237500 0.031250 0.028125
1 0.284375 0.619531 0.125000 0.154688
4 0.351562 0.228125 0.043750 0.062500
5 0.859375 0.505469 0.037500 0.039062
0 0.143750 0.552344 0.093750 0.089063
1 0.282813 0.724219 0.168750 0.167187
5 0.564063 0.432031 0.043750 0.042188
0 0.290625 0.791406 0.106250 0.092188
5 0.657813 0.197656 0.028125 0.039062
0 0.835156 0.369531 0.120313 0.114062
3 0.763281 0.717187 0.170313 0.143750
5 0.614062 0.584375 0.062500 0.056250
0 0.618750 0.778906 0.075000 0.064062
1 0.779687 0.342187 0.065625 0.068750
4 0.805469 0.217188 0.035937 0.037500
5 0.485156 0.448437 0.039062 0.040625
2 0.596875 0.275000 0.062500 0.050000
1 0.463281 0.478125 0.054688 0.050000
3 0.266406 0.267969 0.142187 0.185938
3 0.477344 0.690625 0.432812 0.303125
0 0.421094 0.852344 0.029687 0.029687
5 0.649219 0.361719 0.042188 0.042188
4 0.146094 0.506250 0.076563 0.053125
2 0.544531 0.104688 0.060937 0.062500
5 0.732812 0.629687 0.037500 0.037500
0 0.878125 0.632031 0.021875 0.017188
2 0.717187 0.534375 0.046875 0.043750
0 0.288281 0.701562 0.057813 0.071875
2 0.623437 0.130469 0.031250 0.035937
1 0.407813 0.513281 0.068750 0.079687
2 0.671094 0.853125 0.048438 0.046875
4 0.738281 0.710156 0.076563 0.085938
2 0.807813 0.420312 0.028125 0.021875
1 0.268750 0.444531 0.050000 0.057813
5 0.722656 0.223438 0.039062 0.046875
3 0.684375 0.550000 0.081250 0.081250
1 0.703125 0.649219 0.059375 0.057813
4 0.402344 0.098437 0.032813 0.025000
5 0.250000 0.292969 0.031250 0.032813
3 0.676562 0.539062 0.131250 0.131250
0 0.291406 0.832812 0.082812 0.075000
3 0.442969 0.386719 0.135937 0.135937
2 0.889844 0.364844 0.054688 0.048438
2 0.489063 0.513281 0.050000 0.048438
2 0.574219 0.562500 0.042188 0.034375
4 0.468750 0.253125 0.181250 0.187500
3 0.412500 0.359375 0.090625 0.090625
4 0.582812 0.257812 0.065625 0.050000
3 0.421094 0.658594 0.117188 0.117188
4 0.441406 0.734375 0.085938 0.062500
0 0.324219 0.343750 0.048438 0.046875
0 0.836719 0.541406 0.139063 0.145313
0 0.185938 0.233594 0.056250 0.057813
0 0.354687 0.326562 0.043750 0.050000
1 0.095312 0.411719 0.050000 0.054688
4 0.603906 0.077344 0.023438 0.023438
5 0.370312 0.746875 0.028125 0.025000
1 0.453125 0.362500 0.156250 0.118750
2 0.444531 0.361719 0.092188 0.079687
0 0.190625 0.564844 0.043750 0.042188
0 0.615625 0.631250 0.078125 0.065625
1 0.782031 0.538281 0.073438 0.089063
4 0.679688 0.188281 0.081250 0.067187
0 0.827344 0.732031 0.035937 0.045312
5 0.262500 0.566406 0.037500 0.035937
3 0.441406 0.454688 0.189062 0.200000
0 0.277344 0.407031 0.139063 0.120313
3 0.273438 0.635156 0.140625 0.135937
3 0.428906 0.680469 0.104688 0.104688
4 0.553906 0.131250 0.076563 0.059375
5 0.664844 0.796094 0.026562 0.026562
5 0.369531 0.216406 0.048438 0.048438
5 0.299219 0.602344 0.039062 0.035937
2 0.615625 0.117188 0.065625 0.068750
2 0.657031 0.533594 0.042188 0.042188
3 0.411719 0.583594 0.176563 0.157812