0 0.388281 0.743750 0.032813 0.028125
4 0.719531 0.858594 0.032813 0.042188
1 0.367969 0.161719 0.079687 0.098437
2 0.312500 0.274219 0.068750 0.054688
2 0.262500 0.633594 0.065625 0.076563
0 0.492188 0.667969 0.053125 0.048438
5 0.574219 0.738281 0.042188 0.042188
5 0.764844 0.648438 0.026562 0.034375
5 0.251563 0.303125 0.053125 0.050000
3 0.453906 0.465625 0.217188 0.296875
0 0.254688 0.473438 0.025000 0.018750
1 0.264062 0.461719 0.115625 0.095312
1 0.521875 0.596875 0.087500 0.125000
0 0.312500 0.358594 0.031250 0.026562
0 0.224219 0.264062 0.095312 0.053125
1 0.360156 0.317969 0.076563 0.085938
4 0.589063 0.881250 0.046875 0.056250
0 0.195312 0.271094 0.018750 0.017188
5 0.757031 0.778125 0.039062 0.040625
2 0.629687 0.252344 0.021875 0.020313
0 0.255469 0.380469 0.132812 0.123438
3 0.395313 0.473438 0.143750 0.196875
4 0.651563 0.280469 0.075000 0.082812
4 0.792969 0.342187 0.076563 0.068750
2 0.717969 0.278906 0.042188 0.045312
2 0.574219 0.855469 0.067187 0.064062
1 0.451562 0.808594 0.068750 0.060937
5 0.753125 0.199219 0.034375 0.051562
2 0.366406 0.576562 0.057813 0.046875
1 0.457031 0.394531 0.107813 0.117188
5 0.890625 0.625000 0.040625 0.046875
1 0.146875 0.508594 0.068750 0.067187
5 0.554688 0.096094 0.040625 0.039062
1 0.493750 0.334375 0.040625 0.037500
4 0.380469 0.739844 0.026562 0.026562
0 0.671094 0.433594 0.151562 0.151562
5 0.892969 0.533594 0.073438 0.073438
2 0.754687 0.774219 0.062500 0.057813
3 0.454688 0.160938 0.150000 0.143750
1 0.147656 0.416406 0.148438 0.104688
0 0.556250 0.560156 0.050000 0.045312
1 0.351562 0.200781 0.081250 0.076563
4 0.067187 0.465625 0.015625 0.018750
5 0.619531 0.325000 0.064062 0.062500
4 0.867188 0.431250 0.037500 0.037500
0 0.120313 0.416406 0.062500 0.051562
4 0.674219 0.816406 0.054688 0.045312
0 0.446875 0.803125 0.040625 0.034375
4 0.803125 0.244531 0.056250 0.045312
4 0.870313 0.703125 0.034375 0.031250
5 0.764844 0.263281 0.032813 0.032813
0 0.790625 0.595313 0.018750 0.018750
4 0.363281 0.887500 0.029687 0.031250
5 0.795312 0.258594 0.037500 0.032813
0 0.340625 0.415625 0.059375 0.093750
2 0.839063 0.699219 0.021875 0.020313
1 0.399219 0.198437 0.145313 0.109375
0 0.794531 0.396094 0.082812 0.076563
4 0.342969 0.488281 0.026562 0.026562
4 0.139063 0.377344 0.028125 0.042188
4 0.618750 0.132031 0.021875 0.020313
5 0.121875 0.558594 0.025000 0.023438
3 0.346875 0.389844 0.150000 0.207813
3 0.623437 0.612500 0.153125 0.153125
2 0.132812 0.435156 0.090625 0.082812
4 0.809375 0.301563 0.065625 0.062500
0 0.182031 0.264062 0.023438 0.025000
5 0.234375 0.717969 0.028125 0.035937
0 0.637500 0.203906 0.028125 0.029687
0 0.889844 0.346875 0.048438 0.053125
0 0.367969 0.600781 0.032813 0.023438
2 0.179688 0.590625 0.043750 0.037500
1 0.778906 0.180469 0.051562 0.035937
5 0.647656 0.107031 0.054688 0.048438
4 0.582031 0.500000 0.089063 0.093750
0 0.658594 0.248438 0.057813 0.053125
5 0.281250 0.577344 0.028125 0.035937
5 0.334375 0.488281 0.050000 0.048438
2 0.319531 0.519531 0.039062 0.042188
5 0.464062 0.681250 0.065625 0.071875
1 0.788281 0.526563 0.082812 0.050000
2 0.447656 0.666406 0.051562 0.057813
2 0.323437 0.448437 0.040625 0.034375
0 0.729688 0.506250 0.062500 0.059375
5 0.467187 0.750000 0.021875 0.025000
1 0.453906 0.735156 0.085938 0.073438
2 0.580469 0.861719 0.042188 0.035937
1 0.380469 0.860938 0.076563 0.068750
1 0.216406 0.533594 0.157812 0.145313
1 0.882031 0.445312 0.064062 0.065625
1 0.270313 0.617188 0.084375 0.106250
3 0.484375 0.558594 0.168750 0.220312
3 0.507812 0.465625 0.065625 0.125000
5 0.696875 0.323437 0.028125 0.025000
1 0.857812 0.423438 0.071875 0.078125
2 0.392188 0.525781 0.043750 0.042188
1 0.434375 0.880469 0.068750 0.064062
2 0.376563 0.912500 0.025000 0.021875
3 0.300000 0.341406 0.096875 0.101562
0 0.861719 0.507812 0.026562 0.025000
0 0.748437 0.583594 0.050000 0.042188
5 0.528125 0.329688 0.043750 0.053125
0 0.380469 0.783594 0.051562 0.042188
5 0.822656 0.695312 0.045312 0.040625
2 0.254688 0.258594 0.200000 0.170313
4 0.391406 0.229687 0.017188 0.015625
1 0.606250 0.342187 0.162500 0.150000
0 0.598437 0.209375 0.137500 0.121875
5 0.354687 0.206250 0.081250 0.081250
2 0.351562 0.310937 0.046875 0.075000
5 0.494531 0.159375 0.051562 0.050000
3 0.705469 0.165625 0.114062 0.075000
4 0.808594 0.704688 0.014063 0.015625
3 0.812500 0.667188 0.190625 0.171875
1 0.608594 0.268750 0.117188 0.118750