1 0.784375 0.556250 0.100000 0.090625
0 0.143750 0.375781 0.050000 0.042188
1 0.107813 0.564063 0.065625 0.103125
1 0.785156 0.464844 0.151562 0.120313
2 0.517188 0.402344 0.034375 0.029687
5 0.442188 0.183594 0.031250 0.032813
4 0.423438 0.740625 0.018750 0.028125
2 0.457813 0.358594 0.031250 0.054688
5 0.739062 0.203125 0.053125 0.053125
4 0.639062 0.804688 0.109375 0.106250
5 0.321875 0.712500 0.040625 0.043750
0 0.167187 0.571094 0.034375 0.032813
3 0.181250 0.486719 0.156250 0.129688
2 0.699219 0.335156 0.032813 0.032813
0 0.520312 0.453906 0.065625 0.064062
0 0.153906 0.256250 0.032813 0.034375
3 0.445312 0.470313 0.262500 0.215625
0 0.632812 0.722656 0.075000 0.064062
0 0.768750 0.727344 0.168750 0.142187
3 0.526563 0.525000 0.103125 0.103125
2 0.721094 0.362500 0.042188 0.040625
0 0.440625 0.550781 0.109375 0.101562
3 0.450000 0.326562 0.096875 0.112500
4 0.586719 0.547656 0.095312 0.057813
0 0.792188 0.550000 0.068750 0.056250
5 0.196875 0.294531 0.034375 0.048438
2 0.811719 0.685937 0.026562 0.018750
4 0.349219 0.681250 0.032813 0.034375
1 0.731250 0.299219 0.065625 0.082812
4 0.420312 0.263281 0.018750 0.020313
5 0.831250 0.229687 0.034375 0.028125
3 0.787500 0.660937 0.109375 0.109375
2 0.860938 0.564063 0.034375 0.034375
4 0.793750 0.192969 0.025000 0.020313
5 0.698438 0.889844 0.021875 0.023438
0 0.525781 0.091406 0.057813 0.060937
0 0.775781 0.677344 0.057813 0.048438
1 0.483594 0.870313 0.085938 0.078125
5 0.629687 0.354687 0.025000 0.021875
2 0.763281 0.278906 0.051562 0.045312
5 0.600000 0.340625 0.031250 0.031250
1 0.248438 0.303906 0.068750 0.051562
0 0.385156 0.743750 0.107813 0.096875
3 0.404687 0.324219 0.206250 0.226562
3 0.674219 0.832031 0.110937 0.095312
4 0.492969 0.556250 0.064062 0.065625
0 0.528125 0.567969 0.021875 0.020313
4 0.626563 0.696875 0.150000 0.150000
0 0.595313 0.888281 0.040625 0.035937
0 0.692187 0.246094 0.075000 0.085938
3 0.495312 0.423438 0.137500 0.137500
0 0.707812 0.767969 0.046875 0.042188
0 0.778125 0.753906 0.062500 0.057813
2 0.578125 0.381250 0.043750 0.034375
3 0.282031 0.203906 0.126562 0.126562
5 0.116406 0.313281 0.032813 0.042188
4 0.341406 0.125000 0.032813 0.028125
2 0.878906 0.454688 0.051562 0.068750
0 0.247656 0.628906 0.082812 0.073438
5 0.252344 0.542969 0.032813 0.035937
5 0.517188 0.545312 0.034375 0.031250
5 0.340625 0.399219 0.053125 0.057813
2 0.614062 0.703906 0.031250 0.029687
3 0.713281 0.317969 0.135937 0.135937
4 0.827344 0.276562 0.051562 0.056250
4 0.591406 0.617969 0.160938 0.182812
1 0.500781 0.259375 0.107813 0.128125
1 0.471875 0.675000 0.087500 0.087500
0 0.317969 0.388281 0.023438 0.023438
0 0.435156 0.596875 0.120313 0.121875
3 0.492188 0.292969 0.078125 0.079687
4 0.779687 0.694531 0.015625 0.020313
0 0.164844 0.285938 0.045312 0.062500
3 0.642188 0.473438 0.200000 0.156250
2 0.261719 0.520312 0.054688 0.053125
0 0.559375 0.168750 0.065625 0.068750
2 0.781250 0.663281 0.075000 0.073438
3 0.807031 0.680469 0.070312 0.089063
2 0.299219 0.265625 0.042188 0.050000
2 0.688281 0.843750 0.054688 0.046875
5 0.514062 0.489844 0.034375 0.035937
2 0.564063 0.675000 0.034375 0.034375
4 0.703125 0.864844 0.037500 0.042188
5 0.402344 0.201563 0.048438 0.050000
0 0.389062 0.186719 0.115625 0.101562
1 0.589844 0.578125 0.060937 0.059375
2 0.666406 0.562500 0.045312 0.034375
3 0.446094 0.656250 0.085938 0.062500
3 0.202344 0.486719 0.135937 0.135937
5 0.189844 0.447656 0.054688 0.057813
2 0.487500 0.832031 0.050000 0.035937
2 0.762500 0.675781 0.040625 0.042188
1 0.776563 0.508594 0.093750 0.079687
2 0.751563 0.698438 0.050000 0.046875
5 0.172656 0.418750 0.051562 0.050000
1 0.519531 0.377344 0.064062 0.073438
3 0.191406 0.419531 0.079687 0.079687
1 0.894531 0.560156 0.051562 0.051562
2 0.615625 0.671094 0.156250 0.151562
3 0.178906 0.332031 0.029687 0.029687
3 0.520312 0.154688 0.100000 0.100000
2 0.466406 0.210938 0.254688 0.240625
5 0.526563 0.823438 0.025000 0.028125