3 0.642969 0.562500 0.126562 0.140625
0 0.550000 0.734375 0.028125 0.025000
2 0.203125 0.335156 0.018750 0.026562
2 0.268750 0.202344 0.053125 0.045312
0 0.898438 0.371875 0.046875 0.037500
4 0.382812 0.094531 0.015625 0.023438
1 0.867188 0.541406 0.115625 0.095312
5 0.746875 0.486719 0.062500 0.054688
4 0.920312 0.399219 0.018750 0.020313
0 0.142187 0.389844 0.131250 0.123438
0 0.460938 0.306250 0.087500 0.065625
4 0.188281 0.197656 0.026562 0.026562
3 0.725781 0.175781 0.082812 0.082812
1 0.495312 0.178906 0.059375 0.048438
4 0.929688 0.550781 0.018750 0.017188
3 0.736719 0.589844 0.067187 0.067187
0 0.564844 0.229687 0.054688 0.050000
1 0.877344 0.532813 0.085938 0.087500
5 0.649219 0.705469 0.048438 0.048438
1 0.601562 0.760938 0.087500 0.096875
3 0.204687 0.281250 0.075000 0.075000
2 0.392188 0.693750 0.028125 0.028125
0 0.417969 0.291406 0.023438 0.017188
4 0.465625 0.571094 0.037500 0.048438
0 0.441406 0.506250 0.092188 0.115625
1 0.740625 0.270313 0.040625 0.034375
0 0.408594 0.337500 0.032813 0.031250
1 0.488281 0.289062 0.054688 0.065625
5 0.392188 0.542969 0.021875 0.057813
4 0.706250 0.510938 0.090625 0.093750
4 0.668750 0.348438 0.075000 0.078125
5 0.489844 0.637500 0.035937 0.028125
1 0.344531 0.578906 0.073438 0.085938
4 0.700781 0.181250 0.064062 0.059375
3 0.858594 0.613281 0.114062 0.114062
3 0.271094 0.500781 0.126562 0.160938
2 0.866406 0.392188 0.054688 0.056250
0 0.639844 0.129688 0.092188 0.106250
0 0.543750 0.709375 0.075000 0.065625
2 0.533594 0.733594 0.029687 0.029687
0 0.504687 0.626563 0.025000 0.028125
3 0.349219 0.447656 0.164062 0.210938
5 0.196094 0.518750 0.067187 0.062500
1 0.805469 0.258594 0.082812 0.089063
4 0.438281 0.439063 0.020313 0.021875
1 0.478125 0.217188 0.059375 0.050000
4 0.419531 0.798438 0.032813 0.031250
4 0.796875 0.653125 0.065625 0.059375
2 0.729688 0.841406 0.021875 0.023438
3 0.669531 0.439844 0.270313 0.273438
4 0.678125 0.710938 0.021875 0.015625
4 0.846094 0.388281 0.020313 0.023438
4 0.362500 0.280469 0.025000 0.045312
3 0.602344 0.318750 0.310937 0.234375
4 0.897656 0.600000 0.026562 0.021875
5 0.453906 0.672656 0.045312 0.060937
1 0.555469 0.227344 0.076563 0.092188
5 0.225781 0.537500 0.054688 0.053125
4 0.432031 0.253125 0.054688 0.056250
4 0.558594 0.135937 0.045312 0.043750
5 0.786719 0.722656 0.035937 0.039062
5 0.550781 0.421875 0.054688 0.050000
0 0.158594 0.365625 0.023438 0.021875
4 0.380469 0.117969 0.067187 0.082812
3 0.540625 0.266406 0.178125 0.182812
4 0.300781 0.489844 0.120313 0.110937
5 0.765625 0.352344 0.056250 0.054688
0 0.530469 0.863281 0.057813 0.057813
5 0.188281 0.375000 0.070312 0.078125
4 0.717969 0.243750 0.026562 0.025000
5 0.389062 0.089844 0.040625 0.045312
0 0.274219 0.365625 0.042188 0.065625
3 0.595313 0.396875 0.115625 0.115625
3 0.446875 0.144531 0.150000 0.110937
2 0.589063 0.172656 0.025000 0.035937
4 0.473438 0.864844 0.031250 0.026562
2 0.169531 0.592969 0.079687 0.076563
5 0.357031 0.370312 0.051562 0.046875
1 0.709375 0.287500 0.090625 0.084375
2 0.549219 0.741406 0.042188 0.045312
4 0.303906 0.409375 0.026562 0.021875
1 0.151562 0.392969 0.081250 0.070312
3 0.467969 0.133594 0.120313 0.120313
5 0.187500 0.608594 0.056250 0.048438
5 0.201563 0.787500 0.021875 0.021875
4 0.235156 0.414844 0.020313 0.017188
5 0.298438 0.375781 0.034375 0.042188
3 0.453906 0.609375 0.326562 0.350000
5 0.725000 0.357812 0.037500 0.034375
3 0.653906 0.275781 0.120313 0.120313
0 0.850000 0.322656 0.028125 0.026562
5 0.203906 0.279687 0.035937 0.031250
4 0.685156 0.750000 0.020313 0.040625
2 0.800000 0.257812 0.040625 0.040625
0 0.245312 0.630469 0.053125 0.048438
5 0.830469 0.264062 0.032813 0.028125
0 0.577344 0.174219 0.092188 0.092188
4 0.692187 0.170313 0.075000 0.071875
3 0.233594 0.464844 0.173437 0.170313
0 0.702344 0.560156 0.048438 0.048438
5 0.354687 0.397656 0.025000 0.023438
3 0.248438 0.427344 0.190625 0.201563
5 0.842187 0.642188 0.034375 0.034375
4 0.260937 0.760938 0.093750 0.096875
5 0.319531 0.497656 0.051562 0.048438
1 0.506250 0.214062 0.062500 0.056250
0 0.694531 0.457813 0.032813 0.046875
0 0.870313 0.390625 0.103125 0.096875
3 0.436719 0.668750 0.226562 0.193750
4 0.484375 0.891406 0.075000 0.082812
1 0.644531 0.496094 0.170313 0.151562
1 0.524219 0.219531 0.085938 0.070312
5 0.780469 0.505469 0.042188 0.042188
1 0.211719 0.702344 0.064062 0.070312
4 0.292969 0.165625 0.060937 0.050000
4 0.555469 0.900781 0.026562 0.035937
3 0.280469 0.225781 0.126562 0.157812
1 0.303906 0.263281 0.142187 0.110937
1 0.789062 0.349219 0.071875 0.048438
4 0.662500 0.365625 0.062500 0.056250
1 0.685156 0.575000 0.157812 0.115625
4 0.275000 0.130469 0.031250 0.029687
0 0.787500 0.207031 0.040625 0.035937
5 0.898438 0.406250 0.043750 0.043750
5 0.426563 0.159375 0.056250 0.059375
5 0.336719 0.446094 0.054688 0.057813
3 0.661719 0.771094 0.126562 0.126562
0 0.329688 0.713281 0.053125 0.045312
1 0.385156 0.868750 0.101562 0.078125