2 0.147656 0.539062 0.039062 0.050000
4 0.421875 0.768750 0.240625 0.259375
3 0.210938 0.489063 0.112500 0.112500
5 0.872656 0.585938 0.057813 0.040625
3 0.326562 0.648438 0.243750 0.243750
5 0.259375 0.788281 0.075000 0.060937
2 0.399219 0.434375 0.057813 0.059375
3 0.514062 0.388281 0.159375 0.173437
2 0.302344 0.882812 0.035937 0.031250
0 0.495312 0.307031 0.025000 0.023438
1 0.296094 0.634375 0.148438 0.125000
4 0.410156 0.809375 0.067187 0.075000
0 0.506250 0.464062 0.068750 0.071875
3 0.486719 0.328906 0.129688 0.129688
5 0.684375 0.525781 0.050000 0.051562
2 0.719531 0.574219 0.032813 0.029687
3 0.567187 0.314063 0.143750 0.143750
5 0.548438 0.650000 0.034375 0.034375
1 0.701562 0.226562 0.043750 0.050000
5 0.653906 0.255469 0.051562 0.054688
0 0.251563 0.377344 0.046875 0.045312
2 0.709375 0.350000 0.075000 0.059375
0 0.721094 0.531250 0.073438 0.053125
0 0.618750 0.567187 0.209375 0.209375
1 0.478906 0.558594 0.089063 0.104688
0 0.607812 0.675000 0.128125 0.128125
2 0.607812 0.403906 0.056250 0.045312
3 0.343750 0.301563 0.218750 0.315625
1 0.599219 0.272656 0.054688 0.057813
1 0.441406 0.421094 0.126562 0.126562
5 0.455469 0.133594 0.045312 0.035937
4 0.663281 0.666406 0.126562 0.132812
4 0.127344 0.463281 0.073438 0.089063
5 0.758594 0.373437 0.023438 0.021875
2 0.346875 0.628125 0.065625 0.065625
0 0.276562 0.546094 0.056250 0.048438
0 0.562500 0.183594 0.040625 0.029687
3 0.278125 0.836719 0.046875 0.060937
5 0.300000 0.695312 0.050000 0.037500
1 0.304688 0.284375 0.071875 0.059375
2 0.633594 0.184375 0.035937 0.031250
1 0.214062 0.625781 0.037500 0.042188
5 0.403125 0.539844 0.071875 0.070312
5 0.285156 0.234375 0.029687 0.031250
4 0.712500 0.360938 0.134375 0.146875
2 0.782813 0.335156 0.021875 0.026562
1 0.616406 0.322656 0.064062 0.073438
4 0.898438 0.343750 0.025000 0.028125
4 0.111719 0.554688 0.023438 0.018750
4 0.226562 0.260156 0.075000 0.060937
0 0.262500 0.427344 0.062500 0.076563
5 0.242188 0.271094 0.025000 0.026562
0 0.296875 0.554688 0.056250 0.050000
3 0.273438 0.253125 0.115625 0.115625
5 0.214844 0.494531 0.039062 0.045312
5 0.125000 0.503906 0.034375 0.035937
4 0.588281 0.396875 0.076563 0.065625
5 0.462500 0.196875 0.025000 0.021875
4 0.315625 0.437500 0.234375 0.234375
3 0.593750 0.831250 0.093750 0.093750
0 0.244531 0.345313 0.035937 0.034375
5 0.412500 0.237500 0.084375 0.062500
2 0.440625 0.581250 0.053125 0.053125
4 0.720313 0.337500 0.128125 0.128125
5 0.428125 0.543750 0.034375 0.034375
0 0.471875 0.876563 0.090625 0.084375
1 0.266406 0.355469 0.064062 0.073438
3 0.321875 0.491406 0.371875 0.329688
5 0.826562 0.286719 0.050000 0.045312
0 0.716406 0.751563 0.039062 0.037500
1 0.794531 0.575781 0.073438 0.076563
4 0.267188 0.792969 0.012500 0.014063
2 0.442188 0.083594 0.053125 0.048438
4 0.777344 0.792188 0.039062 0.034375
1 0.654687 0.695312 0.162500 0.153125
3 0.685937 0.362500 0.096875 0.106250
5 0.365625 0.176563 0.043750 0.043750
4 0.540625 0.445312 0.040625 0.034375
5 0.535937 0.787500 0.037500 0.046875
0 0.336719 0.186719 0.129688 0.170313
2 0.702344 0.178125 0.048438 0.065625
3 0.224219 0.378906 0.117188 0.117188
1 0.328906 0.614062 0.107813 0.106250
2 0.514062 0.339062 0.034375 0.043750
3 0.303906 0.767969 0.082812 0.060937
4 0.201563 0.730469 0.021875 0.010937
2 0.689844 0.405469 0.089063 0.085938
3 0.330469 0.493750 0.089063 0.087500
4 0.657813 0.323437 0.031250 0.037500
1 0.392969 0.796094 0.117188 0.076563
0 0.643750 0.775000 0.090625 0.087500
3 0.572656 0.155469 0.139063 0.160938
0 0.678906 0.320312 0.101562 0.115625
1 0.392969 0.409375 0.079687 0.100000
5 0.159375 0.658594 0.031250 0.035937
5 0.555469 0.442188 0.042188 0.053125
4 0.272656 0.471875 0.060937 0.059375
0 0.144531 0.319531 0.079687 0.092188
3 0.499219 0.364844 0.245312 0.195312
0 0.510938 0.353125 0.037500 0.040625
4 0.314844 0.417187 0.054688 0.034375
4 0.702344 0.360156 0.026562 0.035937
2 0.751563 0.820312 0.040625 0.046875
0 0.500000 0.721094 0.109375 0.101562
5 0.738281 0.673438 0.042188 0.043750
2 0.252344 0.546094 0.073438 0.067187
5 0.771875 0.739844 0.034375 0.035937
2 0.645312 0.387500 0.034375 0.031250
0 0.488281 0.157812 0.045312 0.040625
3 0.870313 0.500000 0.078125 0.087500
1 0.562500 0.873437 0.059375 0.056250
4 0.664844 0.732031 0.023438 0.026562
0 0.267969 0.357031 0.048438 0.060937
5 0.542969 0.103125 0.045312 0.043750
3 0.387500 0.826562 0.075000 0.075000
3 0.298438 0.528125 0.178125 0.178125
5 0.664062 0.614844 0.050000 0.060937
5 0.777344 0.530469 0.060937 0.060937
0 0.735156 0.684375 0.067187 0.062500
3 0.416406 0.759375 0.107813 0.115625
2 0.306250 0.323437 0.043750 0.040625
5 0.429688 0.588281 0.056250 0.054688
2 0.571094 0.545312 0.035937 0.043750
0 0.214844 0.310937 0.104688 0.106250
2 0.437500 0.251563 0.034375 0.034375
3 0.613281 0.799219 0.173437 0.173437
3 0.599219 0.389844 0.114062 0.114062
5 0.510938 0.685937 0.031250 0.031250
2 0.105469 0.660156 0.026562 0.023438
1 0.360156 0.514844 0.060937 0.070312
3 0.598437 0.435937 0.315625 0.325000
5 0.471875 0.889062 0.025000 0.021875
0 0.138281 0.554688 0.070312 0.068750
4 0.646094 0.800781 0.064062 0.054688
3 0.577344 0.903906 0.070312 0.070312
1 0.375000 0.188281 0.096875 0.082812
3 0.354687 0.363281 0.290625 0.320312
0 0.512500 0.810156 0.053125 0.048438