2 0.706250 0.562500 0.043750 0.050000
3 0.587500 0.512500 0.118750 0.118750
2 0.647656 0.156250 0.060937 0.065625
4 0.659375 0.296875 0.075000 0.075000
2 0.442188 0.425781 0.178125 0.154688
5 0.877344 0.580469 0.048438 0.039062
2 0.493750 0.924219 0.050000 0.045312
2 0.718750 0.587500 0.028125 0.046875
0 0.570312 0.875781 0.121875 0.110937
1 0.732031 0.518750 0.107813 0.090625
2 0.366406 0.193750 0.076563 0.081250
0 0.146875 0.517188 0.037500 0.034375
2 0.253125 0.831250 0.031250 0.025000
0 0.471094 0.678125 0.060937 0.056250
2 0.387500 0.692969 0.103125 0.095312
5 0.165625 0.292187 0.034375 0.034375
5 0.145313 0.480469 0.025000 0.029687
3 0.450000 0.689063 0.140625 0.140625
2 0.359375 0.449219 0.043750 0.042188
4 0.398438 0.596875 0.031250 0.028125
2 0.562500 0.738281 0.037500 0.045312
3 0.350781 0.747656 0.117188 0.117188
1 0.191406 0.700781 0.104688 0.114062
5 0.384375 0.372656 0.034375 0.048438
4 0.680469 0.839063 0.035937 0.037500
1 0.507812 0.879687 0.053125 0.053125
3 0.391406 0.539844 0.120313 0.120313
3 0.542188 0.203125 0.165625 0.206250
4 0.335938 0.207813 0.018750 0.021875
4 0.294531 0.539062 0.017188 0.018750
2 0.815625 0.328125 0.040625 0.056250
4 0.618750 0.531250 0.059375 0.065625
1 0.624219 0.395313 0.089063 0.090625
0 0.139063 0.356250 0.062500 0.065625
2 0.352344 0.233594 0.060937 0.064062
3 0.632031 0.328906 0.289062 0.317188
2 0.181250 0.340625 0.068750 0.068750
0 0.795312 0.561719 0.081250 0.067187
5 0.529687 0.531250 0.050000 0.046875
2 0.153125 0.364844 0.090625 0.082812
4 0.476562 0.215625 0.050000 0.046875
2 0.446875 0.320312 0.040625 0.040625
0 0.816406 0.283594 0.035937 0.026562
2 0.338281 0.297656 0.026562 0.029687
0 0.312500 0.578906 0.028125 0.039062
1 0.366406 0.528125 0.070312 0.081250
3 0.179688 0.453125 0.065625 0.087500
5 0.339844 0.650000 0.029687 0.028125
5 0.556250 0.528125 0.037500 0.040625
5 0.451562 0.161719 0.021875 0.026562
3 0.709375 0.742188 0.090625 0.090625
0 0.592969 0.567187 0.026562 0.021875
3 0.328125 0.511719 0.303125 0.501563
0 0.760938 0.503906 0.025000 0.020313
4 0.175000 0.484375 0.050000 0.053125
3 0.444531 0.310156 0.248438 0.142187
1 0.367188 0.742188 0.115625 0.134375
4 0.202344 0.231250 0.020313 0.046875
4 0.905469 0.392969 0.029687 0.029687
5 0.732812 0.386719 0.037500 0.039062
1 0.561719 0.738281 0.079687 0.051562
3 0.584375 0.696094 0.084375 0.101562
2 0.854688 0.734375 0.031250 0.037500
2 0.410938 0.902344 0.050000 0.048438
2 0.880469 0.421875 0.048438 0.046875
4 0.353125 0.308594 0.018750 0.023438
3 0.496094 0.230469 0.154688 0.154688
1 0.627344 0.518750 0.085938 0.103125
5 0.652344 0.809375 0.048438 0.043750
1 0.409375 0.157031 0.075000 0.073438
0 0.548438 0.680469 0.037500 0.032813
5 0.838281 0.507031 0.048438 0.048438
5 0.285156 0.206250 0.035937 0.043750
4 0.570312 0.521094 0.068750 0.073438
3 0.157031 0.530469 0.092188 0.104688
1 0.392969 0.678125 0.067187 0.053125
4 0.566406 0.419531 0.023438 0.023438
5 0.495312 0.747656 0.034375 0.032813
5 0.763281 0.182031 0.039062 0.035937
5 0.791406 0.198437 0.026562 0.025000
1 0.880469 0.507812 0.107813 0.093750
3 0.464844 0.432031 0.089063 0.089063
3 0.700781 0.556250 0.245312 0.184375
4 0.661719 0.546094 0.051562 0.089063
4 0.203906 0.279687 0.023438 0.021875
4 0.218750 0.760156 0.046875 0.042188
2 0.878125 0.496875 0.034375 0.037500
1 0.714063 0.400781 0.078125 0.082812
0 0.440625 0.779687 0.081250 0.071875
1 0.478125 0.173437 0.131250 0.121875
0 0.442188 0.686719 0.043750 0.042188
4 0.453125 0.175781 0.025000 0.023438
1 0.503906 0.431250 0.070312 0.065625
1 0.516406 0.142969 0.070312 0.070312
1 0.282031 0.735938 0.042188 0.040625
0 0.443750 0.383594 0.028125 0.032813
3 0.488281 0.863281 0.114062 0.114062
5 0.536719 0.557031 0.026562 0.026562
1 0.753125 0.765625 0.068750 0.062500
0 0.795312 0.582031 0.093750 0.110937
2 0.492188 0.600000 0.046875 0.046875
1 0.517969 0.664062 0.082812 0.059375
4 0.510938 0.714844 0.040625 0.048438
5 0.089844 0.441406 0.051562 0.029687
1 0.524219 0.172656 0.051562 0.054688
5 0.366406 0.268750 0.032813 0.037500
4 0.404687 0.191406 0.025000 0.029687
1 0.236719 0.502344 0.079687 0.070312
2 0.686719 0.203906 0.060937 0.054688
0 0.726562 0.704688 0.121875 0.103125
2 0.571875 0.635156 0.056250 0.051562
2 0.353125 0.842969 0.037500 0.035937
4 0.663281 0.409375 0.020313 0.025000
2 0.406250 0.539062 0.018750 0.021875
5 0.729688 0.565625 0.034375 0.034375
3 0.360156 0.783594 0.117188 0.117188
2 0.415625 0.812500 0.050000 0.050000
2 0.142969 0.422656 0.082812 0.082812
2 0.402344 0.592969 0.039062 0.039062
5 0.787500 0.247656 0.012500 0.026562
2 0.804688 0.580469 0.075000 0.067187
5 0.746094 0.622656 0.032813 0.032813
5 0.808594 0.549219 0.026562 0.026562
0 0.657031 0.135156 0.035937 0.048438
5 0.608594 0.293750 0.042188 0.037500
3 0.464062 0.406250 0.284375 0.293750
3 0.409375 0.607031 0.262500 0.173437
2 0.202344 0.305469 0.026562 0.035937
4 0.370312 0.640625 0.018750 0.018750
0 0.376563 0.291406 0.031250 0.032813
3 0.707031 0.445312 0.129688 0.118750
1 0.560937 0.503906 0.109375 0.107813
5 0.175000 0.400781 0.034375 0.035937
0 0.716406 0.500781 0.064062 0.070312
5 0.643750 0.493750 0.046875 0.037500
3 0.663281 0.811719 0.104688 0.104688
0 0.517188 0.643750 0.037500 0.034375
2 0.557031 0.570312 0.035937 0.065625
2 0.560937 0.279687 0.059375 0.065625
3 0.643750 0.733594 0.293750 0.323437
2 0.753906 0.596875 0.039062 0.037500
2 0.464062 0.593750 0.084375 0.084375
0 0.371094 0.541406 0.073438 0.064062