1 0.453125 0.264062 0.065625 0.081250
5 0.433594 0.196875 0.032813 0.040625
0 0.873437 0.550781 0.034375 0.029687
4 0.353125 0.554688 0.025000 0.025000
5 0.653125 0.421094 0.037500 0.026562
4 0.242188 0.571875 0.015625 0.015625
1 0.557813 0.299219 0.050000 0.060937
0 0.342969 0.221094 0.076563 0.073438
4 0.608594 0.120313 0.020313 0.018750
2 0.442969 0.202344 0.073438 0.051562
2 0.221875 0.553906 0.165625 0.145313
4 0.552344 0.083594 0.029687 0.026562
4 0.685156 0.597656 0.023438 0.023438
0 0.267188 0.385937 0.040625 0.050000
2 0.818750 0.410156 0.034375 0.032813
4 0.334375 0.263281 0.106250 0.095312
0 0.728906 0.333594 0.045312 0.042188
2 0.687500 0.382812 0.121875 0.118750
0 0.507031 0.392188 0.064062 0.059375
2 0.400000 0.664062 0.053125 0.043750
0 0.117188 0.344531 0.071875 0.060937
0 0.807813 0.585938 0.075000 0.100000
0 0.701562 0.525781 0.043750 0.054688
2 0.114844 0.481250 0.042188 0.040625
2 0.783594 0.472656 0.060937 0.070312
4 0.426563 0.096875 0.025000 0.021875
4 0.259375 0.492969 0.065625 0.082812
4 0.691406 0.619531 0.120313 0.120313
0 0.169531 0.632812 0.035937 0.034375
5 0.868750 0.538281 0.053125 0.054688
0 0.345313 0.264844 0.059375 0.048438
3 0.368750 0.618750 0.071875 0.071875
4 0.307812 0.554688 0.040625 0.046875
0 0.349219 0.526563 0.120313 0.112500
0 0.094531 0.552344 0.023438 0.017188
1 0.613281 0.657031 0.085938 0.132812
5 0.602344 0.389844 0.032813 0.029687
2 0.438281 0.611719 0.085938 0.082812
2 0.428906 0.091406 0.020313 0.023438
4 0.175781 0.337500 0.042188 0.043750
5 0.344531 0.482031 0.035937 0.035937
2 0.371094 0.332031 0.057813 0.054688
5 0.568750 0.578906 0.046875 0.039062
5 0.465625 0.759375 0.034375 0.034375
4 0.425000 0.276562 0.175000 0.184375
2 0.718750 0.682031 0.021875 0.029687
4 0.694531 0.634375 0.051562 0.065625
2 0.522656 0.075781 0.020313 0.017188
5 0.819531 0.577344 0.076563 0.076563
1 0.727344 0.351562 0.057813 0.062500
3 0.192969 0.519531 0.098437 0.098437
2 0.624219 0.488281 0.032813 0.032813
2 0.260156 0.559375 0.026562 0.021875
3 0.753906 0.758594 0.123438 0.123438
3 0.597656 0.603906 0.151562 0.151562
0 0.571875 0.129688 0.106250 0.112500
3 0.358594 0.452344 0.148438 0.148438
0 0.839844 0.388281 0.026562 0.023438
4 0.339062 0.190625 0.084375 0.084375
2 0.582031 0.788281 0.073438 0.057813
0 0.368750 0.689844 0.121875 0.110937
0 0.562500 0.857812 0.078125 0.065625
2 0.403125 0.625000 0.265625 0.281250
0 0.539844 0.635938 0.060937 0.056250
5 0.596094 0.696875 0.045312 0.053125
0 0.553125 0.192188 0.015625 0.015625
3 0.564844 0.573438 0.401562 0.331250
2 0.549219 0.550000 0.082812 0.078125
2 0.565625 0.392969 0.050000 0.023438
2 0.763281 0.660156 0.042188 0.067187
0 0.770312 0.439063 0.031250 0.028125
0 0.368750 0.607031 0.040625 0.042188
5 0.238281 0.383594 0.057813 0.051562
3 0.502344 0.726562 0.235937 0.390625
3 0.703125 0.626563 0.100000 0.100000
5 0.204687 0.239063 0.046875 0.046875
5 0.449219 0.482031 0.029687 0.029687
5 0.517969 0.252344 0.051562 0.042188
5 0.548438 0.632812 0.034375 0.034375
0 0.872656 0.592969 0.123438 0.107813
5 0.316406 0.308594 0.039062 0.042188
2 0.702344 0.452344 0.010937 0.014063
4 0.664062 0.780469 0.018750 0.026562
2 0.535937 0.853125 0.028125 0.021875
2 0.355469 0.420312 0.085938 0.084375
5 0.327344 0.121094 0.039062 0.029687
1 0.175781 0.600000 0.064062 0.062500
2 0.633594 0.854688 0.051562 0.046875
1 0.462500 0.860938 0.062500 0.059375
2 0.386719 0.766406 0.048438 0.054688
3 0.313281 0.462500 0.404687 0.268750
1 0.496094 0.871094 0.079687 0.079687
2 0.142969 0.414844 0.057813 0.057813
5 0.565625 0.328906 0.053125 0.054688
3 0.759375 0.565625 0.306250 0.306250