5 0.370312 0.378125 0.040625 0.037500
3 0.639062 0.305469 0.318750 0.307812
1 0.609375 0.484375 0.053125 0.056250
5 0.337500 0.562500 0.025000 0.025000
4 0.292969 0.146094 0.042188 0.032813
3 0.679688 0.185938 0.065625 0.065625
0 0.886719 0.422656 0.035937 0.029687
4 0.697656 0.216406 0.057813 0.048438
1 0.560937 0.390625 0.071875 0.037500
1 0.854688 0.592187 0.156250 0.112500
3 0.392188 0.410938 0.093750 0.093750
3 0.288281 0.374219 0.242188 0.257812
4 0.327344 0.257031 0.095312 0.070312
4 0.913281 0.572656 0.048438 0.048438
1 0.757812 0.540625 0.062500 0.062500
2 0.266406 0.778906 0.073438 0.054688
3 0.287500 0.476562 0.109375 0.109375
2 0.349219 0.696875 0.048438 0.040625
4 0.378906 0.291406 0.017188 0.023438
1 0.796094 0.703125 0.098437 0.112500
3 0.478125 0.435937 0.053125 0.053125
4 0.482812 0.540625 0.081250 0.068750
0 0.795312 0.417187 0.021875 0.018750
4 0.562500 0.569531 0.025000 0.017188
0 0.805469 0.336719 0.035937 0.039062
1 0.797656 0.253906 0.104688 0.073438
2 0.332031 0.595313 0.023438 0.021875
0 0.295312 0.739844 0.090625 0.085938
5 0.575781 0.175781 0.039062 0.039062
0 0.535156 0.617188 0.042188 0.037500
5 0.369531 0.658594 0.035937 0.042188
5 0.492969 0.609375 0.051562 0.081250
3 0.340625 0.287500 0.115625 0.115625
2 0.789844 0.312500 0.085938 0.090625
4 0.346875 0.816406 0.137500 0.170313
3 0.244531 0.232031 0.120313 0.120313
3 0.845313 0.387500 0.125000 0.137500
5 0.668750 0.724219 0.056250 0.060937
3 0.488281 0.557031 0.107813 0.107813
1 0.260156 0.571875 0.089063 0.096875
3 0.431250 0.641406 0.171875 0.107813
5 0.397656 0.720313 0.032813 0.028125
3 0.578125 0.684375 0.056250 0.056250
5 0.485156 0.339844 0.048438 0.042188
2 0.665625 0.222656 0.053125 0.042188
2 0.700000 0.670312 0.050000 0.037500
3 0.582031 0.719531 0.098437 0.098437
0 0.669531 0.400000 0.142187 0.118750
4 0.383594 0.792969 0.192188 0.201563
0 0.532813 0.782031 0.037500 0.035937
5 0.328906 0.230469 0.070312 0.089063
3 0.571875 0.901563 0.056250 0.056250
4 0.600000 0.856250 0.025000 0.018750
4 0.598437 0.160156 0.062500 0.054688
5 0.865625 0.473438 0.043750 0.040625
1 0.571875 0.214062 0.050000 0.093750
3 0.624219 0.454688 0.395313 0.240625
2 0.757812 0.717187 0.037500 0.034375
3 0.810937 0.549219 0.146875 0.139063
2 0.335938 0.576562 0.025000 0.028125
3 0.390625 0.742969 0.125000 0.114062
2 0.292969 0.403125 0.045312 0.040625
3 0.613281 0.603125 0.051562 0.053125
5 0.638281 0.877344 0.032813 0.032813
3 0.434375 0.720313 0.112500 0.175000
1 0.603906 0.633594 0.057813 0.051562
0 0.498437 0.513281 0.218750 0.160938
4 0.551562 0.363281 0.056250 0.057813
4 0.081250 0.422656 0.040625 0.048438
0 0.645312 0.438281 0.071875 0.079687
1 0.730469 0.511719 0.042188 0.060937
0 0.633594 0.261719 0.045312 0.039062
1 0.630469 0.254688 0.129688 0.112500
4 0.482031 0.203906 0.189062 0.189062
4 0.738281 0.340625 0.079687 0.056250
3 0.414844 0.197656 0.117188 0.098437
0 0.117969 0.321094 0.039062 0.035937
1 0.700000 0.232813 0.162500 0.171875
2 0.613281 0.252344 0.035937 0.042188
2 0.367188 0.578125 0.103125 0.115625
2 0.251563 0.625781 0.037500 0.039062
2 0.179688 0.364844 0.081250 0.073438
4 0.567187 0.486719 0.046875 0.060937
5 0.405469 0.076563 0.026562 0.025000
3 0.138281 0.622656 0.104688 0.104688
3 0.492969 0.399219 0.092188 0.092188
1 0.225781 0.559375 0.051562 0.075000
4 0.148438 0.578906 0.018750 0.023438
5 0.317969 0.204687 0.045312 0.046875
0 0.270313 0.501563 0.056250 0.046875
1 0.705469 0.289844 0.239063 0.160938
4 0.887500 0.474219 0.075000 0.057813
3 0.395313 0.221875 0.300000 0.300000
3 0.475781 0.561719 0.123438 0.123438
2 0.835938 0.341406 0.046875 0.042188
4 0.482812 0.171094 0.046875 0.045312
4 0.587500 0.170313 0.034375 0.034375
3 0.807031 0.332031 0.154688 0.154688