1 0.825781 0.573438 0.098437 0.121875
0 0.135937 0.347656 0.084375 0.092188
2 0.757812 0.169531 0.046875 0.054688
3 0.692187 0.543750 0.084375 0.084375
3 0.707812 0.289062 0.190625 0.190625
1 0.261719 0.275000 0.126562 0.103125
5 0.342187 0.614062 0.034375 0.028125
0 0.792969 0.632031 0.035937 0.032813
5 0.818750 0.610938 0.050000 0.050000
0 0.292969 0.182031 0.023438 0.020313
5 0.103125 0.491406 0.043750 0.035937
5 0.594531 0.214844 0.048438 0.048438
3 0.359375 0.560156 0.203125 0.245312
1 0.650781 0.232813 0.117188 0.090625
5 0.507812 0.418750 0.046875 0.040625
0 0.790625 0.467969 0.040625 0.045312
4 0.295312 0.328906 0.015625 0.017188
5 0.675000 0.639062 0.031250 0.031250
1 0.465625 0.787500 0.159375 0.156250
2 0.706250 0.871094 0.040625 0.039062
5 0.326562 0.370312 0.053125 0.068750
3 0.606250 0.826562 0.065625 0.065625
1 0.742969 0.523438 0.117188 0.121875
3 0.772656 0.578906 0.154688 0.154688
5 0.696875 0.293750 0.068750 0.059375
4 0.479687 0.214062 0.028125 0.025000
5 0.587500 0.154688 0.021875 0.031250
4 0.378906 0.466406 0.073438 0.101562
4 0.810937 0.468750 0.025000 0.025000
5 0.732812 0.525781 0.037500 0.026562
0 0.730469 0.556250 0.082812 0.068750
1 0.430469 0.552344 0.057813 0.051562
2 0.350000 0.696094 0.059375 0.054688
3 0.511719 0.242969 0.232813 0.189062
3 0.157031 0.368750 0.117188 0.087500
5 0.534375 0.264062 0.040625 0.034375
3 0.523438 0.490625 0.265625 0.200000
5 0.477344 0.375781 0.029687 0.026562
0 0.622656 0.294531 0.129688 0.110937
1 0.352344 0.189844 0.110937 0.114062
1 0.622656 0.787500 0.064062 0.065625
0 0.882812 0.637500 0.053125 0.050000
1 0.475781 0.511719 0.095312 0.104688
2 0.682031 0.387500 0.042188 0.034375
0 0.247656 0.499219 0.120313 0.110937
4 0.231250 0.307812 0.046875 0.040625
4 0.165625 0.290625 0.043750 0.040625
2 0.346875 0.642188 0.062500 0.065625
2 0.287500 0.751563 0.081250 0.062500
5 0.680469 0.716406 0.026562 0.042188
1 0.441406 0.603906 0.070312 0.067187
1 0.453906 0.162500 0.110937 0.103125
3 0.417969 0.330469 0.151562 0.151562
5 0.771094 0.710156 0.020313 0.023438
2 0.230469 0.552344 0.029687 0.032813
0 0.382812 0.786719 0.059375 0.060937
2 0.627344 0.592969 0.079687 0.089063
2 0.567187 0.323437 0.084375 0.084375
3 0.563281 0.811719 0.120313 0.120313
4 0.742969 0.458594 0.085938 0.085938
5 0.519531 0.577344 0.048438 0.035937
0 0.366406 0.549219 0.039062 0.029687
1 0.289844 0.574219 0.048438 0.064062
5 0.415625 0.301563 0.043750 0.046875
2 0.292969 0.194531 0.014063 0.017188
2 0.618750 0.482812 0.065625 0.059375
2 0.417187 0.845313 0.068750 0.075000
5 0.723437 0.557031 0.034375 0.026562