4 0.157812 0.467187 0.031250 0.034375
1 0.443750 0.764844 0.046875 0.045312
2 0.526563 0.735156 0.031250 0.032813
5 0.239844 0.367969 0.051562 0.048438
4 0.502344 0.776563 0.032813 0.043750
1 0.358594 0.300781 0.076563 0.076563
2 0.575000 0.810156 0.071875 0.082812
0 0.889844 0.479687 0.035937 0.031250
4 0.625000 0.689063 0.025000 0.034375
0 0.632031 0.748437 0.107813 0.078125
1 0.741406 0.501563 0.095312 0.078125
2 0.562500 0.407813 0.059375 0.050000
5 0.744531 0.138281 0.026562 0.026562
0 0.752344 0.445312 0.048438 0.050000
2 0.585938 0.540625 0.084375 0.068750
3 0.413281 0.450000 0.217188 0.484375
1 0.746094 0.357812 0.048438 0.050000
3 0.321094 0.620313 0.092188 0.109375
3 0.695312 0.666406 0.121875 0.170313
3 0.233594 0.512500 0.123438 0.093750
2 0.785937 0.626563 0.075000 0.050000
5 0.629687 0.501563 0.056250 0.050000
1 0.832031 0.596094 0.070312 0.073438
2 0.319531 0.186719 0.029687 0.026562
3 0.232031 0.371094 0.089063 0.067187
0 0.639062 0.604688 0.037500 0.037500
5 0.195312 0.531250 0.037500 0.037500
3 0.560937 0.661719 0.053125 0.070312
0 0.258594 0.590625 0.107813 0.093750
5 0.386719 0.789062 0.048438 0.046875
0 0.214062 0.621094 0.068750 0.079687
5 0.400000 0.260156 0.065625 0.064062
0 0.863281 0.560156 0.082812 0.085938
1 0.617188 0.747656 0.059375 0.051562
4 0.737500 0.187500 0.015625 0.015625
5 0.525000 0.285156 0.034375 0.032813
2 0.240625 0.435937 0.046875 0.053125
4 0.854688 0.475781 0.012500 0.010937
1 0.239844 0.745313 0.098437 0.112500
0 0.429688 0.473438 0.096875 0.081250
3 0.507031 0.853125 0.082812 0.112500
2 0.148438 0.404687 0.034375 0.053125
5 0.710156 0.193750 0.048438 0.053125
5 0.568750 0.442188 0.050000 0.043750
3 0.755469 0.363281 0.204687 0.176563
5 0.246875 0.599219 0.034375 0.032813
1 0.491406 0.235156 0.057813 0.060937
0 0.369531 0.907813 0.035937 0.040625
4 0.778906 0.585938 0.023438 0.021875
0 0.160156 0.676562 0.060937 0.053125
5 0.878906 0.656250 0.026562 0.031250
1 0.472656 0.698438 0.060937 0.059375