2 0.798438 0.296875 0.059375 0.053125
3 0.436719 0.527344 0.129688 0.129688
5 0.476562 0.322656 0.068750 0.054688
5 0.126562 0.618750 0.025000 0.018750
2 0.483594 0.182812 0.067187 0.078125
3 0.568750 0.270313 0.115625 0.115625
5 0.809375 0.324219 0.021875 0.032813
2 0.597656 0.289844 0.017188 0.017188
0 0.347656 0.528906 0.051562 0.042188
3 0.269531 0.278125 0.079687 0.078125
5 0.799219 0.800000 0.051562 0.050000
3 0.755469 0.227344 0.089063 0.089063
4 0.177344 0.346875 0.039062 0.043750
4 0.400000 0.703125 0.021875 0.018750
0 0.553906 0.444531 0.123438 0.117188
5 0.769531 0.668750 0.035937 0.037500
3 0.625781 0.354687 0.107813 0.150000
2 0.817969 0.411719 0.020313 0.017188
2 0.505469 0.117188 0.054688 0.046875
0 0.858594 0.374219 0.060937 0.067187
5 0.828125 0.567187 0.025000 0.021875
2 0.747656 0.790625 0.029687 0.034375
4 0.372656 0.721875 0.023438 0.021875
3 0.667969 0.508594 0.101562 0.076563
5 0.466406 0.377344 0.017188 0.023438
3 0.814844 0.532031 0.157812 0.157812
1 0.525000 0.700000 0.053125 0.071875
2 0.245312 0.603906 0.037500 0.048438
1 0.167969 0.523438 0.089063 0.087500
1 0.592969 0.213281 0.092188 0.101562
5 0.664844 0.603125 0.054688 0.046875
2 0.263281 0.195312 0.054688 0.043750
5 0.105469 0.506250 0.029687 0.028125
3 0.254688 0.801562 0.056250 0.056250
4 0.548438 0.794531 0.046875 0.064062
5 0.716406 0.406250 0.051562 0.050000
4 0.704688 0.267188 0.050000 0.046875
2 0.565625 0.787500 0.043750 0.046875
1 0.800000 0.589844 0.121875 0.123438
4 0.664844 0.566406 0.170313 0.204687
4 0.861719 0.399219 0.035937 0.026562
5 0.893750 0.469531 0.031250 0.032813
4 0.710156 0.646875 0.079687 0.065625
1 0.443750 0.228906 0.100000 0.104688
0 0.741406 0.470313 0.048438 0.056250
1 0.656250 0.665625 0.043750 0.043750
2 0.155469 0.532031 0.070312 0.057813
4 0.833594 0.328125 0.014063 0.021875
1 0.177344 0.694531 0.070312 0.095312
4 0.342969 0.617969 0.023438 0.020313
4 0.291406 0.482812 0.023438 0.028125
4 0.243750 0.800781 0.059375 0.076563
0 0.232031 0.462500 0.051562 0.056250
1 0.631250 0.452344 0.093750 0.076563
3 0.592969 0.188281 0.148438 0.104688
5 0.667188 0.124219 0.043750 0.035937
5 0.439844 0.243750 0.045312 0.056250
1 0.659375 0.317969 0.043750 0.032813
5 0.371094 0.663281 0.035937 0.035937
5 0.770312 0.677344 0.043750 0.029687
4 0.592187 0.202344 0.156250 0.157812
5 0.470313 0.856250 0.028125 0.034375
2 0.367969 0.234375 0.045312 0.050000
5 0.182812 0.380469 0.040625 0.042188
0 0.452344 0.807813 0.035937 0.034375
1 0.383594 0.328906 0.042188 0.051562
0 0.490625 0.522656 0.053125 0.048438
2 0.660937 0.354687 0.037500 0.040625
4 0.662500 0.202344 0.040625 0.035937
0 0.632812 0.313281 0.075000 0.064062
0 0.255469 0.417969 0.023438 0.020313
1 0.267969 0.364063 0.095312 0.093750
0 0.342969 0.126562 0.085938 0.084375
0 0.660156 0.374219 0.032813 0.029687
1 0.742188 0.585156 0.068750 0.070312
5 0.829688 0.344531 0.028125 0.039062
4 0.354687 0.303125 0.040625 0.028125
4 0.103906 0.559375 0.032813 0.034375
5 0.675000 0.250000 0.046875 0.040625
3 0.409375 0.578125 0.159375 0.137500
2 0.126562 0.442969 0.025000 0.023438
0 0.776563 0.401562 0.093750 0.081250
3 0.780469 0.611719 0.076563 0.076563
0 0.335938 0.230469 0.087500 0.082812
4 0.707812 0.737500 0.068750 0.053125
5 0.539062 0.242969 0.031250 0.029687
4 0.467969 0.357812 0.085938 0.065625
0 0.721094 0.521875 0.079687 0.081250
3 0.508594 0.621875 0.132812 0.093750
2 0.623437 0.468750 0.046875 0.040625
2 0.273438 0.462500 0.056250 0.065625
0 0.393750 0.137500 0.056250 0.040625
1 0.239063 0.314844 0.090625 0.114062
1 0.098437 0.541406 0.078125 0.085938
0 0.481250 0.376563 0.046875 0.043750
5 0.519531 0.888281 0.042188 0.045312
2 0.280469 0.417187 0.064062 0.062500
2 0.239844 0.667188 0.035937 0.034375
5 0.735156 0.256250 0.045312 0.040625
5 0.142187 0.280469 0.043750 0.042188
4 0.707031 0.730469 0.026562 0.026562
0 0.431250 0.664844 0.081250 0.073438
5 0.626563 0.254688 0.034375 0.031250
2 0.732812 0.733594 0.068750 0.076563
5 0.417187 0.857031 0.062500 0.045312
0 0.357031 0.734375 0.042188 0.037500
3 0.710156 0.687500 0.223438 0.181250
5 0.652344 0.724219 0.029687 0.023438
0 0.662500 0.350781 0.031250 0.032813
5 0.521875 0.232031 0.050000 0.048438
2 0.340625 0.360938 0.025000 0.028125
2 0.131250 0.357812 0.053125 0.043750
1 0.501563 0.725000 0.196875 0.193750
2 0.543750 0.485156 0.034375 0.026562
0 0.132031 0.432031 0.101562 0.120313
0 0.727344 0.647656 0.054688 0.042188
0 0.429688 0.399219 0.059375 0.051562
2 0.565625 0.409375 0.043750 0.050000