2 0.438281 0.362500 0.045312 0.046875
2 0.721875 0.534375 0.081250 0.053125
1 0.437500 0.221094 0.096875 0.117188
4 0.908594 0.376563 0.020313 0.021875
0 0.110937 0.634375 0.075000 0.075000
4 0.340625 0.682813 0.031250 0.046875
1 0.837500 0.682031 0.075000 0.085938
3 0.697656 0.527344 0.082812 0.082812
3 0.389844 0.644531 0.123438 0.123438
5 0.717187 0.389062 0.034375 0.031250
3 0.522656 0.678906 0.317188 0.201563
0 0.601562 0.477344 0.131250 0.117188
0 0.874219 0.441406 0.042188 0.035937
4 0.268750 0.391406 0.043750 0.048438
3 0.509375 0.257812 0.221875 0.271875
4 0.157812 0.449219 0.037500 0.051562
5 0.917969 0.566406 0.032813 0.032813
5 0.912500 0.568750 0.040625 0.040625
3 0.764844 0.426563 0.301563 0.312500
3 0.365625 0.730469 0.131250 0.107813
5 0.808594 0.494531 0.026562 0.026562
0 0.114062 0.499219 0.059375 0.042188
3 0.461719 0.608594 0.142187 0.142187
5 0.380469 0.157031 0.017188 0.017188
5 0.363281 0.111719 0.054688 0.054688
4 0.194531 0.596094 0.245312 0.245312
5 0.634375 0.692969 0.018750 0.035937
3 0.796094 0.308594 0.095312 0.095312
4 0.348438 0.670312 0.037500 0.031250
4 0.213281 0.756250 0.014063 0.018750
5 0.267969 0.210938 0.026562 0.025000
1 0.217969 0.247656 0.067187 0.092188
5 0.867969 0.392188 0.032813 0.031250
2 0.664844 0.582812 0.029687 0.034375
0 0.319531 0.289844 0.029687 0.026562
0 0.727344 0.675000 0.126562 0.106250
3 0.703906 0.166406 0.092188 0.092188
1 0.844531 0.531250 0.085938 0.096875
0 0.303125 0.666406 0.062500 0.060937
5 0.646094 0.525781 0.020313 0.020313
1 0.753125 0.592187 0.075000 0.109375
5 0.658594 0.867969 0.060937 0.060937
5 0.390625 0.611719 0.043750 0.048438
5 0.696094 0.641406 0.045312 0.039062
0 0.320312 0.845313 0.043750 0.037500
0 0.817187 0.724219 0.090625 0.092188
3 0.289844 0.722656 0.029687 0.029687
3 0.832031 0.372656 0.107813 0.082812
4 0.672656 0.617188 0.060937 0.056250
3 0.636719 0.316406 0.395313 0.429688
1 0.756250 0.740625 0.062500 0.068750
4 0.171094 0.518750 0.035937 0.037500
3 0.144531 0.600781 0.085938 0.117188
0 0.270313 0.470313 0.037500 0.037500
2 0.760156 0.422656 0.048438 0.042188
0 0.412500 0.321094 0.087500 0.092188
2 0.585938 0.448437 0.056250 0.059375
1 0.514062 0.337500 0.109375 0.100000
2 0.704688 0.297656 0.031250 0.029687
5 0.413281 0.363281 0.042188 0.042188
5 0.527344 0.260937 0.042188 0.043750
4 0.184375 0.347656 0.068750 0.076563
5 0.704688 0.211719 0.028125 0.029687
2 0.378125 0.267969 0.050000 0.045312
5 0.285156 0.144531 0.051562 0.048438
3 0.339062 0.210938 0.071875 0.071875
0 0.228125 0.712500 0.065625 0.053125
3 0.653906 0.747656 0.160938 0.151562
1 0.580469 0.798438 0.029687 0.046875
3 0.300000 0.764062 0.068750 0.068750
5 0.803125 0.740625 0.031250 0.040625
0 0.221094 0.783594 0.032813 0.039062
1 0.143750 0.402344 0.084375 0.104688
4 0.432812 0.507031 0.050000 0.045312
5 0.696875 0.389062 0.028125 0.031250
5 0.632031 0.221094 0.045312 0.057813
5 0.381250 0.269531 0.071875 0.073438
2 0.335156 0.136719 0.023438 0.035937
4 0.625781 0.110937 0.042188 0.046875
3 0.333594 0.586719 0.167187 0.167187
4 0.521094 0.399219 0.032813 0.029687
5 0.719531 0.796094 0.048438 0.045312
5 0.671875 0.854688 0.025000 0.018750
5 0.766406 0.582031 0.020313 0.023438
2 0.199219 0.414844 0.114062 0.139063
3 0.766406 0.771094 0.060937 0.060937
0 0.353906 0.255469 0.064062 0.057813
4 0.634375 0.745313 0.096875 0.096875
1 0.378125 0.202344 0.087500 0.064062
4 0.664844 0.377344 0.045312 0.045312
2 0.813281 0.728906 0.107813 0.085938
3 0.250781 0.514844 0.092188 0.110937
0 0.440625 0.874219 0.056250 0.051562
2 0.711719 0.339844 0.051562 0.092188
5 0.322656 0.612500 0.026562 0.031250
0 0.746875 0.242188 0.043750 0.040625
2 0.749219 0.335156 0.026562 0.032813
3 0.582031 0.374219 0.107813 0.114062
2 0.467969 0.241406 0.039062 0.045312
4 0.667188 0.618750 0.075000 0.068750
2 0.605469 0.885156 0.048438 0.073438
4 0.657031 0.310156 0.251563 0.285938
4 0.766406 0.794531 0.051562 0.064062
4 0.746875 0.394531 0.065625 0.054688
1 0.150000 0.623437 0.081250 0.065625
5 0.270313 0.193750 0.068750 0.056250
1 0.246094 0.615625 0.067187 0.065625
2 0.500000 0.714844 0.028125 0.045312
1 0.706250 0.267969 0.053125 0.079687
5 0.779687 0.415625 0.031250 0.037500
5 0.370312 0.129688 0.065625 0.059375
3 0.747656 0.411719 0.092188 0.092188
4 0.786719 0.192188 0.023438 0.021875
3 0.453125 0.706250 0.112500 0.112500
1 0.707031 0.214844 0.185938 0.185938
1 0.554688 0.551562 0.137500 0.100000
1 0.619531 0.218750 0.135937 0.134375
2 0.615625 0.736719 0.009375 0.014063
3 0.531250 0.543750 0.112500 0.112500
1 0.536719 0.431250 0.057813 0.062500
5 0.703906 0.596094 0.060937 0.060937