2 0.623437 0.315625 0.043750 0.031250
1 0.378906 0.823438 0.064062 0.068750
3 0.271094 0.394531 0.042188 0.082812
4 0.851562 0.475781 0.037500 0.045312
5 0.321094 0.150000 0.048438 0.043750
0 0.130469 0.592969 0.057813 0.048438
4 0.096875 0.436719 0.053125 0.048438
5 0.252344 0.321094 0.064062 0.054688
4 0.650000 0.805469 0.137500 0.095312
2 0.571875 0.147656 0.031250 0.042188
4 0.575000 0.685937 0.043750 0.040625
2 0.553125 0.205469 0.053125 0.051562
3 0.342969 0.357031 0.192188 0.192188
2 0.521875 0.478125 0.071875 0.050000
0 0.863281 0.453125 0.057813 0.050000
4 0.253906 0.293750 0.085938 0.050000
5 0.270313 0.664062 0.050000 0.059375
5 0.775781 0.183594 0.035937 0.035937
0 0.584375 0.440625 0.078125 0.096875
1 0.435937 0.425781 0.059375 0.048438
3 0.460938 0.564844 0.078125 0.057813
0 0.239844 0.342187 0.026562 0.028125
5 0.594531 0.454688 0.045312 0.040625
3 0.708594 0.263281 0.135937 0.135937
2 0.836719 0.391406 0.085938 0.085938
4 0.475000 0.217188 0.137500 0.137500
4 0.840625 0.342969 0.046875 0.042188
1 0.314063 0.828125 0.075000 0.075000
4 0.542969 0.364063 0.035937 0.034375
3 0.444531 0.191406 0.176563 0.176563
0 0.370312 0.845313 0.043750 0.037500
1 0.296094 0.275000 0.089063 0.087500
3 0.422656 0.732031 0.104688 0.104688
1 0.805469 0.719531 0.057813 0.064062
5 0.493750 0.864062 0.043750 0.046875
2 0.150781 0.276562 0.023438 0.018750
0 0.683594 0.829688 0.039062 0.040625
3 0.534375 0.500000 0.087500 0.065625
2 0.798438 0.745313 0.068750 0.078125
4 0.562500 0.301563 0.143750 0.106250
0 0.614062 0.535156 0.037500 0.045312
5 0.538281 0.540625 0.060937 0.090625
5 0.235156 0.432812 0.023438 0.025000
0 0.262500 0.575781 0.031250 0.029687
1 0.683594 0.458594 0.076563 0.076563
3 0.522656 0.725781 0.082812 0.082812
1 0.786719 0.780469 0.082812 0.079687
0 0.217969 0.682031 0.048438 0.051562
4 0.417969 0.107031 0.029687 0.032813
2 0.824219 0.715625 0.020313 0.021875
5 0.651563 0.707812 0.078125 0.071875
0 0.257812 0.800781 0.062500 0.057813
0 0.557031 0.228906 0.067187 0.057813
1 0.721875 0.165625 0.056250 0.056250
4 0.496094 0.419531 0.023438 0.020313
0 0.599219 0.217969 0.067187 0.057813
2 0.757031 0.480469 0.039062 0.042188
3 0.812500 0.647656 0.134375 0.132812
4 0.675000 0.739062 0.018750 0.018750
5 0.541406 0.817969 0.039062 0.039062
4 0.529687 0.306250 0.015625 0.018750
2 0.888281 0.362500 0.045312 0.043750
1 0.382031 0.299219 0.057813 0.054688
3 0.588281 0.135156 0.104688 0.104688
2 0.293750 0.163281 0.018750 0.020313
1 0.285938 0.769531 0.037500 0.060937
4 0.667188 0.758594 0.028125 0.020313
1 0.756250 0.283594 0.112500 0.123438
5 0.397656 0.527344 0.035937 0.029687
5 0.838281 0.717969 0.032813 0.035937
1 0.344531 0.291406 0.085938 0.079687
1 0.668750 0.562500 0.071875 0.071875
0 0.309375 0.454688 0.040625 0.034375
4 0.215625 0.515625 0.081250 0.068750
1 0.792969 0.282031 0.070312 0.089063