1 0.873437 0.516406 0.121875 0.126562
5 0.171875 0.318750 0.043750 0.056250
1 0.717187 0.178125 0.093750 0.078125
2 0.745313 0.292969 0.043750 0.042188
1 0.526563 0.882812 0.071875 0.106250
2 0.310937 0.225000 0.046875 0.037500
5 0.485156 0.346094 0.054688 0.048438
1 0.682031 0.527344 0.051562 0.042188
5 0.503125 0.842187 0.031250 0.034375
5 0.623437 0.136719 0.034375 0.048438
2 0.608594 0.478906 0.064062 0.067187
3 0.492188 0.170313 0.193750 0.125000
1 0.466406 0.264844 0.045312 0.039062
5 0.185938 0.781250 0.031250 0.031250
5 0.822656 0.682813 0.051562 0.053125
3 0.314063 0.378125 0.062500 0.062500
3 0.498437 0.520312 0.178125 0.150000
2 0.515625 0.339844 0.034375 0.029687
4 0.506250 0.119531 0.012500 0.014063
5 0.498437 0.693750 0.084375 0.084375
2 0.276562 0.756250 0.046875 0.040625
4 0.715625 0.787500 0.018750 0.018750
2 0.714844 0.243750 0.042188 0.050000
4 0.137500 0.350781 0.062500 0.076563
2 0.694531 0.846875 0.042188 0.043750
5 0.806250 0.675781 0.015625 0.026562
0 0.575781 0.753906 0.039062 0.029687
5 0.142969 0.654687 0.035937 0.037500
3 0.463281 0.718750 0.332813 0.284375
0 0.854688 0.535156 0.040625 0.039062
5 0.745313 0.456250 0.034375 0.034375
3 0.712500 0.443750 0.096875 0.096875
3 0.432812 0.423438 0.096875 0.096875
1 0.482031 0.547656 0.051562 0.054688
2 0.735156 0.422656 0.057813 0.073438
4 0.493750 0.778125 0.025000 0.025000
4 0.195312 0.508594 0.175000 0.145313
3 0.142187 0.323437 0.100000 0.100000
4 0.220312 0.650781 0.028125 0.026562
5 0.326562 0.601562 0.040625 0.037500
4 0.589844 0.285156 0.148438 0.135937
0 0.835938 0.759375 0.046875 0.050000
3 0.381250 0.745313 0.078125 0.078125
4 0.512500 0.174219 0.071875 0.079687
0 0.543750 0.500000 0.018750 0.025000
1 0.508594 0.261719 0.048438 0.045312
2 0.474219 0.353906 0.039062 0.023438
4 0.357031 0.818750 0.010937 0.018750
3 0.823438 0.436719 0.056250 0.057813
1 0.284375 0.492188 0.062500 0.081250
4 0.635156 0.239844 0.017188 0.017188
5 0.390625 0.370312 0.093750 0.068750
2 0.332031 0.393750 0.045312 0.053125
1 0.175000 0.533594 0.162500 0.189062
4 0.349219 0.235937 0.023438 0.018750
3 0.450000 0.491406 0.093750 0.095312
4 0.576562 0.449219 0.112500 0.117188
5 0.525781 0.194531 0.054688 0.051562
0 0.475000 0.269531 0.046875 0.032813
5 0.827344 0.643750 0.051562 0.053125
4 0.578125 0.382812 0.015625 0.018750
5 0.574219 0.517969 0.023438 0.029687
2 0.349219 0.573438 0.051562 0.043750
4 0.232813 0.457031 0.028125 0.017188
0 0.259375 0.624219 0.046875 0.048438
3 0.126562 0.435937 0.090625 0.090625
3 0.503125 0.662500 0.068750 0.046875
3 0.323437 0.602344 0.140625 0.107813
3 0.430469 0.639844 0.070312 0.070312
4 0.473438 0.742969 0.018750 0.020313
0 0.283594 0.571875 0.051562 0.053125
1 0.206250 0.474219 0.209375 0.139063
4 0.386719 0.171875 0.092188 0.084375
1 0.520312 0.112500 0.100000 0.096875
2 0.646875 0.135937 0.046875 0.046875
1 0.250000 0.215625 0.056250 0.062500
2 0.582031 0.554688 0.076563 0.075000
4 0.732812 0.197656 0.034375 0.029687
2 0.493750 0.558594 0.025000 0.035937
2 0.739062 0.508594 0.040625 0.035937
4 0.638281 0.163281 0.023438 0.023438
5 0.724219 0.306250 0.070312 0.053125
0 0.232813 0.542969 0.031250 0.029687
4 0.639062 0.753906 0.043750 0.067187
3 0.413281 0.341406 0.035937 0.035937
1 0.894531 0.600781 0.039062 0.039062
0 0.329688 0.555469 0.056250 0.060937
5 0.116406 0.545312 0.032813 0.031250
4 0.593750 0.212500 0.071875 0.056250
4 0.523438 0.631250 0.118750 0.137500
2 0.204687 0.398438 0.037500 0.034375
3 0.640625 0.287500 0.128125 0.128125
4 0.724219 0.735938 0.032813 0.031250
3 0.306250 0.243750 0.196875 0.146875
2 0.691406 0.722656 0.079687 0.070312
4 0.618750 0.807813 0.065625 0.065625
4 0.313281 0.383594 0.039062 0.039062
2 0.417187 0.671094 0.053125 0.051562
4 0.150000 0.450781 0.028125 0.032813
0 0.681250 0.416406 0.034375 0.026562
5 0.562500 0.468750 0.046875 0.040625
5 0.791406 0.623437 0.026562 0.025000
0 0.697656 0.732812 0.023438 0.018750
3 0.720313 0.269531 0.140625 0.173437
2 0.573438 0.396094 0.078125 0.076563