0 0.521094 0.132031 0.082812 0.085938
1 0.697656 0.355469 0.123438 0.104688
2 0.636719 0.859375 0.023438 0.021875
4 0.715625 0.598437 0.043750 0.040625
0 0.768750 0.661719 0.046875 0.054688
4 0.648438 0.471875 0.040625 0.043750
1 0.777344 0.567969 0.076563 0.051562
5 0.633594 0.340625 0.048438 0.043750
4 0.507812 0.369531 0.034375 0.029687
3 0.225781 0.502344 0.304688 0.323437
3 0.514844 0.511719 0.060937 0.060937
1 0.206250 0.258594 0.112500 0.092188
5 0.277344 0.616406 0.051562 0.051562
0 0.863281 0.538281 0.045312 0.042188
5 0.578125 0.166406 0.059375 0.039062
5 0.803125 0.323437 0.040625 0.034375
4 0.473438 0.133594 0.031250 0.029687
3 0.452344 0.545312 0.120313 0.100000
4 0.795312 0.366406 0.200000 0.179688
3 0.256250 0.225000 0.106250 0.106250
4 0.311719 0.744531 0.026562 0.026562
2 0.160156 0.623437 0.029687 0.031250
1 0.611719 0.344531 0.070312 0.073438
2 0.738281 0.214062 0.039062 0.037500
0 0.585938 0.700781 0.062500 0.064062
3 0.642188 0.151562 0.143750 0.143750
5 0.376563 0.793750 0.025000 0.028125
3 0.456250 0.506250 0.053125 0.053125
0 0.084375 0.499219 0.059375 0.048438
0 0.639844 0.588281 0.132812 0.126562
1 0.707812 0.809375 0.046875 0.056250
3 0.640625 0.207031 0.075000 0.101562
0 0.764062 0.243750 0.034375 0.031250
3 0.298438 0.498437 0.156250 0.193750
1 0.212500 0.261719 0.103125 0.098437
2 0.463281 0.274219 0.079687 0.064062
3 0.379688 0.731250 0.084375 0.084375
5 0.274219 0.274219 0.035937 0.039062
4 0.381250 0.550000 0.015625 0.015625
3 0.350781 0.232031 0.085938 0.085938
1 0.388281 0.223438 0.098437 0.100000
2 0.764062 0.710938 0.046875 0.043750
3 0.143750 0.548438 0.078125 0.078125
4 0.397656 0.292187 0.029687 0.021875
5 0.652344 0.183594 0.029687 0.029687
0 0.313281 0.401562 0.107813 0.090625
2 0.197656 0.326562 0.042188 0.037500
4 0.253125 0.553125 0.028125 0.021875
5 0.832812 0.618750 0.050000 0.046875
2 0.474219 0.814844 0.039062 0.054688
3 0.334375 0.758594 0.153125 0.148438
1 0.679688 0.385937 0.071875 0.068750
0 0.307812 0.795312 0.071875 0.078125
0 0.708594 0.400000 0.057813 0.059375
1 0.460156 0.167969 0.060937 0.039062
4 0.245312 0.393750 0.100000 0.084375
1 0.516406 0.517969 0.217188 0.198437
3 0.628906 0.740625 0.151562 0.121875
3 0.436719 0.310156 0.095312 0.095312
5 0.564844 0.518750 0.073438 0.059375
2 0.449219 0.686719 0.039062 0.032813
1 0.511719 0.796875 0.082812 0.084375
5 0.521875 0.785937 0.025000 0.031250
2 0.447656 0.134375 0.035937 0.031250
3 0.635938 0.594531 0.140625 0.092188
0 0.590625 0.899219 0.040625 0.035937
2 0.232031 0.589844 0.067187 0.064062
1 0.689063 0.196875 0.025000 0.043750
4 0.613281 0.717187 0.107813 0.096875
1 0.482031 0.170313 0.098437 0.100000
2 0.727344 0.160938 0.035937 0.034375
3 0.525000 0.548438 0.290625 0.171875
4 0.435156 0.100781 0.020313 0.020313
5 0.392188 0.363281 0.034375 0.032813
0 0.435937 0.607812 0.050000 0.040625