0 0.450781 0.412500 0.045312 0.040625
3 0.176563 0.528125 0.100000 0.100000
1 0.686719 0.792969 0.057813 0.060937
5 0.202344 0.524219 0.039062 0.039062
2 0.277344 0.659375 0.048438 0.043750
2 0.335938 0.731250 0.043750 0.059375
4 0.327344 0.164062 0.039062 0.043750
2 0.650781 0.196875 0.060937 0.062500
0 0.676562 0.289844 0.062500 0.057813
2 0.242188 0.514844 0.071875 0.076563
0 0.824219 0.275000 0.082812 0.078125
1 0.846094 0.498437 0.051562 0.046875
3 0.500000 0.400000 0.137500 0.137500
2 0.371094 0.782031 0.254688 0.114062
0 0.762500 0.252344 0.037500 0.045312
5 0.731250 0.718750 0.028125 0.031250
4 0.089844 0.505469 0.064062 0.054688
5 0.228906 0.400000 0.051562 0.034375
3 0.435156 0.464062 0.367188 0.393750
2 0.561719 0.275781 0.039062 0.035937
0 0.840625 0.417187 0.031250 0.028125
3 0.790625 0.503125 0.215625 0.215625
1 0.886719 0.400781 0.060937 0.054688
4 0.421875 0.318750 0.028125 0.025000
4 0.378906 0.571094 0.098437 0.098437
1 0.422656 0.482812 0.145313 0.153125
2 0.582812 0.326562 0.043750 0.043750
0 0.492969 0.912500 0.039062 0.040625
3 0.817187 0.462500 0.118750 0.118750
2 0.675781 0.504687 0.048438 0.046875
4 0.251563 0.286719 0.050000 0.042188
5 0.452344 0.622656 0.026562 0.026562
4 0.732031 0.572656 0.073438 0.045312
1 0.875781 0.551562 0.057813 0.053125
1 0.377344 0.765625 0.057813 0.056250
3 0.588281 0.406250 0.201563 0.184375
4 0.487500 0.673438 0.031250 0.037500
5 0.579688 0.882031 0.037500 0.029687
4 0.199219 0.439844 0.026562 0.020313
2 0.224219 0.337500 0.064062 0.056250
1 0.526563 0.767969 0.096875 0.107813
2 0.362500 0.903125 0.046875 0.034375
3 0.514062 0.707812 0.275000 0.240625
5 0.142969 0.662500 0.057813 0.056250
3 0.796094 0.500000 0.210938 0.212500
0 0.710938 0.807813 0.050000 0.056250
2 0.397656 0.538281 0.054688 0.051562
3 0.265625 0.253125 0.068750 0.050000
2 0.442969 0.230469 0.020313 0.020313
3 0.375000 0.801562 0.118750 0.118750
5 0.457031 0.371094 0.029687 0.032813
2 0.695312 0.416406 0.034375 0.029687
5 0.347656 0.640625 0.048438 0.043750
5 0.823438 0.543750 0.021875 0.021875
5 0.675000 0.249219 0.050000 0.045312
4 0.334375 0.246094 0.050000 0.067187
2 0.313281 0.198437 0.051562 0.056250
1 0.147656 0.546875 0.070312 0.078125
1 0.514062 0.224219 0.143750 0.129688
0 0.787500 0.303125 0.062500 0.062500
1 0.559375 0.359375 0.118750 0.090625
4 0.618750 0.573438 0.150000 0.109375
5 0.323437 0.534375 0.040625 0.050000
5 0.729688 0.335938 0.021875 0.025000
4 0.236719 0.652344 0.020313 0.014063
4 0.667969 0.367188 0.035937 0.028125
1 0.723437 0.694531 0.181250 0.157812
3 0.746094 0.413281 0.054688 0.054688
3 0.571094 0.677344 0.185938 0.185938
3 0.383594 0.351562 0.226562 0.178125
4 0.800781 0.335156 0.148438 0.114062
1 0.861719 0.727344 0.048438 0.045312
4 0.437500 0.453125 0.062500 0.056250
3 0.802344 0.455469 0.070312 0.070312
0 0.218750 0.789844 0.028125 0.026562
3 0.371875 0.321094 0.162500 0.182812
4 0.374219 0.643750 0.051562 0.043750
3 0.708594 0.634375 0.117188 0.093750
4 0.456250 0.499219 0.025000 0.017188
4 0.145313 0.280469 0.037500 0.032813
2 0.657813 0.464062 0.084375 0.100000
2 0.278906 0.426563 0.026562 0.021875
0 0.826562 0.241406 0.034375 0.042188
3 0.364063 0.731250 0.265625 0.281250
0 0.675000 0.212500 0.040625 0.037500
4 0.411719 0.352344 0.020313 0.014063
2 0.861719 0.736719 0.023438 0.023438
2 0.798438 0.507031 0.037500 0.042188
0 0.295312 0.607031 0.040625 0.039062
4 0.882031 0.674219 0.051562 0.051562
2 0.367188 0.327344 0.068750 0.073438
4 0.671875 0.719531 0.021875 0.035937
1 0.546875 0.335938 0.037500 0.034375
2 0.657031 0.607812 0.060937 0.053125
1 0.569531 0.678906 0.085938 0.064062
1 0.640625 0.669531 0.156250 0.164062
1 0.350000 0.727344 0.075000 0.110937
4 0.532813 0.146875 0.025000 0.028125
5 0.125781 0.400000 0.029687 0.028125
1 0.493750 0.420312 0.200000 0.121875
1 0.486719 0.839063 0.054688 0.053125
1 0.450781 0.867188 0.092188 0.062500
2 0.450781 0.735156 0.026562 0.042188
2 0.519531 0.427344 0.032813 0.032813
5 0.273438 0.317969 0.031250 0.035937
4 0.252344 0.737500 0.020313 0.028125
2 0.261719 0.471875 0.132812 0.125000
0 0.401562 0.781250 0.040625 0.046875
2 0.497656 0.211719 0.070312 0.073438
3 0.726562 0.643750 0.065625 0.062500
3 0.324219 0.308594 0.092188 0.092188
2 0.882031 0.317969 0.020313 0.023438
0 0.721094 0.314063 0.076563 0.071875
4 0.705469 0.665625 0.023438 0.028125
5 0.867969 0.315625 0.032813 0.025000
1 0.348438 0.255469 0.143750 0.132812
4 0.731250 0.245312 0.028125 0.034375
0 0.740625 0.686719 0.078125 0.073438
3 0.489844 0.662500 0.295312 0.287500
1 0.781250 0.720313 0.115625 0.096875
3 0.371875 0.372656 0.190625 0.151562
1 0.308594 0.310937 0.076563 0.071875
1 0.395313 0.225000 0.059375 0.053125
0 0.607812 0.829688 0.106250 0.096875
4 0.753906 0.749219 0.014063 0.014063
5 0.401562 0.182031 0.021875 0.023438
2 0.711719 0.715625 0.204687 0.171875
1 0.467969 0.525781 0.110937 0.089063
2 0.199219 0.274219 0.051562 0.051562
1 0.721094 0.492969 0.095312 0.085938
1 0.489844 0.824219 0.092188 0.110937
2 0.725781 0.711719 0.039062 0.029687
2 0.324219 0.180469 0.035937 0.032813
0 0.496094 0.121094 0.123438 0.123438
1 0.564063 0.342969 0.050000 0.032813
0 0.712500 0.193750 0.071875 0.065625
3 0.271875 0.535156 0.081250 0.079687
0 0.563281 0.310937 0.070312 0.056250
4 0.328906 0.246094 0.079687 0.070312
2 0.210156 0.292969 0.026562 0.020313
2 0.794531 0.633594 0.042188 0.057813
3 0.568750 0.327344 0.134375 0.101562
0 0.807031 0.322656 0.057813 0.045312
1 0.637500 0.685156 0.081250 0.092188
5 0.181250 0.289844 0.050000 0.054688
1 0.562500 0.836719 0.046875 0.045312
1 0.400000 0.194531 0.187500 0.207813