3 0.590625 0.284375 0.084375 0.103125
4 0.542188 0.690625 0.031250 0.034375
1 0.257031 0.623437 0.123438 0.137500
2 0.452344 0.448437 0.032813 0.028125
5 0.620313 0.533594 0.053125 0.057813
4 0.270313 0.690625 0.056250 0.062500
5 0.289062 0.819531 0.046875 0.042188
5 0.403125 0.245312 0.034375 0.046875
2 0.575781 0.182031 0.054688 0.064062
3 0.289062 0.479687 0.071875 0.071875
0 0.645312 0.265625 0.046875 0.068750
3 0.246094 0.538281 0.101562 0.101562
1 0.790625 0.693750 0.140625 0.140625
4 0.627344 0.316406 0.048438 0.045312
5 0.293750 0.394531 0.043750 0.035937
5 0.716406 0.470313 0.042188 0.037500
5 0.494531 0.805469 0.032813 0.039062
1 0.155469 0.328125 0.070312 0.093750
0 0.496094 0.167969 0.029687 0.026562
3 0.464844 0.322656 0.117188 0.154688
0 0.634375 0.162500 0.059375 0.065625
4 0.831250 0.377344 0.025000 0.023438
4 0.766406 0.585156 0.026562 0.023438
3 0.694531 0.785937 0.139063 0.128125
1 0.633594 0.816406 0.085938 0.098437
1 0.748437 0.812500 0.062500 0.062500
4 0.824219 0.417969 0.042188 0.042188
1 0.800781 0.756250 0.076563 0.084375
2 0.480469 0.520312 0.020313 0.021875
2 0.670312 0.462500 0.040625 0.034375
1 0.714844 0.482812 0.107813 0.100000
1 0.590625 0.271094 0.087500 0.085938
4 0.532031 0.797656 0.026562 0.026562
1 0.538281 0.481250 0.079687 0.084375
0 0.449219 0.455469 0.070312 0.060937
5 0.558594 0.429688 0.042188 0.040625
0 0.485156 0.883594 0.107813 0.089063
3 0.362500 0.637500 0.109375 0.109375
5 0.682813 0.528125 0.037500 0.034375
3 0.410156 0.604688 0.176563 0.262500
2 0.767969 0.378125 0.032813 0.034375
4 0.553125 0.618750 0.018750 0.015625
5 0.450781 0.721094 0.020313 0.020313
1 0.442188 0.803125 0.146875 0.159375
2 0.892188 0.390625 0.071875 0.075000
2 0.698438 0.267188 0.140625 0.121875
1 0.703906 0.585156 0.089063 0.060937
5 0.789062 0.355469 0.028125 0.032813
3 0.450781 0.705469 0.139063 0.139063
2 0.621875 0.402344 0.034375 0.045312
4 0.300781 0.885156 0.020313 0.017188
2 0.249219 0.692187 0.029687 0.040625
5 0.110156 0.660156 0.035937 0.035937
2 0.695312 0.620313 0.075000 0.053125
4 0.269531 0.466406 0.195312 0.192188
3 0.317188 0.575000 0.150000 0.150000
3 0.526563 0.319531 0.100000 0.126562
2 0.442188 0.367969 0.046875 0.057813
4 0.675781 0.144531 0.017188 0.023438
3 0.661719 0.685937 0.089063 0.090625
1 0.785937 0.392188 0.125000 0.146875
1 0.326562 0.303906 0.040625 0.029687
0 0.214062 0.790625 0.056250 0.059375
2 0.543750 0.629687 0.034375 0.034375
5 0.900781 0.625781 0.051562 0.054688
1 0.619531 0.692187 0.060937 0.059375
0 0.236719 0.695312 0.026562 0.031250
2 0.552344 0.808594 0.073438 0.067187
1 0.869531 0.437500 0.117188 0.081250
2 0.434375 0.602344 0.037500 0.039062
4 0.767969 0.767969 0.017188 0.014063
0 0.372656 0.846875 0.085938 0.078125
1 0.500781 0.592969 0.076563 0.085938
4 0.773438 0.835938 0.028125 0.025000
2 0.257031 0.725000 0.045312 0.043750
2 0.303906 0.518750 0.035937 0.046875
3 0.794531 0.544531 0.226562 0.226562
2 0.379688 0.350000 0.053125 0.056250
5 0.129688 0.732812 0.018750 0.018750
3 0.576562 0.287500 0.240625 0.215625
3 0.673438 0.800000 0.118750 0.118750
0 0.528906 0.822656 0.026562 0.029687
4 0.903906 0.507031 0.023438 0.026562
4 0.770312 0.292187 0.212500 0.212500
4 0.416406 0.682813 0.035937 0.031250
1 0.184375 0.601562 0.103125 0.078125
5 0.103906 0.390625 0.045312 0.040625
3 0.389844 0.478906 0.073438 0.073438
2 0.309375 0.121875 0.031250 0.025000
1 0.852344 0.364844 0.057813 0.051562
5 0.476562 0.261719 0.028125 0.023438