5 0.582812 0.625781 0.037500 0.051562
3 0.116406 0.614844 0.089063 0.098437
0 0.513281 0.260937 0.114062 0.109375
4 0.723437 0.397656 0.025000 0.023438
1 0.682813 0.186719 0.043750 0.032813
4 0.583594 0.442969 0.023438 0.026562
1 0.246875 0.553906 0.115625 0.095312
4 0.366406 0.872656 0.039062 0.039062
3 0.289062 0.628125 0.090625 0.090625
0 0.472656 0.075781 0.048438 0.048438
1 0.644531 0.212500 0.254688 0.237500
1 0.409375 0.742969 0.168750 0.179688
3 0.526563 0.139844 0.068750 0.104688
3 0.515625 0.453125 0.103125 0.103125
1 0.648438 0.319531 0.059375 0.139063
2 0.842187 0.613281 0.040625 0.039062
0 0.801562 0.489063 0.043750 0.040625
0 0.875000 0.374219 0.021875 0.020313
1 0.491406 0.572656 0.054688 0.051562
3 0.560937 0.817187 0.156250 0.156250
5 0.750781 0.208594 0.032813 0.039062
4 0.419531 0.271094 0.035937 0.026562
1 0.768750 0.404687 0.081250 0.081250
5 0.122656 0.310156 0.032813 0.035937
5 0.265625 0.193750 0.040625 0.037500
3 0.485938 0.428125 0.153125 0.153125
2 0.636719 0.259375 0.032813 0.028125
0 0.709375 0.660937 0.068750 0.087500
2 0.499219 0.375000 0.085938 0.078125
2 0.376563 0.506250 0.037500 0.040625
3 0.495312 0.260937 0.068750 0.068750
1 0.414062 0.852344 0.050000 0.048438
2 0.634375 0.298438 0.131250 0.128125
0 0.782031 0.441406 0.076563 0.079687
0 0.113281 0.610156 0.051562 0.045312
2 0.839063 0.600000 0.056250 0.043750
2 0.119531 0.497656 0.023438 0.026562
1 0.704688 0.371875 0.071875 0.059375
1 0.596094 0.182031 0.089063 0.098437
3 0.778906 0.492969 0.226562 0.279687
1 0.703906 0.619531 0.045312 0.048438
0 0.432031 0.826562 0.076563 0.084375
1 0.590625 0.341406 0.140625 0.139063
1 0.503125 0.320312 0.103125 0.109375
0 0.722656 0.252344 0.070312 0.073438
1 0.176563 0.575000 0.056250 0.046875
2 0.410938 0.386719 0.068750 0.067187
5 0.218750 0.282813 0.046875 0.050000
1 0.886719 0.539844 0.110937 0.092188
4 0.654687 0.600000 0.021875 0.021875
4 0.500000 0.817187 0.046875 0.037500
3 0.700781 0.643750 0.164062 0.271875
2 0.358594 0.703125 0.051562 0.050000
3 0.678906 0.461719 0.142187 0.173437
0 0.805469 0.220312 0.029687 0.028125
5 0.879687 0.403125 0.043750 0.043750
2 0.239844 0.182812 0.035937 0.031250
2 0.715625 0.854688 0.012500 0.015625
0 0.163281 0.621094 0.054688 0.067187
1 0.750781 0.361719 0.082812 0.089063
2 0.531250 0.831250 0.034375 0.034375
5 0.360156 0.614844 0.048438 0.048438
4 0.338281 0.365625 0.032813 0.053125
4 0.567969 0.834375 0.045312 0.043750
5 0.814063 0.488281 0.050000 0.042188
0 0.564063 0.811719 0.062500 0.048438
1 0.610938 0.786719 0.150000 0.126562
3 0.557813 0.723437 0.153125 0.118750
1 0.316406 0.130469 0.070312 0.060937
5 0.620313 0.746094 0.046875 0.039062
0 0.707031 0.551562 0.020313 0.015625
2 0.589844 0.142187 0.023438 0.021875
5 0.196875 0.335156 0.050000 0.042188
0 0.360156 0.285156 0.076563 0.060937
5 0.625000 0.355469 0.053125 0.048438
2 0.125000 0.707031 0.037500 0.039062
4 0.674219 0.732812 0.060937 0.050000
2 0.673438 0.188281 0.050000 0.039062
2 0.203125 0.423438 0.068750 0.075000
5 0.482031 0.867969 0.042188 0.042188