4 0.467187 0.760938 0.028125 0.025000
4 0.803125 0.553906 0.075000 0.082812
3 0.446094 0.614844 0.314063 0.314063
0 0.258594 0.724219 0.045312 0.048438
3 0.399219 0.174219 0.060937 0.060937
2 0.614062 0.120313 0.028125 0.028125
1 0.507031 0.688281 0.095312 0.092188
0 0.849219 0.669531 0.057813 0.045312
5 0.558594 0.360156 0.039062 0.051562
4 0.522656 0.786719 0.017188 0.020313
4 0.085156 0.550000 0.023438 0.025000
4 0.455469 0.473438 0.070312 0.062500
3 0.303906 0.805469 0.060937 0.060937
2 0.299219 0.171094 0.060937 0.070312
1 0.689063 0.191406 0.037500 0.035937
4 0.328125 0.533594 0.062500 0.039062
2 0.309375 0.695312 0.040625 0.034375
3 0.742188 0.496094 0.100000 0.114062
3 0.320312 0.511719 0.087500 0.117188
4 0.346875 0.493750 0.012500 0.012500
0 0.417969 0.586719 0.048438 0.051562
0 0.664844 0.243750 0.101562 0.118750
5 0.290625 0.469531 0.034375 0.035937
4 0.407813 0.751563 0.153125 0.159375
3 0.755469 0.627344 0.104688 0.104688
2 0.657813 0.529687 0.012500 0.034375
5 0.501563 0.468750 0.050000 0.046875
2 0.471094 0.521094 0.026562 0.023438
5 0.427344 0.526563 0.032813 0.068750
5 0.511719 0.589063 0.029687 0.028125
4 0.420312 0.415625 0.109375 0.090625
3 0.509375 0.639062 0.246875 0.184375
0 0.591406 0.168750 0.070312 0.053125
5 0.691406 0.692969 0.057813 0.054688
1 0.360938 0.405469 0.050000 0.054688
0 0.686719 0.798438 0.073438 0.053125
3 0.214844 0.378906 0.107813 0.107813
5 0.244531 0.182812 0.048438 0.050000
2 0.696094 0.887500 0.026562 0.031250
1 0.571094 0.722656 0.145313 0.135937
2 0.635938 0.518750 0.031250 0.025000
1 0.296875 0.409375 0.068750 0.065625
3 0.684375 0.239063 0.106250 0.106250
1 0.170313 0.309375 0.065625 0.059375
5 0.546875 0.330469 0.037500 0.042188
5 0.699219 0.396875 0.029687 0.028125
3 0.335156 0.283594 0.135937 0.185938
2 0.624219 0.239063 0.029687 0.037500
2 0.185938 0.449219 0.028125 0.023438
3 0.376563 0.498437 0.103125 0.162500
2 0.167969 0.773438 0.017188 0.015625
5 0.328906 0.571094 0.032813 0.045312
3 0.450000 0.670312 0.087500 0.062500
2 0.709375 0.779687 0.046875 0.037500
2 0.460156 0.732812 0.029687 0.028125
5 0.375000 0.348438 0.050000 0.046875
0 0.512500 0.573438 0.037500 0.031250
2 0.710938 0.703906 0.056250 0.060937
0 0.408594 0.812500 0.057813 0.056250
3 0.364844 0.294531 0.095312 0.095312
3 0.533594 0.301563 0.185938 0.125000
0 0.640625 0.528906 0.040625 0.064062
0 0.585938 0.709375 0.025000 0.025000
5 0.690625 0.517188 0.034375 0.031250
4 0.659375 0.245312 0.087500 0.053125
4 0.617969 0.291406 0.042188 0.039062
3 0.312500 0.835156 0.090625 0.048438
2 0.546875 0.502344 0.065625 0.054688
0 0.198437 0.272656 0.025000 0.023438
5 0.319531 0.530469 0.048438 0.048438
1 0.132812 0.594531 0.071875 0.067187
4 0.771094 0.560156 0.042188 0.042188
4 0.103125 0.624219 0.028125 0.026562
5 0.177344 0.303906 0.029687 0.035937
4 0.075000 0.548438 0.034375 0.034375
0 0.716406 0.620313 0.045312 0.031250
3 0.493750 0.316406 0.096875 0.098437
2 0.514062 0.170313 0.053125 0.046875
3 0.631250 0.728125 0.106250 0.106250
5 0.457031 0.817187 0.035937 0.043750
0 0.338281 0.613281 0.082812 0.076563
2 0.670312 0.773438 0.062500 0.065625
4 0.530469 0.818750 0.026562 0.028125
5 0.290625 0.857812 0.059375 0.053125
1 0.582031 0.521875 0.064062 0.071875
4 0.633594 0.298438 0.026562 0.025000
0 0.541406 0.381250 0.051562 0.056250
2 0.881250 0.384375 0.040625 0.043750
5 0.711719 0.399219 0.051562 0.054688
1 0.458594 0.205469 0.070312 0.082812
1 0.831250 0.476562 0.059375 0.065625
3 0.485938 0.533594 0.193750 0.195312
0 0.349219 0.561719 0.089063 0.073438
2 0.733594 0.524219 0.039062 0.029687
5 0.487500 0.546875 0.043750 0.037500
2 0.465625 0.192969 0.021875 0.023438
1 0.769531 0.257031 0.082812 0.085938
3 0.289062 0.653906 0.137500 0.135937
5 0.170313 0.607031 0.021875 0.023438
2 0.172656 0.575000 0.054688 0.053125
3 0.211719 0.613281 0.154688 0.154688
0 0.430469 0.853125 0.042188 0.050000
3 0.897656 0.440625 0.073438 0.071875
1 0.826562 0.619531 0.109375 0.067187
1 0.353125 0.404687 0.100000 0.090625
3 0.401562 0.800000 0.078125 0.078125
5 0.717969 0.662500 0.042188 0.043750
0 0.606250 0.340625 0.037500 0.034375
4 0.670312 0.448437 0.050000 0.040625
5 0.246094 0.607031 0.051562 0.048438
4 0.710938 0.851562 0.040625 0.043750
0 0.263281 0.289062 0.060937 0.056250
0 0.657031 0.355469 0.026562 0.029687