4 0.627344 0.561719 0.057813 0.057813
0 0.810937 0.600781 0.084375 0.070312
0 0.601562 0.821875 0.046875 0.046875
4 0.193750 0.536719 0.075000 0.089063
3 0.646094 0.267969 0.104688 0.104688
5 0.639844 0.585938 0.045312 0.046875
3 0.458594 0.538281 0.120313 0.120313
1 0.497656 0.407031 0.085938 0.095312
5 0.274219 0.181250 0.048438 0.043750
2 0.568750 0.839844 0.037500 0.054688
4 0.856250 0.555469 0.018750 0.020313
1 0.611719 0.520312 0.107813 0.093750
3 0.786719 0.364844 0.089063 0.107813
2 0.542188 0.178906 0.087500 0.076563
4 0.455469 0.143750 0.023438 0.031250
3 0.275000 0.510938 0.234375 0.234375
5 0.392969 0.295312 0.051562 0.043750
2 0.233594 0.464062 0.223438 0.281250
1 0.719531 0.746094 0.051562 0.051562
5 0.879687 0.579688 0.040625 0.040625
1 0.907031 0.497656 0.060937 0.060937
0 0.265625 0.343750 0.043750 0.037500
2 0.871875 0.456250 0.034375 0.031250
5 0.761719 0.403906 0.032813 0.032813
3 0.745313 0.538281 0.296875 0.307812
0 0.666406 0.614844 0.026562 0.020313
1 0.650781 0.546094 0.032813 0.039062
4 0.476562 0.348438 0.068750 0.081250
2 0.670312 0.452344 0.062500 0.060937
1 0.497656 0.415625 0.157812 0.140625
2 0.206250 0.239844 0.021875 0.017188
1 0.569531 0.774219 0.151562 0.129688
0 0.775000 0.608594 0.137500 0.135937
4 0.506250 0.321094 0.081250 0.098437
2 0.446094 0.575000 0.032813 0.040625
4 0.481250 0.278906 0.068750 0.067187
3 0.578906 0.466406 0.360938 0.520312
0 0.157812 0.669531 0.109375 0.085938
5 0.807813 0.422656 0.043750 0.042188
2 0.275000 0.304688 0.075000 0.071875
4 0.720313 0.821094 0.034375 0.029687
3 0.691406 0.415625 0.264062 0.240625
5 0.353906 0.571875 0.035937 0.028125
4 0.635938 0.289844 0.109375 0.089063
0 0.669531 0.842969 0.126562 0.104688
2 0.878125 0.350000 0.056250 0.053125
1 0.450781 0.234375 0.142187 0.118750
4 0.389844 0.220312 0.014063 0.015625
4 0.454688 0.803906 0.050000 0.054688
5 0.208594 0.463281 0.023438 0.023438
4 0.910937 0.617188 0.043750 0.037500
2 0.403125 0.098437 0.025000 0.018750
2 0.729688 0.864062 0.034375 0.034375
4 0.729688 0.753906 0.018750 0.017188
1 0.397656 0.850000 0.089063 0.084375
2 0.514062 0.861719 0.053125 0.045312
2 0.428125 0.340625 0.031250 0.031250
0 0.731250 0.608594 0.100000 0.092188
2 0.090625 0.607031 0.021875 0.020313
0 0.539844 0.645312 0.073438 0.109375
0 0.653906 0.270313 0.029687 0.021875
5 0.635938 0.322656 0.034375 0.039062
0 0.132812 0.617969 0.046875 0.042188
5 0.667969 0.159375 0.051562 0.046875
5 0.128906 0.361719 0.067187 0.051562
5 0.662500 0.671875 0.043750 0.037500
2 0.639062 0.388281 0.046875 0.051562
1 0.549219 0.309375 0.051562 0.053125
0 0.773438 0.544531 0.031250 0.035937
2 0.640625 0.228906 0.059375 0.045312
1 0.164844 0.712500 0.079687 0.071875
2 0.797656 0.781250 0.051562 0.046875
0 0.282813 0.606250 0.137500 0.125000
1 0.455469 0.539062 0.082812 0.071875
3 0.555469 0.674219 0.257812 0.229687
0 0.284375 0.503906 0.062500 0.035937
1 0.793750 0.414062 0.053125 0.050000
2 0.297656 0.452344 0.026562 0.026562
1 0.178125 0.531250 0.128125 0.075000
3 0.404687 0.281250 0.150000 0.150000
3 0.794531 0.503125 0.160938 0.181250
4 0.375000 0.421875 0.165625 0.109375
5 0.467187 0.251563 0.043750 0.053125
3 0.270313 0.559375 0.128125 0.128125
4 0.928906 0.497656 0.039062 0.039062
1 0.633594 0.816406 0.067187 0.079687
5 0.278906 0.810937 0.029687 0.034375
1 0.595313 0.236719 0.059375 0.054688
0 0.212500 0.186719 0.043750 0.035937
4 0.509375 0.700781 0.037500 0.035937
3 0.602344 0.219531 0.082812 0.082812
4 0.476562 0.823438 0.021875 0.021875
1 0.443750 0.398438 0.065625 0.062500
4 0.782031 0.428125 0.179688 0.181250
2 0.239844 0.347656 0.098437 0.098437
4 0.217188 0.260156 0.131250 0.135937
1 0.485156 0.570312 0.089063 0.100000
5 0.107031 0.406250 0.032813 0.034375
5 0.158594 0.341406 0.032813 0.042188
2 0.693750 0.641406 0.184375 0.198437
2 0.618750 0.144531 0.034375 0.035937
4 0.583594 0.825000 0.120313 0.118750
3 0.844531 0.551562 0.157812 0.196875
2 0.260156 0.527344 0.317188 0.276562
4 0.317969 0.732812 0.035937 0.028125
2 0.301563 0.397656 0.059375 0.048438
3 0.596094 0.135156 0.101562 0.101562
4 0.315625 0.210938 0.053125 0.046875
1 0.481250 0.241406 0.050000 0.054688