2 0.578906 0.872656 0.032813 0.029687
1 0.846094 0.562500 0.098437 0.109375
5 0.329688 0.581250 0.031250 0.028125
2 0.277344 0.739844 0.073438 0.117188
3 0.219531 0.509375 0.167187 0.187500
2 0.853125 0.571875 0.031250 0.031250
2 0.103906 0.510156 0.045312 0.045312
3 0.714844 0.249219 0.067187 0.067187
5 0.623437 0.720313 0.043750 0.043750
5 0.269531 0.736719 0.045312 0.029687
1 0.421094 0.649219 0.085938 0.082812
4 0.748437 0.538281 0.153125 0.148438
1 0.475781 0.398438 0.095312 0.084375
5 0.498437 0.338281 0.021875 0.026562
0 0.367188 0.871875 0.043750 0.040625
2 0.342969 0.240625 0.042188 0.046875
3 0.572656 0.596094 0.176563 0.114062
3 0.280469 0.533594 0.285938 0.298438
0 0.560937 0.184375 0.059375 0.059375
2 0.714844 0.435937 0.035937 0.031250
3 0.332031 0.458594 0.123438 0.101562
0 0.747656 0.798438 0.048438 0.043750
1 0.340625 0.571875 0.034375 0.034375
2 0.853125 0.602344 0.087500 0.085938
1 0.246094 0.278906 0.142187 0.160938
4 0.225000 0.748437 0.043750 0.056250
1 0.208594 0.308594 0.104688 0.089063
5 0.664062 0.729688 0.025000 0.025000
3 0.792969 0.281250 0.123438 0.131250
5 0.580469 0.550000 0.014063 0.015625
3 0.571094 0.766406 0.079687 0.145313
3 0.685937 0.280469 0.056250 0.067187
5 0.891406 0.452344 0.064062 0.045312
3 0.442188 0.207813 0.125000 0.125000
3 0.700000 0.264062 0.181250 0.190625
0 0.555469 0.467969 0.067187 0.067187
1 0.289844 0.741406 0.145313 0.142187
2 0.902344 0.571875 0.067187 0.059375
1 0.594531 0.834375 0.064062 0.081250
1 0.442188 0.614062 0.081250 0.081250
4 0.695312 0.540625 0.131250 0.090625
5 0.593750 0.871875 0.053125 0.056250
2 0.473438 0.221094 0.059375 0.039062
3 0.243750 0.423438 0.084375 0.112500
3 0.457031 0.732031 0.145313 0.145313
2 0.317188 0.435937 0.059375 0.068750
0 0.635938 0.614844 0.187500 0.167187
5 0.488281 0.898438 0.054688 0.059375
3 0.563281 0.367969 0.135937 0.135937
3 0.757812 0.573438 0.134375 0.109375
0 0.460156 0.217969 0.064062 0.057813
5 0.639844 0.132812 0.032813 0.034375
4 0.514844 0.135156 0.051562 0.089063
1 0.506250 0.789062 0.059375 0.059375
4 0.109375 0.642969 0.018750 0.020313
0 0.351562 0.395313 0.043750 0.040625
5 0.632812 0.360156 0.040625 0.048438
2 0.455469 0.586719 0.035937 0.035937
3 0.602344 0.357812 0.092188 0.062500
1 0.277344 0.761719 0.107813 0.098437
4 0.560937 0.646094 0.043750 0.029687
4 0.671875 0.214062 0.031250 0.025000
0 0.553125 0.742969 0.131250 0.120313
5 0.456250 0.803125 0.018750 0.018750
5 0.422656 0.307031 0.054688 0.067187
1 0.489063 0.497656 0.128125 0.101562
5 0.296094 0.546094 0.035937 0.032813
3 0.742969 0.396094 0.151562 0.151562
4 0.528906 0.151562 0.023438 0.034375
5 0.332813 0.271094 0.040625 0.051562
5 0.557031 0.469531 0.026562 0.026562
0 0.798438 0.378125 0.053125 0.050000
4 0.625000 0.768750 0.068750 0.071875
0 0.258594 0.721094 0.039062 0.039062
0 0.185156 0.620313 0.048438 0.037500
0 0.537500 0.608594 0.025000 0.026562
1 0.428125 0.516406 0.109375 0.129688
5 0.580469 0.297656 0.048438 0.045312
2 0.392188 0.584375 0.034375 0.037500
5 0.545312 0.141406 0.043750 0.035937
4 0.688281 0.600000 0.035937 0.031250
3 0.599219 0.767969 0.060937 0.060937
3 0.631250 0.820312 0.137500 0.137500
4 0.383594 0.787500 0.089063 0.075000