0 0.506250 0.838281 0.087500 0.095312
2 0.239844 0.203906 0.039062 0.042188
2 0.221094 0.217969 0.045312 0.042188
5 0.275000 0.373437 0.043750 0.034375
5 0.857812 0.538281 0.043750 0.039062
1 0.711719 0.694531 0.079687 0.076563
4 0.332813 0.353906 0.028125 0.032813
3 0.407813 0.737500 0.071875 0.071875
4 0.550781 0.511719 0.054688 0.039062
2 0.402344 0.765625 0.020313 0.028125
1 0.755469 0.653125 0.126562 0.140625
0 0.540625 0.745313 0.053125 0.050000
0 0.363281 0.253906 0.079687 0.076563
5 0.771094 0.628125 0.039062 0.031250
2 0.161719 0.295312 0.020313 0.031250
5 0.135937 0.492188 0.065625 0.065625
2 0.514062 0.450781 0.046875 0.048438
4 0.825781 0.468750 0.014063 0.015625
3 0.232031 0.760156 0.107813 0.117188
2 0.127344 0.479687 0.051562 0.059375
4 0.838281 0.498437 0.201563 0.168750
2 0.615625 0.568750 0.031250 0.034375
5 0.586719 0.185938 0.032813 0.031250
1 0.487500 0.471094 0.065625 0.067187
1 0.699219 0.507031 0.148438 0.154688
0 0.795312 0.395313 0.112500 0.093750
3 0.859375 0.473438 0.168750 0.156250
5 0.764844 0.804688 0.020313 0.018750
2 0.244531 0.175000 0.060937 0.056250
2 0.278906 0.284375 0.045312 0.040625
0 0.743750 0.730469 0.100000 0.092188
1 0.693750 0.423438 0.081250 0.071875
4 0.351562 0.382031 0.040625 0.045312
3 0.664844 0.483594 0.320312 0.320312
4 0.443750 0.900000 0.037500 0.025000
2 0.493750 0.563281 0.056250 0.054688
5 0.548438 0.103125 0.053125 0.053125
5 0.192188 0.276562 0.031250 0.031250
3 0.618750 0.317188 0.128125 0.128125
2 0.643750 0.517969 0.059375 0.051562
5 0.685937 0.340625 0.034375 0.043750
3 0.457031 0.210156 0.079687 0.082812
1 0.132031 0.490625 0.104688 0.106250
5 0.280469 0.512500 0.057813 0.043750
1 0.466406 0.238281 0.110937 0.082812
1 0.223438 0.747656 0.068750 0.073438
2 0.137500 0.630469 0.059375 0.048438
0 0.128906 0.287500 0.026562 0.025000
4 0.402344 0.640625 0.101562 0.087500
3 0.812500 0.417187 0.162500 0.162500
5 0.559375 0.267188 0.025000 0.028125
2 0.548438 0.872656 0.106250 0.110937
0 0.522656 0.356250 0.023438 0.025000
2 0.528125 0.589844 0.018750 0.032813
3 0.132031 0.469531 0.092188 0.092188
0 0.456250 0.431250 0.028125 0.025000
0 0.648438 0.478125 0.025000 0.021875
2 0.106250 0.522656 0.037500 0.070312
1 0.521875 0.880469 0.075000 0.082812
3 0.353125 0.795312 0.109375 0.109375
4 0.558594 0.296875 0.023438 0.021875
2 0.580469 0.160938 0.023438 0.021875
2 0.492969 0.680469 0.129688 0.135937
4 0.861719 0.665625 0.054688 0.062500
5 0.464844 0.720313 0.048438 0.043750
0 0.410938 0.440625 0.056250 0.056250
5 0.653125 0.141406 0.053125 0.045312
4 0.508594 0.497656 0.039062 0.039062
0 0.596094 0.378125 0.060937 0.056250
5 0.575781 0.840625 0.045312 0.046875
0 0.405469 0.821094 0.110937 0.101562
0 0.235156 0.478906 0.070312 0.079687
4 0.350781 0.242969 0.023438 0.032813
4 0.451562 0.425781 0.018750 0.017188
1 0.417969 0.418750 0.092188 0.090625
4 0.326562 0.457813 0.034375 0.031250
3 0.346094 0.364844 0.204687 0.139063
1 0.871094 0.496094 0.089063 0.085938
5 0.154688 0.704688 0.062500 0.062500
5 0.618750 0.197656 0.028125 0.029687
3 0.691406 0.242188 0.204687 0.178125
4 0.116406 0.522656 0.026562 0.029687
5 0.541406 0.842969 0.026562 0.026562
3 0.832812 0.553906 0.053125 0.064062
2 0.353906 0.771875 0.042188 0.040625
3 0.533594 0.569531 0.467187 0.401562
3 0.365625 0.754687 0.093750 0.093750
1 0.771094 0.599219 0.101562 0.107813
4 0.382031 0.873437 0.023438 0.021875
1 0.689844 0.628125 0.064062 0.053125
1 0.596875 0.778125 0.059375 0.059375
5 0.369531 0.331250 0.039062 0.037500
2 0.321875 0.743750 0.031250 0.015625
1 0.844531 0.553906 0.054688 0.048438
2 0.700000 0.651563 0.037500 0.031250
2 0.881250 0.521875 0.046875 0.043750
5 0.714063 0.654687 0.034375 0.034375
4 0.276562 0.350781 0.171875 0.204687
0 0.145313 0.619531 0.043750 0.048438
4 0.596875 0.457031 0.056250 0.057813
0 0.106250 0.395313 0.034375 0.031250
5 0.166406 0.513281 0.029687 0.039062
5 0.197656 0.753125 0.042188 0.037500
5 0.278906 0.192969 0.032813 0.057813
2 0.889062 0.492188 0.093750 0.087500
5 0.571094 0.595313 0.023438 0.021875
4 0.589844 0.589844 0.114062 0.120313
0 0.396875 0.882812 0.059375 0.062500
0 0.698438 0.434375 0.078125 0.084375
4 0.369531 0.710938 0.120313 0.087500
1 0.416406 0.602344 0.129688 0.104688
4 0.542969 0.446094 0.054688 0.045312
2 0.316406 0.817187 0.029687 0.015625
4 0.673438 0.572656 0.025000 0.029687
4 0.677344 0.171875 0.020313 0.021875
4 0.224219 0.217188 0.073438 0.081250
3 0.514062 0.515625 0.087500 0.087500
3 0.386719 0.810156 0.089063 0.089063
0 0.533594 0.792969 0.020313 0.020313
3 0.649219 0.255469 0.157812 0.157812
1 0.467969 0.257812 0.082812 0.062500
2 0.704688 0.575000 0.062500 0.056250
0 0.400000 0.596094 0.115625 0.092188
0 0.244531 0.550000 0.032813 0.031250
0 0.490625 0.821094 0.043750 0.035937
2 0.275000 0.832812 0.034375 0.037500
4 0.389062 0.153906 0.053125 0.048438
0 0.667969 0.742188 0.076563 0.056250
4 0.100781 0.564063 0.067187 0.053125
1 0.357812 0.776563 0.068750 0.059375
1 0.465625 0.728125 0.046875 0.043750
2 0.323437 0.352344 0.165625 0.195312
2 0.322656 0.169531 0.026562 0.023438