1 0.286719 0.560937 0.089063 0.106250
2 0.621094 0.585938 0.026562 0.034375
0 0.903906 0.552344 0.082812 0.051562
2 0.221875 0.400781 0.037500 0.026562
2 0.294531 0.459375 0.020313 0.028125
3 0.267188 0.710156 0.093750 0.114062
0 0.862500 0.699219 0.034375 0.032813
5 0.752344 0.242188 0.029687 0.025000
1 0.641406 0.585938 0.064062 0.059375
2 0.225781 0.825000 0.026562 0.021875
5 0.735938 0.484375 0.043750 0.043750
3 0.508594 0.223438 0.285938 0.284375
3 0.387500 0.824219 0.140625 0.104688
5 0.163281 0.443750 0.029687 0.028125
1 0.448437 0.489063 0.090625 0.096875
5 0.179688 0.257031 0.018750 0.035937
5 0.131250 0.278125 0.034375 0.037500
2 0.486719 0.492969 0.017188 0.017188
1 0.437500 0.879687 0.084375 0.078125
1 0.403906 0.275000 0.064062 0.084375
5 0.214062 0.217188 0.018750 0.018750
4 0.298438 0.589844 0.018750 0.020313
4 0.306250 0.607031 0.062500 0.051562
3 0.378906 0.709375 0.064062 0.068750
2 0.671094 0.382812 0.032813 0.034375
1 0.676562 0.647656 0.068750 0.079687
2 0.402344 0.857812 0.076563 0.062500
4 0.339844 0.822656 0.067187 0.051562
3 0.249219 0.605469 0.104688 0.160938
2 0.775781 0.560937 0.070312 0.065625
3 0.455469 0.783594 0.126562 0.167187
5 0.621094 0.748437 0.035937 0.040625
0 0.844531 0.564844 0.110937 0.107813
1 0.157812 0.495312 0.040625 0.034375
4 0.812500 0.321875 0.034375 0.028125
3 0.539844 0.545312 0.314063 0.321875
0 0.517188 0.664844 0.071875 0.067187
4 0.214844 0.189844 0.023438 0.020313
5 0.198437 0.360156 0.043750 0.042188
4 0.922656 0.489844 0.039062 0.035937
5 0.422656 0.676562 0.051562 0.031250
5 0.537500 0.504687 0.053125 0.046875
2 0.571875 0.280469 0.056250 0.045312
4 0.552344 0.696875 0.029687 0.034375
3 0.396875 0.339844 0.128125 0.154688
4 0.225781 0.767969 0.060937 0.057813
2 0.279687 0.237500 0.034375 0.046875
4 0.395313 0.710938 0.275000 0.321875
5 0.530469 0.173437 0.035937 0.034375
5 0.617188 0.834375 0.046875 0.046875
3 0.306250 0.433594 0.190625 0.148438
0 0.321094 0.614844 0.098437 0.095312
5 0.562500 0.872656 0.050000 0.048438
0 0.800781 0.673438 0.042188 0.037500
0 0.360156 0.249219 0.082812 0.110937
4 0.817187 0.582031 0.028125 0.032813
0 0.634375 0.867969 0.093750 0.085938
2 0.319531 0.227344 0.023438 0.032813
3 0.728125 0.435937 0.071875 0.071875
2 0.192188 0.420312 0.025000 0.028125
2 0.278906 0.841406 0.057813 0.054688
4 0.910156 0.499219 0.020313 0.023438
5 0.580469 0.780469 0.051562 0.048438
1 0.624219 0.494531 0.114062 0.126562
0 0.492188 0.105469 0.046875 0.032813
3 0.882031 0.583594 0.117188 0.101562
4 0.887500 0.318750 0.028125 0.028125
0 0.390625 0.220312 0.075000 0.065625
5 0.425781 0.202344 0.039062 0.045312
3 0.372656 0.196094 0.117188 0.117188
1 0.575781 0.753125 0.064062 0.062500
3 0.592969 0.753906 0.310937 0.360938
2 0.764062 0.555469 0.025000 0.032813
0 0.636719 0.532031 0.057813 0.060937
5 0.349219 0.832031 0.035937 0.039062
5 0.189844 0.386719 0.057813 0.057813
4 0.767969 0.650781 0.026562 0.026562
5 0.713281 0.550781 0.042188 0.057813
0 0.422656 0.301563 0.085938 0.084375
5 0.792188 0.634375 0.056250 0.046875
2 0.807031 0.458594 0.082812 0.067187
2 0.726562 0.160938 0.062500 0.050000
3 0.411719 0.783594 0.085938 0.057813
4 0.480469 0.531250 0.017188 0.015625
2 0.494531 0.472656 0.076563 0.076563
5 0.158594 0.558594 0.029687 0.029687
4 0.775781 0.349219 0.026562 0.029687
0 0.547656 0.642969 0.051562 0.045312
3 0.613281 0.444531 0.251563 0.217188
1 0.567187 0.644531 0.059375 0.057813
4 0.618750 0.142969 0.021875 0.020313
4 0.902344 0.439063 0.039062 0.043750
3 0.531250 0.386719 0.209375 0.154688
4 0.827344 0.707812 0.026562 0.028125
1 0.715625 0.288281 0.043750 0.045312