3 0.173437 0.343750 0.065625 0.071875
3 0.557813 0.435937 0.090625 0.090625
2 0.226562 0.670312 0.068750 0.071875
5 0.862500 0.667969 0.031250 0.029687
1 0.314063 0.452344 0.071875 0.064062
5 0.425781 0.889844 0.054688 0.048438
2 0.880469 0.506250 0.073438 0.081250
3 0.645312 0.388281 0.334375 0.332813
2 0.189844 0.664844 0.035937 0.051562
0 0.203125 0.681250 0.043750 0.040625
4 0.564063 0.269531 0.028125 0.023438
4 0.322656 0.611719 0.020313 0.017188
1 0.640625 0.460938 0.156250 0.156250
2 0.267969 0.203906 0.026562 0.035937
3 0.421094 0.663281 0.139063 0.139063
5 0.689063 0.742188 0.056250 0.050000
1 0.493750 0.871094 0.103125 0.092188
5 0.353906 0.575000 0.032813 0.028125
0 0.545312 0.712500 0.034375 0.034375
3 0.660937 0.679688 0.159375 0.159375
0 0.700000 0.853906 0.056250 0.051562
1 0.310937 0.609375 0.062500 0.062500
1 0.728906 0.803906 0.048438 0.042188
0 0.386719 0.742188 0.048438 0.040625
0 0.762500 0.316406 0.071875 0.064062
1 0.514844 0.239063 0.076563 0.081250
1 0.350781 0.537500 0.164062 0.165625
5 0.153125 0.564844 0.021875 0.026562
0 0.560937 0.517969 0.050000 0.048438
0 0.365625 0.876563 0.037500 0.034375
5 0.814844 0.285938 0.035937 0.034375
0 0.453906 0.431250 0.026562 0.028125
2 0.626563 0.701562 0.046875 0.046875
3 0.792969 0.522656 0.204687 0.279687
5 0.102344 0.567187 0.048438 0.046875
5 0.775781 0.460938 0.035937 0.031250
4 0.842187 0.640625 0.031250 0.031250
4 0.304688 0.570312 0.175000 0.184375
2 0.368750 0.616406 0.031250 0.029687
1 0.728125 0.235937 0.103125 0.093750
0 0.659375 0.217188 0.040625 0.031250
2 0.435156 0.878125 0.029687 0.025000
5 0.558594 0.620313 0.026562 0.025000
0 0.216406 0.399219 0.039062 0.035937
2 0.397656 0.400781 0.035937 0.029687
1 0.676562 0.827344 0.071875 0.073438
1 0.789062 0.322656 0.134375 0.107813
3 0.870313 0.603125 0.081250 0.081250
1 0.431250 0.228906 0.087500 0.098437
3 0.782813 0.419531 0.143750 0.135937
4 0.504687 0.536719 0.012500 0.017188
1 0.158594 0.525000 0.139063 0.190625
1 0.210938 0.682813 0.071875 0.081250
2 0.524219 0.114062 0.035937 0.028125
0 0.486719 0.889844 0.054688 0.051562
3 0.478125 0.395313 0.131250 0.131250
4 0.600000 0.554688 0.040625 0.021875
3 0.402344 0.736719 0.132812 0.132812
4 0.833594 0.583594 0.023438 0.023438
2 0.175781 0.350000 0.017188 0.037500
3 0.634375 0.275000 0.100000 0.100000
1 0.589063 0.696094 0.109375 0.114062
3 0.711719 0.733594 0.132812 0.132812
2 0.523438 0.635938 0.031250 0.034375
0 0.502344 0.562500 0.142187 0.150000
0 0.572656 0.925781 0.020313 0.023438
1 0.858594 0.528906 0.048438 0.048438
0 0.714063 0.810156 0.046875 0.045312
3 0.485156 0.782031 0.089063 0.089063
0 0.726562 0.346094 0.093750 0.082812
3 0.303906 0.303906 0.123438 0.123438
3 0.546094 0.489844 0.073438 0.089063
3 0.228125 0.653125 0.156250 0.118750
5 0.820312 0.555469 0.021875 0.023438
3 0.418750 0.669531 0.359375 0.370312
5 0.628906 0.133594 0.032813 0.029687
5 0.349219 0.889844 0.045312 0.045312
5 0.471875 0.667188 0.037500 0.040625
3 0.768750 0.582031 0.193750 0.204687
3 0.148438 0.404687 0.078125 0.078125
5 0.251563 0.691406 0.034375 0.039062
4 0.679688 0.775781 0.031250 0.026562
3 0.670312 0.260937 0.256250 0.256250
3 0.260156 0.561719 0.070312 0.070312
2 0.421094 0.463281 0.039062 0.035937
0 0.657031 0.466406 0.039062 0.051562
2 0.853125 0.332031 0.046875 0.051562
5 0.166406 0.620313 0.070312 0.053125
4 0.350781 0.614062 0.173437 0.206250
4 0.588281 0.697656 0.042188 0.051562
5 0.759375 0.540625 0.018750 0.025000
5 0.720313 0.303906 0.031250 0.032813
2 0.349219 0.096875 0.032813 0.034375
4 0.235156 0.718750 0.123438 0.109375
4 0.693750 0.609375 0.021875 0.018750
0 0.787500 0.480469 0.068750 0.070312
0 0.664062 0.805469 0.068750 0.067187
3 0.292969 0.638281 0.192188 0.239063
5 0.785937 0.498437 0.043750 0.043750
2 0.356250 0.699219 0.059375 0.051562
0 0.369531 0.592969 0.098437 0.098437
4 0.543750 0.697656 0.025000 0.023438
1 0.397656 0.803125 0.042188 0.059375
0 0.846875 0.662500 0.112500 0.115625
4 0.360156 0.623437 0.045312 0.078125
4 0.578906 0.777344 0.023438 0.023438
3 0.250000 0.500781 0.371875 0.239063
2 0.525000 0.547656 0.050000 0.048438
3 0.359375 0.684375 0.100000 0.100000
2 0.619531 0.882812 0.045312 0.037500
5 0.257031 0.583594 0.020313 0.020313
3 0.457813 0.160938 0.118750 0.146875
4 0.567187 0.118750 0.021875 0.021875
3 0.203906 0.421875 0.226562 0.225000
3 0.706250 0.770312 0.115625 0.062500
5 0.685937 0.231250 0.081250 0.071875
1 0.676562 0.780469 0.046875 0.035937
3 0.371875 0.702344 0.165625 0.104688
3 0.582812 0.145313 0.128125 0.128125
0 0.773438 0.334375 0.075000 0.046875
5 0.482812 0.766406 0.034375 0.026562
3 0.540625 0.715625 0.087500 0.087500
5 0.784375 0.521094 0.050000 0.042188
5 0.232031 0.482031 0.039062 0.032813
2 0.464062 0.771094 0.081250 0.098437
0 0.496094 0.569531 0.039062 0.032813
1 0.153906 0.471094 0.167187 0.167187
5 0.660937 0.244531 0.037500 0.039062
1 0.228125 0.442188 0.056250 0.056250
1 0.329688 0.389844 0.106250 0.101562
0 0.682031 0.632812 0.045312 0.040625
1 0.102344 0.627344 0.060937 0.051562
5 0.791406 0.525000 0.042188 0.034375
0 0.654687 0.300781 0.062500 0.057813
1 0.769531 0.527344 0.101562 0.082812
1 0.650000 0.173437 0.090625 0.078125
5 0.693750 0.830469 0.031250 0.029687
4 0.401562 0.187500 0.190625 0.218750
2 0.544531 0.225000 0.054688 0.053125
1 0.805469 0.485938 0.160938 0.125000
4 0.776563 0.461719 0.037500 0.057813
3 0.546094 0.630469 0.076563 0.070312
0 0.190625 0.571094 0.053125 0.048438