2 0.386719 0.390625 0.045312 0.040625
2 0.596875 0.082031 0.031250 0.029687
5 0.202344 0.292969 0.045312 0.042188
3 0.428906 0.410156 0.270313 0.201563
0 0.160938 0.638281 0.056250 0.067187
4 0.915625 0.415625 0.021875 0.021875
0 0.677344 0.758594 0.051562 0.070312
2 0.843750 0.623437 0.037500 0.040625
5 0.708594 0.310156 0.045312 0.070312
4 0.337500 0.400781 0.171875 0.210938
5 0.684375 0.650781 0.053125 0.051562
1 0.113281 0.489063 0.123438 0.075000
4 0.598437 0.099219 0.015625 0.017188
5 0.251563 0.639062 0.056250 0.065625
2 0.569531 0.615625 0.054688 0.043750
2 0.528125 0.665625 0.053125 0.050000
0 0.160938 0.673438 0.068750 0.075000
4 0.110156 0.420312 0.026562 0.021875
1 0.228906 0.553906 0.060937 0.079687
0 0.921094 0.614844 0.023438 0.023438
5 0.807813 0.648438 0.028125 0.028125
0 0.292187 0.175000 0.046875 0.053125
3 0.389062 0.725781 0.087500 0.132812
3 0.810156 0.367969 0.107813 0.107813
3 0.770312 0.351562 0.206250 0.281250
1 0.238281 0.273438 0.098437 0.125000
5 0.170313 0.353125 0.025000 0.025000
3 0.782813 0.550000 0.100000 0.100000
5 0.695312 0.342187 0.059375 0.059375
4 0.678125 0.291406 0.118750 0.101562
2 0.300781 0.184375 0.104688 0.103125
1 0.519531 0.608594 0.067187 0.054688
2 0.546094 0.277344 0.035937 0.042188
1 0.605469 0.222656 0.117188 0.160938
4 0.733594 0.235937 0.095312 0.115625
2 0.168750 0.260937 0.031250 0.040625
1 0.444531 0.653125 0.070312 0.071875
4 0.436719 0.686719 0.070312 0.079687
3 0.685156 0.165625 0.064062 0.050000
3 0.278906 0.300000 0.057813 0.100000
2 0.344531 0.675000 0.051562 0.050000
0 0.678125 0.626563 0.065625 0.062500
1 0.671875 0.188281 0.050000 0.060937
1 0.639844 0.771875 0.060937 0.068750
2 0.228125 0.675000 0.053125 0.053125
2 0.766406 0.812500 0.051562 0.050000
2 0.761719 0.501563 0.032813 0.031250
4 0.368750 0.569531 0.021875 0.020313
1 0.744531 0.386719 0.089063 0.067187
2 0.921875 0.498437 0.040625 0.031250
1 0.543750 0.386719 0.087500 0.098437
2 0.820312 0.503125 0.031250 0.037500
3 0.237500 0.601562 0.078125 0.078125
4 0.832812 0.274219 0.068750 0.089063
4 0.253906 0.289062 0.020313 0.018750
3 0.356250 0.429688 0.125000 0.125000
0 0.472656 0.903906 0.070312 0.067187
3 0.354687 0.459375 0.337500 0.337500
3 0.642188 0.363281 0.071875 0.092188
4 0.315625 0.534375 0.018750 0.018750
0 0.530469 0.638281 0.067187 0.060937
4 0.679688 0.301563 0.031250 0.028125
4 0.894531 0.624219 0.026562 0.023438
1 0.771094 0.751563 0.073438 0.106250
1 0.455469 0.439063 0.070312 0.062500
0 0.160156 0.480469 0.079687 0.079687
3 0.742969 0.622656 0.351562 0.342187
0 0.785156 0.449219 0.026562 0.026562
3 0.349219 0.545312 0.210938 0.234375
0 0.304688 0.399219 0.025000 0.023438
2 0.607031 0.214062 0.039062 0.050000
4 0.248438 0.571094 0.068750 0.073438
0 0.833594 0.449219 0.029687 0.029687
3 0.423438 0.620313 0.100000 0.100000
0 0.414844 0.273438 0.045312 0.040625
5 0.323437 0.100781 0.021875 0.020313
1 0.424219 0.205469 0.048438 0.067187
2 0.478125 0.514062 0.015625 0.025000
3 0.832031 0.433594 0.095312 0.095312
1 0.489063 0.463281 0.050000 0.051562
3 0.325000 0.771094 0.225000 0.210938
4 0.564844 0.671094 0.098437 0.092188
1 0.473438 0.256250 0.162500 0.140625
3 0.241406 0.483594 0.107813 0.107813
1 0.396875 0.486719 0.050000 0.082812
0 0.759375 0.427344 0.106250 0.148438
4 0.092188 0.517188 0.028125 0.021875
5 0.721094 0.214062 0.023438 0.037500
0 0.167187 0.271094 0.068750 0.073438
1 0.269531 0.291406 0.042188 0.067187
5 0.277344 0.391406 0.032813 0.035937
3 0.532813 0.625000 0.109375 0.109375
2 0.582031 0.429688 0.079687 0.090625
2 0.265625 0.391406 0.053125 0.057813
1 0.797656 0.445312 0.057813 0.071875
1 0.300781 0.524219 0.045312 0.048438
1 0.174219 0.555469 0.098437 0.107813
3 0.492188 0.584375 0.068750 0.068750
5 0.150000 0.528906 0.050000 0.045312
2 0.680469 0.875781 0.029687 0.026562
4 0.228906 0.725781 0.035937 0.039062
3 0.285156 0.297656 0.054688 0.054688
5 0.925000 0.478125 0.034375 0.037500
1 0.299219 0.460156 0.073438 0.076563
3 0.588281 0.695312 0.192188 0.203125
4 0.385156 0.878906 0.032813 0.032813
4 0.778125 0.360156 0.059375 0.064062
2 0.493750 0.533594 0.309375 0.279687
3 0.288281 0.711719 0.085938 0.085938
3 0.211719 0.680469 0.110937 0.110937
2 0.448437 0.145313 0.071875 0.046875
5 0.644531 0.125000 0.048438 0.050000
0 0.727344 0.748437 0.032813 0.028125
3 0.340625 0.581250 0.096875 0.096875
1 0.441406 0.438281 0.057813 0.054688
1 0.810156 0.776563 0.067187 0.062500
1 0.578906 0.296094 0.101562 0.114062
0 0.727344 0.789844 0.029687 0.023438
4 0.758594 0.713281 0.060937 0.045312
1 0.174219 0.407813 0.067187 0.059375
0 0.587500 0.126562 0.043750 0.046875
0 0.775781 0.654687 0.023438 0.021875
2 0.353906 0.552344 0.082812 0.082812
4 0.892188 0.689844 0.021875 0.023438
3 0.470313 0.563281 0.296875 0.235937
0 0.806250 0.575000 0.040625 0.062500
5 0.773438 0.328125 0.050000 0.050000
5 0.492188 0.392188 0.056250 0.050000
2 0.189062 0.548438 0.037500 0.037500
2 0.470313 0.520312 0.015625 0.015625
1 0.812500 0.339062 0.153125 0.143750
2 0.186719 0.785937 0.039062 0.040625
1 0.794531 0.341406 0.089063 0.073438
0 0.532031 0.114062 0.067187 0.078125
2 0.792188 0.355469 0.071875 0.067187
0 0.528125 0.544531 0.056250 0.051562
5 0.726562 0.310156 0.078125 0.070312