5 0.453125 0.287500 0.040625 0.046875
2 0.294531 0.687500 0.060937 0.053125
0 0.413281 0.547656 0.039062 0.032813
1 0.362500 0.582812 0.131250 0.131250
5 0.577344 0.150781 0.029687 0.032813
4 0.528906 0.344531 0.017188 0.017188
4 0.351562 0.195312 0.046875 0.037500
5 0.709375 0.390625 0.037500 0.034375
4 0.546094 0.403125 0.029687 0.028125
4 0.499219 0.153125 0.017188 0.018750
2 0.265625 0.831250 0.037500 0.034375
5 0.115625 0.496094 0.034375 0.045312
2 0.775781 0.522656 0.076563 0.070312
5 0.072656 0.527344 0.035937 0.035937
2 0.144531 0.429688 0.026562 0.025000
2 0.570312 0.291406 0.378125 0.398438
5 0.190625 0.314063 0.040625 0.040625
4 0.200000 0.477344 0.184375 0.160938
0 0.294531 0.761719 0.064062 0.057813
3 0.662500 0.225000 0.228125 0.243750
5 0.700000 0.217188 0.034375 0.031250
2 0.288281 0.409375 0.020313 0.025000
5 0.179688 0.706250 0.053125 0.043750
4 0.657813 0.663281 0.021875 0.020313
1 0.572656 0.413281 0.064062 0.057813
0 0.200000 0.518750 0.150000 0.140625
3 0.529687 0.337500 0.121875 0.121875
3 0.635156 0.264844 0.201563 0.185938
0 0.285156 0.624219 0.023438 0.051562
0 0.815625 0.242969 0.062500 0.057813
0 0.260156 0.288281 0.054688 0.051562
0 0.771094 0.340625 0.045312 0.040625
0 0.087500 0.566406 0.031250 0.035937
2 0.505469 0.455469 0.032813 0.042188
5 0.417969 0.676562 0.051562 0.046875
1 0.732031 0.805469 0.092188 0.098437
3 0.412500 0.534375 0.328125 0.356250
0 0.696094 0.657813 0.045312 0.034375
4 0.360156 0.825781 0.054688 0.060937
1 0.682031 0.640625 0.054688 0.065625
1 0.213281 0.632031 0.164062 0.126562
5 0.537500 0.575781 0.031250 0.029687
3 0.608594 0.768750 0.129688 0.215625
4 0.400781 0.382031 0.064062 0.060937
5 0.585938 0.346094 0.034375 0.035937
3 0.469531 0.202344 0.114062 0.114062
3 0.368750 0.442188 0.156250 0.156250
1 0.567187 0.146875 0.075000 0.090625
2 0.306250 0.721875 0.025000 0.034375
0 0.681250 0.816406 0.050000 0.054688
0 0.783594 0.282031 0.051562 0.048438
5 0.346875 0.587500 0.050000 0.050000
0 0.854688 0.503125 0.046875 0.043750
4 0.535156 0.774219 0.035937 0.039062
5 0.887500 0.476562 0.112500 0.112500
5 0.787500 0.640625 0.059375 0.053125
4 0.625000 0.828125 0.034375 0.031250
5 0.368750 0.644531 0.034375 0.032813
1 0.350781 0.108594 0.051562 0.051562
3 0.869531 0.532813 0.135937 0.103125
1 0.462500 0.592187 0.081250 0.087500
2 0.789062 0.626563 0.037500 0.037500
0 0.592969 0.575000 0.035937 0.031250
3 0.409375 0.790625 0.115625 0.115625
5 0.729688 0.546875 0.034375 0.034375
0 0.426563 0.160156 0.040625 0.035937
3 0.521094 0.298438 0.254688 0.346875
0 0.123438 0.571875 0.078125 0.075000
2 0.275000 0.535156 0.040625 0.032813
1 0.676562 0.611719 0.065625 0.079687