2 0.408594 0.145313 0.042188 0.028125
5 0.344531 0.521094 0.067187 0.064062
4 0.144531 0.456250 0.073438 0.071875
5 0.161719 0.589844 0.026562 0.026562
0 0.807813 0.531250 0.093750 0.087500
3 0.502344 0.619531 0.098437 0.098437
5 0.399219 0.507031 0.039062 0.039062
1 0.198437 0.625000 0.134375 0.171875
4 0.216406 0.472656 0.054688 0.057813
2 0.800000 0.763281 0.040625 0.042188
5 0.449219 0.545312 0.057813 0.050000
1 0.157031 0.662500 0.129688 0.121875
2 0.442188 0.358594 0.068750 0.057813
0 0.097656 0.566406 0.035937 0.032813
1 0.767969 0.391406 0.107813 0.089063
1 0.427344 0.171094 0.101562 0.079687
3 0.555469 0.647656 0.348438 0.223438
0 0.617188 0.624219 0.056250 0.045312
1 0.633594 0.489063 0.082812 0.134375
5 0.440625 0.814844 0.043750 0.032813
0 0.826562 0.583594 0.053125 0.039062
3 0.299219 0.450781 0.104688 0.104688
5 0.190625 0.540625 0.037500 0.037500
1 0.708594 0.676562 0.076563 0.071875
0 0.314063 0.164844 0.096875 0.104688
1 0.379688 0.333594 0.237500 0.239063
5 0.616406 0.226562 0.035937 0.034375
2 0.250781 0.485938 0.192188 0.171875
5 0.339062 0.389062 0.053125 0.065625
0 0.582031 0.425000 0.139063 0.128125
2 0.845313 0.578906 0.096875 0.076563
5 0.301563 0.564063 0.046875 0.046875
2 0.839844 0.583594 0.060937 0.067187
2 0.513281 0.799219 0.048438 0.042188
0 0.513281 0.484375 0.026562 0.025000
0 0.235156 0.178906 0.051562 0.048438
3 0.306250 0.801562 0.131250 0.131250
3 0.856250 0.365625 0.137500 0.137500
3 0.383594 0.150000 0.092188 0.103125
1 0.506250 0.642188 0.084375 0.106250
3 0.613281 0.178906 0.182812 0.154688
4 0.519531 0.874219 0.026562 0.026562
1 0.529687 0.275000 0.053125 0.062500
5 0.836719 0.346875 0.026562 0.028125
4 0.271094 0.485938 0.014063 0.015625
5 0.654687 0.446875 0.034375 0.037500
0 0.371094 0.744531 0.042188 0.035937
5 0.553125 0.133594 0.025000 0.026562
0 0.239844 0.188281 0.039062 0.035937
3 0.204687 0.585938 0.100000 0.100000
5 0.741406 0.677344 0.042188 0.039062
3 0.723437 0.766406 0.043750 0.082812
4 0.212500 0.679688 0.015625 0.021875
2 0.360156 0.194531 0.039062 0.048438
4 0.816406 0.253906 0.023438 0.029687
1 0.275000 0.528906 0.059375 0.048438
5 0.291406 0.546094 0.032813 0.032813
1 0.283594 0.326562 0.073438 0.062500
3 0.446875 0.767188 0.143750 0.143750
3 0.215625 0.771094 0.068750 0.067187
5 0.645312 0.794531 0.025000 0.020313
2 0.728906 0.385156 0.060937 0.060937
5 0.810937 0.332031 0.025000 0.023438
2 0.439844 0.408594 0.026562 0.035937