0 0.263281 0.301563 0.042188 0.046875
4 0.453125 0.289844 0.053125 0.060937
3 0.196094 0.421094 0.123438 0.123438
0 0.823438 0.648438 0.037500 0.034375
5 0.301563 0.164062 0.053125 0.053125
3 0.533594 0.641406 0.095312 0.095312
3 0.232813 0.662500 0.090625 0.090625
2 0.103906 0.360156 0.039062 0.039062
2 0.472656 0.294531 0.026562 0.023438
5 0.826562 0.313281 0.012500 0.020313
5 0.154688 0.612500 0.040625 0.040625
1 0.526563 0.671094 0.059375 0.076563
4 0.496875 0.886719 0.025000 0.023438
1 0.713281 0.503906 0.039062 0.035937
1 0.262500 0.808594 0.065625 0.054688
3 0.397656 0.261719 0.098437 0.098437
2 0.110937 0.600000 0.040625 0.040625
2 0.742188 0.281250 0.031250 0.025000
1 0.585156 0.117188 0.070312 0.068750
5 0.921094 0.541406 0.039062 0.032813
2 0.214062 0.459375 0.087500 0.075000
4 0.617969 0.867969 0.048438 0.054688
1 0.748437 0.528125 0.078125 0.078125
5 0.447656 0.489063 0.048438 0.046875
1 0.376563 0.493750 0.084375 0.078125
2 0.651563 0.160938 0.065625 0.062500
3 0.410156 0.426563 0.292187 0.178125
1 0.444531 0.274219 0.095312 0.104688
0 0.214844 0.209375 0.067187 0.065625
1 0.778125 0.590625 0.112500 0.115625
0 0.184375 0.411719 0.034375 0.048438
2 0.382812 0.618750 0.028125 0.025000
3 0.220312 0.411719 0.196875 0.217188
2 0.478125 0.751563 0.056250 0.050000
0 0.582812 0.436719 0.046875 0.054688
3 0.700781 0.317969 0.054688 0.054688
5 0.350781 0.378125 0.032813 0.031250
0 0.506250 0.610938 0.025000 0.025000
2 0.330469 0.407813 0.023438 0.021875
3 0.392969 0.678906 0.095312 0.095312
0 0.608594 0.289844 0.035937 0.035937
0 0.417969 0.152344 0.129688 0.142187
3 0.448437 0.671875 0.150000 0.193750
4 0.817969 0.551562 0.079687 0.078125
0 0.447656 0.543750 0.054688 0.053125
3 0.746094 0.421094 0.123438 0.123438
2 0.302344 0.253125 0.029687 0.028125
5 0.298438 0.360938 0.034375 0.028125
2 0.479687 0.330469 0.068750 0.064062
2 0.364844 0.529687 0.054688 0.050000
1 0.556250 0.207031 0.068750 0.064062
0 0.402344 0.516406 0.032813 0.035937
1 0.521094 0.456250 0.114062 0.100000
0 0.260937 0.678125 0.071875 0.071875
0 0.579688 0.300000 0.056250 0.053125
0 0.528125 0.173437 0.090625 0.065625
3 0.475781 0.369531 0.129688 0.201563
2 0.599219 0.399219 0.048438 0.042188
3 0.423438 0.728906 0.090625 0.064062
1 0.812500 0.597656 0.046875 0.079687
4 0.856250 0.485156 0.071875 0.076563
5 0.854688 0.366406 0.028125 0.026562
1 0.297656 0.313281 0.132812 0.107813
0 0.902344 0.371875 0.048438 0.050000
4 0.865625 0.714063 0.028125 0.031250
0 0.550781 0.364063 0.095312 0.084375
3 0.587500 0.608594 0.259375 0.179688
1 0.651563 0.137500 0.075000 0.084375
3 0.139844 0.377344 0.042188 0.079687
5 0.469531 0.192188 0.035937 0.031250
2 0.407813 0.655469 0.050000 0.048438
0 0.700000 0.578906 0.034375 0.029687
4 0.532031 0.296094 0.032813 0.032813
4 0.660937 0.520312 0.028125 0.021875
5 0.575000 0.244531 0.043750 0.048438
3 0.761719 0.335156 0.098437 0.098437
2 0.570312 0.551562 0.043750 0.062500
1 0.271875 0.455469 0.062500 0.101562
0 0.478906 0.823438 0.067187 0.068750
3 0.390625 0.570312 0.068750 0.068750
2 0.337500 0.689063 0.146875 0.168750
5 0.396094 0.493750 0.048438 0.046875
3 0.679688 0.529687 0.096875 0.096875
5 0.870313 0.592187 0.046875 0.050000
4 0.610938 0.647656 0.050000 0.057813
1 0.542188 0.477344 0.071875 0.085938
1 0.656250 0.453125 0.071875 0.068750
1 0.443750 0.786719 0.143750 0.079687
1 0.385937 0.134375 0.053125 0.050000
1 0.202344 0.404687 0.060937 0.053125
1 0.353906 0.709375 0.104688 0.118750
1 0.626563 0.691406 0.040625 0.035937