0 0.143750 0.595313 0.043750 0.040625
3 0.298438 0.651563 0.090625 0.090625
2 0.168750 0.631250 0.040625 0.028125
5 0.267188 0.853125 0.043750 0.040625
5 0.896094 0.366406 0.048438 0.045312
1 0.686719 0.759375 0.117188 0.153125
2 0.657813 0.748437 0.037500 0.050000
3 0.820312 0.406250 0.090625 0.093750
2 0.837500 0.667969 0.053125 0.057813
1 0.699219 0.802344 0.070312 0.079687
1 0.828906 0.303125 0.107813 0.100000
1 0.743750 0.791406 0.071875 0.089063
4 0.614844 0.461719 0.032813 0.051562
3 0.736719 0.238281 0.082812 0.114062
2 0.315625 0.550000 0.046875 0.046875
0 0.885156 0.472656 0.101562 0.098437
5 0.342969 0.183594 0.048438 0.048438
0 0.765625 0.267188 0.109375 0.096875
0 0.274219 0.458594 0.057813 0.057813
1 0.470313 0.317969 0.118750 0.082812
4 0.549219 0.833594 0.035937 0.032813
2 0.285156 0.234375 0.014063 0.018750
4 0.926562 0.553906 0.021875 0.017188
4 0.593750 0.837500 0.028125 0.021875
1 0.646094 0.317188 0.048438 0.071875
2 0.552344 0.408594 0.048438 0.051562
1 0.293750 0.485938 0.121875 0.128125
3 0.531250 0.706250 0.143750 0.143750
2 0.367188 0.639062 0.025000 0.025000
5 0.793750 0.284375 0.040625 0.040625
4 0.496875 0.387500 0.018750 0.021875
2 0.458594 0.330469 0.082812 0.107813
0 0.428906 0.092188 0.045312 0.046875
1 0.645312 0.473438 0.081250 0.084375
2 0.319531 0.367188 0.039062 0.037500
1 0.117188 0.563281 0.100000 0.107813
0 0.871875 0.642188 0.028125 0.028125
4 0.232031 0.650781 0.029687 0.029687
0 0.408594 0.096094 0.064062 0.060937
3 0.207813 0.529687 0.093750 0.093750
3 0.610156 0.441406 0.173437 0.173437
1 0.828906 0.586719 0.082812 0.092188
3 0.339062 0.730469 0.090625 0.101562
4 0.375781 0.374219 0.026562 0.026562
3 0.674219 0.353906 0.067187 0.067187
5 0.498437 0.172656 0.031250 0.029687
4 0.096094 0.427344 0.064062 0.073438
3 0.635156 0.242188 0.195312 0.306250
3 0.499219 0.486719 0.098437 0.098437
1 0.367969 0.697656 0.114062 0.126562
1 0.532813 0.904687 0.050000 0.050000
5 0.613281 0.757812 0.051562 0.059375
3 0.507031 0.373437 0.282813 0.293750
3 0.466406 0.562500 0.170313 0.128125
5 0.389062 0.775000 0.050000 0.056250
5 0.903906 0.642969 0.029687 0.029687
5 0.869531 0.672656 0.032813 0.032813
1 0.263281 0.560156 0.107813 0.092188
0 0.808594 0.281250 0.029687 0.025000
4 0.861719 0.677344 0.070312 0.085938
4 0.454688 0.111719 0.046875 0.042188
1 0.404687 0.628906 0.071875 0.067187
5 0.096094 0.583594 0.045312 0.048438
5 0.500000 0.845313 0.068750 0.078125
5 0.800781 0.698438 0.029687 0.028125
0 0.428125 0.580469 0.059375 0.060937
4 0.282031 0.235156 0.017188 0.017188
0 0.660937 0.212500 0.156250 0.137500
0 0.531250 0.397656 0.034375 0.026562
0 0.337500 0.357031 0.090625 0.110937
4 0.613281 0.876563 0.048438 0.056250
4 0.184375 0.207031 0.025000 0.026562
1 0.485938 0.360938 0.053125 0.046875
1 0.588281 0.682031 0.085938 0.098437
4 0.773438 0.308594 0.103125 0.092188
1 0.323437 0.882812 0.050000 0.050000
5 0.513281 0.597656 0.026562 0.023438
1 0.575781 0.751563 0.070312 0.065625
5 0.353906 0.406250 0.054688 0.065625
1 0.525000 0.604688 0.150000 0.159375
5 0.432031 0.694531 0.060937 0.054688
4 0.808594 0.224219 0.023438 0.026562
2 0.513281 0.739844 0.117188 0.142187
5 0.360938 0.597656 0.031250 0.032813
5 0.100781 0.411719 0.029687 0.039062
5 0.238281 0.714063 0.035937 0.043750
5 0.830469 0.679688 0.035937 0.034375
0 0.692187 0.588281 0.075000 0.076563
2 0.814063 0.317969 0.037500 0.045312
2 0.819531 0.632031 0.014063 0.023438
2 0.330469 0.375000 0.064062 0.050000
4 0.546094 0.117188 0.026562 0.018750
5 0.207813 0.202344 0.037500 0.035937
0 0.660156 0.372656 0.048438 0.051562
0 0.491406 0.537500 0.054688 0.031250
5 0.478125 0.915625 0.031250 0.028125
4 0.487500 0.743750 0.040625 0.037500
2 0.394531 0.507812 0.048438 0.050000
0 0.682031 0.121875 0.023438 0.018750
2 0.203125 0.317188 0.025000 0.025000
2 0.405469 0.458594 0.054688 0.054688
3 0.371875 0.690625 0.234375 0.262500
1 0.192969 0.490625 0.089063 0.103125
0 0.357812 0.487500 0.031250 0.034375
2 0.638281 0.370312 0.023438 0.037500
3 0.661719 0.844531 0.067187 0.067187
3 0.534375 0.459375 0.087500 0.087500
5 0.314063 0.400000 0.028125 0.034375
3 0.541406 0.664844 0.198437 0.132812