1 0.206250 0.579688 0.137500 0.134375
2 0.464844 0.771094 0.101562 0.079687
2 0.303906 0.270313 0.042188 0.050000
1 0.885156 0.624219 0.045312 0.045312
4 0.891406 0.517188 0.020313 0.028125
3 0.378125 0.551562 0.115625 0.115625
3 0.631250 0.304688 0.106250 0.106250
2 0.358594 0.773438 0.032813 0.034375
4 0.413281 0.335156 0.089063 0.092188
1 0.616406 0.576562 0.060937 0.081250
3 0.700781 0.250781 0.085938 0.085938
3 0.281250 0.632812 0.140625 0.140625
5 0.366406 0.602344 0.045312 0.042188
2 0.839844 0.443750 0.142187 0.121875
4 0.908594 0.504687 0.048438 0.040625
5 0.452344 0.289844 0.020313 0.020313
4 0.487500 0.787500 0.115625 0.100000
2 0.520312 0.271094 0.053125 0.039062
5 0.654687 0.207813 0.028125 0.031250
0 0.612500 0.300781 0.046875 0.045312
4 0.327344 0.164844 0.067187 0.082812
1 0.354687 0.813281 0.068750 0.070312
2 0.484375 0.332813 0.018750 0.021875
3 0.611719 0.427344 0.095312 0.095312
5 0.402344 0.685156 0.029687 0.026562
5 0.747656 0.555469 0.054688 0.076563
0 0.743750 0.421875 0.028125 0.028125
3 0.742969 0.489844 0.107813 0.107813
3 0.223438 0.228906 0.103125 0.089063
3 0.769531 0.203906 0.092188 0.092188
2 0.592187 0.382031 0.028125 0.032813
1 0.314844 0.778125 0.110937 0.112500
5 0.592969 0.085938 0.029687 0.031250
3 0.447656 0.768750 0.060937 0.062500
3 0.307812 0.845313 0.090625 0.090625
3 0.684375 0.642969 0.112500 0.126562
2 0.206250 0.668750 0.059375 0.059375
3 0.312500 0.238281 0.171875 0.129688
3 0.626563 0.420312 0.112500 0.112500
1 0.508594 0.356250 0.035937 0.037500
5 0.771094 0.782813 0.032813 0.037500
3 0.710156 0.662500 0.339062 0.303125
2 0.715625 0.657813 0.031250 0.034375
3 0.140625 0.679688 0.056250 0.056250
0 0.507031 0.507031 0.060937 0.060937
1 0.691406 0.828906 0.039062 0.026562
2 0.740625 0.380469 0.087500 0.076563
0 0.724219 0.290625 0.126562 0.115625
2 0.383594 0.365625 0.023438 0.021875
3 0.828906 0.630469 0.070312 0.070312
0 0.811719 0.396875 0.057813 0.062500
5 0.670312 0.610938 0.043750 0.043750
5 0.593750 0.855469 0.034375 0.029687
1 0.791406 0.342969 0.048438 0.048438
3 0.550000 0.612500 0.203125 0.203125
3 0.731250 0.782813 0.056250 0.068750
5 0.709375 0.485938 0.031250 0.028125
3 0.597656 0.482031 0.082812 0.082812
2 0.612500 0.154688 0.065625 0.065625
3 0.617969 0.314063 0.126562 0.128125
1 0.893750 0.450000 0.037500 0.046875
4 0.542969 0.436719 0.054688 0.048438
1 0.496875 0.432812 0.090625 0.096875
3 0.588281 0.430469 0.101562 0.082812
2 0.675781 0.582031 0.039062 0.039062
1 0.667969 0.641406 0.067187 0.067187
2 0.845313 0.638281 0.059375 0.067187
4 0.340625 0.250781 0.193750 0.182812
0 0.379688 0.611719 0.068750 0.060937
2 0.469531 0.317188 0.017188 0.015625
2 0.599219 0.252344 0.010937 0.017188
0 0.436719 0.338281 0.123438 0.107813
2 0.797656 0.638281 0.020313 0.020313
1 0.250781 0.186719 0.095312 0.089063
5 0.432031 0.589063 0.045312 0.053125
4 0.218750 0.433594 0.165625 0.095312
4 0.414844 0.266406 0.035937 0.032813
3 0.339844 0.628906 0.076563 0.107813
5 0.111719 0.526563 0.035937 0.034375
5 0.402344 0.360938 0.035937 0.040625
1 0.612500 0.767969 0.071875 0.095312
0 0.703125 0.839063 0.084375 0.075000
0 0.606250 0.310156 0.046875 0.054688
3 0.229687 0.427344 0.150000 0.098437
5 0.684375 0.750000 0.062500 0.062500
3 0.581250 0.347656 0.131250 0.114062
5 0.530469 0.278906 0.057813 0.057813
1 0.453906 0.177344 0.092188 0.076563
2 0.115625 0.592187 0.084375 0.078125
3 0.882031 0.425781 0.123438 0.123438
2 0.386719 0.218750 0.079687 0.084375
1 0.650781 0.755469 0.092188 0.089063
0 0.603125 0.364063 0.115625 0.109375
4 0.617188 0.481250 0.031250 0.034375
0 0.230469 0.551562 0.054688 0.050000
4 0.263281 0.778125 0.029687 0.031250
5 0.532031 0.585156 0.067187 0.076563
1 0.185938 0.506250 0.115625 0.140625
0 0.830469 0.453125 0.042188 0.034375
2 0.286719 0.317969 0.076563 0.079687
5 0.485938 0.166406 0.025000 0.026562
5 0.688281 0.303125 0.045312 0.053125
5 0.851562 0.478125 0.018750 0.018750
5 0.564063 0.525781 0.046875 0.051562
4 0.525781 0.479687 0.107813 0.071875
0 0.537500 0.271094 0.043750 0.042188
0 0.364063 0.410938 0.043750 0.037500
5 0.785937 0.394531 0.031250 0.035937
1 0.614844 0.502344 0.167187 0.139063
4 0.268750 0.292187 0.056250 0.037500
3 0.392188 0.698438 0.062500 0.081250
5 0.502344 0.771094 0.060937 0.045312
1 0.466406 0.495312 0.095312 0.090625