3 0.553125 0.746094 0.256250 0.301563
3 0.402344 0.482812 0.235937 0.159375
2 0.399219 0.190625 0.035937 0.037500
2 0.432031 0.827344 0.195312 0.173437
4 0.441406 0.522656 0.020313 0.020313
2 0.792188 0.532813 0.046875 0.040625
4 0.365625 0.302344 0.059375 0.064062
4 0.398438 0.506250 0.081250 0.068750
0 0.306250 0.713281 0.053125 0.057813
4 0.196875 0.689844 0.021875 0.023438
3 0.337500 0.218750 0.150000 0.196875
5 0.741406 0.278906 0.035937 0.035937
5 0.753125 0.673438 0.031250 0.059375
5 0.176563 0.577344 0.037500 0.026562
0 0.793750 0.268750 0.121875 0.115625
2 0.235156 0.665625 0.060937 0.046875
2 0.516406 0.683594 0.035937 0.042188
0 0.645312 0.615625 0.028125 0.025000
4 0.364063 0.860938 0.050000 0.053125
2 0.687500 0.213281 0.031250 0.032813
3 0.493750 0.189062 0.240625 0.243750
4 0.418750 0.810937 0.081250 0.081250
0 0.510156 0.162500 0.107813 0.096875
0 0.205469 0.596875 0.045312 0.043750
1 0.397656 0.760156 0.104688 0.135937
2 0.470313 0.857031 0.037500 0.035937
2 0.328125 0.257031 0.190625 0.185938
1 0.639844 0.465625 0.060937 0.068750
4 0.342187 0.396875 0.025000 0.025000
5 0.102344 0.338281 0.020313 0.032813
0 0.635156 0.314844 0.039062 0.045312
5 0.413281 0.833594 0.057813 0.060937
4 0.814063 0.382031 0.068750 0.064062
2 0.303906 0.468750 0.023438 0.021875
2 0.332031 0.337500 0.020313 0.018750
3 0.560937 0.437500 0.071875 0.112500
2 0.459375 0.482812 0.078125 0.081250
0 0.820312 0.662500 0.075000 0.068750
0 0.246875 0.353125 0.040625 0.040625
0 0.706250 0.322656 0.034375 0.032813
2 0.806250 0.330469 0.031250 0.032813
1 0.538281 0.700781 0.089063 0.107813
2 0.475781 0.419531 0.029687 0.026562
5 0.635156 0.821875 0.079687 0.078125
1 0.253125 0.491406 0.053125 0.054688
1 0.675000 0.819531 0.075000 0.082812
4 0.364844 0.821875 0.048438 0.056250
2 0.533594 0.795312 0.042188 0.043750
4 0.149219 0.637500 0.026562 0.025000
4 0.582031 0.323437 0.045312 0.050000
0 0.728906 0.460938 0.060937 0.046875
3 0.380469 0.707031 0.126562 0.126562
4 0.608594 0.339844 0.042188 0.057813
3 0.575781 0.671094 0.107813 0.110937
0 0.687500 0.578906 0.034375 0.029687
5 0.832812 0.269531 0.037500 0.032813
3 0.660156 0.299219 0.098437 0.098437
3 0.624219 0.460938 0.098437 0.100000
3 0.416406 0.521875 0.179688 0.200000
5 0.349219 0.558594 0.042188 0.042188
5 0.327344 0.334375 0.023438 0.025000
2 0.175000 0.585156 0.031250 0.042188
3 0.187500 0.548438 0.134375 0.134375
2 0.271094 0.146094 0.051562 0.051562
4 0.560937 0.287500 0.075000 0.078125
5 0.353906 0.667969 0.051562 0.051562
2 0.282813 0.761719 0.043750 0.054688
5 0.825781 0.749219 0.039062 0.039062
2 0.183594 0.735156 0.051562 0.051562
5 0.775000 0.357031 0.040625 0.039062
2 0.296875 0.415625 0.059375 0.053125
0 0.646875 0.804688 0.059375 0.053125
5 0.556250 0.161719 0.018750 0.039062
2 0.225781 0.429688 0.032813 0.025000
2 0.521875 0.764844 0.143750 0.089063
1 0.751563 0.773438 0.050000 0.050000
5 0.604688 0.702344 0.034375 0.039062
0 0.567969 0.849219 0.045312 0.070312
0 0.781250 0.750781 0.100000 0.089063
5 0.721875 0.337500 0.037500 0.037500
0 0.226562 0.392188 0.031250 0.031250
1 0.269531 0.689844 0.051562 0.039062
0 0.489063 0.337500 0.018750 0.015625
3 0.193750 0.583594 0.109375 0.092188
5 0.404687 0.736719 0.050000 0.045312
4 0.600000 0.346094 0.150000 0.185938
5 0.711719 0.731250 0.060937 0.062500
1 0.671875 0.754687 0.053125 0.068750
2 0.427344 0.825000 0.060937 0.084375
4 0.312500 0.398438 0.190625 0.212500
0 0.542188 0.396875 0.103125 0.100000
5 0.608594 0.225000 0.032813 0.031250
4 0.161719 0.432812 0.014063 0.018750
4 0.720313 0.810937 0.031250 0.028125
4 0.609375 0.483594 0.078125 0.085938
5 0.103906 0.500000 0.048438 0.046875
1 0.559375 0.510156 0.084375 0.076563
0 0.675000 0.243750 0.018750 0.018750
4 0.786719 0.450781 0.051562 0.054688
0 0.529687 0.820312 0.037500 0.043750
2 0.487500 0.878125 0.059375 0.059375
5 0.692187 0.590625 0.025000 0.025000
5 0.844531 0.350000 0.076563 0.065625
0 0.746875 0.471875 0.037500 0.037500
4 0.307031 0.510156 0.035937 0.026562
2 0.268750 0.799219 0.050000 0.045312
2 0.755469 0.526563 0.079687 0.062500
3 0.457813 0.745313 0.100000 0.100000
5 0.742188 0.846875 0.034375 0.031250
4 0.902344 0.435156 0.023438 0.023438
1 0.321875 0.549219 0.053125 0.064062
4 0.610938 0.139844 0.075000 0.067187
0 0.521094 0.846875 0.114062 0.103125
5 0.531250 0.685937 0.031250 0.034375
1 0.360938 0.517969 0.078125 0.073438
2 0.854688 0.732031 0.043750 0.029687
0 0.510156 0.473438 0.054688 0.050000
3 0.350781 0.686719 0.267188 0.226562
3 0.168750 0.596094 0.168750 0.135937
2 0.573438 0.689063 0.165625 0.156250
3 0.411719 0.761719 0.126562 0.126562
4 0.329688 0.266406 0.084375 0.092188
0 0.211719 0.510156 0.070312 0.082812
2 0.771094 0.167187 0.042188 0.040625
1 0.246094 0.269531 0.089063 0.092188
1 0.502344 0.859375 0.098437 0.084375
2 0.875000 0.378125 0.068750 0.065625