3 0.162500 0.392188 0.131250 0.131250
3 0.201563 0.521094 0.078125 0.076563
4 0.213281 0.283594 0.089063 0.070312
0 0.132812 0.572656 0.112500 0.104688
1 0.185156 0.603906 0.051562 0.045312
2 0.699219 0.189062 0.023438 0.040625
3 0.271875 0.408594 0.240625 0.398438
0 0.448437 0.805469 0.050000 0.045312
3 0.504687 0.425000 0.090625 0.090625
5 0.481250 0.887500 0.056250 0.053125
4 0.795312 0.463281 0.056250 0.070312
5 0.114062 0.365625 0.046875 0.037500
1 0.089844 0.450000 0.060937 0.059375
1 0.738281 0.188281 0.079687 0.089063
2 0.873437 0.394531 0.034375 0.029687
3 0.492188 0.249219 0.334375 0.323437
3 0.264844 0.341406 0.192188 0.167187
1 0.192969 0.755469 0.101562 0.089063
5 0.325781 0.457031 0.026562 0.026562
4 0.402344 0.451562 0.039062 0.043750
2 0.595313 0.846094 0.068750 0.057813
5 0.400781 0.525781 0.039062 0.039062
2 0.550781 0.425000 0.154688 0.165625
0 0.378125 0.160156 0.059375 0.057813
1 0.664062 0.392969 0.121875 0.101562
3 0.381250 0.785156 0.246875 0.210938
5 0.439063 0.271875 0.031250 0.040625
2 0.315625 0.244531 0.053125 0.042188
4 0.240625 0.367188 0.059375 0.050000
5 0.357031 0.111719 0.029687 0.032813
4 0.467969 0.904687 0.048438 0.040625
2 0.391406 0.569531 0.039062 0.032813
0 0.670312 0.717187 0.071875 0.059375
4 0.754687 0.342969 0.028125 0.020313
1 0.716406 0.464844 0.092188 0.085938
2 0.398438 0.831250 0.059375 0.059375
1 0.712500 0.252344 0.087500 0.104688
0 0.661719 0.311719 0.048438 0.042188
3 0.501563 0.253125 0.103125 0.103125
2 0.467969 0.529687 0.048438 0.043750
5 0.467187 0.091406 0.037500 0.035937
4 0.398438 0.521094 0.034375 0.039062
1 0.707031 0.469531 0.145313 0.160938
4 0.447656 0.474219 0.045312 0.042188
2 0.496875 0.201563 0.075000 0.081250
0 0.245312 0.452344 0.037500 0.039062
4 0.735156 0.542969 0.054688 0.051562
2 0.807031 0.239063 0.045312 0.065625
5 0.146094 0.509375 0.064062 0.053125
1 0.118750 0.397656 0.075000 0.051562
2 0.142969 0.686719 0.032813 0.032813
0 0.610938 0.861719 0.100000 0.095312
3 0.529687 0.330469 0.168750 0.182812
2 0.335156 0.629687 0.067187 0.059375
2 0.157031 0.335938 0.026562 0.021875
2 0.665625 0.385156 0.025000 0.042188
0 0.761719 0.493750 0.126562 0.115625
1 0.561719 0.133594 0.076563 0.076563
3 0.624219 0.562500 0.251563 0.209375
2 0.695312 0.409375 0.031250 0.040625
3 0.549219 0.405469 0.082812 0.082812
3 0.631250 0.664062 0.090625 0.090625
4 0.394531 0.798438 0.029687 0.031250
1 0.201563 0.613281 0.059375 0.054688
1 0.309375 0.595313 0.046875 0.215625
5 0.435156 0.196094 0.048438 0.042188
5 0.244531 0.728125 0.032813 0.021875
4 0.369531 0.145313 0.014063 0.015625
5 0.235937 0.578125 0.028125 0.040625
4 0.879687 0.421094 0.040625 0.042188
3 0.289062 0.370312 0.100000 0.100000
2 0.873437 0.325000 0.046875 0.034375
0 0.369531 0.671094 0.039062 0.039062
3 0.395313 0.170313 0.115625 0.115625
4 0.790625 0.397656 0.025000 0.020313
2 0.206250 0.372656 0.203125 0.189062