0 0.594531 0.124219 0.076563 0.064062
2 0.778906 0.614062 0.057813 0.053125
5 0.301563 0.153906 0.062500 0.067187
0 0.648438 0.866406 0.081250 0.101562
5 0.301563 0.291406 0.053125 0.048438
1 0.646875 0.825000 0.087500 0.071875
5 0.557031 0.857812 0.029687 0.025000
5 0.719531 0.805469 0.045312 0.042188
0 0.549219 0.323437 0.098437 0.112500
0 0.442969 0.773438 0.098437 0.103125
1 0.725781 0.532813 0.104688 0.087500
4 0.693750 0.299219 0.162500 0.189062
4 0.178125 0.326562 0.100000 0.093750
1 0.764844 0.654687 0.120313 0.153125
1 0.646094 0.350000 0.104688 0.081250
3 0.374219 0.810156 0.104688 0.104688
5 0.308594 0.337500 0.045312 0.040625
4 0.231250 0.648438 0.025000 0.025000
3 0.850781 0.566406 0.104688 0.085938
4 0.557813 0.303906 0.040625 0.051562
1 0.614844 0.835938 0.051562 0.046875
5 0.646875 0.662500 0.034375 0.031250
3 0.617188 0.664062 0.056250 0.056250
3 0.128906 0.613281 0.070312 0.070312
1 0.514062 0.482812 0.212500 0.165625
3 0.190625 0.446875 0.121875 0.121875
4 0.495312 0.636719 0.021875 0.026562
5 0.182031 0.578906 0.023438 0.029687
3 0.564844 0.598437 0.257812 0.337500
3 0.708594 0.385156 0.070312 0.070312
2 0.794531 0.369531 0.029687 0.029687
3 0.600781 0.514844 0.251563 0.229687
4 0.659375 0.378125 0.046875 0.046875
5 0.480469 0.917188 0.042188 0.040625
5 0.772656 0.361719 0.039062 0.045312
2 0.533594 0.196094 0.039062 0.032813
1 0.480469 0.748437 0.107813 0.096875
2 0.285156 0.407813 0.260937 0.250000
0 0.621094 0.283594 0.023438 0.017188
4 0.702344 0.322656 0.054688 0.070312
0 0.853125 0.469531 0.096875 0.085938
3 0.543750 0.311719 0.200000 0.257812
3 0.700781 0.610938 0.154688 0.171875
0 0.820312 0.250000 0.046875 0.040625
2 0.454688 0.173437 0.034375 0.031250
5 0.416406 0.548438 0.045312 0.037500
4 0.466406 0.889062 0.020313 0.018750
4 0.821094 0.643750 0.029687 0.028125
2 0.205469 0.700781 0.039062 0.042188
5 0.581250 0.702344 0.043750 0.045312
0 0.724219 0.510938 0.129688 0.131250
2 0.253906 0.555469 0.098437 0.070312
2 0.605469 0.489844 0.070312 0.057813
2 0.710938 0.205469 0.031250 0.042188
3 0.793750 0.315625 0.065625 0.065625
1 0.546094 0.164844 0.104688 0.092188
4 0.470313 0.422656 0.093750 0.082812
1 0.703906 0.295312 0.051562 0.028125
3 0.619531 0.388281 0.089063 0.089063
2 0.517969 0.467969 0.064062 0.067187
4 0.467187 0.242969 0.056250 0.070312
3 0.607812 0.480469 0.225000 0.148438
2 0.641406 0.759375 0.026562 0.034375
0 0.708594 0.586719 0.295312 0.295312
5 0.616406 0.107813 0.017188 0.025000
2 0.246094 0.582812 0.067187 0.087500
3 0.409375 0.643750 0.100000 0.156250
4 0.442188 0.238281 0.021875 0.029687
3 0.796875 0.276562 0.065625 0.065625
2 0.560937 0.353906 0.065625 0.064062
1 0.573438 0.614062 0.112500 0.087500
3 0.683594 0.432812 0.182812 0.131250
3 0.777344 0.313281 0.107813 0.107813
2 0.457031 0.909375 0.035937 0.071875
4 0.178906 0.338281 0.039062 0.042188
3 0.578125 0.393750 0.156250 0.156250
3 0.548438 0.862500 0.106250 0.106250
2 0.195312 0.685156 0.034375 0.029687
2 0.897656 0.626563 0.020313 0.025000
0 0.707031 0.752344 0.070312 0.064062
2 0.478906 0.816406 0.051562 0.045312
1 0.686719 0.841406 0.051562 0.048438
4 0.303906 0.554688 0.020313 0.018750
1 0.379688 0.461719 0.137500 0.135937
2 0.380469 0.889844 0.057813 0.057813
5 0.300781 0.380469 0.060937 0.057813
2 0.210938 0.673438 0.037500 0.034375
4 0.232813 0.372656 0.018750 0.017188
3 0.493750 0.187500 0.134375 0.134375
0 0.289062 0.175781 0.037500 0.039062
5 0.475781 0.306250 0.032813 0.025000
3 0.342187 0.418750 0.253125 0.187500
4 0.710156 0.432812 0.117188 0.115625
4 0.481250 0.118750 0.118750 0.071875
0 0.784375 0.555469 0.037500 0.039062
4 0.432031 0.088281 0.054688 0.057813
1 0.501563 0.491406 0.084375 0.067187
4 0.272656 0.450000 0.039062 0.037500
1 0.487500 0.473438 0.234375 0.184375
0 0.178125 0.656250 0.021875 0.018750
0 0.646875 0.899219 0.050000 0.048438
4 0.312500 0.251563 0.021875 0.021875
0 0.812500 0.246094 0.034375 0.035937
0 0.708594 0.730469 0.123438 0.120313
2 0.650781 0.532813 0.032813 0.034375
1 0.536719 0.355469 0.129688 0.092188
2 0.167969 0.535156 0.029687 0.029687
4 0.142187 0.725781 0.018750 0.017188
0 0.142187 0.581250 0.078125 0.062500
4 0.527344 0.253125 0.020313 0.015625
5 0.157812 0.491406 0.056250 0.051562
4 0.634375 0.780469 0.028125 0.026562
5 0.328906 0.214062 0.026562 0.028125
2 0.690625 0.773438 0.031250 0.034375
5 0.471094 0.293750 0.045312 0.043750
4 0.878125 0.605469 0.025000 0.026562
2 0.691406 0.763281 0.026562 0.029687
0 0.723437 0.689063 0.162500 0.162500
2 0.256250 0.435937 0.071875 0.081250
3 0.596875 0.693750 0.081250 0.081250
3 0.467969 0.166406 0.142187 0.117188
3 0.585156 0.591406 0.267188 0.254688
1 0.537500 0.617969 0.056250 0.067187
4 0.112500 0.558594 0.100000 0.098437
2 0.407813 0.474219 0.021875 0.017188
2 0.588281 0.595313 0.048438 0.043750
0 0.446094 0.885156 0.057813 0.045312
4 0.417187 0.438281 0.034375 0.039062
2 0.665625 0.780469 0.040625 0.039062
4 0.439844 0.816406 0.170313 0.185938