5 0.351562 0.649219 0.050000 0.051562
1 0.275781 0.728906 0.167187 0.157812
5 0.368750 0.725781 0.046875 0.045312
0 0.774219 0.675000 0.029687 0.025000
0 0.537500 0.279687 0.034375 0.034375
3 0.578125 0.785156 0.246875 0.229687
1 0.642188 0.886719 0.065625 0.060937
2 0.189844 0.559375 0.051562 0.040625
0 0.386719 0.876563 0.079687 0.062500
5 0.446875 0.364844 0.046875 0.042188
2 0.677344 0.625781 0.023438 0.023438
2 0.530469 0.722656 0.070312 0.060937
0 0.532813 0.655469 0.046875 0.051562
5 0.717187 0.489844 0.068750 0.051562
3 0.377344 0.187500 0.126562 0.156250
3 0.295312 0.481250 0.096875 0.096875
0 0.546875 0.249219 0.109375 0.129688
5 0.339844 0.449219 0.032813 0.029687
3 0.362500 0.323437 0.134375 0.153125
2 0.885156 0.381250 0.042188 0.040625
1 0.250000 0.550000 0.146875 0.118750
5 0.215625 0.275000 0.065625 0.065625
0 0.379688 0.287500 0.071875 0.090625
1 0.453125 0.841406 0.062500 0.051562
1 0.834375 0.700000 0.109375 0.109375
4 0.600781 0.500000 0.135937 0.125000
3 0.566406 0.157031 0.085938 0.085938
2 0.861719 0.443750 0.042188 0.037500
2 0.693750 0.252344 0.031250 0.026562
5 0.557813 0.731250 0.053125 0.053125
3 0.254688 0.418750 0.253125 0.253125
4 0.105469 0.466406 0.032813 0.039062
0 0.211719 0.641406 0.110937 0.107813
1 0.526563 0.238281 0.150000 0.151562
0 0.462500 0.711719 0.025000 0.023438
3 0.352344 0.224219 0.142187 0.142187
3 0.435937 0.578125 0.153125 0.153125
2 0.828125 0.530469 0.018750 0.014063
0 0.639844 0.590625 0.054688 0.062500
1 0.196094 0.455469 0.054688 0.054688
3 0.361719 0.807813 0.179688 0.178125
3 0.488281 0.119531 0.060937 0.060937
0 0.178906 0.585938 0.045312 0.037500
1 0.299219 0.413281 0.098437 0.092188
5 0.361719 0.436719 0.042188 0.054688
5 0.633594 0.428906 0.026562 0.026562
4 0.403125 0.358594 0.025000 0.026562
0 0.432031 0.862500 0.029687 0.025000
0 0.340625 0.252344 0.062500 0.073438
3 0.553906 0.768750 0.207813 0.162500
3 0.460156 0.606250 0.098437 0.087500
1 0.778125 0.639062 0.084375 0.084375
0 0.760938 0.528125 0.021875 0.021875
5 0.366406 0.220312 0.051562 0.050000
2 0.336719 0.286719 0.014063 0.014063
1 0.403125 0.339844 0.093750 0.104688
2 0.566406 0.533594 0.057813 0.039062
3 0.390625 0.595313 0.231250 0.146875
4 0.807813 0.635938 0.068750 0.075000
5 0.562500 0.568750 0.090625 0.090625
2 0.677344 0.622656 0.151562 0.151562
1 0.343750 0.845313 0.115625 0.109375
0 0.386719 0.224219 0.051562 0.054688
4 0.780469 0.758594 0.026562 0.020313
3 0.351562 0.767188 0.096875 0.096875
1 0.757812 0.428125 0.068750 0.059375
5 0.140625 0.413281 0.046875 0.057813
1 0.622656 0.215625 0.157812 0.143750
4 0.497656 0.473438 0.026562 0.031250
0 0.441406 0.896875 0.051562 0.050000
3 0.279687 0.537500 0.203125 0.203125
2 0.935937 0.513281 0.015625 0.017188
3 0.783594 0.314844 0.079687 0.079687
3 0.650781 0.196094 0.085938 0.085938
2 0.465625 0.644531 0.090625 0.114062
0 0.375781 0.825000 0.042188 0.034375
4 0.463281 0.888281 0.020313 0.017188
1 0.300781 0.604688 0.104688 0.096875
4 0.520312 0.688281 0.021875 0.023438
0 0.384375 0.462500 0.046875 0.065625
1 0.528906 0.875000 0.079687 0.075000
4 0.739844 0.592969 0.020313 0.020313
5 0.269531 0.435156 0.032813 0.035937
4 0.330469 0.309375 0.104688 0.078125
5 0.542969 0.074219 0.023438 0.032813
1 0.803906 0.379688 0.064062 0.056250
0 0.482031 0.878906 0.042188 0.045312