3 0.334375 0.414062 0.159375 0.159375
2 0.112500 0.558594 0.106250 0.082812
2 0.196094 0.456250 0.060937 0.071875
4 0.579688 0.635938 0.031250 0.043750
5 0.170313 0.396875 0.031250 0.028125
3 0.678906 0.172656 0.070312 0.082812
4 0.761719 0.675781 0.076563 0.107813
5 0.674219 0.142187 0.045312 0.043750
0 0.596875 0.125000 0.059375 0.053125
1 0.763281 0.823438 0.057813 0.053125
2 0.299219 0.428125 0.026562 0.028125
5 0.352344 0.725000 0.032813 0.037500
3 0.483594 0.894531 0.101562 0.101562
4 0.704688 0.473438 0.043750 0.062500
0 0.642969 0.794531 0.054688 0.048438
4 0.436719 0.666406 0.026562 0.026562
2 0.190625 0.300000 0.062500 0.056250
4 0.274219 0.539062 0.051562 0.050000
3 0.410938 0.401562 0.253125 0.253125
4 0.553906 0.735938 0.067187 0.071875
5 0.417187 0.449219 0.040625 0.042188
2 0.287500 0.357812 0.031250 0.046875
4 0.262500 0.450781 0.046875 0.051562
0 0.747656 0.601562 0.117188 0.125000
3 0.204687 0.447656 0.225000 0.235937
3 0.543750 0.639062 0.368750 0.300000
0 0.741406 0.233594 0.035937 0.035937
0 0.598437 0.159375 0.087500 0.087500
5 0.549219 0.883594 0.039062 0.039062
3 0.664062 0.445312 0.137500 0.137500
0 0.696094 0.292187 0.057813 0.059375
2 0.611719 0.707031 0.023438 0.029687
1 0.750000 0.469531 0.078125 0.092188
4 0.238281 0.575781 0.029687 0.032813
1 0.171875 0.522656 0.109375 0.129688
5 0.837500 0.555469 0.031250 0.023438
0 0.709375 0.207031 0.071875 0.064062
3 0.561719 0.701562 0.201563 0.234375
2 0.389844 0.510938 0.029687 0.034375
3 0.532813 0.572656 0.321875 0.254688
4 0.421094 0.256250 0.117188 0.109375
2 0.483594 0.339844 0.039062 0.039062
1 0.117969 0.464062 0.057813 0.056250
4 0.442188 0.410938 0.043750 0.043750
1 0.783594 0.718750 0.076563 0.103125
3 0.375781 0.208594 0.120313 0.120313
4 0.609375 0.799219 0.037500 0.026562
0 0.228906 0.553906 0.079687 0.070312
3 0.745313 0.171875 0.062500 0.062500
0 0.347656 0.345313 0.023438 0.015625
5 0.766406 0.565625 0.039062 0.040625
1 0.213281 0.309375 0.064062 0.065625
4 0.825781 0.348438 0.026562 0.021875
1 0.771875 0.464844 0.093750 0.101562
0 0.801562 0.500781 0.021875 0.020313
5 0.739062 0.365625 0.037500 0.034375
3 0.222656 0.366406 0.223438 0.217188
5 0.639062 0.485938 0.040625 0.040625
3 0.597656 0.663281 0.067187 0.089063
1 0.517188 0.148438 0.059375 0.053125
2 0.721875 0.336719 0.046875 0.048438
5 0.691406 0.546094 0.035937 0.032813
5 0.864062 0.697656 0.037500 0.035937
4 0.355469 0.150000 0.020313 0.018750
3 0.182031 0.624219 0.098437 0.098437
5 0.719531 0.546094 0.057813 0.051562
5 0.407813 0.642969 0.053125 0.042188
0 0.682031 0.640625 0.064062 0.062500
1 0.678906 0.620313 0.098437 0.106250
3 0.775000 0.237500 0.103125 0.103125
1 0.441406 0.575781 0.064062 0.064062
5 0.807031 0.289844 0.035937 0.035937
1 0.275000 0.401562 0.100000 0.115625
1 0.368750 0.792969 0.093750 0.082812
5 0.136719 0.519531 0.039062 0.039062
5 0.744531 0.355469 0.023438 0.026562
1 0.610938 0.142969 0.150000 0.123438
0 0.350781 0.392969 0.032813 0.029687
3 0.176563 0.339062 0.106250 0.106250
0 0.185938 0.236719 0.031250 0.035937
2 0.329688 0.181250 0.043750 0.053125
5 0.560937 0.109375 0.071875 0.068750
1 0.376563 0.856250 0.075000 0.062500
1 0.540625 0.313281 0.037500 0.039062
0 0.210938 0.784375 0.065625 0.056250
1 0.469531 0.281250 0.089063 0.081250
4 0.776563 0.676562 0.118750 0.121875
0 0.684375 0.369531 0.106250 0.101562
4 0.878125 0.657031 0.053125 0.051562
3 0.400000 0.637500 0.237500 0.209375
4 0.666406 0.491406 0.035937 0.042188
3 0.444531 0.833594 0.092188 0.092188
2 0.532813 0.100781 0.068750 0.067187
3 0.686719 0.554688 0.298438 0.250000
1 0.775781 0.439063 0.148438 0.150000
5 0.239844 0.396875 0.042188 0.040625
1 0.296875 0.184375 0.053125 0.075000
4 0.624219 0.686719 0.029687 0.026562
5 0.460938 0.927344 0.034375 0.035937
5 0.254688 0.681250 0.034375 0.043750
5 0.770312 0.804688 0.028125 0.037500
1 0.378125 0.121094 0.050000 0.048438
4 0.558594 0.536719 0.045312 0.045312
1 0.509375 0.214062 0.184375 0.184375
5 0.071875 0.547656 0.031250 0.032813
1 0.360938 0.338281 0.112500 0.120313
1 0.835156 0.615625 0.070312 0.059375
0 0.150000 0.736719 0.043750 0.045312
4 0.875781 0.359375 0.029687 0.043750
1 0.788281 0.616406 0.095312 0.107813
2 0.353906 0.801562 0.079687 0.093750
3 0.124219 0.516406 0.079687 0.104688
5 0.429688 0.561719 0.043750 0.085938
1 0.485156 0.251563 0.107813 0.100000
2 0.376563 0.242969 0.084375 0.082812
0 0.222656 0.796875 0.070312 0.065625
2 0.539844 0.762500 0.032813 0.031250
1 0.464062 0.551562 0.096875 0.109375
2 0.579688 0.576562 0.409375 0.381250
3 0.444531 0.724219 0.085938 0.085938
4 0.474219 0.700000 0.023438 0.021875
4 0.575781 0.549219 0.023438 0.026562
4 0.535156 0.309375 0.023438 0.025000
0 0.835156 0.598437 0.032813 0.031250
3 0.247656 0.422656 0.092188 0.045312
3 0.200000 0.437500 0.125000 0.125000
3 0.728906 0.721875 0.114062 0.156250
3 0.666406 0.257812 0.226562 0.281250