0 0.445312 0.151562 0.100000 0.109375
5 0.179688 0.701562 0.046875 0.043750
3 0.146094 0.578906 0.098437 0.098437
1 0.352344 0.735938 0.104688 0.093750
2 0.544531 0.390625 0.023438 0.018750
3 0.282813 0.256250 0.112500 0.112500
0 0.710938 0.501563 0.043750 0.050000
2 0.738281 0.789062 0.054688 0.081250
4 0.875000 0.478125 0.025000 0.028125
0 0.364844 0.156250 0.079687 0.071875
0 0.442188 0.569531 0.053125 0.045312
5 0.135937 0.411719 0.040625 0.042188
1 0.833594 0.291406 0.076563 0.076563
3 0.780469 0.677344 0.104688 0.104688
1 0.847656 0.505469 0.045312 0.057813
4 0.247656 0.604688 0.035937 0.037500
5 0.120313 0.454688 0.037500 0.040625
3 0.681250 0.750000 0.175000 0.190625
2 0.425000 0.542188 0.071875 0.078125
2 0.420312 0.764844 0.028125 0.029687
0 0.592187 0.607812 0.056250 0.059375
4 0.703125 0.335156 0.053125 0.051562
4 0.239063 0.683594 0.043750 0.035937
0 0.674219 0.207813 0.132812 0.121875
2 0.844531 0.524219 0.085938 0.089063
0 0.502344 0.288281 0.042188 0.042188
0 0.539844 0.832031 0.048438 0.048438
4 0.273438 0.805469 0.068750 0.054688
2 0.823438 0.509375 0.078125 0.059375
3 0.405469 0.450781 0.129688 0.129688
1 0.314844 0.785156 0.032813 0.026562
0 0.636719 0.431250 0.054688 0.056250
5 0.757812 0.786719 0.053125 0.042188
5 0.311719 0.375781 0.051562 0.051562
1 0.701562 0.439844 0.093750 0.070312
3 0.428125 0.165625 0.087500 0.087500
3 0.436719 0.655469 0.182812 0.182812
2 0.242188 0.252344 0.025000 0.023438
4 0.276562 0.728906 0.053125 0.073438
2 0.212500 0.549219 0.059375 0.060937
5 0.534375 0.443750 0.056250 0.043750
0 0.345313 0.675781 0.031250 0.029687
1 0.285156 0.728906 0.067187 0.054688
5 0.326562 0.217969 0.021875 0.035937
2 0.835156 0.280469 0.039062 0.045312
3 0.192188 0.541406 0.125000 0.139063
4 0.171094 0.259375 0.020313 0.018750
4 0.624219 0.390625 0.054688 0.075000
2 0.682813 0.235937 0.043750 0.034375
2 0.460938 0.928125 0.028125 0.031250
2 0.339844 0.771875 0.042188 0.050000
1 0.451562 0.765625 0.075000 0.075000
3 0.732812 0.825000 0.071875 0.084375
2 0.275781 0.643750 0.051562 0.050000
5 0.151562 0.710938 0.075000 0.062500
2 0.333594 0.389844 0.020313 0.020313
4 0.667188 0.649219 0.159375 0.142187
2 0.364844 0.427344 0.198437 0.173437
1 0.612500 0.550781 0.053125 0.064062
5 0.180469 0.610938 0.042188 0.040625
2 0.617188 0.289062 0.096875 0.081250
1 0.428906 0.504687 0.154688 0.125000
1 0.197656 0.528125 0.123438 0.115625
4 0.650781 0.306250 0.026562 0.025000
1 0.267969 0.377344 0.070312 0.067187
3 0.600000 0.768750 0.153125 0.153125
0 0.457813 0.425781 0.043750 0.039062
1 0.684375 0.561719 0.059375 0.070312
0 0.853125 0.556250 0.062500 0.059375
5 0.333594 0.307812 0.051562 0.056250
4 0.836719 0.246094 0.045312 0.054688
3 0.525781 0.522656 0.135937 0.135937
1 0.507812 0.412500 0.159375 0.156250
4 0.634375 0.624219 0.021875 0.026562
3 0.327344 0.352344 0.110937 0.110937
5 0.893750 0.645312 0.031250 0.031250
2 0.442969 0.194531 0.023438 0.023438
1 0.289844 0.356250 0.139063 0.103125
4 0.378125 0.879687 0.018750 0.018750
3 0.795312 0.536719 0.190625 0.142187
5 0.666406 0.587500 0.051562 0.050000
2 0.437500 0.623437 0.040625 0.034375
4 0.391406 0.456250 0.164062 0.156250
2 0.516406 0.383594 0.035937 0.035937
3 0.373437 0.706250 0.084375 0.112500
2 0.617969 0.443750 0.135937 0.184375
4 0.491406 0.312500 0.032813 0.031250
3 0.692969 0.521094 0.223438 0.251563
0 0.221875 0.317188 0.150000 0.137500
4 0.607812 0.749219 0.065625 0.064062
0 0.148438 0.602344 0.065625 0.060937
4 0.546875 0.777344 0.028125 0.032813
2 0.078125 0.425000 0.034375 0.034375
4 0.571875 0.525000 0.018750 0.018750
2 0.353906 0.435156 0.057813 0.057813
4 0.376563 0.669531 0.046875 0.039062
3 0.253125 0.282813 0.084375 0.103125
3 0.582031 0.760156 0.107813 0.107813
5 0.200781 0.763281 0.026562 0.026562
0 0.400000 0.466406 0.043750 0.039062
2 0.556250 0.100781 0.043750 0.042188
2 0.740625 0.386719 0.040625 0.032813
4 0.836719 0.335938 0.023438 0.018750
1 0.289844 0.398438 0.082812 0.103125
2 0.610938 0.372656 0.043750 0.045312
2 0.482812 0.605469 0.053125 0.048438
5 0.795312 0.466406 0.037500 0.042188
5 0.085938 0.438281 0.053125 0.051562