0 0.278125 0.290625 0.031250 0.031250
3 0.232031 0.518750 0.179688 0.234375
0 0.598437 0.313281 0.075000 0.070312
4 0.627344 0.167969 0.032813 0.032813
2 0.547656 0.561719 0.217188 0.264062
2 0.553906 0.301563 0.192188 0.115625
0 0.541406 0.642969 0.020313 0.023438
3 0.476562 0.699219 0.118750 0.089063
3 0.514062 0.640625 0.109375 0.109375
2 0.899219 0.625781 0.020313 0.023438
5 0.800781 0.482031 0.026562 0.026562
5 0.681250 0.389844 0.025000 0.023438
2 0.591406 0.363281 0.032813 0.029687
5 0.402344 0.842187 0.048438 0.050000
3 0.573438 0.523438 0.112500 0.112500
4 0.342969 0.832031 0.032813 0.035937
4 0.580469 0.774219 0.067187 0.051562
2 0.532031 0.338281 0.070312 0.067187
5 0.581250 0.238281 0.028125 0.035937
3 0.589844 0.816406 0.076563 0.089063
3 0.402344 0.335156 0.120313 0.120313
2 0.412500 0.806250 0.056250 0.056250
3 0.403906 0.767188 0.167187 0.221875
1 0.252344 0.581250 0.048438 0.050000
3 0.534375 0.695312 0.118750 0.118750
5 0.792969 0.415625 0.029687 0.031250
3 0.464844 0.666406 0.173437 0.173437
3 0.300781 0.174219 0.092188 0.092188
3 0.808594 0.617969 0.073438 0.089063
1 0.365625 0.765625 0.071875 0.090625
5 0.796875 0.617969 0.050000 0.045312
0 0.178906 0.350000 0.051562 0.050000
2 0.860938 0.449219 0.034375 0.054688
2 0.650000 0.575000 0.046875 0.037500
4 0.235937 0.309375 0.071875 0.075000
4 0.252344 0.432031 0.014063 0.014063
5 0.478125 0.683594 0.059375 0.057813
2 0.763281 0.492969 0.114062 0.095312
0 0.812500 0.483594 0.106250 0.114062
1 0.493750 0.241406 0.059375 0.045312
5 0.140625 0.642969 0.028125 0.026562
5 0.705469 0.395313 0.017188 0.034375
5 0.467969 0.426563 0.032813 0.043750
4 0.801562 0.571094 0.028125 0.039062
3 0.450781 0.495312 0.154688 0.115625
2 0.499219 0.480469 0.057813 0.051562
2 0.421094 0.640625 0.045312 0.040625
5 0.221875 0.690625 0.046875 0.053125
5 0.392969 0.555469 0.035937 0.035937
1 0.675000 0.556250 0.056250 0.062500
1 0.653125 0.568750 0.171875 0.168750
1 0.515625 0.861719 0.112500 0.120313
4 0.703125 0.677344 0.056250 0.057813
5 0.838281 0.305469 0.048438 0.054688
2 0.196094 0.548438 0.051562 0.043750
1 0.428125 0.657031 0.046875 0.057813
3 0.247656 0.613281 0.142187 0.101562
1 0.496875 0.817187 0.071875 0.068750
1 0.389062 0.590625 0.053125 0.050000
3 0.517969 0.622656 0.073438 0.073438
2 0.650000 0.383594 0.037500 0.029687
0 0.218750 0.521094 0.243750 0.242188
2 0.355469 0.620313 0.026562 0.025000
2 0.555469 0.491406 0.057813 0.067187
4 0.805469 0.476562 0.020313 0.021875
5 0.609375 0.864062 0.059375 0.059375
0 0.239063 0.553125 0.134375 0.137500
1 0.918750 0.482812 0.037500 0.043750
4 0.240625 0.568750 0.018750 0.031250
3 0.860156 0.549219 0.095312 0.095312
3 0.431250 0.254688 0.271875 0.231250
0 0.600781 0.732812 0.073438 0.075000
5 0.514844 0.292969 0.045312 0.035937
4 0.169531 0.494531 0.020313 0.023438
5 0.689063 0.648438 0.053125 0.046875
0 0.650000 0.350781 0.050000 0.048438
3 0.346094 0.596094 0.157812 0.157812