2 0.147656 0.565625 0.017188 0.021875
5 0.107031 0.442188 0.051562 0.037500
0 0.419531 0.546094 0.032813 0.035937
4 0.210938 0.445312 0.046875 0.040625
2 0.369531 0.300781 0.045312 0.054688
1 0.506250 0.821094 0.196875 0.226562
0 0.502344 0.525781 0.064062 0.054688
5 0.871875 0.535937 0.034375 0.028125
3 0.607812 0.303125 0.175000 0.175000
5 0.513281 0.863281 0.020313 0.029687
5 0.138281 0.428125 0.051562 0.065625
2 0.631250 0.385156 0.050000 0.045312
3 0.667969 0.496094 0.085938 0.085938
3 0.460938 0.464062 0.187500 0.140625
5 0.878125 0.702344 0.031250 0.026562
0 0.393750 0.837500 0.096875 0.093750
2 0.532813 0.525781 0.043750 0.035937
1 0.235156 0.527344 0.120313 0.064062
2 0.100781 0.362500 0.017188 0.015625
4 0.419531 0.142187 0.123438 0.118750
4 0.372656 0.336719 0.085938 0.082812
2 0.428906 0.197656 0.042188 0.039062
2 0.322656 0.554688 0.070312 0.056250
0 0.841406 0.301563 0.054688 0.059375
0 0.777344 0.282031 0.029687 0.026562
1 0.681250 0.496875 0.050000 0.050000
1 0.277344 0.410156 0.104688 0.101562
1 0.553906 0.748437 0.142187 0.175000
4 0.113281 0.364844 0.057813 0.042188
5 0.174219 0.261719 0.032813 0.032813
0 0.728125 0.353125 0.015625 0.018750
5 0.231250 0.692187 0.037500 0.034375
1 0.226562 0.182031 0.059375 0.051562
3 0.538281 0.684375 0.160938 0.156250
5 0.165625 0.560156 0.021875 0.026562
2 0.635938 0.665625 0.043750 0.040625
0 0.679688 0.273438 0.050000 0.040625
5 0.738281 0.357812 0.035937 0.034375
2 0.716406 0.751563 0.051562 0.043750
5 0.250000 0.289062 0.031250 0.025000
3 0.227344 0.291406 0.192188 0.151562
1 0.143750 0.360156 0.078125 0.082812
5 0.332031 0.151562 0.042188 0.040625
2 0.812500 0.435937 0.043750 0.037500
4 0.297656 0.297656 0.014063 0.014063
0 0.716406 0.536719 0.045312 0.042188
5 0.349219 0.367969 0.048438 0.048438
4 0.307812 0.259375 0.025000 0.031250
1 0.760938 0.319531 0.081250 0.070312
1 0.193750 0.697656 0.062500 0.051562
0 0.691406 0.646094 0.029687 0.026562
0 0.571875 0.808594 0.059375 0.054688
0 0.482812 0.457031 0.081250 0.067187
4 0.892969 0.466406 0.035937 0.039062
5 0.264062 0.678906 0.040625 0.039062
4 0.657031 0.450000 0.032813 0.031250
4 0.660156 0.100000 0.020313 0.021875
4 0.722656 0.589844 0.014063 0.014063
2 0.835156 0.259375 0.026562 0.018750
3 0.447656 0.803906 0.089063 0.089063
2 0.434375 0.713281 0.034375 0.042188
4 0.515625 0.529687 0.034375 0.031250
1 0.439063 0.261719 0.050000 0.085938
0 0.289844 0.576562 0.060937 0.059375
5 0.603906 0.083594 0.032813 0.039062
4 0.603125 0.873437 0.018750 0.018750
3 0.500000 0.831250 0.093750 0.093750
1 0.092188 0.475000 0.050000 0.043750
0 0.585156 0.765625 0.020313 0.021875
0 0.477344 0.428125 0.026562 0.028125
3 0.690625 0.334375 0.081250 0.081250
2 0.546875 0.211719 0.187500 0.189062
2 0.771875 0.366406 0.046875 0.045312
5 0.756250 0.625000 0.040625 0.034375
1 0.330469 0.175000 0.154688 0.159375
0 0.367969 0.734375 0.070312 0.090625
4 0.373437 0.650781 0.028125 0.026562
2 0.426563 0.758594 0.021875 0.014063
4 0.458594 0.280469 0.145313 0.135937
3 0.766406 0.571094 0.251563 0.251563
4 0.205469 0.659375 0.123438 0.087500
2 0.548438 0.432031 0.034375 0.064062
3 0.242969 0.685937 0.223438 0.156250
2 0.574219 0.715625 0.039062 0.040625