1 0.631250 0.789062 0.050000 0.043750
5 0.739062 0.370312 0.043750 0.028125
1 0.529687 0.778906 0.050000 0.042188
1 0.392969 0.385937 0.114062 0.115625
3 0.608594 0.685156 0.123438 0.135937
0 0.471094 0.474219 0.073438 0.076563
5 0.511719 0.867188 0.064062 0.075000
4 0.643750 0.383594 0.021875 0.020313
4 0.795312 0.669531 0.018750 0.017188
1 0.688281 0.626563 0.101562 0.106250
4 0.530469 0.819531 0.057813 0.042188
1 0.389844 0.892969 0.073438 0.064062
0 0.779687 0.635938 0.100000 0.093750
0 0.864844 0.410156 0.045312 0.042188
0 0.157031 0.604688 0.051562 0.050000
3 0.427344 0.814063 0.248438 0.206250
5 0.503125 0.331250 0.034375 0.040625
3 0.457813 0.496094 0.081250 0.082812
3 0.682813 0.739062 0.040625 0.040625
1 0.096875 0.364844 0.043750 0.048438
5 0.647656 0.169531 0.032813 0.035937
2 0.642188 0.208594 0.062500 0.060937
3 0.443750 0.325000 0.106250 0.106250
4 0.647656 0.135156 0.107813 0.107813
0 0.738281 0.690625 0.029687 0.021875
5 0.524219 0.785156 0.032813 0.032813
2 0.466406 0.582031 0.245312 0.251563
1 0.556250 0.132812 0.065625 0.065625
1 0.747656 0.522656 0.092188 0.101562
2 0.542188 0.542188 0.043750 0.040625
2 0.371094 0.755469 0.045312 0.039062
5 0.556250 0.654687 0.043750 0.040625
2 0.608594 0.696875 0.029687 0.028125
4 0.621875 0.407031 0.028125 0.026562
0 0.345313 0.740625 0.068750 0.056250
5 0.830469 0.417187 0.026562 0.025000
2 0.202344 0.396094 0.067187 0.064062
2 0.765625 0.418750 0.037500 0.075000
4 0.218750 0.244531 0.065625 0.057813
4 0.530469 0.115625 0.085938 0.096875
3 0.567969 0.647656 0.145313 0.145313
2 0.772656 0.467969 0.035937 0.032813
5 0.370312 0.878906 0.056250 0.060937
4 0.916406 0.468750 0.048438 0.040625
0 0.219531 0.729688 0.051562 0.053125
1 0.403125 0.183594 0.087500 0.082812
1 0.500781 0.685156 0.042188 0.045312
5 0.604688 0.223438 0.056250 0.056250
5 0.621875 0.732812 0.056250 0.056250
0 0.235156 0.626563 0.057813 0.050000
0 0.800000 0.727344 0.065625 0.064062
4 0.874219 0.651563 0.029687 0.021875
4 0.779687 0.447656 0.021875 0.029687
2 0.864844 0.526563 0.026562 0.046875
2 0.814844 0.407031 0.067187 0.057813
1 0.154688 0.616406 0.128125 0.114062
1 0.323437 0.288281 0.106250 0.095312
4 0.609375 0.839844 0.106250 0.101562
2 0.560937 0.089063 0.056250 0.056250
2 0.586719 0.310156 0.026562 0.035937
4 0.806250 0.617188 0.121875 0.128125
0 0.539062 0.779687 0.093750 0.078125
5 0.486719 0.664844 0.070312 0.070312
1 0.633594 0.621094 0.054688 0.054688
4 0.621875 0.212500 0.028125 0.028125
4 0.721094 0.792188 0.029687 0.037500
1 0.417969 0.663281 0.082812 0.070312
3 0.457813 0.321875 0.065625 0.065625
0 0.347656 0.712500 0.064062 0.059375
5 0.538281 0.408594 0.035937 0.035937
2 0.736719 0.173437 0.051562 0.056250
5 0.144531 0.609375 0.060937 0.059375
1 0.772656 0.464062 0.126562 0.103125
0 0.792969 0.464844 0.032813 0.026562
3 0.511719 0.587500 0.345313 0.496875
3 0.475781 0.147656 0.045312 0.045312
0 0.543750 0.453125 0.084375 0.068750
3 0.258594 0.471094 0.126562 0.126562
2 0.867969 0.679688 0.073438 0.068750
1 0.290625 0.516406 0.065625 0.073438
3 0.627344 0.888281 0.070312 0.070312
5 0.882812 0.414062 0.071875 0.071875
5 0.264062 0.430469 0.031250 0.032813
5 0.117969 0.648438 0.073438 0.056250
2 0.535156 0.918750 0.026562 0.025000
3 0.654687 0.401562 0.081250 0.081250
4 0.240625 0.751563 0.037500 0.025000
3 0.666406 0.496875 0.248438 0.206250
3 0.419531 0.438281 0.282813 0.223438
0 0.598437 0.263281 0.059375 0.060937
2 0.771094 0.510938 0.035937 0.037500
4 0.128906 0.551562 0.026562 0.021875
1 0.394531 0.361719 0.060937 0.076563
1 0.483594 0.192969 0.051562 0.042188
1 0.403906 0.189062 0.092188 0.106250
4 0.521094 0.657813 0.126562 0.093750
4 0.478125 0.746875 0.028125 0.028125
4 0.485156 0.543750 0.020313 0.018750
0 0.136719 0.590625 0.035937 0.028125
3 0.457813 0.728125 0.225000 0.190625
2 0.728125 0.311719 0.043750 0.045312
0 0.334375 0.737500 0.078125 0.087500
5 0.544531 0.860938 0.039062 0.037500