4 0.728906 0.194531 0.032813 0.039062
4 0.613281 0.389844 0.129688 0.117188
1 0.692187 0.821875 0.128125 0.128125
5 0.898438 0.425000 0.040625 0.034375
5 0.188281 0.505469 0.026562 0.026562
1 0.847656 0.700781 0.076563 0.070312
1 0.701562 0.505469 0.065625 0.073438
4 0.175781 0.545312 0.026562 0.031250
4 0.334375 0.259375 0.037500 0.050000
4 0.400781 0.413281 0.029687 0.029687
0 0.267969 0.573438 0.067187 0.062500
1 0.785156 0.517188 0.085938 0.093750
5 0.618750 0.360938 0.037500 0.037500
4 0.502344 0.362500 0.029687 0.025000
1 0.700000 0.814844 0.112500 0.110937
4 0.753906 0.706250 0.039062 0.046875
0 0.542188 0.124219 0.078125 0.082812
3 0.687500 0.359375 0.300000 0.259375
0 0.810156 0.207031 0.032813 0.029687
0 0.336719 0.727344 0.023438 0.023438
5 0.432812 0.522656 0.053125 0.054688
4 0.514844 0.208594 0.020313 0.017188
3 0.877344 0.632812 0.064062 0.046875
2 0.766406 0.236719 0.067187 0.070312
3 0.295312 0.694531 0.234375 0.223438
4 0.387500 0.360156 0.018750 0.017188
3 0.741406 0.339062 0.073438 0.059375
3 0.376563 0.300000 0.068750 0.068750
0 0.509375 0.872656 0.090625 0.079687
0 0.898438 0.544531 0.043750 0.039062
5 0.421875 0.571875 0.040625 0.053125
4 0.271875 0.770312 0.021875 0.021875
0 0.472656 0.422656 0.029687 0.026562
0 0.184375 0.303125 0.071875 0.059375
1 0.467969 0.396875 0.079687 0.090625
3 0.300781 0.336719 0.142187 0.142187
4 0.666406 0.196094 0.026562 0.026562
1 0.500000 0.471094 0.031250 0.032813
1 0.431250 0.459375 0.075000 0.068750
3 0.421094 0.802344 0.123438 0.135937
0 0.371875 0.307031 0.087500 0.076563
0 0.382812 0.847656 0.040625 0.060937
1 0.359375 0.472656 0.121875 0.079687
1 0.465625 0.851562 0.059375 0.059375
2 0.550781 0.854688 0.017188 0.028125
2 0.512500 0.855469 0.021875 0.026562
3 0.572656 0.496094 0.135937 0.135937
5 0.748437 0.801562 0.050000 0.040625
0 0.365625 0.285156 0.037500 0.029687
5 0.610938 0.267969 0.025000 0.023438
1 0.429688 0.453125 0.131250 0.125000
2 0.653125 0.748437 0.034375 0.031250
4 0.881250 0.662500 0.021875 0.021875
5 0.188281 0.494531 0.026562 0.023438
0 0.508594 0.175781 0.079687 0.070312
2 0.181250 0.293750 0.015625 0.015625
0 0.409375 0.092188 0.015625 0.018750
4 0.482812 0.831250 0.018750 0.021875
3 0.162500 0.404687 0.090625 0.090625
3 0.387500 0.768750 0.081250 0.081250
4 0.867188 0.716406 0.021875 0.026562
5 0.778906 0.586719 0.035937 0.029687
4 0.472656 0.467187 0.189062 0.181250
0 0.557031 0.238281 0.060937 0.054688
0 0.698438 0.156250 0.071875 0.096875
1 0.684375 0.143750 0.084375 0.065625
5 0.511719 0.239844 0.051562 0.048438
1 0.149219 0.491406 0.085938 0.070312
3 0.536719 0.766406 0.129688 0.129688
5 0.189062 0.501563 0.040625 0.034375
3 0.131250 0.448437 0.078125 0.053125
4 0.585156 0.535937 0.057813 0.059375
3 0.500781 0.444531 0.073438 0.073438
5 0.561719 0.132812 0.064062 0.062500
2 0.378125 0.688281 0.087500 0.089063
4 0.299219 0.299219 0.079687 0.073438
3 0.166406 0.589844 0.129688 0.129688
2 0.721094 0.761719 0.045312 0.042188
3 0.586719 0.466406 0.079687 0.079687
1 0.710938 0.818750 0.100000 0.121875
3 0.432031 0.371094 0.176563 0.176563
1 0.325781 0.185938 0.085938 0.075000
5 0.614062 0.667188 0.034375 0.037500
3 0.582031 0.453906 0.223438 0.214062
4 0.846875 0.680469 0.053125 0.057813
0 0.136719 0.616406 0.045312 0.039062
1 0.775000 0.443750 0.134375 0.118750
3 0.716406 0.514844 0.079687 0.079687
5 0.296875 0.657813 0.040625 0.040625
4 0.596875 0.689063 0.031250 0.025000
2 0.624219 0.634375 0.029687 0.050000
3 0.583594 0.581250 0.110937 0.059375
2 0.269531 0.660156 0.032813 0.048438