0 0.409375 0.477344 0.021875 0.017188
1 0.434375 0.746094 0.134375 0.139063
5 0.590625 0.428125 0.056250 0.043750
2 0.557813 0.111719 0.025000 0.023438
0 0.171094 0.280469 0.045312 0.042188
2 0.815625 0.339062 0.018750 0.018750
5 0.775000 0.662500 0.034375 0.034375
1 0.278906 0.292969 0.057813 0.057813
2 0.853906 0.359375 0.035937 0.031250
5 0.307031 0.246875 0.042188 0.037500
5 0.647656 0.296094 0.029687 0.032813
2 0.492188 0.185156 0.025000 0.029687
1 0.764062 0.756250 0.053125 0.043750
2 0.398438 0.689844 0.034375 0.045312
3 0.253906 0.658594 0.310937 0.226562
0 0.289844 0.178125 0.042188 0.034375
4 0.517188 0.549219 0.018750 0.017188
5 0.393750 0.402344 0.021875 0.020313
0 0.202344 0.575781 0.035937 0.039062
2 0.832812 0.541406 0.178125 0.151562
4 0.415625 0.296875 0.065625 0.068750
2 0.744531 0.646875 0.039062 0.040625
4 0.645312 0.210938 0.143750 0.153125
3 0.822656 0.282031 0.082812 0.082812
4 0.836719 0.706250 0.060937 0.046875
4 0.865625 0.658594 0.021875 0.023438
4 0.644531 0.521875 0.073438 0.059375
0 0.496875 0.896875 0.053125 0.050000
2 0.599219 0.447656 0.092188 0.064062
1 0.170313 0.453906 0.096875 0.104688
1 0.621875 0.850000 0.112500 0.096875
5 0.081250 0.568750 0.031250 0.028125
2 0.142187 0.578906 0.059375 0.057813
3 0.687500 0.767188 0.090625 0.090625
4 0.639844 0.393750 0.057813 0.043750
0 0.440625 0.117188 0.115625 0.118750
2 0.640625 0.895312 0.031250 0.031250
3 0.388281 0.488281 0.251563 0.207813
2 0.778906 0.290625 0.048438 0.050000
2 0.725000 0.307812 0.031250 0.028125
2 0.485156 0.679688 0.026562 0.028125
0 0.400781 0.898438 0.026562 0.021875
2 0.346875 0.462500 0.071875 0.056250
3 0.332813 0.159375 0.100000 0.081250
0 0.494531 0.441406 0.070312 0.073438
5 0.744531 0.600781 0.039062 0.035937
1 0.628125 0.137500 0.075000 0.068750
1 0.389844 0.460938 0.073438 0.059375
0 0.811719 0.610938 0.114062 0.121875
3 0.399219 0.138281 0.095312 0.095312
1 0.503906 0.500781 0.139063 0.129688
4 0.500000 0.519531 0.028125 0.023438
4 0.134375 0.442969 0.025000 0.020313
1 0.437500 0.451562 0.084375 0.078125
3 0.393750 0.654687 0.137500 0.125000
4 0.503906 0.697656 0.048438 0.042188
1 0.322656 0.588281 0.085938 0.082812
0 0.355469 0.346875 0.126562 0.125000
0 0.317188 0.147656 0.034375 0.035937
0 0.789062 0.675000 0.053125 0.050000
1 0.312500 0.742188 0.153125 0.159375
4 0.392188 0.463281 0.115625 0.079687
4 0.200781 0.389062 0.020313 0.018750
5 0.119531 0.605469 0.039062 0.035937
3 0.455469 0.660156 0.264062 0.264062
2 0.457031 0.160156 0.023438 0.035937
2 0.414844 0.836719 0.045312 0.048438
5 0.346875 0.684375 0.059375 0.068750
2 0.710156 0.626563 0.051562 0.037500
1 0.913281 0.460156 0.045312 0.045312
2 0.462500 0.150000 0.156250 0.143750
5 0.278125 0.577344 0.015625 0.023438
1 0.234375 0.235156 0.143750 0.107813
5 0.187500 0.340625 0.040625 0.046875
0 0.808594 0.540625 0.060937 0.043750
1 0.664844 0.510156 0.054688 0.079687
2 0.378125 0.687500 0.096875 0.100000
3 0.782813 0.557813 0.090625 0.090625
5 0.390625 0.844531 0.050000 0.048438
4 0.782813 0.282813 0.034375 0.046875
2 0.305469 0.529687 0.101562 0.084375
4 0.107813 0.595313 0.062500 0.053125
0 0.782031 0.458594 0.057813 0.035937
4 0.921094 0.503125 0.032813 0.040625
3 0.457813 0.337500 0.096875 0.096875
3 0.427344 0.478906 0.348438 0.282813
4 0.660937 0.456250 0.025000 0.018750
5 0.386719 0.707812 0.051562 0.068750
3 0.575781 0.435937 0.148438 0.118750
3 0.746094 0.232813 0.107813 0.125000
4 0.775781 0.435156 0.020313 0.020313
4 0.078906 0.514062 0.054688 0.046875
0 0.653125 0.665625 0.131250 0.137500
2 0.733594 0.803906 0.067187 0.064062
3 0.529687 0.368750 0.056250 0.056250
4 0.728125 0.194531 0.050000 0.045312
4 0.100000 0.557031 0.050000 0.054688
3 0.396094 0.624219 0.073438 0.073438
0 0.293750 0.674219 0.237500 0.239063
5 0.251563 0.177344 0.034375 0.032813
4 0.271094 0.815625 0.048438 0.043750
2 0.598437 0.078906 0.031250 0.032813
0 0.641406 0.856250 0.129688 0.128125
3 0.192969 0.558594 0.142187 0.142187
5 0.353906 0.796875 0.032813 0.034375
3 0.681250 0.835938 0.109375 0.109375
2 0.568750 0.125781 0.103125 0.082812
4 0.539844 0.386719 0.032813 0.039062
3 0.330469 0.711719 0.079687 0.079687
4 0.536719 0.780469 0.026562 0.023438
0 0.607031 0.132031 0.089063 0.057813
1 0.664062 0.335156 0.062500 0.057813
2 0.647656 0.160156 0.064062 0.073438
1 0.775000 0.492188 0.084375 0.103125
3 0.382031 0.245312 0.126562 0.165625
2 0.365625 0.142969 0.037500 0.035937
0 0.478906 0.300781 0.029687 0.032813
3 0.251563 0.483594 0.165625 0.167187
4 0.281250 0.822656 0.018750 0.020313
2 0.217188 0.599219 0.143750 0.114062
3 0.422656 0.788281 0.160938 0.160938
4 0.692187 0.616406 0.031250 0.032813
2 0.396094 0.590625 0.039062 0.050000
1 0.586719 0.135156 0.073438 0.073438
2 0.492188 0.282813 0.046875 0.050000
5 0.635938 0.626563 0.034375 0.043750
2 0.528125 0.079687 0.021875 0.021875
0 0.717187 0.480469 0.087500 0.089063
2 0.806250 0.529687 0.056250 0.043750
4 0.185156 0.727344 0.054688 0.048438
3 0.868750 0.481250 0.059375 0.059375
5 0.682031 0.450781 0.048438 0.017188
4 0.566406 0.239844 0.045312 0.054688
5 0.406250 0.856250 0.046875 0.053125
2 0.112500 0.607031 0.034375 0.039062
3 0.738281 0.542969 0.273438 0.273438
4 0.617969 0.106250 0.045312 0.043750
1 0.627344 0.628125 0.095312 0.075000
2 0.221875 0.667188 0.040625 0.034375
1 0.694531 0.191406 0.070312 0.070312
2 0.291406 0.257031 0.032813 0.035937
2 0.288281 0.538281 0.064062 0.064062
5 0.559375 0.305469 0.040625 0.045312
3 0.583594 0.549219 0.151562 0.151562
5 0.535156 0.090625 0.035937 0.037500
1 0.767188 0.663281 0.096875 0.092188
0 0.690625 0.128906 0.037500 0.032813
5 0.248438 0.406250 0.050000 0.050000
4 0.648438 0.646875 0.062500 0.056250
3 0.450000 0.282813 0.175000 0.175000