3 0.540625 0.315625 0.084375 0.131250
1 0.825781 0.353906 0.073438 0.076563
1 0.277344 0.598437 0.060937 0.056250
0 0.715625 0.200781 0.059375 0.076563
4 0.484375 0.875000 0.037500 0.040625
2 0.504687 0.697656 0.034375 0.032813
1 0.323437 0.395313 0.090625 0.065625
1 0.358594 0.836719 0.110937 0.110937
2 0.327344 0.357031 0.057813 0.048438
1 0.135156 0.447656 0.082812 0.082812
0 0.321094 0.577344 0.057813 0.054688
0 0.540625 0.422656 0.071875 0.067187
1 0.546094 0.821875 0.070312 0.065625
1 0.799219 0.563281 0.098437 0.110937
3 0.820312 0.428125 0.115625 0.115625
5 0.610156 0.635938 0.026562 0.031250
3 0.437500 0.857812 0.106250 0.106250
0 0.314844 0.455469 0.064062 0.057813
5 0.546875 0.284375 0.034375 0.034375
3 0.254688 0.528125 0.112500 0.112500
2 0.278125 0.554688 0.040625 0.037500
5 0.474219 0.535937 0.039062 0.031250
1 0.648438 0.361719 0.087500 0.067187
4 0.528906 0.085938 0.026562 0.025000
4 0.300000 0.353906 0.025000 0.020313
5 0.788281 0.766406 0.042188 0.042188
5 0.339062 0.382812 0.031250 0.028125
3 0.465625 0.698438 0.162500 0.115625
1 0.478125 0.753125 0.153125 0.131250
5 0.559375 0.698438 0.028125 0.028125
0 0.433594 0.767969 0.035937 0.045312
1 0.677344 0.286719 0.120313 0.207813
3 0.533594 0.646094 0.135937 0.135937
0 0.592187 0.589844 0.034375 0.020313
3 0.346094 0.260156 0.142187 0.142187
3 0.646875 0.725000 0.278125 0.281250
4 0.625000 0.489063 0.034375 0.037500
1 0.503125 0.579688 0.062500 0.075000
3 0.538281 0.627344 0.151562 0.151562
1 0.711719 0.345313 0.157812 0.137500
1 0.839063 0.733594 0.043750 0.067187
0 0.445312 0.701562 0.028125 0.025000
4 0.473438 0.194531 0.056250 0.064062
5 0.755469 0.509375 0.023438 0.031250
4 0.864062 0.400000 0.031250 0.028125
3 0.264844 0.489844 0.101562 0.092188
4 0.389844 0.827344 0.017188 0.023438
1 0.832812 0.292969 0.062500 0.070312
5 0.732812 0.359375 0.040625 0.040625
0 0.439844 0.517188 0.029687 0.025000
4 0.185156 0.400781 0.029687 0.023438
0 0.419531 0.242188 0.104688 0.090625
1 0.560937 0.163281 0.106250 0.092188
4 0.592187 0.105469 0.015625 0.017188
2 0.738281 0.859375 0.029687 0.025000
1 0.689844 0.607812 0.148438 0.103125
1 0.403125 0.888281 0.084375 0.092188
4 0.171094 0.370312 0.045312 0.062500
4 0.920312 0.486719 0.034375 0.026562
1 0.185938 0.402344 0.059375 0.054688
4 0.529687 0.375000 0.118750 0.109375
4 0.619531 0.358594 0.023438 0.029687
3 0.356250 0.257812 0.112500 0.112500
1 0.412500 0.241406 0.075000 0.073438
1 0.716406 0.246875 0.070312 0.062500
3 0.348438 0.482812 0.103125 0.103125
2 0.122656 0.356250 0.070312 0.065625
4 0.315625 0.761719 0.018750 0.017188
0 0.585938 0.829688 0.062500 0.053125