3 0.342969 0.520312 0.132812 0.128125
2 0.243750 0.738281 0.031250 0.039062
1 0.513281 0.262500 0.089063 0.096875
5 0.827344 0.307031 0.039062 0.035937
3 0.481250 0.316406 0.093750 0.123438
3 0.417969 0.221875 0.123438 0.125000
1 0.257031 0.682813 0.067187 0.078125
5 0.857031 0.666406 0.035937 0.029687
3 0.661719 0.689063 0.310937 0.321875
2 0.450781 0.785937 0.039062 0.040625
0 0.435937 0.277344 0.046875 0.039062
5 0.851562 0.307031 0.031250 0.035937
3 0.848437 0.578125 0.134375 0.134375
3 0.694531 0.725781 0.114062 0.095312
2 0.559375 0.828906 0.068750 0.073438
5 0.515625 0.329688 0.037500 0.034375
4 0.403125 0.428906 0.075000 0.070312
2 0.764844 0.376563 0.073438 0.075000
2 0.285938 0.228906 0.037500 0.035937
2 0.830469 0.671875 0.035937 0.034375
1 0.360156 0.655469 0.117188 0.104688
2 0.452344 0.465625 0.095312 0.096875
2 0.097656 0.478125 0.035937 0.031250
2 0.195312 0.721875 0.037500 0.034375
3 0.730469 0.597656 0.079687 0.079687
4 0.565625 0.739844 0.015625 0.017188
3 0.525000 0.285156 0.375000 0.254688
5 0.687500 0.537500 0.046875 0.034375
1 0.465625 0.689844 0.084375 0.098437
0 0.226562 0.489844 0.103125 0.095312
2 0.817969 0.253906 0.032813 0.029687
2 0.665625 0.109375 0.043750 0.037500
3 0.470313 0.706250 0.231250 0.237500
1 0.609375 0.460938 0.081250 0.112500
1 0.578906 0.685937 0.142187 0.112500
4 0.900000 0.389062 0.040625 0.031250
5 0.559375 0.463281 0.050000 0.054688
2 0.308594 0.694531 0.064062 0.067187
0 0.178125 0.379688 0.065625 0.068750
1 0.647656 0.608594 0.076563 0.079687
5 0.525000 0.760938 0.050000 0.050000
0 0.190625 0.364844 0.078125 0.082812
2 0.332813 0.555469 0.037500 0.035937
5 0.857031 0.407031 0.032813 0.026562
2 0.147656 0.451562 0.029687 0.028125
5 0.252344 0.388281 0.067187 0.054688
4 0.511719 0.316406 0.042188 0.039062
1 0.514062 0.474219 0.084375 0.076563
1 0.189062 0.653906 0.081250 0.070312
5 0.721094 0.406250 0.067187 0.065625
1 0.232813 0.356250 0.090625 0.090625
0 0.319531 0.871875 0.064062 0.056250
0 0.728125 0.839844 0.050000 0.045312
1 0.173437 0.711719 0.040625 0.045312
5 0.244531 0.315625 0.026562 0.037500
3 0.495312 0.365625 0.246875 0.206250
1 0.297656 0.732031 0.114062 0.117188
2 0.381250 0.371875 0.021875 0.025000
1 0.417969 0.880469 0.039062 0.035937
3 0.537500 0.617969 0.068750 0.064062
0 0.773438 0.679688 0.037500 0.046875
4 0.503906 0.866406 0.032813 0.035937
3 0.418750 0.475781 0.228125 0.251563
5 0.502344 0.788281 0.029687 0.039062
4 0.412500 0.660156 0.090625 0.114062
3 0.579688 0.589063 0.084375 0.103125
5 0.695312 0.528906 0.043750 0.048438
1 0.507812 0.625781 0.053125 0.054688
0 0.664062 0.407031 0.028125 0.023438
5 0.322656 0.896094 0.029687 0.023438
0 0.605469 0.836719 0.067187 0.057813
1 0.530469 0.551562 0.095312 0.087500
4 0.798438 0.433594 0.031250 0.029687
2 0.531250 0.589063 0.068750 0.062500
2 0.749219 0.416406 0.026562 0.023438
2 0.721875 0.268750 0.062500 0.065625
5 0.699219 0.202344 0.032813 0.032813
1 0.790625 0.608594 0.118750 0.123438
4 0.580469 0.743750 0.026562 0.028125
1 0.674219 0.528906 0.082812 0.085938
5 0.693750 0.699219 0.043750 0.039062
0 0.396094 0.210156 0.079687 0.060937
5 0.329688 0.654687 0.043750 0.043750
0 0.561719 0.618750 0.057813 0.053125
5 0.832812 0.403125 0.046875 0.043750
0 0.133594 0.560937 0.054688 0.078125
2 0.857812 0.692187 0.056250 0.062500
1 0.421875 0.201563 0.065625 0.078125
3 0.512500 0.611719 0.106250 0.104688
5 0.548438 0.831250 0.046875 0.050000
5 0.742188 0.280469 0.034375 0.032813
5 0.660937 0.476562 0.031250 0.043750
5 0.874219 0.507031 0.042188 0.045312
4 0.180469 0.336719 0.026562 0.026562
3 0.712500 0.281250 0.109375 0.109375
5 0.801562 0.459375 0.059375 0.043750
2 0.305469 0.746875 0.035937 0.037500
2 0.432812 0.625000 0.059375 0.059375
5 0.636719 0.400781 0.054688 0.048438
0 0.648438 0.285156 0.037500 0.032813
3 0.224219 0.432812 0.123438 0.146875
3 0.446094 0.797656 0.076563 0.076563
2 0.405469 0.550781 0.042188 0.051562
4 0.300781 0.582812 0.026562 0.031250
1 0.420312 0.312500 0.087500 0.084375
1 0.230469 0.539062 0.064062 0.075000
3 0.232031 0.432031 0.126562 0.126562
4 0.343750 0.432031 0.031250 0.029687
1 0.678906 0.652344 0.117188 0.126562
5 0.352344 0.721875 0.026562 0.025000
1 0.314063 0.628125 0.037500 0.031250
1 0.369531 0.207813 0.085938 0.096875
3 0.446094 0.330469 0.320312 0.323437
1 0.536719 0.478906 0.051562 0.070312
5 0.489844 0.843750 0.032813 0.046875
3 0.802344 0.389844 0.210938 0.179688
3 0.264844 0.734375 0.185938 0.178125
5 0.342187 0.753906 0.043750 0.042188
1 0.532031 0.283594 0.070312 0.085938
1 0.651563 0.430469 0.081250 0.085938
2 0.282031 0.305469 0.082812 0.079687
3 0.485156 0.325781 0.076563 0.076563
1 0.321094 0.171094 0.039062 0.051562
1 0.291406 0.415625 0.095312 0.087500
5 0.496094 0.524219 0.029687 0.029687
4 0.341406 0.397656 0.020313 0.020313
0 0.317188 0.159375 0.043750 0.040625
2 0.488281 0.753125 0.035937 0.034375
1 0.480469 0.447656 0.129688 0.170313
3 0.309375 0.654687 0.115625 0.115625
4 0.689844 0.460156 0.026562 0.023438
2 0.871875 0.511719 0.021875 0.029687
0 0.145313 0.489063 0.040625 0.034375
4 0.693750 0.148438 0.031250 0.031250
1 0.793750 0.492969 0.053125 0.064062
3 0.786719 0.499219 0.229687 0.229687
1 0.659375 0.853906 0.075000 0.073438
3 0.633594 0.250000 0.132812 0.140625
1 0.583594 0.519531 0.073438 0.048438
1 0.512500 0.554688 0.112500 0.096875
2 0.389844 0.292969 0.067187 0.067187