1 0.682031 0.857031 0.076563 0.092188
5 0.314844 0.481250 0.032813 0.034375
0 0.279687 0.265625 0.068750 0.062500
5 0.589063 0.134375 0.025000 0.025000
3 0.653125 0.587500 0.093750 0.093750
0 0.351562 0.752344 0.059375 0.067187
0 0.257031 0.224219 0.032813 0.023438
4 0.392188 0.697656 0.031250 0.029687
0 0.657813 0.782813 0.081250 0.084375
0 0.364063 0.626563 0.046875 0.037500
2 0.417969 0.750781 0.035937 0.039062
4 0.562500 0.230469 0.068750 0.082812
3 0.825000 0.256250 0.084375 0.084375
3 0.292969 0.792969 0.082812 0.082812
1 0.807031 0.444531 0.042188 0.045312
3 0.464844 0.310156 0.092188 0.092188
3 0.428906 0.316406 0.239063 0.285938
5 0.521875 0.131250 0.031250 0.031250
4 0.500781 0.478906 0.198437 0.248438
4 0.757031 0.525000 0.064062 0.059375
3 0.203125 0.497656 0.209375 0.164062
5 0.762500 0.366406 0.031250 0.029687
0 0.857812 0.422656 0.103125 0.114062
5 0.279687 0.559375 0.031250 0.031250
0 0.218750 0.372656 0.040625 0.042188
5 0.189844 0.358594 0.054688 0.054688
2 0.214844 0.280469 0.054688 0.060937
2 0.413281 0.492188 0.123438 0.084375
5 0.207031 0.246094 0.029687 0.026562
4 0.605469 0.171875 0.020313 0.018750
4 0.299219 0.355469 0.032813 0.035937
2 0.756250 0.270313 0.031250 0.034375
0 0.184375 0.233594 0.018750 0.017188
4 0.175781 0.388281 0.120313 0.114062
4 0.438281 0.796094 0.120313 0.107813
0 0.575000 0.294531 0.115625 0.107813
2 0.644531 0.528906 0.045312 0.045312
0 0.451562 0.463281 0.037500 0.039062
1 0.606250 0.367969 0.046875 0.026562
1 0.667188 0.517969 0.071875 0.076563
0 0.695312 0.141406 0.046875 0.042188
1 0.575000 0.217969 0.081250 0.060937
4 0.405469 0.840625 0.129688 0.118750
2 0.376563 0.480469 0.028125 0.029687
5 0.558594 0.899219 0.073438 0.057813
4 0.665625 0.431250 0.078125 0.065625
2 0.560937 0.492969 0.050000 0.054688
4 0.691406 0.575000 0.210938 0.203125
0 0.135937 0.664844 0.025000 0.023438
1 0.859375 0.375000 0.068750 0.062500
1 0.371875 0.389844 0.121875 0.117188
5 0.580469 0.089844 0.048438 0.045312
0 0.135156 0.406250 0.029687 0.025000
0 0.422656 0.755469 0.042188 0.042188
5 0.735156 0.686719 0.032813 0.032813
4 0.123438 0.393750 0.021875 0.021875
0 0.546094 0.424219 0.076563 0.076563
5 0.624219 0.904687 0.035937 0.037500
0 0.783594 0.671875 0.123438 0.118750
4 0.518750 0.709375 0.037500 0.050000
3 0.592187 0.431250 0.168750 0.168750
4 0.310156 0.490625 0.029687 0.018750
5 0.417187 0.608594 0.046875 0.042188
1 0.300000 0.733594 0.131250 0.132812
3 0.460938 0.756250 0.246875 0.212500
1 0.217969 0.741406 0.082812 0.045312
1 0.252344 0.530469 0.070312 0.064062
3 0.691406 0.660937 0.173437 0.150000
3 0.469531 0.471875 0.298438 0.250000
2 0.503125 0.771094 0.075000 0.076563
1 0.224219 0.727344 0.076563 0.064062
3 0.254688 0.596875 0.106250 0.106250
4 0.840625 0.457031 0.025000 0.026562
4 0.750781 0.554688 0.032813 0.050000
0 0.718750 0.670312 0.037500 0.034375
1 0.223438 0.675781 0.156250 0.185938
2 0.152344 0.728906 0.048438 0.042188
5 0.546094 0.667969 0.079687 0.060937
4 0.285938 0.200000 0.031250 0.028125
5 0.383594 0.158594 0.054688 0.051562
1 0.520312 0.200781 0.068750 0.082812
3 0.190625 0.381250 0.137500 0.137500
4 0.514844 0.104688 0.070312 0.056250
1 0.440625 0.314063 0.090625 0.093750
4 0.133594 0.531250 0.042188 0.059375
1 0.547656 0.369531 0.160938 0.142187
1 0.517969 0.760156 0.123438 0.120313
4 0.310937 0.164844 0.015625 0.014063
0 0.861719 0.292969 0.054688 0.051562
0 0.817187 0.628906 0.106250 0.104688
5 0.775000 0.250000 0.028125 0.028125
4 0.458594 0.237500 0.048438 0.056250
4 0.646875 0.251563 0.021875 0.021875
2 0.404687 0.576562 0.031250 0.065625
0 0.746094 0.721875 0.048438 0.040625
2 0.648438 0.646094 0.062500 0.076563
2 0.310937 0.444531 0.034375 0.082812
4 0.583594 0.461719 0.042188 0.048438
5 0.142969 0.621875 0.035937 0.034375
0 0.676562 0.212500 0.065625 0.062500
3 0.496875 0.232813 0.212500 0.218750
2 0.244531 0.566406 0.029687 0.026562
5 0.783594 0.455469 0.026562 0.020313
1 0.707031 0.394531 0.073438 0.064062
1 0.828906 0.524219 0.110937 0.139063
5 0.849219 0.463281 0.026562 0.026562
1 0.628906 0.521875 0.251563 0.228125
1 0.666406 0.489844 0.070312 0.076563
4 0.215625 0.361719 0.028125 0.029687
2 0.313281 0.452344 0.035937 0.029687
3 0.265625 0.367188 0.150000 0.215625
5 0.331250 0.796094 0.062500 0.054688
3 0.545312 0.332813 0.365625 0.353125
1 0.353906 0.460938 0.060937 0.068750
5 0.867188 0.393750 0.015625 0.021875
0 0.417969 0.789062 0.117188 0.087500
0 0.348438 0.423438 0.034375 0.028125
0 0.226562 0.650781 0.065625 0.060937
3 0.586719 0.635156 0.298438 0.223438
4 0.231250 0.542969 0.021875 0.020313
0 0.560937 0.346094 0.056250 0.051562
0 0.422656 0.350000 0.179688 0.171875
2 0.548438 0.192969 0.034375 0.045312
3 0.585938 0.131250 0.096875 0.096875
0 0.356250 0.883594 0.065625 0.051562
0 0.703906 0.451562 0.079687 0.068750
5 0.179688 0.473438 0.053125 0.053125
1 0.861719 0.341406 0.101562 0.101562
1 0.523438 0.794531 0.087500 0.117188
1 0.885156 0.358594 0.064062 0.064062
2 0.581250 0.314844 0.037500 0.032813
5 0.664844 0.344531 0.035937 0.039062
4 0.777344 0.681250 0.035937 0.037500
3 0.186719 0.289844 0.089063 0.089063
2 0.649219 0.360938 0.067187 0.056250
1 0.792188 0.260156 0.068750 0.060937
4 0.677344 0.142187 0.089063 0.078125
2 0.289062 0.423438 0.018750 0.018750
1 0.635156 0.511719 0.110937 0.110937
4 0.732812 0.146875 0.040625 0.046875