3 0.571094 0.667188 0.326562 0.237500
0 0.565625 0.432812 0.153125 0.134375
1 0.507031 0.603906 0.142187 0.117188
1 0.651563 0.660937 0.093750 0.081250
4 0.599219 0.302344 0.020313 0.020313
4 0.885938 0.480469 0.021875 0.023438
2 0.553906 0.628906 0.045312 0.035937
1 0.414844 0.381250 0.148438 0.178125
4 0.328906 0.176563 0.017188 0.018750
3 0.410156 0.743750 0.095312 0.081250
0 0.735938 0.798438 0.034375 0.034375
3 0.850781 0.642969 0.104688 0.139063
0 0.096094 0.458594 0.039062 0.045312
5 0.280469 0.510156 0.026562 0.029687
5 0.435937 0.589063 0.040625 0.043750
5 0.682031 0.166406 0.079687 0.079687
0 0.263281 0.812500 0.045312 0.037500
2 0.246094 0.396875 0.023438 0.021875
0 0.763281 0.499219 0.095312 0.082812
0 0.771094 0.635156 0.064062 0.054688
4 0.475000 0.232813 0.037500 0.050000
1 0.414844 0.764062 0.048438 0.050000
2 0.539062 0.721875 0.034375 0.031250
0 0.686719 0.433594 0.098437 0.095312
3 0.230469 0.650781 0.114062 0.114062
0 0.452344 0.383594 0.139063 0.132812
5 0.397656 0.907031 0.026562 0.026562
5 0.664062 0.658594 0.050000 0.045312
2 0.868750 0.428906 0.034375 0.032813
0 0.154688 0.546875 0.034375 0.031250
5 0.580469 0.713281 0.048438 0.048438
3 0.639062 0.571875 0.212500 0.212500
2 0.398438 0.302344 0.065625 0.057813
3 0.485938 0.331250 0.143750 0.143750
0 0.506250 0.510156 0.090625 0.070312
2 0.256250 0.495312 0.028125 0.028125
2 0.670312 0.448437 0.043750 0.037500
1 0.707031 0.611719 0.101562 0.060937
5 0.278906 0.708594 0.039062 0.048438
4 0.584375 0.302344 0.134375 0.167187
1 0.262500 0.491406 0.062500 0.064062
3 0.332031 0.677344 0.089063 0.089063
1 0.325781 0.696094 0.123438 0.114062
0 0.806250 0.469531 0.059375 0.057813
2 0.840625 0.325000 0.056250 0.053125
5 0.423438 0.527344 0.043750 0.042188
3 0.635156 0.300000 0.179688 0.196875
3 0.350781 0.293750 0.092188 0.068750
4 0.557813 0.614062 0.087500 0.071875
3 0.234375 0.614062 0.287500 0.228125
3 0.453125 0.159375 0.121875 0.181250
2 0.915625 0.392969 0.021875 0.020313
4 0.482031 0.687500 0.023438 0.018750
0 0.356250 0.442188 0.059375 0.043750
0 0.580469 0.565625 0.070312 0.071875
1 0.241406 0.389844 0.092188 0.082812
4 0.653125 0.692969 0.037500 0.054688
1 0.381250 0.871875 0.084375 0.075000
2 0.754687 0.660156 0.031250 0.029687
5 0.404687 0.850781 0.028125 0.039062
5 0.231250 0.677344 0.056250 0.060937
2 0.289844 0.239844 0.026562 0.029687
4 0.331250 0.276562 0.075000 0.062500
3 0.458594 0.632031 0.089063 0.089063
2 0.132812 0.596875 0.053125 0.040625
2 0.616406 0.717969 0.051562 0.048438