1 0.521094 0.203906 0.123438 0.123438
2 0.367188 0.108594 0.046875 0.039062
2 0.360156 0.158594 0.032813 0.035937
0 0.339062 0.284375 0.068750 0.081250
5 0.849219 0.485938 0.032813 0.037500
3 0.292187 0.786719 0.071875 0.057813
4 0.355469 0.672656 0.014063 0.020313
2 0.663281 0.864844 0.026562 0.029687
2 0.215625 0.758594 0.037500 0.032813
3 0.808594 0.295312 0.114062 0.121875
1 0.507812 0.168750 0.103125 0.103125
4 0.080469 0.546094 0.029687 0.039062
3 0.800781 0.399219 0.114062 0.114062
0 0.808594 0.559375 0.054688 0.050000
0 0.753906 0.378125 0.060937 0.050000
3 0.441406 0.427344 0.204687 0.204687
2 0.364063 0.692969 0.065625 0.060937
4 0.821094 0.460938 0.060937 0.059375
0 0.382812 0.294531 0.078125 0.098437
2 0.709375 0.527344 0.059375 0.070312
2 0.784375 0.570312 0.062500 0.059375
2 0.257031 0.750781 0.051562 0.039062
3 0.237500 0.620313 0.087500 0.118750
0 0.081250 0.526563 0.046875 0.050000
1 0.560937 0.259375 0.087500 0.078125
5 0.800000 0.286719 0.034375 0.035937
4 0.162500 0.457031 0.040625 0.054688
2 0.294531 0.414844 0.035937 0.039062
2 0.739062 0.598437 0.056250 0.037500
2 0.448437 0.434375 0.028125 0.028125
0 0.871875 0.678125 0.037500 0.031250
1 0.384375 0.460156 0.109375 0.092188
4 0.736719 0.291406 0.054688 0.051562
1 0.710938 0.398438 0.059375 0.046875
2 0.213281 0.637500 0.060937 0.106250
2 0.425000 0.668750 0.028125 0.025000
4 0.534375 0.102344 0.025000 0.026562
5 0.266406 0.783594 0.020313 0.020313
2 0.367969 0.493750 0.032813 0.040625
1 0.164844 0.571094 0.095312 0.079687
0 0.248438 0.789844 0.071875 0.085938
4 0.452344 0.708594 0.076563 0.064062
1 0.869531 0.435156 0.048438 0.064062
0 0.439844 0.209375 0.029687 0.025000
1 0.861719 0.542188 0.095312 0.087500
3 0.547656 0.196875 0.129688 0.143750
0 0.264844 0.283594 0.114062 0.107813
1 0.279687 0.264062 0.084375 0.078125
1 0.385937 0.226562 0.115625 0.106250
3 0.738281 0.482031 0.120313 0.120313
0 0.684375 0.270313 0.053125 0.046875
1 0.392969 0.514844 0.054688 0.057813
1 0.850000 0.458594 0.065625 0.067187
3 0.618750 0.320312 0.075000 0.096875
5 0.338281 0.801562 0.060937 0.046875
0 0.659375 0.827344 0.056250 0.057813
0 0.428906 0.757812 0.017188 0.021875
4 0.280469 0.150000 0.054688 0.065625
5 0.311719 0.586719 0.042188 0.048438
4 0.449219 0.843750 0.045312 0.050000
5 0.400781 0.374219 0.032813 0.029687
3 0.663281 0.298438 0.226562 0.187500
3 0.834375 0.584375 0.187500 0.187500
3 0.299219 0.217969 0.123438 0.123438
2 0.785937 0.539062 0.043750 0.046875
2 0.610938 0.531250 0.021875 0.021875
1 0.817969 0.566406 0.089063 0.076563
4 0.886719 0.644531 0.026562 0.035937
2 0.531250 0.251563 0.031250 0.031250
1 0.611719 0.671875 0.073438 0.075000
3 0.583594 0.320312 0.251563 0.253125
1 0.529687 0.840625 0.146875 0.131250
5 0.617969 0.686719 0.042188 0.042188
1 0.500000 0.405469 0.162500 0.170313
2 0.426563 0.317188 0.071875 0.068750
4 0.317188 0.547656 0.059375 0.070312
5 0.820312 0.350781 0.050000 0.042188
5 0.210156 0.484375 0.042188 0.043750
1 0.486719 0.678906 0.164062 0.135937
1 0.399219 0.298438 0.101562 0.093750
5 0.493750 0.639062 0.031250 0.034375
2 0.568750 0.609375 0.021875 0.021875
4 0.511719 0.390625 0.039062 0.050000
0 0.242188 0.490625 0.053125 0.046875
1 0.771094 0.333594 0.045312 0.057813
2 0.341406 0.469531 0.035937 0.039062
1 0.792188 0.350000 0.053125 0.056250
2 0.535937 0.897656 0.031250 0.026562
0 0.482031 0.137500 0.045312 0.037500
5 0.715625 0.324219 0.037500 0.042188
3 0.183594 0.373437 0.157812 0.150000
4 0.232813 0.503906 0.146875 0.173437
2 0.481250 0.277344 0.034375 0.032813
0 0.307031 0.305469 0.110937 0.098437
2 0.385937 0.105469 0.071875 0.054688
1 0.710938 0.328906 0.065625 0.073438
4 0.694531 0.196875 0.032813 0.031250
4 0.625781 0.518750 0.017188 0.015625
1 0.711719 0.190625 0.120313 0.140625
3 0.323437 0.317969 0.100000 0.120313
4 0.803906 0.460938 0.051562 0.059375
1 0.560156 0.378906 0.079687 0.095312
3 0.818750 0.526563 0.106250 0.146875
2 0.378125 0.249219 0.071875 0.067187
0 0.215625 0.485156 0.031250 0.035937
5 0.548438 0.241406 0.037500 0.035937
5 0.414062 0.301563 0.050000 0.056250
1 0.544531 0.210938 0.064062 0.059375
5 0.260937 0.523438 0.031250 0.037500
2 0.189844 0.358594 0.060937 0.067187
4 0.464844 0.414844 0.023438 0.023438
2 0.261719 0.218750 0.023438 0.025000
1 0.639062 0.636719 0.125000 0.132812
3 0.263281 0.606250 0.342187 0.296875
3 0.705469 0.277344 0.117188 0.117188
1 0.488281 0.463281 0.073438 0.070312
0 0.509375 0.536719 0.050000 0.051562
4 0.897656 0.618750 0.023438 0.021875
4 0.526563 0.660937 0.225000 0.225000
4 0.807031 0.460938 0.023438 0.025000