0 0.366406 0.219531 0.085938 0.089063
4 0.338281 0.131250 0.026562 0.031250
1 0.688281 0.229687 0.092188 0.078125
2 0.146094 0.325000 0.023438 0.018750
1 0.348438 0.478125 0.037500 0.037500
2 0.178125 0.394531 0.065625 0.067187
3 0.142187 0.410938 0.159375 0.159375
0 0.672656 0.779687 0.179688 0.140625
1 0.121094 0.641406 0.051562 0.048438
3 0.626563 0.334375 0.140625 0.140625
5 0.120313 0.374219 0.046875 0.042188
5 0.656250 0.367969 0.031250 0.029687
5 0.675000 0.243750 0.021875 0.025000
2 0.331250 0.125000 0.053125 0.071875
2 0.733594 0.204687 0.045312 0.043750
3 0.662500 0.804688 0.081250 0.081250
0 0.704688 0.833594 0.034375 0.032813
1 0.564063 0.392188 0.056250 0.078125
4 0.233594 0.720313 0.070312 0.068750
4 0.201563 0.333594 0.031250 0.039062
2 0.581250 0.792188 0.040625 0.046875
5 0.502344 0.639062 0.045312 0.040625
1 0.200781 0.298438 0.114062 0.125000
5 0.512500 0.491406 0.043750 0.045312
1 0.721875 0.832812 0.046875 0.053125
2 0.165625 0.367188 0.034375 0.037500
1 0.338281 0.624219 0.051562 0.054688
1 0.571094 0.297656 0.129688 0.142187
4 0.586719 0.896094 0.032813 0.035937
3 0.453125 0.189844 0.162500 0.145313
3 0.567969 0.382031 0.154688 0.117188
0 0.546875 0.549219 0.040625 0.039062
2 0.603906 0.804688 0.101562 0.090625
1 0.260937 0.727344 0.087500 0.073438
2 0.241406 0.232031 0.054688 0.051562
5 0.568750 0.678906 0.034375 0.035937
5 0.335156 0.664062 0.035937 0.034375
0 0.441406 0.147656 0.079687 0.076563
2 0.392969 0.159375 0.032813 0.053125
5 0.545312 0.900000 0.028125 0.028125
3 0.616406 0.404687 0.092188 0.143750
1 0.536719 0.307812 0.060937 0.056250
3 0.483594 0.688281 0.107813 0.107813
0 0.281250 0.752344 0.028125 0.023438
4 0.274219 0.347656 0.045312 0.051562
3 0.360156 0.741406 0.248438 0.248438
0 0.198437 0.796875 0.046875 0.034375
3 0.857812 0.615625 0.090625 0.090625
3 0.350781 0.471875 0.260937 0.218750
0 0.460938 0.428906 0.125000 0.110937
3 0.657813 0.820312 0.150000 0.150000
2 0.654687 0.419531 0.090625 0.079687