5 0.352344 0.282031 0.032813 0.032813
2 0.550000 0.592969 0.021875 0.020313
2 0.089844 0.452344 0.048438 0.060937
0 0.610156 0.760156 0.114062 0.104688
3 0.493750 0.432812 0.100000 0.100000
5 0.839844 0.475781 0.026562 0.029687
5 0.139063 0.510938 0.034375 0.034375
2 0.564844 0.592969 0.035937 0.035937
0 0.173437 0.326562 0.059375 0.078125
0 0.464062 0.557813 0.053125 0.046875
4 0.592969 0.360156 0.073438 0.060937
1 0.289062 0.184375 0.050000 0.043750
2 0.772656 0.574219 0.064062 0.064062
3 0.706250 0.481250 0.209375 0.156250
2 0.746094 0.807813 0.039062 0.034375
1 0.247656 0.732031 0.057813 0.067187
0 0.691406 0.858594 0.029687 0.029687
5 0.613281 0.274219 0.035937 0.035937
0 0.707812 0.214844 0.081250 0.101562
3 0.623437 0.328906 0.406250 0.442188
2 0.548438 0.251563 0.075000 0.056250
2 0.662500 0.660937 0.015625 0.012500
4 0.267969 0.378125 0.023438 0.021875
3 0.141406 0.524219 0.117188 0.117188
1 0.248438 0.503125 0.056250 0.065625
0 0.504687 0.835938 0.065625 0.050000
4 0.563281 0.239844 0.051562 0.048438
3 0.350781 0.177344 0.142187 0.142187
4 0.342187 0.602344 0.018750 0.017188
2 0.343750 0.553125 0.025000 0.021875
3 0.413281 0.297656 0.126562 0.126562
1 0.290625 0.580469 0.109375 0.064062
2 0.189062 0.502344 0.031250 0.032813
2 0.316406 0.667969 0.060937 0.082812
5 0.807813 0.343750 0.043750 0.050000
2 0.724219 0.698438 0.035937 0.034375
2 0.503125 0.260937 0.021875 0.025000
4 0.212500 0.623437 0.015625 0.015625
4 0.818750 0.696875 0.028125 0.028125
3 0.685937 0.590625 0.240625 0.256250
4 0.446875 0.301563 0.018750 0.021875
1 0.584375 0.557813 0.143750 0.131250
2 0.300781 0.461719 0.082812 0.092188
1 0.663281 0.462500 0.107813 0.093750
3 0.683594 0.759375 0.167187 0.165625
2 0.364844 0.364063 0.042188 0.040625
4 0.631250 0.132031 0.046875 0.035937
3 0.732812 0.590625 0.237500 0.287500
5 0.412500 0.434375 0.040625 0.040625
3 0.546875 0.876563 0.115625 0.115625
0 0.320312 0.595313 0.050000 0.040625
0 0.746875 0.809375 0.084375 0.084375
5 0.667188 0.185938 0.040625 0.043750
2 0.112500 0.607812 0.043750 0.040625
5 0.445312 0.365625 0.056250 0.043750
3 0.514844 0.774219 0.339062 0.339062
0 0.335938 0.230469 0.065625 0.070312
1 0.880469 0.614844 0.064062 0.060937
2 0.625781 0.342969 0.042188 0.042188
2 0.320312 0.158594 0.037500 0.060937
5 0.554688 0.216406 0.037500 0.035937
1 0.797656 0.272656 0.057813 0.070312