3 0.300781 0.217188 0.148438 0.143750
3 0.799219 0.552344 0.198437 0.179688
3 0.675781 0.673438 0.120313 0.190625
3 0.567187 0.876563 0.121875 0.121875
2 0.582812 0.292969 0.081250 0.098437
4 0.106250 0.368750 0.031250 0.031250
3 0.314844 0.501563 0.082812 0.075000
0 0.513281 0.725781 0.067187 0.048438
1 0.405469 0.703906 0.114062 0.114062
3 0.401562 0.714063 0.112500 0.112500
0 0.393750 0.869531 0.106250 0.104688
5 0.359375 0.289844 0.037500 0.035937
1 0.311719 0.358594 0.067187 0.060937
5 0.407813 0.921875 0.031250 0.031250
5 0.382031 0.357812 0.023438 0.031250
4 0.556250 0.727344 0.025000 0.026562
2 0.260937 0.538281 0.034375 0.029687
5 0.413281 0.443750 0.035937 0.031250
5 0.629687 0.175000 0.043750 0.043750
2 0.594531 0.269531 0.020313 0.023438
5 0.720313 0.539844 0.021875 0.029687
0 0.506250 0.456250 0.100000 0.109375
0 0.438281 0.422656 0.110937 0.110937
2 0.853906 0.661719 0.048438 0.039062
2 0.285156 0.178125 0.054688 0.046875
0 0.385156 0.817187 0.029687 0.031250
4 0.283594 0.179688 0.017188 0.018750
0 0.378906 0.602344 0.039062 0.042188
0 0.531250 0.565625 0.068750 0.062500
4 0.772656 0.808594 0.029687 0.032813
5 0.192969 0.722656 0.057813 0.039062
1 0.145313 0.324219 0.053125 0.048438
1 0.842187 0.306250 0.103125 0.093750
1 0.735156 0.214062 0.082812 0.090625
2 0.153125 0.671875 0.012500 0.012500
2 0.169531 0.541406 0.082812 0.079687
5 0.339844 0.803125 0.051562 0.056250
1 0.726562 0.178125 0.059375 0.037500
5 0.421094 0.361719 0.039062 0.032813
1 0.357031 0.546094 0.089063 0.082812
0 0.339062 0.697656 0.068750 0.070312
2 0.554688 0.892969 0.050000 0.054688
5 0.604688 0.648438 0.040625 0.034375
0 0.775781 0.438281 0.107813 0.101562
2 0.760156 0.260937 0.045312 0.043750
4 0.475000 0.562500 0.031250 0.031250
3 0.392969 0.511719 0.179688 0.398438
5 0.657031 0.510938 0.026562 0.031250
2 0.847656 0.746875 0.023438 0.025000
1 0.671094 0.715625 0.048438 0.053125
0 0.205469 0.757031 0.085938 0.079687
1 0.767188 0.407031 0.084375 0.070312
5 0.861719 0.538281 0.045312 0.054688
5 0.453125 0.470313 0.037500 0.034375
0 0.630469 0.506250 0.060937 0.059375
5 0.719531 0.481250 0.029687 0.028125
0 0.570312 0.726562 0.043750 0.040625
3 0.885938 0.650000 0.056250 0.056250
1 0.907031 0.551562 0.067187 0.056250
0 0.380469 0.096875 0.048438 0.043750
4 0.218750 0.534375 0.043750 0.034375
3 0.235937 0.248438 0.121875 0.121875
4 0.674219 0.372656 0.017188 0.023438
1 0.743750 0.832031 0.046875 0.067187
0 0.227344 0.460156 0.026562 0.020313
0 0.360938 0.199219 0.053125 0.048438
3 0.575000 0.701562 0.134375 0.134375
2 0.737500 0.291406 0.025000 0.020313
5 0.917188 0.592187 0.025000 0.028125
5 0.811719 0.682813 0.032813 0.040625
5 0.342969 0.297656 0.020313 0.032813
4 0.385937 0.539844 0.143750 0.154688
5 0.758594 0.748437 0.029687 0.031250
4 0.764062 0.519531 0.075000 0.064062
2 0.537500 0.336719 0.043750 0.048438
1 0.764844 0.636719 0.082812 0.095312
0 0.757812 0.678125 0.081250 0.081250
3 0.231250 0.409375 0.084375 0.084375
2 0.475781 0.536719 0.060937 0.051562
2 0.360156 0.441406 0.026562 0.020313
0 0.560156 0.709375 0.104688 0.106250
3 0.292187 0.222656 0.134375 0.101562
5 0.846875 0.505469 0.031250 0.045312
0 0.815625 0.403906 0.053125 0.048438
2 0.677344 0.521094 0.023438 0.017188
0 0.151562 0.541406 0.050000 0.048438
5 0.478906 0.489844 0.085938 0.073438
2 0.667188 0.448437 0.071875 0.046875
3 0.274219 0.483594 0.154688 0.154688
1 0.246094 0.408594 0.098437 0.098437
5 0.428125 0.108594 0.037500 0.045312
0 0.380469 0.674219 0.023438 0.023438
3 0.646875 0.318750 0.068750 0.068750
1 0.447656 0.185938 0.060937 0.068750
4 0.373437 0.872656 0.050000 0.051562
4 0.246094 0.434375 0.032813 0.031250
1 0.737500 0.532813 0.093750 0.071875
0 0.594531 0.626563 0.039062 0.037500
1 0.363281 0.835938 0.148438 0.153125
4 0.479687 0.750000 0.103125 0.125000
0 0.428906 0.153906 0.020313 0.023438
5 0.703125 0.188281 0.046875 0.042188
3 0.141406 0.663281 0.095312 0.095312
3 0.527344 0.633594 0.123438 0.089063
0 0.486719 0.507812 0.092188 0.109375
1 0.312500 0.205469 0.071875 0.060937
4 0.649219 0.450781 0.051562 0.054688
5 0.588281 0.421875 0.048438 0.037500
2 0.850000 0.367188 0.112500 0.090625
4 0.205469 0.311719 0.057813 0.054688
5 0.322656 0.511719 0.051562 0.051562
4 0.421094 0.692187 0.114062 0.128125
3 0.614844 0.878906 0.110937 0.104688
5 0.582812 0.542188 0.031250 0.028125
2 0.770312 0.323437 0.062500 0.059375
3 0.662500 0.810156 0.103125 0.092188
4 0.472656 0.673438 0.026562 0.031250
3 0.587500 0.532031 0.159375 0.185938
5 0.710156 0.227344 0.039062 0.035937
0 0.199219 0.263281 0.120313 0.110937
1 0.248438 0.635156 0.096875 0.089063
3 0.482031 0.453906 0.092188 0.092188
2 0.538281 0.787500 0.060937 0.065625
3 0.552344 0.785156 0.170313 0.114062
0 0.521875 0.087500 0.028125 0.025000
2 0.290625 0.427344 0.071875 0.064062
3 0.682031 0.322656 0.295312 0.267188
4 0.465625 0.559375 0.025000 0.031250
3 0.510156 0.832031 0.085938 0.085938
1 0.653906 0.250781 0.073438 0.076563
4 0.540625 0.776563 0.053125 0.046875
0 0.864844 0.610938 0.029687 0.028125
0 0.764844 0.794531 0.073438 0.070312
5 0.380469 0.134375 0.032813 0.034375
3 0.497656 0.850000 0.089063 0.078125
1 0.130469 0.535937 0.042188 0.046875
4 0.275781 0.320312 0.045312 0.037500
3 0.701562 0.682813 0.259375 0.221875
2 0.225781 0.274219 0.039062 0.039062
5 0.400781 0.106250 0.026562 0.037500
4 0.237500 0.218750 0.018750 0.025000
1 0.557031 0.571094 0.048438 0.057813
5 0.610938 0.849219 0.034375 0.032813
0 0.453125 0.728906 0.043750 0.048438
5 0.632031 0.703125 0.029687 0.028125
2 0.314063 0.771875 0.068750 0.059375
4 0.892969 0.372656 0.023438 0.017188