4 0.793750 0.398438 0.034375 0.037500
2 0.102344 0.626563 0.042188 0.040625
2 0.411719 0.197656 0.029687 0.029687
1 0.353906 0.893750 0.042188 0.037500
0 0.908594 0.612500 0.051562 0.050000
5 0.534375 0.505469 0.053125 0.039062
3 0.535937 0.822656 0.200000 0.198437
3 0.811719 0.602344 0.110937 0.110937
5 0.867188 0.650000 0.034375 0.034375
0 0.542188 0.205469 0.040625 0.054688
4 0.199219 0.684375 0.067187 0.068750
5 0.412500 0.551562 0.050000 0.046875
3 0.374219 0.438281 0.067187 0.067187
2 0.677344 0.733594 0.095312 0.057813
2 0.557031 0.822656 0.057813 0.054688
4 0.325781 0.177344 0.070312 0.064062
3 0.307031 0.386719 0.214062 0.185938
1 0.300000 0.581250 0.090625 0.087500
4 0.470313 0.491406 0.018750 0.020313
0 0.561719 0.164062 0.064062 0.062500
4 0.160938 0.726562 0.068750 0.081250
0 0.412500 0.277344 0.021875 0.017188
2 0.557813 0.209375 0.053125 0.053125
0 0.796875 0.296875 0.046875 0.040625
1 0.428125 0.192969 0.059375 0.073438
1 0.523438 0.560156 0.046875 0.060937
0 0.367188 0.371875 0.068750 0.053125
1 0.426563 0.711719 0.040625 0.035937
4 0.388281 0.270313 0.070312 0.078125
4 0.900000 0.353125 0.037500 0.043750
4 0.831250 0.640625 0.075000 0.053125
1 0.731250 0.674219 0.175000 0.148438
4 0.264844 0.404687 0.039062 0.028125
4 0.860156 0.269531 0.023438 0.020313
4 0.796875 0.730469 0.028125 0.026562
1 0.702344 0.641406 0.120313 0.079687
4 0.614844 0.817187 0.014063 0.012500
0 0.907031 0.475000 0.048438 0.034375
5 0.461719 0.526563 0.029687 0.031250
2 0.646094 0.199219 0.023438 0.020313
5 0.517188 0.304688 0.031250 0.034375
5 0.750781 0.745313 0.039062 0.037500
3 0.714063 0.689063 0.093750 0.093750
0 0.330469 0.202344 0.135937 0.132812
0 0.468750 0.297656 0.265625 0.267188
4 0.461719 0.619531 0.089063 0.098437
2 0.767188 0.306250 0.018750 0.025000
1 0.701562 0.485156 0.096875 0.085938
3 0.610156 0.282031 0.201563 0.151562
0 0.182031 0.439844 0.032813 0.029687
2 0.722656 0.825000 0.079687 0.065625
0 0.675781 0.212500 0.110937 0.121875