3 0.400000 0.688281 0.206250 0.229687
1 0.584375 0.194531 0.137500 0.114062
1 0.743750 0.407031 0.096875 0.148438
0 0.148438 0.561719 0.115625 0.101562
2 0.837500 0.442969 0.071875 0.070312
0 0.690625 0.725000 0.031250 0.031250
2 0.851562 0.396875 0.050000 0.040625
4 0.617969 0.902344 0.039062 0.039062
2 0.364844 0.901563 0.042188 0.046875
2 0.707031 0.687500 0.076563 0.075000
1 0.428906 0.834375 0.095312 0.081250
5 0.475781 0.143750 0.032813 0.040625
5 0.232031 0.344531 0.051562 0.048438
2 0.302344 0.448437 0.032813 0.028125
2 0.418750 0.508594 0.043750 0.042188
3 0.257812 0.701562 0.103125 0.103125
3 0.614844 0.350000 0.407813 0.318750
2 0.689063 0.747656 0.028125 0.026562
1 0.642969 0.114062 0.048438 0.062500
0 0.535937 0.521094 0.046875 0.039062
0 0.551562 0.112500 0.050000 0.043750
2 0.585938 0.171875 0.046875 0.043750
2 0.241406 0.303125 0.057813 0.031250
4 0.611719 0.529687 0.039062 0.050000
3 0.687500 0.369531 0.121875 0.117188
0 0.729688 0.544531 0.134375 0.123438
0 0.506250 0.899219 0.015625 0.010937
4 0.346875 0.584375 0.018750 0.018750
2 0.621094 0.342969 0.026562 0.032813
0 0.414844 0.833594 0.042188 0.045312
4 0.273438 0.225000 0.096875 0.106250
4 0.357812 0.488281 0.071875 0.067187
5 0.545312 0.816406 0.062500 0.076563
2 0.598437 0.424219 0.075000 0.076563
1 0.560156 0.191406 0.129688 0.098437
2 0.303906 0.236719 0.067187 0.057813
0 0.375781 0.700781 0.092188 0.104688
2 0.374219 0.311719 0.042188 0.039062
5 0.735156 0.203906 0.026562 0.026562
0 0.614062 0.787500 0.090625 0.081250
2 0.608594 0.681250 0.042188 0.037500
5 0.665625 0.507812 0.028125 0.028125
3 0.429688 0.612500 0.071875 0.071875
0 0.834375 0.744531 0.043750 0.042188
1 0.394531 0.803906 0.045312 0.051562
4 0.490625 0.668750 0.137500 0.131250
0 0.470313 0.390625 0.075000 0.087500
0 0.400000 0.193750 0.040625 0.043750
2 0.116406 0.501563 0.057813 0.059375
2 0.868750 0.434375 0.031250 0.028125
2 0.487500 0.692187 0.050000 0.065625
1 0.724219 0.478906 0.104688 0.114062
3 0.596094 0.261719 0.104688 0.104688
3 0.275781 0.787500 0.107813 0.106250
5 0.640625 0.701562 0.050000 0.043750
5 0.582031 0.139844 0.039062 0.042188
4 0.476562 0.153906 0.140625 0.154688
3 0.321094 0.236719 0.079687 0.079687
1 0.313281 0.190625 0.067187 0.084375
4 0.349219 0.107031 0.023438 0.020313
0 0.471875 0.753906 0.040625 0.039062
4 0.132031 0.383594 0.010937 0.014063
0 0.621875 0.404687 0.068750 0.071875
3 0.427344 0.439844 0.110937 0.110937
5 0.521875 0.919531 0.034375 0.032813
2 0.603906 0.413281 0.176563 0.185938
1 0.750000 0.508594 0.025000 0.029687
3 0.820312 0.693750 0.134375 0.134375
4 0.497656 0.580469 0.029687 0.017188
2 0.536719 0.628125 0.045312 0.037500
3 0.252344 0.407031 0.167187 0.220312
4 0.808594 0.391406 0.085938 0.079687
3 0.664062 0.279687 0.059375 0.059375