1 0.712500 0.392969 0.275000 0.273438
1 0.185938 0.697656 0.068750 0.079687
2 0.635156 0.534375 0.032813 0.021875
2 0.435156 0.460938 0.076563 0.062500
2 0.714063 0.785156 0.096875 0.098437
5 0.596875 0.499219 0.059375 0.057813
0 0.360156 0.624219 0.154688 0.129688
5 0.646875 0.686719 0.040625 0.042188
0 0.178906 0.670312 0.120313 0.121875
5 0.675000 0.457031 0.050000 0.045312
3 0.284375 0.307812 0.228125 0.150000
0 0.703125 0.578125 0.056250 0.043750
1 0.784375 0.228125 0.081250 0.081250
3 0.501563 0.137500 0.162500 0.128125
4 0.721875 0.370312 0.056250 0.053125
3 0.682813 0.253125 0.175000 0.175000
4 0.753125 0.694531 0.050000 0.051562
4 0.842187 0.737500 0.053125 0.056250
0 0.840625 0.374219 0.056250 0.048438
2 0.602344 0.352344 0.104688 0.101562
0 0.323437 0.146094 0.037500 0.042188
3 0.717969 0.506250 0.139063 0.128125
5 0.580469 0.367188 0.060937 0.050000
2 0.485156 0.646094 0.032813 0.045312
0 0.614844 0.354687 0.048438 0.040625
0 0.443750 0.446094 0.103125 0.085938
2 0.331250 0.609375 0.187500 0.240625
5 0.464844 0.360938 0.026562 0.031250
1 0.357812 0.764844 0.081250 0.076563
0 0.633594 0.385937 0.073438 0.093750
5 0.748437 0.310937 0.075000 0.062500
1 0.157031 0.377344 0.064062 0.076563
0 0.552344 0.275781 0.057813 0.060937
2 0.562500 0.400000 0.040625 0.037500
0 0.607812 0.289062 0.090625 0.075000
0 0.721094 0.325000 0.048438 0.046875
2 0.457813 0.227344 0.068750 0.067187
2 0.344531 0.603125 0.070312 0.087500
2 0.442188 0.723437 0.078125 0.093750
0 0.459375 0.567187 0.153125 0.153125
4 0.415625 0.239844 0.021875 0.023438
4 0.649219 0.275000 0.051562 0.062500
1 0.793750 0.684375 0.068750 0.081250
3 0.307031 0.600781 0.067187 0.067187
4 0.770312 0.402344 0.112500 0.095312
5 0.493750 0.313281 0.034375 0.029687
2 0.766406 0.567187 0.035937 0.040625
1 0.674219 0.332813 0.126562 0.128125
4 0.194531 0.452344 0.017188 0.017188
4 0.658594 0.752344 0.217188 0.217188
1 0.740625 0.201563 0.090625 0.087500
0 0.393750 0.239844 0.125000 0.110937
1 0.313281 0.246875 0.126562 0.112500
5 0.314844 0.288281 0.042188 0.039062
5 0.632031 0.491406 0.039062 0.039062
4 0.559375 0.822656 0.021875 0.017188
4 0.232813 0.710938 0.159375 0.171875
0 0.385156 0.305469 0.067187 0.067187
5 0.296094 0.410938 0.070312 0.065625
0 0.503125 0.710938 0.043750 0.037500
1 0.769531 0.257031 0.170313 0.167187
0 0.309375 0.282031 0.050000 0.048438
0 0.814844 0.538281 0.045312 0.035937
4 0.365625 0.739844 0.025000 0.023438
2 0.172656 0.439844 0.039062 0.039062
4 0.456250 0.861719 0.040625 0.029687
0 0.313281 0.213281 0.070312 0.070312
1 0.771094 0.460938 0.064062 0.087500
0 0.757031 0.278125 0.060937 0.056250
3 0.659375 0.223438 0.125000 0.125000
1 0.492969 0.409375 0.082812 0.081250
2 0.648438 0.378906 0.021875 0.023438
4 0.668750 0.867188 0.021875 0.018750
3 0.410938 0.167187 0.084375 0.084375
2 0.595313 0.234375 0.050000 0.050000
0 0.722656 0.634375 0.032813 0.031250
4 0.161719 0.236719 0.026562 0.029687
0 0.655469 0.825000 0.045312 0.037500
5 0.257031 0.459375 0.039062 0.034375
0 0.665625 0.485156 0.025000 0.020313
0 0.617969 0.353906 0.104688 0.098437
2 0.238281 0.575781 0.029687 0.029687
2 0.465625 0.213281 0.021875 0.029687
5 0.361719 0.799219 0.029687 0.029687
1 0.861719 0.682031 0.070312 0.064062
2 0.728906 0.368750 0.101562 0.078125
3 0.375781 0.507812 0.273438 0.453125
4 0.858594 0.312500 0.020313 0.021875
4 0.678125 0.534375 0.146875 0.162500
2 0.485156 0.227344 0.051562 0.045312
0 0.427344 0.534375 0.054688 0.050000
3 0.499219 0.233594 0.179688 0.195312
3 0.359375 0.332031 0.250000 0.310937
2 0.196875 0.467969 0.065625 0.073438
5 0.875000 0.646094 0.053125 0.054688
4 0.363281 0.318750 0.020313 0.018750
3 0.150781 0.549219 0.151562 0.151562
2 0.523438 0.247656 0.065625 0.048438
4 0.509375 0.467969 0.028125 0.026562
2 0.857812 0.460156 0.040625 0.035937
5 0.855469 0.678125 0.048438 0.043750
4 0.708594 0.421094 0.042188 0.054688
3 0.395313 0.182812 0.165625 0.156250
1 0.560156 0.474219 0.067187 0.073438
5 0.614844 0.124219 0.045312 0.051562
0 0.417969 0.545312 0.045312 0.046875
3 0.842969 0.364063 0.145313 0.125000
3 0.271094 0.286719 0.139063 0.139063
0 0.546875 0.465625 0.050000 0.043750
5 0.419531 0.213281 0.032813 0.032813
3 0.512500 0.205469 0.203125 0.217188
3 0.357812 0.715625 0.112500 0.087500
3 0.518750 0.424219 0.287500 0.285938
5 0.789062 0.534375 0.062500 0.050000
2 0.638281 0.667969 0.023438 0.026562
3 0.175781 0.522656 0.195312 0.195312
0 0.561719 0.357031 0.035937 0.026562
2 0.442969 0.462500 0.035937 0.037500
2 0.290625 0.582812 0.134375 0.112500
3 0.513281 0.821875 0.151562 0.125000
1 0.349219 0.458594 0.060937 0.064062
2 0.178906 0.428906 0.035937 0.039062
1 0.829688 0.580469 0.078125 0.076563
4 0.747656 0.255469 0.042188 0.032813
5 0.259375 0.446094 0.021875 0.020313
1 0.758594 0.500000 0.085938 0.087500
2 0.657813 0.792188 0.034375 0.028125
4 0.420312 0.121875 0.021875 0.021875
4 0.341406 0.745313 0.060937 0.078125
4 0.472656 0.564063 0.067187 0.053125
1 0.617188 0.566406 0.112500 0.129688
5 0.437500 0.868750 0.053125 0.043750