1 0.298438 0.431250 0.093750 0.071875
0 0.508594 0.721094 0.026562 0.026562
0 0.165625 0.329688 0.137500 0.121875
2 0.124219 0.650781 0.029687 0.026562
2 0.643750 0.731250 0.031250 0.034375
5 0.492188 0.674219 0.037500 0.032813
0 0.515625 0.160156 0.034375 0.029687
2 0.602344 0.922656 0.020313 0.032813
3 0.410156 0.116406 0.073438 0.073438
3 0.248438 0.487500 0.306250 0.343750
5 0.557813 0.336719 0.040625 0.039062
0 0.346875 0.807031 0.037500 0.035937
2 0.514844 0.718750 0.057813 0.059375
5 0.562500 0.757812 0.043750 0.046875
0 0.563281 0.169531 0.101562 0.079687
2 0.253125 0.167187 0.043750 0.037500
4 0.465625 0.438281 0.325000 0.317188
5 0.887500 0.444531 0.034375 0.045312
4 0.484375 0.881250 0.021875 0.021875
2 0.466406 0.660937 0.042188 0.040625
3 0.677344 0.312500 0.160938 0.262500
4 0.769531 0.708594 0.064062 0.076563
2 0.470313 0.618750 0.050000 0.059375
4 0.713281 0.593750 0.029687 0.031250
5 0.441406 0.827344 0.039062 0.039062
1 0.830469 0.696094 0.060937 0.098437
5 0.438281 0.573438 0.064062 0.068750
4 0.545312 0.439063 0.025000 0.025000
3 0.741406 0.775000 0.142187 0.153125
0 0.923438 0.503906 0.021875 0.020313
0 0.295312 0.833594 0.081250 0.054688
4 0.789844 0.590625 0.045312 0.059375
0 0.460938 0.455469 0.093750 0.085938
5 0.597656 0.785156 0.020313 0.020313
3 0.663281 0.512500 0.142187 0.115625
5 0.512500 0.535156 0.053125 0.057813
0 0.385156 0.874219 0.054688 0.035937
1 0.673438 0.469531 0.175000 0.142187
1 0.223438 0.707812 0.087500 0.087500
3 0.466406 0.340625 0.073438 0.075000
0 0.292187 0.778125 0.040625 0.040625
1 0.771094 0.694531 0.114062 0.098437
0 0.882031 0.459375 0.048438 0.056250
5 0.238281 0.732812 0.054688 0.034375
1 0.639844 0.677344 0.048438 0.048438
2 0.610156 0.232031 0.057813 0.070312
4 0.808594 0.755469 0.023438 0.020313
3 0.743750 0.368750 0.193750 0.240625
0 0.300781 0.153906 0.042188 0.048438
0 0.228125 0.525000 0.087500 0.081250
4 0.474219 0.139844 0.020313 0.029687
2 0.289844 0.690625 0.095312 0.075000
1 0.500000 0.284375 0.075000 0.093750
1 0.829688 0.506250 0.075000 0.078125
4 0.189844 0.385937 0.017188 0.018750
3 0.337500 0.246875 0.093750 0.093750
1 0.578906 0.221875 0.067187 0.062500
1 0.560156 0.764062 0.095312 0.093750
1 0.617188 0.531250 0.087500 0.096875
4 0.291406 0.827344 0.020313 0.020313
0 0.566406 0.521875 0.051562 0.053125
2 0.594531 0.232813 0.064062 0.065625
3 0.296875 0.687500 0.075000 0.115625
0 0.353906 0.727344 0.098437 0.098437
2 0.379688 0.860156 0.046875 0.051562
3 0.420312 0.258594 0.096875 0.142187
1 0.381250 0.333594 0.059375 0.095312
0 0.143750 0.660937 0.025000 0.025000
2 0.614062 0.622656 0.090625 0.145313
1 0.409375 0.716406 0.087500 0.085938
5 0.510938 0.821875 0.028125 0.021875
2 0.275781 0.248438 0.048438 0.043750
0 0.594531 0.646094 0.360938 0.360938
4 0.760156 0.434375 0.032813 0.031250
1 0.800000 0.690625 0.131250 0.100000
5 0.297656 0.339844 0.032813 0.035937
1 0.789062 0.460938 0.115625 0.150000
3 0.159375 0.365625 0.159375 0.159375
0 0.467187 0.746875 0.121875 0.106250
5 0.114844 0.395313 0.045312 0.037500
1 0.218750 0.693750 0.087500 0.087500
1 0.417969 0.373437 0.057813 0.084375
0 0.382031 0.675000 0.029687 0.025000
3 0.634375 0.367188 0.268750 0.178125
0 0.617188 0.474219 0.078125 0.057813
1 0.224219 0.271094 0.142187 0.095312
3 0.450781 0.535937 0.095312 0.125000
1 0.827344 0.665625 0.051562 0.065625
1 0.367969 0.385156 0.045312 0.039062
2 0.782031 0.521875 0.048438 0.053125
0 0.761719 0.779687 0.048438 0.046875
0 0.844531 0.571875 0.057813 0.050000
5 0.357031 0.697656 0.051562 0.064062
3 0.292187 0.726562 0.187500 0.162500
4 0.607031 0.171875 0.023438 0.025000
2 0.797656 0.600781 0.048438 0.048438
5 0.221875 0.784375 0.053125 0.059375
1 0.728906 0.539844 0.098437 0.117188
2 0.307812 0.255469 0.050000 0.051562
1 0.703906 0.664844 0.117188 0.107813
2 0.112500 0.564844 0.034375 0.023438
3 0.314844 0.267188 0.220312 0.234375
5 0.749219 0.199219 0.032813 0.032813
5 0.772656 0.228906 0.051562 0.051562
4 0.767188 0.728906 0.021875 0.023438
1 0.803906 0.631250 0.067187 0.081250
4 0.511719 0.093750 0.032813 0.040625
0 0.598437 0.236719 0.034375 0.035937
4 0.903125 0.588281 0.028125 0.026562
3 0.776563 0.625000 0.159375 0.159375
5 0.167187 0.760156 0.046875 0.045312
5 0.880469 0.487500 0.023438 0.015625
5 0.713281 0.412500 0.035937 0.040625
5 0.737500 0.217188 0.025000 0.028125
0 0.446875 0.437500 0.018750 0.018750
2 0.906250 0.612500 0.050000 0.043750