5 0.806250 0.791406 0.037500 0.054688
0 0.118750 0.682813 0.040625 0.040625
0 0.628906 0.406250 0.051562 0.046875
2 0.735156 0.378906 0.035937 0.048438
3 0.544531 0.732031 0.082812 0.082812
0 0.387500 0.525781 0.040625 0.039062
4 0.630469 0.596875 0.054688 0.065625
2 0.818750 0.596875 0.037500 0.056250
1 0.368750 0.285156 0.028125 0.026562
4 0.424219 0.879687 0.042188 0.053125
1 0.490625 0.422656 0.078125 0.104688
3 0.445312 0.223438 0.221875 0.206250
2 0.276562 0.745313 0.056250 0.059375
0 0.553906 0.293750 0.082812 0.087500
0 0.658594 0.248438 0.054688 0.037500
5 0.464062 0.644531 0.031250 0.026562
3 0.559375 0.257812 0.296875 0.218750
4 0.361719 0.182031 0.026562 0.032813
1 0.452344 0.570312 0.051562 0.050000
2 0.160156 0.610938 0.048438 0.050000
5 0.662500 0.270313 0.046875 0.046875
2 0.472656 0.719531 0.089063 0.064062
3 0.275781 0.775781 0.054688 0.054688
1 0.511719 0.814063 0.073438 0.068750
0 0.305469 0.457031 0.054688 0.051562
0 0.596094 0.783594 0.045312 0.042188
3 0.215625 0.719531 0.118750 0.145313
4 0.709375 0.185938 0.025000 0.028125
4 0.142187 0.477344 0.034375 0.029687
3 0.123438 0.406250 0.090625 0.090625
0 0.826562 0.455469 0.018750 0.020313
2 0.467187 0.089063 0.043750 0.034375
2 0.814063 0.648438 0.037500 0.050000
4 0.514062 0.114844 0.075000 0.073438
3 0.490625 0.324219 0.243750 0.298438
1 0.756250 0.755469 0.056250 0.045312
3 0.656250 0.222656 0.065625 0.089063
2 0.864062 0.527344 0.046875 0.051562
1 0.746875 0.800000 0.103125 0.087500
5 0.750000 0.733594 0.037500 0.029687
3 0.551562 0.671875 0.118750 0.118750
2 0.594531 0.907813 0.029687 0.025000
4 0.628125 0.480469 0.068750 0.070312
3 0.379688 0.551562 0.071875 0.071875
3 0.507031 0.194531 0.170313 0.198437
1 0.728906 0.535937 0.129688 0.150000
2 0.289844 0.161719 0.029687 0.029687
0 0.406250 0.278125 0.050000 0.037500
1 0.599219 0.594531 0.092188 0.067187
0 0.867188 0.509375 0.059375 0.043750
4 0.375781 0.385937 0.023438 0.031250
3 0.445312 0.595313 0.071875 0.071875
4 0.222656 0.297656 0.114062 0.095312
0 0.632031 0.410938 0.035937 0.043750
5 0.614062 0.281250 0.046875 0.034375
3 0.628906 0.257812 0.292187 0.228125
5 0.266406 0.202344 0.039062 0.035937
0 0.609375 0.481250 0.050000 0.050000
2 0.442188 0.532031 0.075000 0.060937
1 0.850000 0.604688 0.103125 0.096875
1 0.555469 0.846094 0.079687 0.073438
2 0.303906 0.841406 0.014063 0.014063
3 0.810156 0.439844 0.135937 0.135937
1 0.873437 0.527344 0.078125 0.070312
0 0.227344 0.825781 0.042188 0.039062
3 0.200000 0.429688 0.065625 0.065625
3 0.205469 0.346875 0.060937 0.062500
1 0.697656 0.320312 0.089063 0.087500
0 0.410156 0.621094 0.039062 0.032813
2 0.558594 0.352344 0.039062 0.039062
1 0.340625 0.432031 0.075000 0.070312
5 0.742969 0.264062 0.039062 0.034375
5 0.569531 0.141406 0.067187 0.070312
1 0.684375 0.739062 0.125000 0.109375
2 0.633594 0.346875 0.026562 0.025000
0 0.568750 0.699219 0.068750 0.064062
3 0.658594 0.456250 0.148438 0.193750
2 0.171875 0.470313 0.031250 0.037500
4 0.703906 0.685156 0.104688 0.092188
3 0.591406 0.642969 0.132812 0.114062
4 0.767188 0.360938 0.028125 0.031250
0 0.460938 0.242188 0.037500 0.037500
5 0.829688 0.736719 0.056250 0.060937
0 0.371094 0.575781 0.073438 0.060937
4 0.904687 0.446875 0.031250 0.025000
0 0.407031 0.731250 0.070312 0.071875
4 0.307031 0.680469 0.064062 0.064062
3 0.785156 0.341406 0.085938 0.085938
1 0.781250 0.267969 0.078125 0.064062
5 0.433594 0.092969 0.042188 0.042188
1 0.790625 0.765625 0.062500 0.059375
0 0.514844 0.818750 0.067187 0.068750
2 0.480469 0.173437 0.045312 0.037500
1 0.685937 0.675781 0.090625 0.085938
3 0.520312 0.536719 0.078125 0.079687
4 0.793750 0.694531 0.018750 0.017188
1 0.600000 0.504687 0.103125 0.084375
3 0.871094 0.472656 0.120313 0.120313
0 0.099219 0.601562 0.032813 0.062500
1 0.136719 0.642188 0.082812 0.103125
0 0.826562 0.370312 0.100000 0.100000
3 0.178906 0.385156 0.154688 0.154688
2 0.862500 0.636719 0.056250 0.060937
0 0.135156 0.663281 0.073438 0.082812
5 0.217188 0.235937 0.043750 0.043750
1 0.742969 0.369531 0.117188 0.117188
5 0.688281 0.720313 0.045312 0.046875