4 0.458594 0.578906 0.035937 0.032813
4 0.607031 0.316406 0.026562 0.029687
4 0.624219 0.402344 0.198437 0.179688
1 0.278125 0.206250 0.034375 0.037500
4 0.235937 0.370312 0.028125 0.034375
3 0.578125 0.335156 0.306250 0.223438
1 0.618750 0.135156 0.087500 0.095312
1 0.368750 0.458594 0.059375 0.048438
2 0.382031 0.584375 0.070312 0.075000
5 0.404687 0.725000 0.028125 0.028125
0 0.106250 0.473438 0.034375 0.037500
5 0.521875 0.362500 0.056250 0.056250
5 0.767188 0.435156 0.043750 0.039062
5 0.636719 0.666406 0.045312 0.045312
5 0.901563 0.479687 0.028125 0.034375
5 0.220312 0.273438 0.028125 0.034375
5 0.339844 0.129688 0.032813 0.037500
3 0.650781 0.389844 0.204687 0.160938
5 0.859375 0.483594 0.040625 0.035937
3 0.661719 0.465625 0.251563 0.253125
2 0.328906 0.728125 0.020313 0.025000
5 0.226562 0.690625 0.040625 0.040625
4 0.671094 0.282031 0.017188 0.017188
0 0.488281 0.315625 0.073438 0.081250
4 0.457813 0.522656 0.018750 0.020313
4 0.774219 0.322656 0.032813 0.026562
2 0.415625 0.773438 0.059375 0.053125
2 0.360938 0.540625 0.028125 0.028125
0 0.642188 0.520312 0.037500 0.034375
0 0.279687 0.628125 0.096875 0.087500
5 0.857031 0.365625 0.029687 0.028125
3 0.594531 0.458594 0.079687 0.079687
4 0.417969 0.568750 0.026562 0.028125
0 0.551562 0.781250 0.031250 0.028125
5 0.589844 0.114062 0.026562 0.050000
5 0.695312 0.753125 0.028125 0.037500
0 0.810156 0.264062 0.054688 0.043750
4 0.844531 0.257031 0.020313 0.020313
3 0.185156 0.385156 0.120313 0.120313
3 0.338281 0.478906 0.439063 0.426563
3 0.493750 0.439844 0.309375 0.248438
3 0.382031 0.397656 0.073438 0.073438
1 0.317188 0.328906 0.112500 0.135937
4 0.637500 0.339062 0.037500 0.031250
5 0.803125 0.307031 0.053125 0.048438
0 0.542969 0.775000 0.114062 0.096875
2 0.459375 0.180469 0.040625 0.060937
0 0.550781 0.535156 0.104688 0.089063
4 0.230469 0.617188 0.070312 0.078125
3 0.671094 0.689844 0.129688 0.129688
2 0.254688 0.438281 0.087500 0.095312
4 0.476562 0.864062 0.028125 0.031250
1 0.686719 0.233594 0.095312 0.095312
3 0.389062 0.485938 0.412500 0.403125
1 0.790625 0.752344 0.053125 0.089063
2 0.332813 0.135937 0.031250 0.037500
1 0.697656 0.446875 0.048438 0.059375
3 0.338281 0.392969 0.126562 0.126562
3 0.197656 0.691406 0.129688 0.129688
4 0.301563 0.308594 0.034375 0.048438
2 0.558594 0.900000 0.035937 0.037500
4 0.493750 0.262500 0.096875 0.109375
5 0.158594 0.560156 0.026562 0.026562
3 0.245312 0.342187 0.146875 0.146875
5 0.618750 0.355469 0.043750 0.042188
1 0.854688 0.322656 0.062500 0.042188
2 0.482812 0.300000 0.062500 0.053125
5 0.706250 0.788281 0.021875 0.017188
3 0.319531 0.462500 0.451562 0.275000
5 0.736719 0.568750 0.035937 0.031250
4 0.463281 0.364844 0.057813 0.051562
3 0.418750 0.333594 0.318750 0.354687
2 0.617969 0.880469 0.029687 0.035937
4 0.518750 0.301563 0.021875 0.018750
3 0.337500 0.510938 0.071875 0.071875
3 0.111719 0.497656 0.117188 0.117188
3 0.407813 0.605469 0.137500 0.176563
5 0.498437 0.654687 0.034375 0.031250
4 0.329688 0.357812 0.118750 0.121875
5 0.680469 0.234375 0.067187 0.040625
2 0.293750 0.621875 0.071875 0.075000
4 0.275781 0.550000 0.023438 0.021875
1 0.667188 0.174219 0.081250 0.076563
4 0.469531 0.200781 0.142187 0.189062
2 0.635156 0.775000 0.020313 0.021875
3 0.275000 0.598437 0.290625 0.396875
1 0.387500 0.594531 0.081250 0.117188
1 0.672656 0.510156 0.095312 0.101562
3 0.797656 0.680469 0.129688 0.129688
2 0.725781 0.418750 0.020313 0.025000
1 0.268750 0.210938 0.084375 0.053125
5 0.850000 0.679688 0.046875 0.037500
4 0.789062 0.481250 0.081250 0.071875
5 0.393750 0.504687 0.050000 0.050000
3 0.189844 0.591406 0.129688 0.129688