1 0.321875 0.164062 0.096875 0.087500
3 0.392969 0.386719 0.145313 0.145313
0 0.484375 0.421875 0.075000 0.062500
1 0.417187 0.854688 0.121875 0.137500
4 0.353125 0.675781 0.025000 0.023438
5 0.311719 0.200781 0.045312 0.048438
0 0.619531 0.346094 0.098437 0.107813
3 0.771875 0.557813 0.096875 0.131250
3 0.367188 0.485156 0.162500 0.123438
5 0.364063 0.402344 0.028125 0.029687
0 0.369531 0.578125 0.082812 0.090625
5 0.866406 0.604688 0.026562 0.037500
0 0.425781 0.839844 0.064062 0.054688
2 0.178906 0.701562 0.029687 0.025000
4 0.524219 0.340625 0.020313 0.031250
3 0.595313 0.293750 0.078125 0.121875
1 0.442969 0.664062 0.054688 0.056250
2 0.396875 0.250781 0.075000 0.067187
0 0.792188 0.759375 0.056250 0.053125
0 0.612500 0.817969 0.059375 0.054688
0 0.497656 0.689063 0.064062 0.068750
0 0.165625 0.363281 0.128125 0.157812
3 0.546094 0.241406 0.107813 0.107813
1 0.444531 0.507812 0.104688 0.103125
3 0.258594 0.577344 0.076563 0.076563
2 0.266406 0.678125 0.020313 0.025000
0 0.563281 0.906250 0.076563 0.065625
1 0.571094 0.630469 0.092188 0.085938
4 0.254688 0.699219 0.028125 0.035937
1 0.665625 0.421094 0.071875 0.067187
3 0.504687 0.531250 0.315625 0.471875
4 0.430469 0.317188 0.023438 0.031250
5 0.560937 0.302344 0.046875 0.045312
0 0.110156 0.576562 0.039062 0.059375
0 0.861719 0.477344 0.032813 0.029687
0 0.389062 0.372656 0.071875 0.057813
4 0.406250 0.364844 0.065625 0.064062
1 0.781250 0.622656 0.090625 0.104688
2 0.810937 0.299219 0.093750 0.067187
5 0.527344 0.869531 0.029687 0.039062
2 0.640625 0.663281 0.056250 0.064062
0 0.487500 0.098437 0.043750 0.040625
5 0.568750 0.821875 0.031250 0.028125
1 0.836719 0.564063 0.101562 0.118750
5 0.846094 0.390625 0.057813 0.053125
2 0.452344 0.835156 0.057813 0.039062
4 0.896875 0.406250 0.056250 0.053125
2 0.196875 0.521875 0.025000 0.025000
4 0.413281 0.854688 0.020313 0.037500
0 0.782031 0.332813 0.098437 0.090625
5 0.391406 0.263281 0.070312 0.070312
1 0.318750 0.542188 0.112500 0.096875
4 0.792969 0.812500 0.017188 0.015625
3 0.570312 0.746875 0.146875 0.200000
3 0.653906 0.702344 0.160938 0.126562
1 0.326562 0.606250 0.090625 0.084375
3 0.490625 0.176563 0.250000 0.140625
1 0.758594 0.467187 0.076563 0.068750
2 0.502344 0.215625 0.135937 0.175000
3 0.621094 0.371094 0.289062 0.251563
2 0.722656 0.484375 0.039062 0.040625
4 0.625781 0.633594 0.035937 0.032813
0 0.430469 0.785937 0.042188 0.046875
4 0.720313 0.705469 0.021875 0.026562
0 0.741406 0.303906 0.032813 0.029687
1 0.521094 0.441406 0.095312 0.073438
0 0.210938 0.547656 0.053125 0.048438
3 0.703125 0.406250 0.093750 0.093750
5 0.432031 0.667969 0.042188 0.045312
5 0.585938 0.459375 0.025000 0.025000
5 0.313281 0.764062 0.051562 0.053125
1 0.452344 0.229687 0.082812 0.071875
0 0.673438 0.295312 0.050000 0.046875
2 0.404687 0.699219 0.028125 0.026562
5 0.243750 0.267969 0.075000 0.048438
3 0.494531 0.827344 0.145313 0.145313
5 0.516406 0.786719 0.057813 0.064062
5 0.747656 0.282031 0.042188 0.048438
2 0.620313 0.240625 0.078125 0.078125
4 0.773438 0.789844 0.059375 0.051562
0 0.671875 0.446875 0.115625 0.100000
1 0.267969 0.316406 0.042188 0.035937
3 0.557031 0.530469 0.089063 0.089063
0 0.426563 0.481250 0.037500 0.034375
0 0.514844 0.308594 0.039062 0.035937
2 0.775000 0.538281 0.084375 0.079687
0 0.551562 0.864844 0.065625 0.064062
5 0.378906 0.757812 0.045312 0.068750
3 0.194531 0.274219 0.085938 0.085938
0 0.478906 0.475000 0.014063 0.012500
0 0.125781 0.610156 0.082812 0.076563
3 0.577344 0.667969 0.229687 0.229687
1 0.568750 0.099219 0.071875 0.076563
0 0.480469 0.185156 0.042188 0.032813
1 0.551562 0.863281 0.112500 0.089063
2 0.371094 0.760156 0.107813 0.114062
4 0.907031 0.490625 0.020313 0.025000
5 0.207813 0.249219 0.043750 0.054688
2 0.677344 0.671094 0.042188 0.042188
1 0.820312 0.564844 0.046875 0.042188
0 0.855469 0.735938 0.035937 0.034375
1 0.312500 0.647656 0.153125 0.139063
1 0.706250 0.432812 0.037500 0.034375
5 0.585156 0.800000 0.045312 0.034375