4 0.742188 0.463281 0.040625 0.039062
0 0.750781 0.501563 0.098437 0.071875
0 0.612500 0.121875 0.025000 0.021875
3 0.267969 0.447656 0.179688 0.198437
1 0.346875 0.682813 0.087500 0.103125
4 0.428906 0.669531 0.023438 0.026562
5 0.164062 0.692187 0.031250 0.031250
4 0.500781 0.128125 0.032813 0.040625
3 0.468750 0.635156 0.215625 0.235937
2 0.419531 0.617188 0.082812 0.134375
4 0.420312 0.358594 0.100000 0.098437
4 0.743750 0.237500 0.025000 0.025000
1 0.610938 0.795312 0.084375 0.078125
2 0.728906 0.157812 0.048438 0.050000
5 0.542188 0.653125 0.034375 0.034375
2 0.388281 0.104688 0.073438 0.059375
1 0.417969 0.842969 0.110937 0.076563
0 0.628906 0.450781 0.104688 0.089063
5 0.501563 0.771094 0.037500 0.035937
2 0.714844 0.431250 0.035937 0.031250
2 0.153906 0.347656 0.042188 0.039062
1 0.878906 0.375781 0.057813 0.101562
4 0.229687 0.185938 0.046875 0.046875
5 0.234375 0.507031 0.078125 0.045312
2 0.389062 0.374219 0.040625 0.032813
0 0.192188 0.728906 0.053125 0.045312
5 0.198437 0.198437 0.031250 0.031250
0 0.493750 0.242188 0.031250 0.031250
3 0.461719 0.533594 0.089063 0.089063
1 0.649219 0.869531 0.095312 0.104688
4 0.524219 0.701562 0.026562 0.021875
5 0.869531 0.576562 0.032813 0.034375
4 0.707812 0.127344 0.028125 0.029687
3 0.560937 0.648438 0.256250 0.350000
5 0.823438 0.217969 0.034375 0.032813
5 0.568750 0.545312 0.031250 0.034375
5 0.862500 0.361719 0.028125 0.026562
5 0.639844 0.414844 0.029687 0.026562
5 0.313281 0.878125 0.026562 0.025000
0 0.328125 0.496094 0.100000 0.107813
0 0.636719 0.596094 0.054688 0.048438
4 0.317969 0.510156 0.023438 0.020313
4 0.521875 0.478125 0.043750 0.040625
2 0.549219 0.377344 0.042188 0.042188
2 0.397656 0.491406 0.023438 0.026562
1 0.422656 0.240625 0.054688 0.106250
2 0.171094 0.483594 0.035937 0.035937
1 0.223438 0.660937 0.059375 0.059375
2 0.342187 0.704688 0.156250 0.150000
2 0.208594 0.310937 0.048438 0.053125
0 0.545312 0.743750 0.034375 0.031250
0 0.246094 0.610156 0.039062 0.042188
0 0.578906 0.630469 0.051562 0.039062
5 0.290625 0.700781 0.040625 0.067187
3 0.302344 0.550781 0.254688 0.254688
2 0.727344 0.305469 0.032813 0.032813
4 0.067969 0.472656 0.023438 0.023438
2 0.407813 0.618750 0.043750 0.043750
2 0.549219 0.701562 0.223438 0.184375
4 0.682813 0.407813 0.075000 0.050000
0 0.508594 0.617188 0.060937 0.059375
1 0.771875 0.185156 0.043750 0.042188
0 0.580469 0.770312 0.054688 0.053125
5 0.685156 0.551562 0.051562 0.053125
1 0.733594 0.242188 0.064062 0.059375
0 0.236719 0.449219 0.035937 0.029687
4 0.882031 0.556250 0.039062 0.034375
2 0.725000 0.785937 0.034375 0.034375
3 0.556250 0.454688 0.071875 0.078125
0 0.789844 0.451562 0.048438 0.046875
5 0.272656 0.488281 0.035937 0.029687
4 0.517188 0.407031 0.078125 0.070312
5 0.229687 0.516406 0.034375 0.032813
5 0.537500 0.464844 0.037500 0.039062
4 0.258594 0.678125 0.023438 0.018750
5 0.423438 0.901563 0.031250 0.037500
2 0.741406 0.463281 0.057813 0.057813
5 0.469531 0.608594 0.051562 0.045312
5 0.366406 0.095312 0.039062 0.046875
3 0.499219 0.319531 0.248438 0.304688