4 0.259375 0.343750 0.037500 0.037500
4 0.650781 0.586719 0.139063 0.145313
3 0.736719 0.667188 0.123438 0.125000
2 0.476562 0.256250 0.071875 0.071875
3 0.297656 0.807031 0.054688 0.101562
3 0.650781 0.424219 0.304688 0.289062
0 0.283594 0.458594 0.073438 0.073438
2 0.732031 0.154688 0.023438 0.043750
4 0.816406 0.672656 0.107813 0.089063
4 0.399219 0.556250 0.017188 0.015625
5 0.392188 0.344531 0.043750 0.057813
1 0.748437 0.462500 0.043750 0.040625
4 0.809375 0.778906 0.018750 0.017188
0 0.584375 0.541406 0.046875 0.045312
2 0.807813 0.292969 0.075000 0.104688
5 0.564844 0.328125 0.054688 0.043750
4 0.615625 0.767969 0.028125 0.045312
3 0.792188 0.476562 0.096875 0.096875
3 0.610156 0.796094 0.151562 0.126562
1 0.419531 0.471875 0.029687 0.062500
2 0.720313 0.226562 0.103125 0.125000
1 0.684375 0.276562 0.131250 0.121875
0 0.588281 0.753906 0.035937 0.032813
4 0.603125 0.657813 0.112500 0.109375
3 0.164062 0.554688 0.168750 0.168750
5 0.507812 0.585938 0.053125 0.046875
4 0.364844 0.489063 0.070312 0.071875
2 0.213281 0.307812 0.014063 0.021875
2 0.464844 0.392188 0.035937 0.034375
2 0.355469 0.714844 0.098437 0.117188
4 0.170313 0.397656 0.031250 0.035937
2 0.512500 0.487500 0.046875 0.056250
3 0.733594 0.255469 0.095312 0.095312
5 0.466406 0.391406 0.042188 0.039062
3 0.327344 0.170313 0.092188 0.093750
0 0.437500 0.230469 0.121875 0.107813
0 0.096875 0.382812 0.034375 0.040625
3 0.533594 0.399219 0.142187 0.142187
0 0.799219 0.695312 0.064062 0.065625
5 0.111719 0.424219 0.029687 0.032813
3 0.188281 0.422656 0.123438 0.123438
5 0.503906 0.741406 0.057813 0.039062
2 0.181250 0.303906 0.028125 0.029687
5 0.156250 0.559375 0.046875 0.040625
5 0.270313 0.758594 0.031250 0.029687
1 0.534375 0.732031 0.062500 0.060937
4 0.451562 0.818750 0.075000 0.031250
0 0.560156 0.331250 0.023438 0.018750
5 0.712500 0.192188 0.056250 0.050000
1 0.392188 0.702344 0.071875 0.073438
3 0.497656 0.519531 0.110937 0.110937
3 0.543750 0.651563 0.096875 0.096875
3 0.222656 0.446875 0.273438 0.225000
4 0.739844 0.208594 0.023438 0.026562
4 0.561719 0.330469 0.182812 0.120313
4 0.142969 0.687500 0.017188 0.015625
5 0.242969 0.400000 0.048438 0.046875
5 0.717187 0.420312 0.040625 0.040625
3 0.702344 0.522656 0.232813 0.242188
4 0.251563 0.507031 0.068750 0.092188
2 0.557813 0.335156 0.153125 0.201563
1 0.754687 0.738281 0.081250 0.054688
3 0.742969 0.589844 0.123438 0.123438
2 0.585156 0.588281 0.026562 0.029687
2 0.797656 0.592187 0.048438 0.046875
5 0.387500 0.806250 0.034375 0.034375