1 0.778906 0.382031 0.201563 0.176563
5 0.627344 0.864062 0.023438 0.025000
3 0.874219 0.535156 0.070312 0.070312
0 0.653125 0.347656 0.087500 0.079687
5 0.433594 0.326562 0.039062 0.034375
3 0.544531 0.744531 0.129688 0.129688
0 0.496094 0.278906 0.026562 0.026562
3 0.567187 0.704688 0.134375 0.134375
1 0.585938 0.830469 0.131250 0.142187
3 0.489063 0.532813 0.200000 0.443750
0 0.706250 0.353125 0.056250 0.053125
2 0.581250 0.684375 0.265625 0.237500
1 0.739844 0.496875 0.057813 0.068750
3 0.385937 0.582812 0.396875 0.387500
5 0.350000 0.523438 0.078125 0.078125
1 0.385156 0.711719 0.089063 0.104688
0 0.782813 0.416406 0.025000 0.020313
5 0.602344 0.564063 0.067187 0.050000
0 0.716406 0.269531 0.064062 0.060937
3 0.842969 0.635156 0.142187 0.142187
2 0.448437 0.745313 0.050000 0.050000
1 0.703906 0.691406 0.064062 0.054688
1 0.774219 0.739844 0.039062 0.064062
3 0.362500 0.637500 0.393750 0.421875
1 0.325000 0.541406 0.115625 0.110937
3 0.234375 0.487500 0.090625 0.090625
1 0.301563 0.318750 0.040625 0.106250
1 0.564844 0.782813 0.095312 0.081250
2 0.266406 0.764062 0.039062 0.040625
1 0.664844 0.310156 0.092188 0.082812
5 0.178906 0.622656 0.026562 0.032813
4 0.650781 0.347656 0.242188 0.232813
5 0.575781 0.172656 0.057813 0.064062
5 0.881250 0.525000 0.040625 0.040625
3 0.612500 0.505469 0.087500 0.085938
2 0.462500 0.594531 0.068750 0.057813
5 0.864062 0.428906 0.050000 0.045312
3 0.242188 0.634375 0.081250 0.081250
3 0.287500 0.745313 0.162500 0.193750
3 0.442188 0.786719 0.190625 0.251563
1 0.135156 0.562500 0.051562 0.034375
1 0.669531 0.192969 0.051562 0.051562
5 0.678125 0.157812 0.037500 0.053125
4 0.154688 0.683594 0.021875 0.020313
5 0.698438 0.305469 0.087500 0.076563
4 0.100781 0.575000 0.032813 0.034375
0 0.501563 0.330469 0.043750 0.039062
3 0.189844 0.738281 0.095312 0.051562
5 0.530469 0.472656 0.029687 0.042188
5 0.445312 0.539844 0.028125 0.026562
2 0.606250 0.678125 0.043750 0.043750
4 0.695312 0.627344 0.068750 0.076563
2 0.568750 0.220312 0.190625 0.253125
1 0.579688 0.713281 0.081250 0.076563
2 0.557031 0.139063 0.060937 0.046875
4 0.566406 0.843750 0.032813 0.021875
4 0.492188 0.414844 0.056250 0.067187
3 0.655469 0.369531 0.251563 0.189062
0 0.782813 0.764844 0.040625 0.039062
0 0.683594 0.630469 0.042188 0.039062
4 0.292969 0.825000 0.042188 0.046875
1 0.346094 0.425000 0.054688 0.050000
2 0.534375 0.871094 0.078125 0.095312
2 0.573438 0.925781 0.034375 0.032813
1 0.567187 0.174219 0.053125 0.048438
0 0.188281 0.554688 0.048438 0.043750
3 0.427344 0.732031 0.317188 0.201563
1 0.528125 0.571094 0.162500 0.117188
3 0.342969 0.649219 0.085938 0.089063
3 0.250781 0.346094 0.098437 0.114062
4 0.349219 0.693750 0.020313 0.018750
4 0.716406 0.807031 0.095312 0.082812
3 0.432812 0.470313 0.071875 0.071875
4 0.489063 0.519531 0.025000 0.032813
2 0.624219 0.250781 0.220312 0.229687
5 0.512500 0.171875 0.025000 0.025000
2 0.131250 0.533594 0.050000 0.054688
3 0.813281 0.380469 0.092188 0.120313