5 0.796094 0.509375 0.079687 0.087500
5 0.644531 0.602344 0.054688 0.051562
2 0.275000 0.664062 0.053125 0.053125
0 0.587500 0.241406 0.046875 0.048438
0 0.324219 0.667188 0.029687 0.028125
0 0.806250 0.600000 0.034375 0.056250
2 0.750781 0.314063 0.060937 0.075000
4 0.380469 0.140625 0.026562 0.037500
0 0.853906 0.635938 0.110937 0.103125
1 0.651563 0.557813 0.193750 0.187500
3 0.442188 0.778906 0.109375 0.120313
1 0.630469 0.320312 0.139063 0.081250
0 0.378125 0.871094 0.053125 0.051562
3 0.114844 0.582031 0.070312 0.092188
5 0.432812 0.309375 0.034375 0.034375
0 0.474219 0.182031 0.048438 0.051562
0 0.440625 0.578125 0.068750 0.071875
0 0.634375 0.598437 0.056250 0.053125
5 0.876563 0.477344 0.078125 0.076563
5 0.476562 0.791406 0.043750 0.032813
0 0.213281 0.687500 0.051562 0.046875
0 0.581250 0.600781 0.109375 0.101562
2 0.297656 0.290625 0.035937 0.037500
2 0.631250 0.207813 0.034375 0.034375
0 0.506250 0.604688 0.096875 0.090625
1 0.235937 0.428125 0.215625 0.159375
0 0.675781 0.464062 0.051562 0.040625
4 0.744531 0.260156 0.032813 0.029687
4 0.564844 0.768750 0.026562 0.031250
0 0.568750 0.904687 0.028125 0.025000
5 0.410156 0.201563 0.045312 0.046875
5 0.625000 0.361719 0.046875 0.060937
2 0.343750 0.701562 0.059375 0.046875
3 0.202344 0.562500 0.289062 0.234375
4 0.906250 0.515625 0.028125 0.034375
3 0.339844 0.449219 0.142187 0.142187
0 0.786719 0.535156 0.045312 0.042188
4 0.371094 0.203906 0.042188 0.051562
0 0.532813 0.261719 0.065625 0.057813
3 0.629687 0.278125 0.159375 0.143750
2 0.428125 0.560156 0.031250 0.026562
3 0.342969 0.622656 0.076563 0.076563
3 0.536719 0.908594 0.032813 0.032813
5 0.813281 0.693750 0.045312 0.050000
1 0.564063 0.225781 0.121875 0.123438
5 0.602344 0.257031 0.029687 0.029687
1 0.653125 0.141406 0.050000 0.070312
5 0.769531 0.772656 0.039062 0.042188
5 0.717969 0.677344 0.042188 0.039062
0 0.105469 0.382812 0.060937 0.050000
4 0.597656 0.754687 0.020313 0.021875
0 0.700000 0.825000 0.084375 0.090625
0 0.496875 0.820312 0.065625 0.059375
0 0.175000 0.346875 0.065625 0.056250
1 0.738281 0.304688 0.145313 0.171875