4 0.124219 0.485938 0.029687 0.037500
5 0.299219 0.386719 0.032813 0.051562
1 0.272656 0.464844 0.129688 0.148438
0 0.646875 0.699219 0.118750 0.120313
4 0.843750 0.425781 0.021875 0.014063
0 0.526563 0.390625 0.021875 0.015625
5 0.540625 0.331250 0.053125 0.053125
3 0.457031 0.697656 0.098437 0.098437
4 0.321094 0.335156 0.064062 0.067187
5 0.339062 0.520312 0.050000 0.050000
3 0.250000 0.362500 0.187500 0.150000
0 0.357031 0.722656 0.064062 0.064062
2 0.345313 0.405469 0.068750 0.073438
0 0.591406 0.278125 0.082812 0.078125
0 0.696094 0.702344 0.114062 0.101562
4 0.656250 0.739062 0.018750 0.021875
3 0.285156 0.222656 0.085938 0.085938
4 0.489063 0.179688 0.031250 0.040625
1 0.738281 0.425000 0.110937 0.118750
3 0.475781 0.641406 0.076563 0.076563
3 0.717969 0.530469 0.123438 0.176563
2 0.707812 0.173437 0.046875 0.040625
4 0.543750 0.510156 0.112500 0.095312
1 0.480469 0.770312 0.101562 0.090625
4 0.298438 0.306250 0.021875 0.021875
4 0.604688 0.548438 0.018750 0.018750
4 0.558594 0.175781 0.023438 0.017188
5 0.243750 0.378125 0.025000 0.025000
2 0.646094 0.394531 0.026562 0.026562
4 0.791406 0.471875 0.010937 0.012500
5 0.259375 0.223438 0.056250 0.056250
3 0.115625 0.464062 0.112500 0.112500
4 0.508594 0.806250 0.057813 0.050000
0 0.824219 0.457031 0.042188 0.039062
0 0.237500 0.780469 0.043750 0.051562
3 0.755469 0.653906 0.123438 0.123438
1 0.561719 0.174219 0.085938 0.076563
3 0.448437 0.196094 0.053125 0.067187
2 0.367188 0.527344 0.046875 0.042188
3 0.375000 0.784375 0.087500 0.087500
1 0.571094 0.609375 0.054688 0.053125
3 0.199219 0.524219 0.073438 0.073438
5 0.860156 0.696094 0.032813 0.035937
1 0.600000 0.625781 0.087500 0.060937
5 0.237500 0.711719 0.037500 0.035937
1 0.578906 0.550000 0.095312 0.100000
5 0.417187 0.157812 0.071875 0.078125
1 0.842187 0.568750 0.115625 0.134375
2 0.767969 0.346094 0.035937 0.039062
3 0.849219 0.338281 0.107813 0.107813
1 0.296875 0.474219 0.084375 0.079687
4 0.730469 0.775000 0.060937 0.062500
5 0.457031 0.306250 0.045312 0.043750
0 0.812500 0.698438 0.031250 0.037500
0 0.485938 0.671094 0.075000 0.060937
2 0.238281 0.200000 0.101562 0.081250
0 0.235156 0.581250 0.114062 0.109375
4 0.662500 0.257031 0.018750 0.017188
1 0.201563 0.661719 0.046875 0.054688
3 0.494531 0.604688 0.251563 0.281250
0 0.816406 0.734375 0.054688 0.062500
5 0.382812 0.536719 0.034375 0.035937
5 0.564844 0.563281 0.020313 0.020313
1 0.527344 0.458594 0.051562 0.051562
3 0.196094 0.435156 0.126562 0.126562
5 0.461719 0.336719 0.032813 0.032813
3 0.560937 0.498437 0.131250 0.131250