4 0.289062 0.144531 0.028125 0.029687
3 0.621875 0.815625 0.065625 0.065625
5 0.155469 0.560156 0.029687 0.029687
2 0.893750 0.356250 0.043750 0.040625
2 0.188281 0.210156 0.035937 0.035937
1 0.425000 0.599219 0.090625 0.104688
2 0.789062 0.761719 0.015625 0.026562
3 0.592969 0.244531 0.154688 0.154688
0 0.373437 0.469531 0.071875 0.070312
0 0.640625 0.264062 0.171875 0.175000
5 0.807031 0.799219 0.039062 0.035937
1 0.625781 0.735938 0.167187 0.134375
4 0.660156 0.803906 0.117188 0.123438
3 0.489844 0.478906 0.339062 0.339062
4 0.669531 0.883594 0.023438 0.020313
1 0.562500 0.779687 0.068750 0.062500
4 0.352344 0.704688 0.045312 0.037500
0 0.783594 0.239844 0.073438 0.082812
4 0.908594 0.370312 0.032813 0.031250
2 0.451562 0.903906 0.025000 0.017188
0 0.687500 0.199219 0.112500 0.095312
5 0.789844 0.343750 0.029687 0.031250
1 0.461719 0.728906 0.173437 0.164062
4 0.150781 0.523438 0.104688 0.112500
5 0.250000 0.170313 0.018750 0.031250
4 0.378125 0.174219 0.043750 0.067187
2 0.250781 0.746094 0.135937 0.123438
0 0.260156 0.839844 0.060937 0.054688
1 0.784375 0.746094 0.084375 0.076563
3 0.679688 0.711719 0.209375 0.142187
3 0.694531 0.653906 0.110937 0.110937
1 0.852344 0.663281 0.051562 0.054688
4 0.903125 0.560937 0.081250 0.084375
0 0.699219 0.650781 0.045312 0.045312
2 0.840625 0.345313 0.037500 0.034375
3 0.451562 0.424219 0.137500 0.179688
5 0.700000 0.217188 0.040625 0.037500
4 0.376563 0.154688 0.106250 0.106250
4 0.344531 0.185938 0.023438 0.021875
4 0.412500 0.383594 0.121875 0.120313
2 0.196094 0.449219 0.104688 0.085938
2 0.459375 0.464062 0.040625 0.034375
4 0.473438 0.475781 0.031250 0.026562
2 0.592187 0.629687 0.225000 0.143750
1 0.794531 0.319531 0.042188 0.035937
4 0.675781 0.761719 0.135937 0.107813
0 0.678125 0.753125 0.087500 0.065625
5 0.800781 0.627344 0.026562 0.026562
2 0.142187 0.393750 0.037500 0.040625
2 0.807813 0.392188 0.046875 0.031250
3 0.167187 0.642188 0.103125 0.103125
0 0.353906 0.544531 0.026562 0.023438
4 0.853125 0.656250 0.012500 0.012500
0 0.905469 0.503125 0.076563 0.068750
1 0.432812 0.794531 0.084375 0.073438
5 0.328906 0.664062 0.029687 0.028125
5 0.439063 0.552344 0.050000 0.045312
1 0.426563 0.349219 0.125000 0.092188
1 0.565625 0.264062 0.084375 0.068750
3 0.573438 0.564844 0.206250 0.207813
2 0.722656 0.392188 0.029687 0.037500
5 0.260937 0.631250 0.053125 0.071875
3 0.114844 0.555469 0.107813 0.107813
0 0.279687 0.475000 0.287500 0.287500
2 0.410156 0.668750 0.076563 0.087500
2 0.623437 0.241406 0.212500 0.201563
3 0.896875 0.552344 0.078125 0.079687
3 0.746875 0.637500 0.084375 0.084375
0 0.540625 0.267188 0.046875 0.046875
3 0.275000 0.360156 0.296875 0.307812
2 0.161719 0.391406 0.067187 0.051562
0 0.354687 0.847656 0.021875 0.014063
5 0.785156 0.567969 0.039062 0.042188
3 0.758594 0.637500 0.279687 0.218750
4 0.172656 0.503906 0.035937 0.045312
2 0.516406 0.717969 0.060937 0.067187
3 0.707812 0.553125 0.203125 0.153125
4 0.827344 0.430469 0.035937 0.020313
4 0.823438 0.457813 0.025000 0.028125
3 0.366406 0.799219 0.101562 0.101562
1 0.466406 0.207813 0.048438 0.050000
4 0.275000 0.506250 0.031250 0.028125
1 0.500781 0.630469 0.104688 0.076563
5 0.855469 0.275000 0.039062 0.034375
4 0.586719 0.446094 0.054688 0.060937
3 0.700000 0.788281 0.153125 0.139063
1 0.642969 0.254688 0.073438 0.087500
1 0.244531 0.817969 0.064062 0.051562
4 0.154688 0.686719 0.046875 0.042188
3 0.707031 0.299219 0.101562 0.101562
4 0.236719 0.492969 0.042188 0.051562
5 0.735938 0.642969 0.059375 0.060937
2 0.146094 0.312500 0.020313 0.028125
0 0.325000 0.422656 0.031250 0.029687
2 0.150000 0.606250 0.037500 0.034375
1 0.439063 0.466406 0.050000 0.039062
0 0.863281 0.602344 0.045312 0.045312
4 0.814063 0.496875 0.071875 0.075000
2 0.568750 0.425781 0.415625 0.379688