1 0.567969 0.334375 0.064062 0.062500
1 0.496094 0.677344 0.079687 0.076563
3 0.251563 0.661719 0.056250 0.060937
4 0.427344 0.775781 0.039062 0.035937
4 0.424219 0.471094 0.107813 0.098437
3 0.400000 0.328125 0.096875 0.096875
3 0.339844 0.839844 0.142187 0.142187
4 0.241406 0.592187 0.039062 0.040625
4 0.597656 0.514844 0.067187 0.079687
0 0.265625 0.678125 0.034375 0.040625
0 0.800000 0.655469 0.034375 0.026562
4 0.123438 0.345313 0.068750 0.040625
0 0.239063 0.499219 0.100000 0.095312
0 0.553125 0.342187 0.059375 0.071875
1 0.700000 0.209375 0.081250 0.100000
3 0.505469 0.433594 0.114062 0.114062
2 0.490625 0.481250 0.034375 0.031250
3 0.572656 0.467969 0.095312 0.095312
3 0.173437 0.379688 0.153125 0.153125
1 0.297656 0.350000 0.089063 0.106250
1 0.387500 0.414844 0.071875 0.067187
0 0.427344 0.539062 0.107813 0.118750
2 0.308594 0.410156 0.060937 0.060937
1 0.350000 0.149219 0.106250 0.104688
0 0.716406 0.270313 0.042188 0.043750
1 0.499219 0.262500 0.095312 0.093750
1 0.588281 0.721094 0.120313 0.089063
2 0.358594 0.396875 0.042188 0.037500
2 0.281250 0.470313 0.093750 0.118750
4 0.889844 0.448437 0.026562 0.031250
1 0.204687 0.392188 0.140625 0.128125
2 0.317969 0.392969 0.189062 0.173437
1 0.850000 0.681250 0.081250 0.078125
0 0.615625 0.645312 0.084375 0.081250
0 0.667188 0.345313 0.081250 0.078125
2 0.532813 0.696094 0.050000 0.057813
0 0.392969 0.121875 0.101562 0.096875
2 0.274219 0.349219 0.039062 0.042188
2 0.469531 0.669531 0.039062 0.039062
1 0.594531 0.688281 0.067187 0.054688
0 0.455469 0.801562 0.073438 0.065625
0 0.632812 0.877344 0.053125 0.048438
4 0.352344 0.892188 0.029687 0.043750
5 0.663281 0.571875 0.042188 0.031250
3 0.509375 0.659375 0.321875 0.284375
5 0.372656 0.364063 0.029687 0.043750
3 0.322656 0.774219 0.114062 0.114062
1 0.185938 0.656250 0.134375 0.112500
2 0.743750 0.453906 0.040625 0.039062
0 0.765625 0.708594 0.059375 0.054688
3 0.417187 0.334375 0.090625 0.090625
3 0.555469 0.438281 0.104688 0.104688
0 0.834375 0.642969 0.068750 0.092188
3 0.307812 0.371094 0.200000 0.207813
4 0.100781 0.362500 0.039062 0.034375
5 0.738281 0.630469 0.032813 0.039062
2 0.242969 0.580469 0.057813 0.057813
2 0.630469 0.273438 0.051562 0.050000
3 0.246875 0.508594 0.128125 0.098437
5 0.726562 0.252344 0.043750 0.042188
3 0.346875 0.759375 0.121875 0.121875
3 0.335938 0.845313 0.075000 0.075000
5 0.347656 0.544531 0.023438 0.023438
2 0.600781 0.431250 0.045312 0.031250
2 0.256250 0.264844 0.059375 0.054688
4 0.279687 0.175781 0.100000 0.092188
1 0.326562 0.778125 0.096875 0.112500
3 0.763281 0.622656 0.289062 0.182812
5 0.517188 0.267969 0.031250 0.032813
3 0.453906 0.385156 0.085938 0.064062
1 0.332031 0.614062 0.064062 0.075000
5 0.593750 0.764062 0.034375 0.046875
5 0.498437 0.350000 0.043750 0.043750
4 0.658594 0.177344 0.073438 0.060937
5 0.288281 0.356250 0.079687 0.075000
5 0.429688 0.078125 0.037500 0.043750
3 0.725000 0.339062 0.096875 0.125000
1 0.117188 0.526563 0.068750 0.090625
3 0.598437 0.576562 0.237500 0.246875
0 0.739844 0.575781 0.176563 0.160938
2 0.682813 0.414844 0.250000 0.301563
3 0.569531 0.606250 0.129688 0.175000
0 0.775781 0.463281 0.060937 0.070312
0 0.271875 0.512500 0.028125 0.028125
2 0.624219 0.119531 0.079687 0.064062
4 0.766406 0.404687 0.082812 0.103125
0 0.177344 0.371875 0.139063 0.128125
2 0.654687 0.400781 0.103125 0.089063
5 0.178125 0.510938 0.037500 0.037500
0 0.271875 0.558594 0.040625 0.035937
3 0.803906 0.480469 0.098437 0.098437
0 0.474219 0.199219 0.095312 0.101562
3 0.462500 0.328125 0.109375 0.109375
1 0.227344 0.543750 0.135937 0.093750
1 0.515625 0.667188 0.112500 0.156250
1 0.660937 0.606250 0.059375 0.059375
4 0.535156 0.264062 0.051562 0.040625
1 0.741406 0.770312 0.120313 0.146875
0 0.261719 0.689063 0.054688 0.053125
1 0.853906 0.645312 0.089063 0.084375
5 0.717969 0.817969 0.057813 0.054688
2 0.569531 0.678125 0.039062 0.040625
4 0.135937 0.574219 0.112500 0.095312
0 0.307031 0.460938 0.023438 0.025000
1 0.525000 0.629687 0.075000 0.081250
5 0.240625 0.485156 0.040625 0.042188
4 0.778125 0.642969 0.090625 0.089063
5 0.862500 0.603906 0.040625 0.035937
3 0.298438 0.686719 0.184375 0.248438
1 0.620313 0.725781 0.128125 0.110937
0 0.416406 0.815625 0.051562 0.046875
4 0.710938 0.500000 0.053125 0.059375
3 0.814063 0.571875 0.087500 0.087500
5 0.295312 0.625781 0.040625 0.057813
2 0.436719 0.710156 0.039062 0.045312
5 0.357031 0.686719 0.042188 0.032813