1 0.514062 0.639062 0.109375 0.090625
3 0.183594 0.463281 0.157812 0.157812
1 0.488281 0.361719 0.051562 0.051562
2 0.599219 0.564844 0.051562 0.054688
3 0.545312 0.729688 0.131250 0.143750
0 0.483594 0.663281 0.082812 0.079687
5 0.612500 0.639062 0.050000 0.050000
5 0.833594 0.279687 0.051562 0.040625
1 0.557031 0.642969 0.154688 0.120313
0 0.621875 0.903906 0.056250 0.045312
1 0.875781 0.517188 0.064062 0.115625
3 0.684375 0.610938 0.100000 0.084375
1 0.397656 0.582031 0.054688 0.070312
4 0.399219 0.425781 0.020313 0.020313
1 0.684375 0.167969 0.087500 0.098437
5 0.788281 0.716406 0.039062 0.039062
4 0.917188 0.527344 0.031250 0.029687
5 0.243750 0.290625 0.075000 0.062500
5 0.517188 0.220312 0.050000 0.050000
2 0.516406 0.831250 0.139063 0.071875
3 0.802344 0.593750 0.070312 0.046875
5 0.266406 0.606250 0.042188 0.050000
3 0.457813 0.428125 0.290625 0.196875
4 0.572656 0.692969 0.045312 0.045312
1 0.653125 0.323437 0.096875 0.087500
3 0.665625 0.410156 0.093750 0.120313
4 0.486719 0.917188 0.023438 0.021875
3 0.648438 0.809375 0.090625 0.090625
1 0.390625 0.553125 0.171875 0.165625
1 0.139063 0.589844 0.053125 0.060937
2 0.769531 0.507812 0.029687 0.031250
0 0.488281 0.845313 0.060937 0.062500
1 0.162500 0.245312 0.037500 0.031250
5 0.303906 0.471875 0.045312 0.040625
0 0.817187 0.289062 0.053125 0.071875
5 0.209375 0.617969 0.046875 0.048438
5 0.594531 0.689844 0.048438 0.045312
0 0.806250 0.318750 0.071875 0.071875
0 0.696094 0.424219 0.042188 0.042188
4 0.132812 0.577344 0.075000 0.064062
2 0.254688 0.553906 0.043750 0.035937
5 0.131250 0.488281 0.050000 0.048438
5 0.730469 0.207813 0.026562 0.025000
3 0.342187 0.435937 0.103125 0.103125
1 0.778125 0.520312 0.084375 0.075000
2 0.495312 0.575781 0.081250 0.085938
2 0.412500 0.246094 0.068750 0.057813
4 0.887500 0.368750 0.040625 0.031250
2 0.182031 0.617969 0.070312 0.064062
2 0.651563 0.456250 0.168750 0.181250
3 0.475781 0.183594 0.139063 0.089063
5 0.436719 0.406250 0.039062 0.043750
5 0.519531 0.273438 0.042188 0.043750
4 0.582812 0.152344 0.021875 0.020313
0 0.137500 0.355469 0.065625 0.060937
5 0.583594 0.353125 0.051562 0.037500
2 0.096094 0.614062 0.026562 0.034375
0 0.701562 0.207031 0.131250 0.114062
1 0.653906 0.522656 0.067187 0.067187
4 0.232813 0.677344 0.034375 0.035937
3 0.433594 0.213281 0.073438 0.101562
5 0.807031 0.613281 0.032813 0.032813
4 0.270313 0.321875 0.021875 0.018750
2 0.121094 0.454688 0.029687 0.031250
5 0.257031 0.417969 0.042188 0.042188
5 0.817187 0.448437 0.059375 0.050000
1 0.518750 0.438281 0.062500 0.060937
0 0.360938 0.486719 0.121875 0.114062
4 0.718750 0.260937 0.053125 0.062500
5 0.354687 0.174219 0.028125 0.029687
0 0.804688 0.756250 0.015625 0.015625
0 0.752344 0.801562 0.079687 0.084375
1 0.345313 0.458594 0.078125 0.070312
4 0.424219 0.563281 0.123438 0.110937
0 0.803125 0.287500 0.071875 0.068750
2 0.695312 0.588281 0.071875 0.076563
5 0.871875 0.512500 0.103125 0.103125
3 0.475000 0.193750 0.071875 0.081250
1 0.434375 0.676562 0.175000 0.140625
3 0.366406 0.548438 0.264062 0.212500
0 0.731250 0.237500 0.059375 0.062500
1 0.185938 0.593750 0.078125 0.106250
5 0.375000 0.439844 0.031250 0.029687
1 0.795312 0.757812 0.068750 0.068750
5 0.352344 0.875000 0.079687 0.065625