2 0.900781 0.412500 0.035937 0.037500
0 0.213281 0.488281 0.098437 0.095312
1 0.403125 0.231250 0.056250 0.056250
2 0.278906 0.479687 0.073438 0.053125
1 0.493750 0.427344 0.171875 0.107813
2 0.573438 0.803125 0.025000 0.021875
0 0.819531 0.238281 0.039062 0.042188
1 0.507812 0.776563 0.112500 0.106250
2 0.685156 0.350781 0.095312 0.076563
1 0.578125 0.869531 0.021875 0.017188
5 0.472656 0.526563 0.039062 0.037500
0 0.596094 0.340625 0.095312 0.084375
5 0.436719 0.350000 0.057813 0.071875
5 0.454688 0.613281 0.031250 0.035937
1 0.535156 0.259375 0.057813 0.056250
0 0.385156 0.254688 0.079687 0.103125
0 0.686719 0.309375 0.048438 0.040625
4 0.324219 0.382812 0.029687 0.028125
3 0.586719 0.797656 0.129688 0.129688
0 0.275000 0.264062 0.025000 0.053125
4 0.521875 0.320312 0.018750 0.018750
2 0.504687 0.087500 0.050000 0.053125
0 0.878906 0.461719 0.023438 0.017188
3 0.584375 0.475000 0.075000 0.128125
2 0.431250 0.612500 0.034375 0.034375
0 0.493750 0.114062 0.031250 0.043750
2 0.499219 0.879687 0.054688 0.050000
1 0.370312 0.243750 0.121875 0.171875
3 0.525000 0.632812 0.206250 0.184375
3 0.290625 0.183594 0.118750 0.098437
5 0.322656 0.591406 0.051562 0.073438
1 0.659375 0.189844 0.087500 0.107813
0 0.150000 0.582031 0.153125 0.148438
4 0.395313 0.732031 0.021875 0.023438
1 0.259375 0.327344 0.062500 0.073438
4 0.621875 0.768750 0.050000 0.087500
1 0.196875 0.218750 0.062500 0.050000
0 0.258594 0.203125 0.042188 0.040625
4 0.517188 0.352344 0.031250 0.029687
4 0.423438 0.596875 0.190625 0.190625
4 0.796094 0.775781 0.051562 0.048438
1 0.435937 0.753125 0.059375 0.046875
5 0.784375 0.270313 0.050000 0.043750
4 0.773438 0.421094 0.031250 0.045312
1 0.177344 0.635156 0.120313 0.148438
0 0.282031 0.803125 0.023438 0.018750
5 0.203906 0.739062 0.042188 0.037500
4 0.657031 0.816406 0.064062 0.057813
1 0.372656 0.678906 0.092188 0.082812
3 0.376563 0.606250 0.106250 0.106250
0 0.810156 0.657813 0.029687 0.028125
1 0.360938 0.136719 0.068750 0.082812
5 0.608594 0.528125 0.048438 0.046875
0 0.557813 0.228906 0.025000 0.042188
2 0.546875 0.309375 0.062500 0.050000
4 0.303906 0.893750 0.017188 0.015625
2 0.328125 0.345313 0.050000 0.046875
2 0.478906 0.769531 0.064062 0.064062
3 0.187500 0.564844 0.140625 0.160938
3 0.831250 0.392969 0.100000 0.101562
3 0.539844 0.861719 0.060937 0.060937
3 0.312500 0.289062 0.093750 0.093750
5 0.643750 0.617188 0.059375 0.050000
0 0.835938 0.757812 0.040625 0.040625
1 0.410156 0.339844 0.139063 0.129688
1 0.315625 0.413281 0.343750 0.301563
4 0.330469 0.483594 0.023438 0.023438
5 0.172656 0.451562 0.035937 0.031250
2 0.646094 0.125000 0.035937 0.025000
4 0.287500 0.377344 0.037500 0.048438
5 0.282813 0.187500 0.034375 0.053125
4 0.570312 0.395313 0.056250 0.046875
1 0.285156 0.301563 0.142187 0.168750
2 0.328906 0.133594 0.029687 0.032813
3 0.535937 0.403125 0.059375 0.059375
3 0.560937 0.510938 0.503125 0.396875
3 0.568750 0.092188 0.046875 0.046875
5 0.176563 0.664062 0.037500 0.040625
2 0.382812 0.625781 0.200000 0.173437
3 0.607812 0.545312 0.059375 0.059375
4 0.323437 0.546875 0.025000 0.025000
4 0.804688 0.482031 0.040625 0.032813
3 0.565625 0.502344 0.406250 0.295312
5 0.219531 0.225000 0.029687 0.034375
4 0.547656 0.425000 0.048438 0.059375
3 0.476562 0.416406 0.371875 0.401562
3 0.436719 0.482031 0.157812 0.157812
0 0.117188 0.517188 0.028125 0.028125
3 0.578906 0.717969 0.101562 0.132812
1 0.550000 0.861719 0.112500 0.095312
3 0.380469 0.194531 0.104688 0.076563
0 0.374219 0.511719 0.054688 0.060937
2 0.590625 0.701562 0.043750 0.037500
3 0.721094 0.246875 0.148438 0.181250
0 0.812500 0.568750 0.025000 0.025000
1 0.592969 0.145313 0.139063 0.121875
5 0.434375 0.676562 0.059375 0.062500
0 0.814063 0.429688 0.040625 0.025000
5 0.268750 0.190625 0.040625 0.050000
1 0.648438 0.770312 0.090625 0.071875
1 0.444531 0.859375 0.089063 0.118750
3 0.761719 0.332031 0.104688 0.104688
2 0.558594 0.477344 0.073438 0.057813
4 0.468750 0.657031 0.062500 0.076563
2 0.599219 0.389844 0.051562 0.045312
4 0.581250 0.316406 0.025000 0.026562
1 0.630469 0.189062 0.048438 0.046875
4 0.491406 0.382812 0.017188 0.031250
0 0.578125 0.332813 0.053125 0.046875
1 0.303125 0.789062 0.090625 0.071875
3 0.271875 0.304688 0.209375 0.209375
1 0.654687 0.610938 0.100000 0.087500
3 0.733594 0.486719 0.142187 0.142187
4 0.382812 0.620313 0.015625 0.015625
4 0.674219 0.792188 0.054688 0.040625