5 0.646094 0.349219 0.067187 0.067187
4 0.465625 0.456250 0.043750 0.043750
5 0.351562 0.192969 0.050000 0.054688
5 0.553906 0.489844 0.060937 0.048438
0 0.718750 0.809375 0.043750 0.037500
0 0.420312 0.123438 0.050000 0.046875
3 0.477344 0.610938 0.182812 0.184375
4 0.209375 0.281250 0.075000 0.068750
0 0.563281 0.748437 0.098437 0.106250
0 0.748437 0.839063 0.046875 0.037500
3 0.785937 0.489063 0.090625 0.090625
5 0.774219 0.425000 0.057813 0.043750
2 0.271875 0.769531 0.071875 0.067187
4 0.594531 0.717969 0.020313 0.020313
2 0.423438 0.189844 0.028125 0.026562
0 0.694531 0.745313 0.060937 0.050000
0 0.758594 0.461719 0.064062 0.048438
5 0.351562 0.526563 0.034375 0.034375
3 0.400781 0.594531 0.073438 0.073438
2 0.148438 0.683594 0.028125 0.035937
1 0.730469 0.296875 0.085938 0.084375
0 0.580469 0.146094 0.076563 0.064062
5 0.225781 0.224219 0.029687 0.026562
3 0.450000 0.579688 0.228125 0.190625
5 0.721875 0.145313 0.031250 0.040625
3 0.253125 0.740625 0.065625 0.065625
0 0.543750 0.348438 0.071875 0.075000
4 0.587500 0.282813 0.037500 0.037500
4 0.353125 0.263281 0.015625 0.017188
1 0.444531 0.682813 0.129688 0.131250
3 0.491406 0.853906 0.126562 0.126562
4 0.453125 0.896875 0.021875 0.021875
1 0.109375 0.495312 0.059375 0.062500
4 0.246875 0.653125 0.015625 0.012500
4 0.279687 0.177344 0.034375 0.026562
2 0.697656 0.241406 0.060937 0.054688
0 0.653125 0.725781 0.046875 0.032813
0 0.522656 0.327344 0.035937 0.032813
4 0.844531 0.407031 0.017188 0.029687
1 0.526563 0.694531 0.081250 0.076563
2 0.647656 0.729688 0.051562 0.050000
5 0.235937 0.594531 0.050000 0.048438
2 0.732812 0.824219 0.034375 0.035937
0 0.477344 0.571875 0.051562 0.043750
5 0.783594 0.608594 0.048438 0.048438
2 0.603125 0.882812 0.100000 0.087500
1 0.671875 0.220312 0.100000 0.084375
3 0.451562 0.153125 0.115625 0.093750
3 0.390625 0.790625 0.125000 0.125000
2 0.653125 0.414062 0.040625 0.040625
5 0.195312 0.578906 0.053125 0.048438
1 0.386719 0.614062 0.095312 0.131250
1 0.539844 0.692187 0.145313 0.134375
2 0.478906 0.467969 0.032813 0.035937
4 0.180469 0.575781 0.042188 0.042188
2 0.346094 0.414844 0.073438 0.054688
3 0.276562 0.546875 0.231250 0.231250
4 0.825000 0.439063 0.090625 0.081250
2 0.718750 0.504687 0.040625 0.040625
3 0.477344 0.195312 0.070312 0.093750
1 0.752344 0.227344 0.060937 0.073438
0 0.191406 0.394531 0.079687 0.060937
5 0.369531 0.408594 0.042188 0.039062
4 0.697656 0.386719 0.014063 0.014063
4 0.248438 0.810937 0.031250 0.034375
2 0.337500 0.628125 0.062500 0.053125
3 0.846875 0.439063 0.078125 0.078125
0 0.493750 0.312500 0.050000 0.050000
3 0.833594 0.491406 0.120313 0.120313
3 0.391406 0.747656 0.248438 0.248438
3 0.210938 0.396094 0.268750 0.232813
5 0.767969 0.475000 0.032813 0.037500
0 0.771875 0.384375 0.112500 0.100000
4 0.321094 0.131250 0.020313 0.018750
1 0.465625 0.192188 0.075000 0.071875
1 0.314063 0.698438 0.140625 0.137500
0 0.324219 0.551562 0.064062 0.062500
5 0.584375 0.450000 0.046875 0.053125
2 0.460938 0.548438 0.065625 0.068750
0 0.247656 0.727344 0.017188 0.014063
4 0.678125 0.590625 0.090625 0.087500
3 0.694531 0.387500 0.420312 0.409375
1 0.375000 0.603906 0.065625 0.067187
1 0.441406 0.127344 0.051562 0.048438
2 0.827344 0.491406 0.064062 0.054688
2 0.189844 0.442188 0.064062 0.071875
2 0.689063 0.495312 0.056250 0.050000
3 0.853906 0.660156 0.073438 0.073438
3 0.718750 0.796875 0.103125 0.103125
3 0.591406 0.781250 0.217188 0.203125
4 0.656250 0.444531 0.056250 0.045312
1 0.251563 0.506250 0.081250 0.065625
3 0.443750 0.717187 0.100000 0.100000
4 0.283594 0.591406 0.032813 0.020313
5 0.603125 0.689063 0.028125 0.037500
1 0.725781 0.634375 0.104688 0.137500
4 0.677344 0.433594 0.026562 0.023438
0 0.804688 0.615625 0.040625 0.031250
3 0.757031 0.774219 0.089063 0.089063
2 0.667969 0.420312 0.039062 0.034375
1 0.626563 0.657813 0.171875 0.162500
1 0.566406 0.523438 0.120313 0.100000
3 0.682813 0.405469 0.053125 0.026562
4 0.668750 0.817187 0.131250 0.131250
4 0.524219 0.855469 0.023438 0.029687
5 0.630469 0.327344 0.048438 0.048438
4 0.246094 0.421094 0.064062 0.054688
3 0.410156 0.724219 0.157812 0.157812
5 0.257031 0.542188 0.045312 0.050000
2 0.241406 0.343750 0.017188 0.015625
1 0.422656 0.239063 0.167187 0.115625