0 0.485156 0.502344 0.082812 0.082812
1 0.363281 0.667969 0.073438 0.064062
3 0.754687 0.321875 0.221875 0.259375
5 0.327344 0.380469 0.042188 0.042188
3 0.690625 0.715625 0.215625 0.159375
2 0.821094 0.546875 0.239063 0.250000
5 0.357031 0.824219 0.045312 0.039062
5 0.202344 0.564063 0.045312 0.043750
4 0.353906 0.450000 0.204687 0.171875
4 0.316406 0.749219 0.035937 0.029687
5 0.391406 0.786719 0.026562 0.026562
5 0.358594 0.286719 0.042188 0.048438
0 0.859375 0.678125 0.043750 0.040625
3 0.486719 0.269531 0.207813 0.167187
2 0.282813 0.200781 0.031250 0.045312
1 0.542188 0.219531 0.100000 0.126562
3 0.219531 0.515625 0.245312 0.162500
4 0.721875 0.839063 0.021875 0.021875
5 0.476562 0.839063 0.031250 0.043750
0 0.671094 0.204687 0.048438 0.043750
3 0.168750 0.425000 0.090625 0.090625
3 0.438281 0.482031 0.079687 0.079687
0 0.338281 0.889062 0.035937 0.034375
4 0.339844 0.646094 0.032813 0.026562
2 0.564063 0.828125 0.031250 0.034375
1 0.298438 0.229687 0.040625 0.040625
4 0.678906 0.449219 0.045312 0.045312
5 0.543750 0.228906 0.031250 0.029687
4 0.780469 0.479687 0.285938 0.309375
4 0.183594 0.661719 0.020313 0.020313
1 0.660156 0.282031 0.051562 0.054688
3 0.296094 0.621094 0.151562 0.151562
4 0.380469 0.556250 0.060937 0.046875
2 0.442188 0.492969 0.093750 0.076563
5 0.560937 0.818750 0.031250 0.031250
2 0.514062 0.282813 0.028125 0.040625
5 0.397656 0.564844 0.035937 0.032813
4 0.789844 0.385937 0.085938 0.081250
2 0.567187 0.528125 0.053125 0.050000
4 0.387500 0.804688 0.037500 0.062500
4 0.707812 0.745313 0.031250 0.028125
4 0.235937 0.240625 0.046875 0.075000
2 0.151562 0.707812 0.034375 0.031250
1 0.884375 0.598437 0.037500 0.053125
0 0.586719 0.635156 0.095312 0.101562
5 0.194531 0.662500 0.051562 0.050000
0 0.482031 0.821875 0.073438 0.068750
4 0.567187 0.622656 0.021875 0.023438
5 0.728125 0.201563 0.028125 0.028125
1 0.714063 0.291406 0.078125 0.082812
4 0.779687 0.596875 0.084375 0.065625
5 0.354687 0.910156 0.028125 0.029687
2 0.500781 0.246094 0.035937 0.026562
0 0.669531 0.836719 0.060937 0.054688
4 0.419531 0.185938 0.029687 0.031250
3 0.307031 0.610938 0.176563 0.156250
2 0.147656 0.478906 0.085938 0.082812
2 0.832812 0.571094 0.081250 0.089063
4 0.554688 0.489844 0.043750 0.039062
4 0.337500 0.270313 0.021875 0.015625
1 0.605469 0.863281 0.129688 0.120313
0 0.608594 0.655469 0.045312 0.048438
3 0.428906 0.241406 0.098437 0.129688
4 0.126562 0.291406 0.028125 0.032813
3 0.652344 0.516406 0.107813 0.107813
3 0.460156 0.111719 0.107813 0.070312
2 0.198437 0.499219 0.018750 0.017188
2 0.714063 0.134375 0.021875 0.031250
4 0.706250 0.661719 0.040625 0.054688
1 0.779687 0.658594 0.103125 0.095312
0 0.139844 0.495312 0.029687 0.028125
2 0.256250 0.478125 0.056250 0.040625
4 0.237500 0.776563 0.040625 0.034375
4 0.589844 0.160938 0.048438 0.043750
3 0.510938 0.570312 0.209375 0.209375
3 0.375781 0.404687 0.298438 0.318750
2 0.391406 0.291406 0.042188 0.039062
5 0.784375 0.396094 0.031250 0.032813
3 0.257812 0.291406 0.187500 0.260937
4 0.700000 0.829688 0.015625 0.018750
5 0.900781 0.618750 0.035937 0.037500
5 0.428906 0.460938 0.057813 0.056250
4 0.506250 0.289062 0.034375 0.037500
5 0.496094 0.525000 0.051562 0.046875
0 0.316406 0.171875 0.057813 0.050000
5 0.602344 0.459375 0.039062 0.046875
5 0.577344 0.883594 0.029687 0.029687
1 0.217969 0.548438 0.085938 0.090625
4 0.120313 0.652344 0.021875 0.020313
0 0.455469 0.810156 0.042188 0.029687
3 0.666406 0.283594 0.120313 0.120313
1 0.625000 0.159375 0.071875 0.078125
2 0.678906 0.817969 0.048438 0.060937
3 0.606250 0.845313 0.071875 0.071875
3 0.278125 0.485156 0.296875 0.207813
4 0.752344 0.421875 0.064062 0.084375
5 0.247656 0.585938 0.035937 0.031250
2 0.560937 0.650781 0.153125 0.160938
0 0.468750 0.811719 0.050000 0.048438
4 0.347656 0.726562 0.023438 0.021875
3 0.621875 0.354687 0.146875 0.146875
4 0.176563 0.265625 0.056250 0.059375
0 0.707812 0.592187 0.087500 0.084375
5 0.481250 0.782813 0.068750 0.084375
2 0.557031 0.734375 0.029687 0.025000
3 0.642188 0.830469 0.100000 0.117188
3 0.723437 0.626563 0.156250 0.187500
2 0.536719 0.173437 0.023438 0.028125
4 0.267969 0.135937 0.023438 0.025000
3 0.534375 0.414062 0.090625 0.090625
3 0.596875 0.401562 0.090625 0.090625
4 0.478125 0.700000 0.037500 0.031250
5 0.667969 0.215625 0.054688 0.046875
0 0.567969 0.454688 0.057813 0.046875
4 0.206250 0.721094 0.021875 0.020313
0 0.401562 0.614844 0.050000 0.054688
5 0.184375 0.746875 0.031250 0.034375
0 0.501563 0.424219 0.093750 0.089063
5 0.574219 0.285156 0.026562 0.023438
4 0.350781 0.485938 0.107813 0.075000