0 0.429688 0.092969 0.062500 0.073438
4 0.695312 0.785937 0.156250 0.156250
0 0.446875 0.856250 0.093750 0.087500
3 0.352344 0.794531 0.157812 0.129688
5 0.914844 0.549219 0.060937 0.057813
3 0.514844 0.485156 0.085938 0.085938
3 0.511719 0.499219 0.085938 0.085938
0 0.500781 0.719531 0.057813 0.089063
1 0.534375 0.578906 0.106250 0.060937
5 0.284375 0.809375 0.065625 0.075000
1 0.485938 0.893750 0.062500 0.062500
5 0.177344 0.604688 0.051562 0.043750
1 0.575000 0.104688 0.084375 0.081250
4 0.443750 0.672656 0.025000 0.032813
4 0.638281 0.415625 0.060937 0.059375
3 0.398438 0.476562 0.140625 0.140625
1 0.428125 0.596875 0.137500 0.106250
1 0.161719 0.614062 0.104688 0.115625
3 0.243750 0.321094 0.253125 0.167187
0 0.475000 0.204687 0.065625 0.059375
2 0.375781 0.436719 0.048438 0.073438
3 0.192969 0.397656 0.142187 0.142187
5 0.223438 0.412500 0.025000 0.021875
3 0.246094 0.457813 0.114062 0.112500
3 0.635156 0.325781 0.089063 0.089063
3 0.440625 0.432812 0.275000 0.175000
0 0.221094 0.619531 0.048438 0.048438
5 0.413281 0.861719 0.026562 0.032813
1 0.352344 0.800781 0.098437 0.048438
1 0.812500 0.312500 0.143750 0.146875
3 0.584375 0.681250 0.050000 0.050000
2 0.579688 0.284375 0.081250 0.090625
4 0.637500 0.317188 0.075000 0.068750
1 0.571094 0.319531 0.154688 0.160938
1 0.528906 0.344531 0.073438 0.073438
3 0.446094 0.308594 0.098437 0.098437
4 0.524219 0.811719 0.032813 0.029687
3 0.673438 0.429688 0.078125 0.106250
1 0.511719 0.224219 0.132812 0.120313
4 0.319531 0.888281 0.032813 0.029687
4 0.227344 0.415625 0.217188 0.190625
1 0.489844 0.873437 0.070312 0.084375
2 0.310156 0.507812 0.051562 0.040625
5 0.592187 0.332813 0.037500 0.037500
0 0.379688 0.538281 0.037500 0.035937
5 0.374219 0.669531 0.064062 0.042188
0 0.194531 0.403906 0.057813 0.057813
1 0.678125 0.298438 0.053125 0.062500
1 0.495312 0.844531 0.062500 0.054688
1 0.635156 0.775000 0.092188 0.103125
1 0.745313 0.300781 0.075000 0.064062
0 0.428906 0.248438 0.051562 0.059375
4 0.301563 0.622656 0.025000 0.029687
1 0.445312 0.750781 0.081250 0.076563
5 0.535156 0.198437 0.060937 0.071875
3 0.792188 0.579688 0.090625 0.090625
2 0.435937 0.251563 0.034375 0.046875
1 0.235937 0.423438 0.037500 0.037500
1 0.475000 0.806250 0.100000 0.112500
3 0.679688 0.599219 0.293750 0.401562
2 0.406250 0.464062 0.134375 0.121875
1 0.673438 0.359375 0.121875 0.115625
4 0.819531 0.534375 0.223438 0.240625