4 0.715625 0.571875 0.021875 0.025000
1 0.277344 0.178906 0.048438 0.054688
0 0.801562 0.637500 0.043750 0.037500
2 0.183594 0.550781 0.054688 0.060937
0 0.350781 0.710938 0.060937 0.056250
0 0.321094 0.687500 0.107813 0.100000
3 0.452344 0.171094 0.057813 0.070312
3 0.500000 0.350000 0.071875 0.071875
4 0.403906 0.322656 0.082812 0.070312
1 0.782031 0.671875 0.073438 0.071875
5 0.775000 0.503125 0.043750 0.068750
4 0.413281 0.492188 0.020313 0.025000
0 0.314844 0.634375 0.117188 0.115625
3 0.535156 0.825781 0.126562 0.126562
3 0.575781 0.726562 0.110937 0.112500
0 0.503125 0.535937 0.081250 0.078125
1 0.429688 0.790625 0.100000 0.109375
5 0.312500 0.829688 0.050000 0.046875
3 0.353906 0.147656 0.098437 0.098437
0 0.817969 0.420312 0.064062 0.059375
0 0.459375 0.834375 0.043750 0.034375
2 0.346875 0.373437 0.043750 0.068750
1 0.642969 0.303906 0.114062 0.123438
1 0.585938 0.557813 0.062500 0.050000
5 0.488281 0.825000 0.089063 0.084375
4 0.321875 0.171875 0.034375 0.034375
2 0.392188 0.414844 0.025000 0.023438
3 0.574219 0.173437 0.076563 0.075000
1 0.226562 0.610156 0.106250 0.073438
2 0.465625 0.508594 0.053125 0.054688
1 0.689063 0.242188 0.034375 0.053125
5 0.845313 0.337500 0.025000 0.028125
4 0.189062 0.304688 0.015625 0.012500
3 0.435937 0.906250 0.056250 0.056250
0 0.323437 0.814844 0.062500 0.067187
4 0.474219 0.911719 0.023438 0.020313
1 0.183594 0.391406 0.045312 0.060937
5 0.837500 0.622656 0.056250 0.045312
1 0.482031 0.770312 0.054688 0.053125
4 0.546875 0.781250 0.043750 0.031250
3 0.307812 0.834375 0.068750 0.068750
0 0.467187 0.458594 0.121875 0.117188
2 0.834375 0.551562 0.043750 0.034375
0 0.433594 0.449219 0.045312 0.039062
2 0.592187 0.170313 0.043750 0.046875
2 0.137500 0.511719 0.062500 0.073438
4 0.370312 0.267188 0.050000 0.040625
5 0.445312 0.253125 0.037500 0.034375
0 0.426563 0.675000 0.093750 0.096875
5 0.623437 0.382031 0.034375 0.042188
3 0.477344 0.671094 0.101562 0.101562
3 0.816406 0.672656 0.082812 0.082812
3 0.210938 0.771875 0.081250 0.081250
2 0.470313 0.470313 0.034375 0.031250
4 0.121875 0.342187 0.021875 0.025000
3 0.549219 0.698438 0.120313 0.190625
0 0.607812 0.607031 0.018750 0.026562
4 0.298438 0.270313 0.050000 0.050000
0 0.636719 0.300781 0.026562 0.026562
0 0.234375 0.569531 0.087500 0.082812
0 0.282031 0.592969 0.120313 0.114062
2 0.385156 0.717969 0.042188 0.039062
3 0.479687 0.234375 0.093750 0.093750
5 0.483594 0.857812 0.045312 0.053125
4 0.275781 0.400781 0.032813 0.029687
5 0.834375 0.450000 0.040625 0.031250
1 0.728125 0.325781 0.150000 0.135937
5 0.646094 0.330469 0.029687 0.029687
0 0.324219 0.755469 0.207813 0.207813
0 0.603125 0.514062 0.040625 0.040625
5 0.476562 0.171875 0.028125 0.028125
3 0.561719 0.451562 0.123438 0.153125
4 0.707031 0.453125 0.120313 0.109375
2 0.373437 0.707031 0.034375 0.032813
5 0.211719 0.772656 0.054688 0.048438
2 0.165625 0.262500 0.043750 0.059375