5 0.535156 0.674219 0.023438 0.029687
1 0.634375 0.454688 0.184375 0.121875
2 0.521094 0.916406 0.042188 0.045312
3 0.389844 0.475781 0.060937 0.060937
1 0.260156 0.744531 0.092188 0.085938
4 0.405469 0.380469 0.048438 0.054688
3 0.691406 0.733594 0.126562 0.126562
0 0.410156 0.803906 0.048438 0.045312
1 0.572656 0.189062 0.089063 0.087500
2 0.339062 0.422656 0.065625 0.076563
2 0.652344 0.585156 0.032813 0.026562
2 0.456250 0.700000 0.056250 0.050000
1 0.636719 0.507031 0.082812 0.085938
1 0.663281 0.636719 0.051562 0.073438
4 0.712500 0.307031 0.034375 0.035937
5 0.537500 0.340625 0.034375 0.037500
2 0.521875 0.595313 0.043750 0.053125
2 0.677344 0.538281 0.101562 0.079687
5 0.714844 0.719531 0.042188 0.048438
1 0.720313 0.285156 0.068750 0.073438
3 0.587500 0.486719 0.053125 0.057813
5 0.628125 0.584375 0.031250 0.037500
1 0.754687 0.810156 0.065625 0.079687
4 0.644531 0.853906 0.051562 0.067187
4 0.525000 0.805469 0.050000 0.039062
1 0.829688 0.512500 0.103125 0.090625
5 0.649219 0.187500 0.035937 0.034375
5 0.453125 0.882812 0.025000 0.025000
4 0.587500 0.323437 0.040625 0.040625
3 0.320312 0.467187 0.209375 0.175000
5 0.704688 0.217188 0.031250 0.031250
2 0.461719 0.415625 0.035937 0.043750
2 0.538281 0.825000 0.042188 0.040625
3 0.347656 0.814844 0.145313 0.160938
5 0.518750 0.840625 0.034375 0.028125
0 0.828125 0.551562 0.121875 0.109375
1 0.813281 0.596875 0.101562 0.109375
5 0.325781 0.425000 0.029687 0.031250
2 0.567969 0.382812 0.035937 0.031250
4 0.762500 0.817187 0.028125 0.025000
2 0.476562 0.224219 0.062500 0.054688
0 0.736719 0.714844 0.117188 0.104688
4 0.837500 0.539062 0.018750 0.018750
3 0.421094 0.462500 0.098437 0.096875
0 0.257812 0.789844 0.062500 0.057813
3 0.272656 0.786719 0.132812 0.132812
0 0.175781 0.446094 0.126562 0.117188
0 0.368750 0.522656 0.062500 0.060937
3 0.560156 0.564844 0.373437 0.407813
0 0.601562 0.910937 0.043750 0.046875
4 0.438281 0.073438 0.020313 0.021875
1 0.523438 0.095312 0.050000 0.034375
5 0.645312 0.550000 0.062500 0.062500
5 0.170313 0.633594 0.043750 0.035937
3 0.500000 0.221875 0.115625 0.115625
4 0.787500 0.259375 0.134375 0.143750
0 0.589063 0.900000 0.053125 0.050000