3 0.321875 0.412500 0.078125 0.078125
5 0.785937 0.428125 0.034375 0.034375
2 0.509375 0.415625 0.043750 0.043750
0 0.528906 0.621094 0.073438 0.054688
5 0.279687 0.199219 0.031250 0.029687
0 0.450000 0.374219 0.062500 0.057813
0 0.280469 0.539844 0.110937 0.092188
3 0.352344 0.703906 0.070312 0.095312
1 0.535156 0.248438 0.023438 0.040625
0 0.366406 0.428906 0.067187 0.073438
5 0.529687 0.241406 0.034375 0.039062
1 0.317188 0.635156 0.121875 0.142187
2 0.338281 0.577344 0.098437 0.085938
5 0.698438 0.729688 0.040625 0.043750
4 0.694531 0.403906 0.032813 0.035937
0 0.592969 0.293750 0.070312 0.059375
2 0.560156 0.665625 0.020313 0.031250
3 0.671094 0.616406 0.126562 0.126562
4 0.730469 0.553906 0.026562 0.032813
1 0.539844 0.493750 0.092188 0.078125
5 0.626563 0.252344 0.028125 0.026562
3 0.717969 0.802344 0.079687 0.079687
4 0.846094 0.654687 0.085938 0.075000
4 0.422656 0.441406 0.051562 0.045312
4 0.464844 0.686719 0.095312 0.082812
3 0.460156 0.441406 0.067187 0.067187
0 0.559375 0.665625 0.075000 0.075000
3 0.714063 0.726562 0.056250 0.056250
1 0.267969 0.230469 0.139063 0.104688
2 0.488281 0.865625 0.051562 0.053125
0 0.924219 0.432031 0.026562 0.023438
1 0.742188 0.795312 0.115625 0.128125
3 0.607812 0.567187 0.084375 0.084375
0 0.689844 0.805469 0.026562 0.032813
2 0.279687 0.504687 0.028125 0.031250
2 0.779687 0.224219 0.050000 0.039062
0 0.663281 0.792969 0.107813 0.132812
3 0.223438 0.318750 0.112500 0.112500
5 0.522656 0.777344 0.042188 0.042188
1 0.654687 0.792969 0.203125 0.148438
3 0.890625 0.409375 0.081250 0.081250
3 0.392188 0.267188 0.278125 0.218750
5 0.130469 0.539062 0.095312 0.078125
5 0.409375 0.179688 0.037500 0.040625
4 0.228906 0.561719 0.089063 0.104688
2 0.334375 0.778125 0.034375 0.031250
0 0.697656 0.270313 0.039062 0.046875
2 0.518750 0.427344 0.106250 0.101562
1 0.550000 0.193750 0.065625 0.078125
3 0.860938 0.609375 0.075000 0.075000
4 0.497656 0.219531 0.064062 0.070312
4 0.673438 0.345313 0.068750 0.062500
5 0.534375 0.506250 0.015625 0.021875
3 0.710938 0.693750 0.140625 0.140625
2 0.315625 0.792188 0.171875 0.112500
1 0.187500 0.468750 0.128125 0.081250
1 0.260156 0.484375 0.217188 0.218750
1 0.466406 0.814063 0.145313 0.121875
0 0.635938 0.746875 0.109375 0.103125
0 0.411719 0.111719 0.048438 0.048438
3 0.625781 0.336719 0.135937 0.135937
0 0.749219 0.204687 0.060937 0.062500
2 0.603125 0.687500 0.037500 0.034375
3 0.483594 0.510156 0.189062 0.142187
4 0.403906 0.273438 0.032813 0.028125
3 0.585156 0.153906 0.114062 0.114062
2 0.157031 0.725781 0.057813 0.048438
2 0.639062 0.332031 0.021875 0.017188
4 0.613281 0.216406 0.029687 0.032813
4 0.618750 0.343750 0.053125 0.062500
1 0.690625 0.571875 0.103125 0.121875
2 0.272656 0.210938 0.035937 0.031250
0 0.217188 0.366406 0.087500 0.079687
2 0.560937 0.182031 0.037500 0.032813
1 0.709375 0.260156 0.087500 0.082812
5 0.200781 0.496875 0.045312 0.043750
0 0.587500 0.788281 0.128125 0.120313
0 0.360156 0.433594 0.067187 0.060937
5 0.396094 0.737500 0.032813 0.034375
2 0.403125 0.623437 0.040625 0.050000
3 0.567187 0.635938 0.118750 0.118750
0 0.775781 0.521094 0.026562 0.017188
5 0.432031 0.248438 0.029687 0.031250
4 0.639844 0.645312 0.082812 0.062500
3 0.237500 0.361719 0.140625 0.098437
5 0.685156 0.601562 0.029687 0.028125
2 0.380469 0.574219 0.035937 0.035937
0 0.386719 0.874219 0.067187 0.064062
0 0.378906 0.785937 0.104688 0.100000
1 0.596094 0.767969 0.067187 0.070312
3 0.695312 0.621875 0.162500 0.162500
2 0.230469 0.635156 0.064062 0.085938
1 0.725781 0.611719 0.179688 0.160938
4 0.651563 0.664062 0.071875 0.021875
4 0.755469 0.702344 0.064062 0.051562
1 0.792969 0.336719 0.073438 0.107813
2 0.433594 0.214062 0.026562 0.021875
0 0.489844 0.584375 0.032813 0.040625
2 0.232031 0.216406 0.073438 0.070312
3 0.539844 0.592969 0.117188 0.117188
5 0.725781 0.526563 0.042188 0.040625
4 0.349219 0.668750 0.045312 0.053125
5 0.717969 0.559375 0.023438 0.053125
4 0.807813 0.750781 0.025000 0.026562
5 0.107031 0.546875 0.060937 0.065625
2 0.435937 0.502344 0.059375 0.057813
5 0.727344 0.553125 0.035937 0.043750
4 0.356250 0.405469 0.078125 0.082812
3 0.680469 0.754687 0.201563 0.215625
5 0.546875 0.825781 0.040625 0.039062
3 0.635156 0.599219 0.348438 0.379688
1 0.413281 0.399219 0.070312 0.064062
2 0.500000 0.500000 0.028125 0.028125
5 0.137500 0.660156 0.031250 0.032813
2 0.901563 0.438281 0.028125 0.064062
0 0.271094 0.442188 0.032813 0.040625
1 0.716406 0.221094 0.067187 0.082812
5 0.257812 0.215625 0.050000 0.084375
4 0.160938 0.589063 0.021875 0.018750
2 0.510156 0.532813 0.060937 0.046875
2 0.660156 0.779687 0.051562 0.046875
1 0.354687 0.353906 0.046875 0.064062
5 0.549219 0.778906 0.026562 0.026562
4 0.095312 0.432031 0.028125 0.026562
4 0.771875 0.289062 0.103125 0.109375
5 0.255469 0.150781 0.035937 0.039062
3 0.765625 0.429688 0.125000 0.125000
0 0.889844 0.642188 0.026562 0.028125
2 0.250781 0.775000 0.029687 0.025000
2 0.696094 0.793750 0.076563 0.075000
3 0.367188 0.537500 0.131250 0.131250
5 0.507812 0.356250 0.056250 0.062500
1 0.335156 0.289062 0.051562 0.056250
0 0.376563 0.593750 0.075000 0.065625
0 0.404687 0.289844 0.096875 0.126562
3 0.704688 0.609375 0.084375 0.084375
4 0.696875 0.187500 0.040625 0.043750
3 0.653125 0.376563 0.278125 0.440625
5 0.634375 0.664062 0.050000 0.068750
1 0.578125 0.726562 0.121875 0.084375
0 0.643750 0.418750 0.037500 0.031250
2 0.869531 0.382812 0.045312 0.040625
4 0.736719 0.653906 0.029687 0.035937
1 0.115625 0.472656 0.100000 0.082812
4 0.553125 0.474219 0.031250 0.026562