5 0.315625 0.857812 0.037500 0.037500
1 0.385937 0.866406 0.078125 0.085938
4 0.613281 0.454688 0.035937 0.040625
2 0.572656 0.603906 0.057813 0.057813
5 0.197656 0.283594 0.042188 0.039062
4 0.806250 0.792969 0.043750 0.048438
4 0.449219 0.578125 0.020313 0.025000
4 0.235156 0.754687 0.020313 0.018750
3 0.314063 0.842187 0.118750 0.093750
3 0.627344 0.746875 0.173437 0.193750
4 0.621094 0.145313 0.035937 0.028125
2 0.469531 0.864844 0.039062 0.029687
4 0.453125 0.307812 0.021875 0.021875
1 0.585938 0.174219 0.043750 0.042188
5 0.253125 0.255469 0.037500 0.035937
0 0.564063 0.803125 0.053125 0.046875
3 0.801562 0.649219 0.071875 0.073438
5 0.092188 0.584375 0.043750 0.037500
1 0.116406 0.380469 0.082812 0.057813
3 0.489844 0.541406 0.142187 0.142187
3 0.315625 0.585938 0.118750 0.118750
0 0.198437 0.380469 0.112500 0.098437
0 0.278125 0.807031 0.050000 0.051562
1 0.834375 0.390625 0.056250 0.084375
1 0.165625 0.568750 0.056250 0.075000
0 0.451562 0.800781 0.043750 0.039062
1 0.438281 0.301563 0.117188 0.081250
0 0.696094 0.402344 0.114062 0.101562
1 0.748437 0.696875 0.046875 0.065625
2 0.439844 0.405469 0.032813 0.029687
2 0.775781 0.514844 0.076563 0.054688
5 0.573438 0.421875 0.065625 0.071875
0 0.518750 0.201563 0.050000 0.056250
3 0.488281 0.639062 0.164062 0.256250
5 0.214062 0.355469 0.034375 0.032813
1 0.711719 0.392969 0.064062 0.048438
0 0.263281 0.814063 0.085938 0.087500
2 0.347656 0.146094 0.048438 0.048438
0 0.751563 0.529687 0.121875 0.131250
0 0.534375 0.736719 0.031250 0.035937
3 0.243750 0.510938 0.121875 0.096875
5 0.323437 0.748437 0.028125 0.034375
1 0.369531 0.601562 0.129688 0.137500
0 0.549219 0.702344 0.082812 0.089063
5 0.307812 0.575781 0.046875 0.060937
2 0.546094 0.196875 0.067187 0.078125
3 0.350781 0.178906 0.123438 0.123438
5 0.529687 0.687500 0.050000 0.050000
1 0.253906 0.825000 0.048438 0.062500
4 0.217969 0.746094 0.032813 0.039062
3 0.353125 0.292969 0.150000 0.164062
3 0.397656 0.417187 0.095312 0.071875
1 0.782031 0.210938 0.067187 0.068750
1 0.607031 0.396094 0.070312 0.079687
3 0.506250 0.323437 0.150000 0.150000
4 0.325000 0.761719 0.018750 0.017188
4 0.578125 0.457813 0.021875 0.028125
3 0.522656 0.336719 0.082812 0.082812
0 0.506250 0.802344 0.040625 0.035937
1 0.730469 0.761719 0.082812 0.092188
4 0.314844 0.410938 0.026562 0.028125
0 0.590625 0.436719 0.081250 0.101562
4 0.650781 0.692187 0.057813 0.046875
2 0.379688 0.541406 0.015625 0.023438
1 0.687500 0.170313 0.071875 0.071875
4 0.625000 0.237500 0.071875 0.090625
2 0.385937 0.245312 0.028125 0.025000
4 0.579688 0.200781 0.028125 0.026562
0 0.769531 0.756250 0.054688 0.046875
1 0.504687 0.821875 0.059375 0.053125
5 0.805469 0.657031 0.026562 0.035937
3 0.393750 0.489844 0.312500 0.445312
3 0.588281 0.460156 0.098437 0.098437
0 0.337500 0.397656 0.065625 0.051562
5 0.581250 0.271875 0.031250 0.028125
4 0.696094 0.646094 0.010937 0.010937
5 0.524219 0.253906 0.042188 0.035937
5 0.163281 0.702344 0.042188 0.042188
0 0.840625 0.703125 0.059375 0.050000
5 0.322656 0.427344 0.045312 0.048438
5 0.452344 0.838281 0.017188 0.023438
0 0.328906 0.457813 0.051562 0.050000
3 0.778906 0.258594 0.073438 0.073438
2 0.630469 0.533594 0.092188 0.098437
5 0.150781 0.264062 0.042188 0.046875
1 0.136719 0.341406 0.073438 0.076563
3 0.482812 0.665625 0.343750 0.250000
1 0.511719 0.583594 0.085938 0.076563
5 0.900000 0.525000 0.031250 0.025000
1 0.350000 0.360156 0.043750 0.032813