1 0.489063 0.109375 0.071875 0.065625
1 0.662500 0.563281 0.068750 0.064062
4 0.456250 0.603125 0.015625 0.018750
5 0.501563 0.908594 0.062500 0.054688
5 0.314063 0.678125 0.028125 0.025000
1 0.184375 0.571875 0.065625 0.081250
2 0.439844 0.717187 0.039062 0.040625
3 0.644531 0.307031 0.345313 0.348438
2 0.103125 0.464062 0.028125 0.031250
4 0.784375 0.497656 0.021875 0.020313
0 0.830469 0.257031 0.039062 0.035937
0 0.371875 0.702344 0.037500 0.035937
0 0.732031 0.717187 0.023438 0.025000
1 0.459375 0.700781 0.071875 0.064062
4 0.554688 0.115625 0.040625 0.053125
5 0.782031 0.625000 0.032813 0.031250
3 0.292969 0.346094 0.242188 0.242188
2 0.149219 0.514062 0.039062 0.043750
2 0.439063 0.384375 0.071875 0.084375
0 0.563281 0.126562 0.076563 0.075000
2 0.713281 0.350000 0.060937 0.068750
3 0.256250 0.699219 0.100000 0.082812
4 0.430469 0.724219 0.057813 0.048438
0 0.283594 0.702344 0.117188 0.120313
2 0.745313 0.239063 0.056250 0.062500
5 0.687500 0.344531 0.043750 0.051562
0 0.334375 0.553906 0.050000 0.051562
5 0.897656 0.608594 0.042188 0.051562
1 0.514062 0.639062 0.078125 0.078125
3 0.653125 0.340625 0.112500 0.112500
4 0.464844 0.214062 0.029687 0.025000
4 0.463281 0.128906 0.032813 0.035937
3 0.294531 0.488281 0.079687 0.079687
0 0.238281 0.594531 0.023438 0.026562
0 0.522656 0.757812 0.073438 0.062500
4 0.540625 0.878125 0.037500 0.034375
5 0.792969 0.375000 0.039062 0.040625
0 0.680469 0.843750 0.082812 0.109375
1 0.660937 0.771094 0.065625 0.101562
4 0.603125 0.901563 0.031250 0.028125
4 0.636719 0.246094 0.067187 0.060937
5 0.457813 0.647656 0.056250 0.048438
2 0.297656 0.823438 0.042188 0.043750
5 0.757812 0.532031 0.056250 0.064062
5 0.370312 0.367969 0.034375 0.054688
4 0.671094 0.618750 0.017188 0.018750
2 0.192969 0.745313 0.035937 0.046875
0 0.334375 0.177344 0.115625 0.117188
0 0.407813 0.744531 0.034375 0.029687
4 0.706250 0.346094 0.134375 0.139063
4 0.591406 0.084375 0.029687 0.028125
0 0.506250 0.164844 0.068750 0.051562
5 0.288281 0.200781 0.051562 0.064062
3 0.404687 0.545312 0.068750 0.068750
5 0.376563 0.626563 0.046875 0.043750
3 0.216406 0.536719 0.276562 0.270313
4 0.303906 0.292187 0.132812 0.109375
0 0.902344 0.409375 0.048438 0.040625
5 0.721094 0.266406 0.026562 0.029687
1 0.539062 0.147656 0.093750 0.089063
1 0.516406 0.835156 0.085938 0.070312
0 0.322656 0.467969 0.039062 0.035937
0 0.677344 0.208594 0.064062 0.092188
5 0.192969 0.292187 0.092188 0.087500
2 0.534375 0.260937 0.040625 0.043750
2 0.287500 0.868750 0.040625 0.043750
1 0.857812 0.333594 0.062500 0.060937
3 0.807813 0.688281 0.125000 0.126562
4 0.321094 0.383594 0.089063 0.070312
0 0.912500 0.561719 0.025000 0.017188
1 0.359375 0.492969 0.075000 0.067187
5 0.907813 0.593750 0.031250 0.031250
5 0.256250 0.382812 0.037500 0.043750
4 0.321875 0.147656 0.040625 0.067187
3 0.592187 0.318750 0.259375 0.221875
1 0.142187 0.497656 0.078125 0.079687
2 0.825781 0.412500 0.039062 0.034375
1 0.566406 0.195312 0.120313 0.134375
5 0.849219 0.547656 0.029687 0.032813
5 0.384375 0.521094 0.068750 0.057813
0 0.282031 0.751563 0.039062 0.031250
5 0.167187 0.379688 0.040625 0.040625
1 0.484375 0.571875 0.093750 0.112500
5 0.921875 0.509375 0.040625 0.040625
3 0.329688 0.695312 0.134375 0.134375
3 0.675781 0.506250 0.429688 0.459375
2 0.466406 0.632031 0.060937 0.045312
2 0.393750 0.886719 0.056250 0.076563
5 0.414062 0.616406 0.046875 0.042188
2 0.857812 0.300781 0.043750 0.057813
5 0.531250 0.631250 0.021875 0.031250
1 0.304688 0.414844 0.137500 0.117188
3 0.542188 0.732812 0.125000 0.168750
0 0.271875 0.391406 0.028125 0.026562
1 0.490625 0.303125 0.131250 0.121875
1 0.403906 0.773438 0.110937 0.109375
1 0.217969 0.730469 0.070312 0.067187
1 0.331250 0.588281 0.050000 0.051562
4 0.285938 0.192188 0.043750 0.043750
4 0.314844 0.249219 0.054688 0.048438
4 0.853125 0.710156 0.021875 0.020313
4 0.152344 0.556250 0.079687 0.068750
0 0.132031 0.375781 0.032813 0.026562
5 0.754687 0.482031 0.056250 0.051562
3 0.822656 0.612500 0.139063 0.125000
3 0.791406 0.457031 0.135937 0.135937
3 0.476562 0.663281 0.318750 0.373437