5 0.449219 0.142187 0.026562 0.031250
5 0.657031 0.907031 0.023438 0.029687
1 0.257812 0.435937 0.081250 0.056250
1 0.351562 0.254688 0.068750 0.078125
3 0.424219 0.116406 0.064062 0.064062
0 0.252344 0.438281 0.035937 0.035937
4 0.692969 0.708594 0.060937 0.064062
3 0.703906 0.353125 0.207813 0.309375
3 0.825781 0.580469 0.051562 0.051562
4 0.525000 0.708594 0.025000 0.023438
4 0.327344 0.818750 0.057813 0.065625
5 0.553125 0.184375 0.025000 0.025000
2 0.242969 0.664844 0.060937 0.060937
4 0.599219 0.358594 0.067187 0.060937
5 0.597656 0.762500 0.045312 0.050000
5 0.322656 0.399219 0.032813 0.032813
5 0.502344 0.897656 0.035937 0.039062
0 0.314844 0.125000 0.029687 0.025000
1 0.245312 0.571094 0.062500 0.079687
4 0.132812 0.400000 0.056250 0.065625
1 0.896875 0.369531 0.037500 0.035937
0 0.242188 0.242969 0.078125 0.076563
4 0.243750 0.731250 0.037500 0.034375
0 0.776563 0.296094 0.040625 0.048438
4 0.161719 0.221875 0.017188 0.009375
1 0.632031 0.458594 0.101562 0.089063
3 0.518750 0.821875 0.206250 0.228125
5 0.585938 0.589063 0.037500 0.043750
4 0.436719 0.432031 0.054688 0.064062
0 0.510938 0.567969 0.053125 0.048438
0 0.517188 0.364063 0.056250 0.053125
3 0.582031 0.400781 0.123438 0.092188
2 0.212500 0.456250 0.075000 0.056250
0 0.410156 0.363281 0.032813 0.032813
4 0.764062 0.710938 0.025000 0.025000
0 0.670312 0.746875 0.043750 0.034375
5 0.160156 0.578125 0.054688 0.056250
1 0.166406 0.496875 0.076563 0.071875
1 0.526563 0.816406 0.134375 0.110937
1 0.220312 0.721094 0.068750 0.073438
0 0.117188 0.504687 0.106250 0.100000
3 0.464062 0.340625 0.143750 0.143750
5 0.595313 0.873437 0.040625 0.040625
0 0.690625 0.722656 0.040625 0.045312
4 0.689844 0.589063 0.104688 0.106250
3 0.778906 0.455469 0.157812 0.142187
5 0.158594 0.749219 0.039062 0.035937
0 0.293750 0.700000 0.059375 0.056250
5 0.427344 0.565625 0.042188 0.040625
4 0.860156 0.519531 0.051562 0.060937
2 0.483594 0.489063 0.029687 0.034375
1 0.334375 0.189844 0.056250 0.082812
0 0.437500 0.145313 0.040625 0.037500
1 0.792969 0.446875 0.073438 0.068750
2 0.327344 0.601562 0.023438 0.018750
5 0.267969 0.289844 0.064062 0.057813
1 0.685937 0.404687 0.059375 0.059375
4 0.471094 0.857812 0.020313 0.018750
2 0.744531 0.617969 0.042188 0.042188
3 0.392188 0.178906 0.075000 0.039062
4 0.487500 0.250781 0.165625 0.157812
4 0.826562 0.489063 0.034375 0.031250
0 0.558594 0.280469 0.098437 0.079687
4 0.424219 0.893750 0.023438 0.028125
3 0.414844 0.427344 0.335938 0.339062
2 0.181250 0.628906 0.059375 0.064062
3 0.485156 0.689063 0.317188 0.459375
4 0.882031 0.636719 0.045312 0.048438
1 0.269531 0.664062 0.045312 0.040625
1 0.255469 0.413281 0.157812 0.110937
2 0.589063 0.439844 0.040625 0.039062
1 0.275781 0.559375 0.104688 0.137500
0 0.540625 0.450781 0.056250 0.054688
2 0.646094 0.386719 0.067187 0.073438
5 0.406250 0.816406 0.025000 0.029687
4 0.799219 0.228125 0.029687 0.028125
1 0.245312 0.496094 0.112500 0.104688
4 0.632812 0.813281 0.021875 0.020313
0 0.173437 0.632031 0.078125 0.060937
4 0.653125 0.739844 0.059375 0.054688
4 0.150000 0.375000 0.043750 0.043750
3 0.587500 0.368750 0.100000 0.100000
5 0.125000 0.484375 0.031250 0.031250
1 0.382031 0.209375 0.126562 0.103125
4 0.720313 0.746094 0.062500 0.051562
2 0.429688 0.147656 0.031250 0.042188
5 0.586719 0.579688 0.039062 0.037500
3 0.848437 0.331250 0.125000 0.125000
2 0.653125 0.875781 0.028125 0.023438
4 0.439063 0.567969 0.021875 0.020313
4 0.248438 0.699219 0.109375 0.107813
1 0.162500 0.660156 0.046875 0.042188
1 0.667188 0.345313 0.059375 0.059375
3 0.480469 0.317969 0.139063 0.139063
0 0.436719 0.827344 0.054688 0.057813
3 0.459375 0.851562 0.134375 0.090625
3 0.480469 0.187500 0.270313 0.268750
4 0.770312 0.802344 0.028125 0.026562
3 0.459375 0.742188 0.106250 0.081250
2 0.361719 0.132031 0.026562 0.026562
1 0.455469 0.566406 0.073438 0.060937
5 0.681250 0.428906 0.034375 0.045312
3 0.293750 0.232813 0.068750 0.068750