5 0.755469 0.463281 0.057813 0.051562
0 0.238281 0.264062 0.057813 0.056250
3 0.534375 0.217969 0.134375 0.135937
1 0.829688 0.459375 0.071875 0.071875
5 0.316406 0.869531 0.067187 0.064062
0 0.316406 0.417969 0.076563 0.085938
3 0.692187 0.446875 0.075000 0.075000
4 0.574219 0.808594 0.017188 0.017188
4 0.832812 0.742969 0.046875 0.035937
5 0.087500 0.435937 0.031250 0.031250
0 0.735156 0.695312 0.048438 0.040625
2 0.416406 0.210938 0.154688 0.090625
4 0.885938 0.471094 0.046875 0.048438
3 0.641406 0.329688 0.132812 0.112500
1 0.592187 0.283594 0.096875 0.073438
4 0.250000 0.666406 0.053125 0.060937
5 0.245312 0.727344 0.040625 0.045312
2 0.291406 0.525000 0.070312 0.081250
5 0.800000 0.478125 0.056250 0.053125
4 0.667969 0.323437 0.020313 0.018750
2 0.100000 0.465625 0.046875 0.046875
3 0.206250 0.467187 0.256250 0.240625
4 0.709375 0.364844 0.021875 0.020313
3 0.246094 0.313281 0.173437 0.173437
5 0.486719 0.494531 0.039062 0.039062
0 0.735156 0.626563 0.048438 0.059375
5 0.464844 0.735938 0.042188 0.040625
0 0.726562 0.807813 0.109375 0.103125
5 0.542188 0.131250 0.040625 0.043750
1 0.188281 0.332031 0.057813 0.054688
0 0.500781 0.674219 0.026562 0.023438
2 0.869531 0.291406 0.051562 0.045312
4 0.108594 0.505469 0.032813 0.029687
5 0.352344 0.734375 0.054688 0.062500
5 0.500781 0.328906 0.020313 0.029687
0 0.271094 0.641406 0.026562 0.026562
5 0.667188 0.599219 0.028125 0.029687
4 0.537500 0.379688 0.037500 0.040625
0 0.250000 0.401562 0.053125 0.040625
4 0.719531 0.835938 0.060937 0.075000
2 0.261719 0.777344 0.029687 0.026562
5 0.678125 0.191406 0.037500 0.032813
3 0.497656 0.458594 0.385937 0.320312
1 0.769531 0.744531 0.054688 0.048438
1 0.739844 0.403906 0.035937 0.035937
3 0.275000 0.493750 0.121875 0.121875
5 0.373437 0.667188 0.021875 0.031250
2 0.424219 0.781250 0.048438 0.043750
3 0.512500 0.770312 0.106250 0.106250
2 0.775781 0.678906 0.010937 0.032813
0 0.251563 0.348438 0.043750 0.040625
1 0.774219 0.335938 0.064062 0.046875
5 0.370312 0.150781 0.031250 0.032813
0 0.555469 0.359375 0.120313 0.106250
3 0.604688 0.265625 0.209375 0.312500
4 0.571094 0.130469 0.042188 0.026562
0 0.427344 0.462500 0.032813 0.028125
4 0.839844 0.239844 0.020313 0.020313
2 0.303906 0.476562 0.042188 0.046875
3 0.335156 0.821094 0.104688 0.104688
0 0.637500 0.153906 0.087500 0.042188
3 0.836719 0.411719 0.167187 0.132812
3 0.400000 0.821875 0.159375 0.134375
2 0.301563 0.779687 0.037500 0.031250
2 0.457813 0.116406 0.056250 0.082812
4 0.340625 0.536719 0.025000 0.017188
0 0.591406 0.446875 0.039062 0.037500
4 0.774219 0.674219 0.095312 0.070312
3 0.867969 0.327344 0.073438 0.073438
4 0.310937 0.610938 0.021875 0.025000
3 0.442188 0.305469 0.068750 0.070312
3 0.734375 0.460938 0.125000 0.125000
2 0.811719 0.472656 0.085938 0.089063
4 0.192188 0.634375 0.081250 0.087500
1 0.678906 0.189062 0.114062 0.106250
0 0.875000 0.589844 0.021875 0.023438
4 0.839063 0.603125 0.062500 0.081250
0 0.575781 0.828906 0.051562 0.048438
2 0.369531 0.242188 0.029687 0.031250
4 0.672656 0.692187 0.023438 0.028125
3 0.623437 0.289062 0.103125 0.103125
4 0.327344 0.725000 0.220312 0.187500