2 0.473438 0.514844 0.040625 0.042188
1 0.508594 0.196094 0.089063 0.079687
1 0.890625 0.522656 0.071875 0.064062
4 0.166406 0.391406 0.051562 0.042188
5 0.311719 0.192188 0.054688 0.065625
1 0.432031 0.875781 0.082812 0.098437
5 0.846094 0.655469 0.051562 0.051562
4 0.916406 0.462500 0.020313 0.021875
3 0.404687 0.570312 0.178125 0.196875
4 0.453906 0.527344 0.035937 0.032813
0 0.442188 0.109375 0.081250 0.071875
3 0.600781 0.325781 0.042188 0.042188
5 0.305469 0.399219 0.054688 0.048438
3 0.214844 0.495312 0.132812 0.140625
3 0.596875 0.707031 0.187500 0.139063
4 0.249219 0.555469 0.017188 0.014063
3 0.383594 0.523438 0.229687 0.200000
0 0.378906 0.146094 0.110937 0.092188
5 0.407031 0.824219 0.045312 0.045312
1 0.561719 0.498437 0.067187 0.081250
3 0.465625 0.482031 0.209375 0.120313
2 0.732812 0.609375 0.034375 0.034375
0 0.814063 0.700000 0.068750 0.059375
0 0.546094 0.739062 0.079687 0.050000
4 0.317188 0.471094 0.031250 0.035937
3 0.536719 0.278906 0.129688 0.151562
2 0.616406 0.747656 0.060937 0.064062
4 0.342969 0.511719 0.104688 0.085938
5 0.171094 0.707031 0.039062 0.045312
1 0.840625 0.685156 0.090625 0.070312
3 0.378906 0.874219 0.076563 0.098437
1 0.475000 0.709375 0.071875 0.071875
1 0.424219 0.875781 0.051562 0.070312
3 0.278125 0.653906 0.190625 0.195312
1 0.384375 0.332031 0.109375 0.089063
0 0.428906 0.220312 0.032813 0.025000
5 0.589844 0.756250 0.039062 0.037500
5 0.442188 0.506250 0.031250 0.040625
4 0.653906 0.696875 0.029687 0.037500
4 0.276562 0.449219 0.028125 0.020313
2 0.629687 0.270313 0.031250 0.034375
4 0.810937 0.630469 0.034375 0.032813
2 0.461719 0.107813 0.048438 0.043750
4 0.582031 0.642969 0.042188 0.042188
5 0.421875 0.314063 0.034375 0.031250
2 0.540625 0.453906 0.012500 0.017188
3 0.534375 0.564844 0.362500 0.264062
3 0.736719 0.457031 0.051562 0.067187
4 0.722656 0.332031 0.026562 0.026562
5 0.642188 0.189062 0.037500 0.037500
1 0.479687 0.608594 0.090625 0.092188
3 0.308594 0.560156 0.157812 0.157812
3 0.442969 0.217969 0.176563 0.176563
3 0.230469 0.527344 0.195312 0.135937
0 0.199219 0.714844 0.048438 0.039062
2 0.332813 0.839844 0.084375 0.089063
4 0.368750 0.083594 0.015625 0.017188
0 0.307812 0.497656 0.115625 0.101562
0 0.697656 0.399219 0.114062 0.110937
3 0.803125 0.393750 0.225000 0.168750
3 0.621875 0.702344 0.231250 0.276562
0 0.375781 0.886719 0.060937 0.054688
4 0.721094 0.433594 0.017188 0.017188
2 0.598437 0.082031 0.031250 0.032813
0 0.618750 0.669531 0.037500 0.026562
5 0.867188 0.398438 0.056250 0.068750
3 0.487500 0.385937 0.125000 0.125000
5 0.443750 0.396875 0.037500 0.034375
0 0.333594 0.712500 0.051562 0.034375
2 0.225000 0.502344 0.050000 0.039062