2 0.418750 0.513281 0.018750 0.026562
0 0.467969 0.487500 0.054688 0.050000
0 0.776563 0.689844 0.043750 0.039062
1 0.776563 0.679688 0.062500 0.068750
4 0.453906 0.251563 0.057813 0.062500
3 0.471875 0.512500 0.218750 0.268750
2 0.567969 0.228906 0.054688 0.057813
1 0.339062 0.637500 0.109375 0.153125
3 0.678906 0.244531 0.085938 0.085938
5 0.880469 0.348438 0.039062 0.040625
0 0.373437 0.143750 0.031250 0.034375
5 0.600000 0.266406 0.031250 0.029687
0 0.764062 0.405469 0.025000 0.026562
5 0.772656 0.555469 0.029687 0.032813
4 0.519531 0.432031 0.017188 0.014063
1 0.321875 0.867969 0.046875 0.042188
2 0.178125 0.559375 0.068750 0.071875
4 0.684375 0.186719 0.031250 0.029687
3 0.554688 0.621875 0.156250 0.131250
2 0.540625 0.638281 0.075000 0.060937
1 0.730469 0.744531 0.067187 0.079687
5 0.633594 0.847656 0.042188 0.042188
5 0.528125 0.821094 0.028125 0.035937
3 0.603906 0.614844 0.220312 0.198437
1 0.546875 0.754687 0.053125 0.071875
2 0.816406 0.630469 0.035937 0.029687
4 0.511719 0.757812 0.020313 0.018750
0 0.796094 0.564063 0.042188 0.050000
1 0.704688 0.270313 0.131250 0.096875
4 0.119531 0.415625 0.026562 0.021875
3 0.712500 0.259375 0.096875 0.131250
5 0.235937 0.425781 0.081250 0.064062
4 0.389844 0.475000 0.073438 0.078125
0 0.675781 0.251563 0.017188 0.012500
2 0.868750 0.478125 0.090625 0.093750
4 0.614844 0.455469 0.026562 0.023438
1 0.138281 0.647656 0.070312 0.048438
4 0.733594 0.539062 0.204687 0.250000
3 0.238281 0.280469 0.095312 0.095312
2 0.767969 0.511719 0.060937 0.064062
1 0.577344 0.663281 0.145313 0.123438
5 0.542969 0.228125 0.032813 0.031250
4 0.352344 0.857031 0.020313 0.029687
3 0.650000 0.461719 0.318750 0.285938
5 0.108594 0.546875 0.039062 0.040625
2 0.127344 0.522656 0.032813 0.032813
2 0.657031 0.742969 0.026562 0.029687
3 0.878906 0.516406 0.070312 0.070312
5 0.859375 0.475781 0.021875 0.023438
3 0.495312 0.443750 0.328125 0.290625
5 0.525781 0.676562 0.048438 0.050000
0 0.435937 0.106250 0.096875 0.096875
1 0.400781 0.640625 0.214062 0.159375
3 0.811719 0.561719 0.195312 0.182812
5 0.115625 0.572656 0.043750 0.042188
2 0.621094 0.497656 0.076563 0.064062
3 0.415625 0.543750 0.081250 0.081250
3 0.332031 0.627344 0.245312 0.270313
3 0.450000 0.431250 0.168750 0.228125
0 0.466406 0.424219 0.042188 0.045312
4 0.490625 0.495312 0.134375 0.112500