0 0.624219 0.598437 0.098437 0.096875
0 0.516406 0.679688 0.098437 0.078125
0 0.636719 0.425000 0.060937 0.053125
2 0.289844 0.774219 0.026562 0.029687
2 0.373437 0.458594 0.028125 0.023438
5 0.877344 0.703906 0.029687 0.032813
3 0.485156 0.632031 0.057813 0.089063
5 0.858594 0.614062 0.042188 0.034375
4 0.204687 0.189844 0.018750 0.020313
4 0.264062 0.457031 0.028125 0.039062
5 0.292187 0.175000 0.025000 0.025000
0 0.785937 0.421875 0.056250 0.062500
4 0.728906 0.421094 0.023438 0.023438
2 0.713281 0.230469 0.014063 0.035937
0 0.284375 0.802344 0.081250 0.092188
0 0.234375 0.635938 0.025000 0.021875
0 0.416406 0.908594 0.064062 0.060937
2 0.214844 0.539062 0.014063 0.021875
4 0.650781 0.253906 0.107813 0.123438
0 0.721875 0.233594 0.059375 0.054688
5 0.645312 0.522656 0.078125 0.076563
1 0.750781 0.703906 0.098437 0.098437
2 0.260156 0.372656 0.020313 0.023438
1 0.803906 0.433594 0.067187 0.073438
1 0.326562 0.758594 0.125000 0.132812
1 0.250000 0.497656 0.050000 0.054688
5 0.466406 0.355469 0.057813 0.057813
1 0.435937 0.597656 0.096875 0.110937
3 0.445312 0.660156 0.250000 0.267188
1 0.157031 0.596094 0.064062 0.064062
1 0.316406 0.702344 0.073438 0.073438
1 0.491406 0.610156 0.073438 0.070312
4 0.435937 0.832812 0.031250 0.031250
0 0.430469 0.416406 0.064062 0.060937
5 0.291406 0.560156 0.035937 0.029687
4 0.150781 0.507031 0.029687 0.029687
1 0.772656 0.527344 0.089063 0.110937
2 0.280469 0.717187 0.060937 0.059375
4 0.317188 0.354687 0.046875 0.053125
1 0.333594 0.737500 0.207813 0.193750
5 0.183594 0.240625 0.032813 0.034375
1 0.388281 0.308594 0.117188 0.120313
3 0.268750 0.271875 0.146875 0.146875
0 0.289844 0.348438 0.139063 0.131250
0 0.121094 0.588281 0.051562 0.042188
5 0.460938 0.163281 0.034375 0.035937
5 0.673438 0.649219 0.046875 0.042188
5 0.185156 0.766406 0.032813 0.029687
4 0.545312 0.539844 0.040625 0.032813
5 0.554688 0.556250 0.021875 0.025000
1 0.780469 0.282813 0.120313 0.087500
4 0.510156 0.867969 0.026562 0.026562
5 0.907031 0.430469 0.042188 0.045312
5 0.723437 0.667188 0.037500 0.037500
0 0.564844 0.550000 0.035937 0.031250
0 0.609375 0.481250 0.053125 0.046875
4 0.209375 0.805469 0.034375 0.029687
0 0.699219 0.727344 0.104688 0.076563
4 0.601562 0.421094 0.059375 0.054688
1 0.428125 0.148438 0.128125 0.118750
0 0.560156 0.399219 0.017188 0.014063
2 0.790625 0.647656 0.087500 0.054688
0 0.622656 0.535937 0.057813 0.043750
2 0.432031 0.190625 0.017188 0.037500
0 0.727344 0.655469 0.076563 0.076563
5 0.524219 0.566406 0.035937 0.035937
2 0.714063 0.581250 0.034375 0.034375
5 0.873437 0.390625 0.034375 0.031250