2 0.344531 0.198437 0.054688 0.059375
3 0.152344 0.694531 0.067187 0.067187
1 0.653125 0.715625 0.065625 0.071875
1 0.199219 0.275781 0.064062 0.064062
3 0.463281 0.757031 0.317188 0.251563
5 0.248438 0.285938 0.040625 0.037500
3 0.608594 0.657031 0.123438 0.123438
3 0.272656 0.438281 0.304688 0.304688
3 0.350781 0.816406 0.126562 0.126562
3 0.364063 0.684375 0.290625 0.434375
4 0.246875 0.608594 0.028125 0.023438
5 0.279687 0.300000 0.037500 0.043750
2 0.749219 0.344531 0.039062 0.032813
5 0.174219 0.407813 0.026562 0.025000
2 0.866406 0.407813 0.098437 0.090625
5 0.491406 0.622656 0.042188 0.029687
2 0.789844 0.275781 0.035937 0.042188
5 0.664844 0.367188 0.042188 0.046875
1 0.453906 0.260156 0.101562 0.104688
5 0.338281 0.864844 0.048438 0.048438
3 0.364063 0.354687 0.234375 0.234375
0 0.832812 0.517969 0.034375 0.039062
2 0.615625 0.350000 0.037500 0.031250
1 0.648438 0.599219 0.131250 0.117188
1 0.721875 0.428906 0.075000 0.064062
0 0.200781 0.277344 0.045312 0.029687
3 0.614062 0.818750 0.134375 0.134375
0 0.874219 0.581250 0.032813 0.031250
2 0.548438 0.569531 0.056250 0.057813
1 0.878125 0.422656 0.050000 0.089063
5 0.764844 0.537500 0.079687 0.056250
5 0.321875 0.658594 0.034375 0.035937
0 0.416406 0.722656 0.135937 0.135937
2 0.457813 0.774219 0.075000 0.073438
2 0.481250 0.182031 0.043750 0.051562
1 0.265625 0.260937 0.081250 0.115625
5 0.715625 0.762500 0.037500 0.031250
2 0.157031 0.589063 0.026562 0.025000
1 0.200781 0.683594 0.064062 0.051562
2 0.666406 0.258594 0.042188 0.039062
2 0.152344 0.525000 0.051562 0.043750
1 0.764062 0.604688 0.046875 0.040625
4 0.238281 0.514844 0.032813 0.029687
5 0.448437 0.438281 0.037500 0.039062
4 0.418750 0.121875 0.025000 0.025000
4 0.642188 0.707812 0.018750 0.015625
0 0.757812 0.708594 0.025000 0.023438
0 0.589063 0.687500 0.018750 0.015625
1 0.597656 0.528906 0.204687 0.189062
2 0.753125 0.550000 0.050000 0.068750
4 0.246094 0.763281 0.045312 0.042188
5 0.341406 0.734375 0.067187 0.075000
2 0.700781 0.522656 0.114062 0.089063
0 0.536719 0.897656 0.060937 0.051562
4 0.244531 0.760938 0.029687 0.028125
2 0.250781 0.226562 0.082812 0.090625
2 0.365625 0.354687 0.065625 0.062500
5 0.641406 0.785156 0.045312 0.039062
3 0.459375 0.249219 0.200000 0.289062
5 0.423438 0.473438 0.043750 0.037500
4 0.807813 0.588281 0.015625 0.020313
3 0.385937 0.752344 0.209375 0.204687
1 0.557813 0.444531 0.140625 0.139063
2 0.465625 0.266406 0.093750 0.104688
2 0.260937 0.837500 0.050000 0.037500
1 0.310937 0.339844 0.040625 0.042188
0 0.576562 0.846875 0.059375 0.056250
1 0.788281 0.546094 0.054688 0.051562
5 0.496094 0.740625 0.039062 0.040625
0 0.405469 0.275781 0.035937 0.032813
0 0.856250 0.373437 0.037500 0.025000
1 0.596094 0.780469 0.092188 0.082812
5 0.446094 0.139844 0.032813 0.032813
1 0.600000 0.697656 0.075000 0.085938
4 0.191406 0.274219 0.029687 0.023438
0 0.589063 0.360156 0.031250 0.029687
4 0.495312 0.294531 0.028125 0.026562
5 0.189844 0.432812 0.026562 0.031250
3 0.576562 0.278906 0.306250 0.401562
0 0.277344 0.585938 0.042188 0.056250
4 0.522656 0.132031 0.023438 0.020313
0 0.659375 0.232031 0.115625 0.120313
3 0.475781 0.600781 0.104688 0.104688
3 0.722656 0.628906 0.117188 0.117188
4 0.534375 0.667969 0.050000 0.045312
4 0.624219 0.849219 0.026562 0.020313
3 0.782031 0.571094 0.148438 0.148438
2 0.717187 0.598437 0.018750 0.018750
3 0.296094 0.785156 0.085938 0.085938
4 0.720313 0.867969 0.028125 0.032813
4 0.161719 0.658594 0.023438 0.023438
4 0.200000 0.472656 0.040625 0.032813
4 0.143750 0.697656 0.043750 0.054688
2 0.528906 0.348438 0.057813 0.062500
5 0.310937 0.385156 0.040625 0.048438
4 0.436719 0.279687 0.032813 0.040625
1 0.769531 0.460938 0.264062 0.209375
1 0.379688 0.162500 0.134375 0.159375
0 0.369531 0.607031 0.023438 0.023438
5 0.344531 0.738281 0.035937 0.032813
2 0.657031 0.782031 0.192188 0.142187
2 0.906250 0.518750 0.034375 0.028125
3 0.552344 0.235156 0.120313 0.120313
0 0.454688 0.797656 0.031250 0.029687
2 0.413281 0.680469 0.117188 0.126562
0 0.835156 0.421094 0.110937 0.110937
3 0.740625 0.566406 0.259375 0.264062
4 0.085938 0.522656 0.015625 0.014063
0 0.676562 0.484375 0.096875 0.090625
4 0.828125 0.578125 0.040625 0.037500
2 0.402344 0.449219 0.035937 0.032813
4 0.754687 0.481250 0.121875 0.121875
1 0.464062 0.227344 0.071875 0.067187
3 0.573438 0.170313 0.090625 0.090625
0 0.409375 0.713281 0.062500 0.054688
4 0.880469 0.599219 0.095312 0.082812
0 0.430469 0.763281 0.039062 0.051562
5 0.917188 0.468750 0.034375 0.031250
1 0.535937 0.449219 0.131250 0.157812
1 0.385937 0.542969 0.065625 0.060937
5 0.773438 0.839844 0.028125 0.026562
0 0.468750 0.522656 0.106250 0.092188
0 0.328906 0.813281 0.054688 0.042188
5 0.749219 0.642188 0.073438 0.090625
4 0.119531 0.284375 0.014063 0.015625
1 0.802344 0.618750 0.070312 0.065625
5 0.346875 0.537500 0.021875 0.025000
3 0.275000 0.285156 0.175000 0.176563
0 0.244531 0.623437 0.060937 0.053125
2 0.462500 0.635938 0.025000 0.025000
3 0.756250 0.722656 0.087500 0.060937
3 0.527344 0.600781 0.223438 0.167187
5 0.641406 0.875781 0.045312 0.035937
2 0.480469 0.695312 0.032813 0.034375
0 0.457813 0.822656 0.056250 0.073438
4 0.411719 0.318750 0.051562 0.059375
5 0.574219 0.835938 0.039062 0.031250
1 0.290625 0.748437 0.043750 0.043750
4 0.241406 0.736719 0.107813 0.107813
4 0.242969 0.221875 0.089063 0.078125
5 0.514844 0.843750 0.054688 0.053125
5 0.371875 0.162500 0.040625 0.043750
1 0.882031 0.646094 0.067187 0.048438