0 0.496875 0.180469 0.050000 0.035937
0 0.585156 0.459375 0.114062 0.106250
4 0.384375 0.301563 0.043750 0.034375
3 0.499219 0.416406 0.114062 0.114062
1 0.453906 0.313281 0.210938 0.201563
1 0.249219 0.325781 0.082812 0.092188
1 0.716406 0.441406 0.079687 0.114062
1 0.560156 0.803125 0.092188 0.106250
1 0.730469 0.567187 0.064062 0.056250
5 0.285156 0.763281 0.042188 0.035937
4 0.667969 0.132031 0.023438 0.029687
2 0.471875 0.201563 0.090625 0.090625
4 0.598437 0.317969 0.053125 0.051562
2 0.652344 0.308594 0.182812 0.210938
2 0.723437 0.730469 0.037500 0.023438
5 0.274219 0.441406 0.039062 0.035937
1 0.192969 0.423438 0.064062 0.056250
0 0.516406 0.092188 0.054688 0.043750
5 0.847656 0.732031 0.039062 0.048438
1 0.733594 0.258594 0.057813 0.048438
5 0.768750 0.745313 0.050000 0.050000
5 0.704688 0.721875 0.046875 0.040625
5 0.896094 0.560156 0.101562 0.101562
4 0.407813 0.400000 0.059375 0.025000
4 0.771094 0.563281 0.020313 0.014063
2 0.659375 0.696094 0.028125 0.032813
1 0.696875 0.350000 0.137500 0.137500
1 0.428125 0.619531 0.075000 0.070312
1 0.471875 0.744531 0.168750 0.142187
1 0.740625 0.792969 0.056250 0.051562
4 0.465625 0.292187 0.046875 0.046875
0 0.905469 0.425781 0.076563 0.064062
2 0.200781 0.600000 0.035937 0.034375
4 0.577344 0.385937 0.020313 0.025000
3 0.427344 0.849219 0.092188 0.092188
4 0.842187 0.418750 0.043750 0.040625
1 0.558594 0.774219 0.085938 0.079687
0 0.619531 0.178125 0.054688 0.046875
4 0.816406 0.551562 0.039062 0.031250
4 0.435156 0.558594 0.045312 0.067187
2 0.442188 0.557031 0.046875 0.054688
2 0.281250 0.726562 0.040625 0.040625
4 0.628906 0.260937 0.051562 0.050000
1 0.896875 0.486719 0.084375 0.070312
4 0.433594 0.720313 0.114062 0.103125
3 0.895312 0.526563 0.100000 0.100000
0 0.645312 0.739844 0.109375 0.104688
4 0.788281 0.578125 0.254688 0.243750
2 0.573438 0.504687 0.034375 0.043750
4 0.409375 0.459375 0.028125 0.025000
0 0.208594 0.377344 0.067187 0.054688
4 0.536719 0.556250 0.026562 0.028125
5 0.678125 0.807813 0.046875 0.046875
4 0.672656 0.838281 0.079687 0.079687
3 0.457813 0.757031 0.128125 0.067187
4 0.785937 0.219531 0.018750 0.020313
2 0.695312 0.864844 0.025000 0.023438
5 0.560156 0.360938 0.029687 0.034375
2 0.564063 0.265625 0.053125 0.059375
2 0.439063 0.867188 0.053125 0.043750
4 0.496875 0.902344 0.028125 0.026562
2 0.355469 0.332031 0.042188 0.039062
1 0.442969 0.572656 0.079687 0.067187
3 0.464844 0.569531 0.098437 0.098437
1 0.307812 0.164844 0.078125 0.098437
1 0.839844 0.503125 0.110937 0.140625
2 0.607031 0.085938 0.020313 0.018750
2 0.327344 0.670312 0.079687 0.078125
1 0.794531 0.722656 0.110937 0.110937
5 0.541406 0.348438 0.023438 0.028125
5 0.804688 0.600781 0.031250 0.026562
3 0.565625 0.778906 0.212500 0.260937
3 0.436719 0.335156 0.214062 0.176563
0 0.388281 0.432031 0.067187 0.057813
3 0.796094 0.334375 0.120313 0.100000
5 0.292969 0.342969 0.032813 0.045312
0 0.595313 0.732031 0.037500 0.035937
1 0.431250 0.634375 0.143750 0.156250
1 0.570312 0.146094 0.071875 0.098437
5 0.201563 0.794531 0.034375 0.029687
3 0.336719 0.574219 0.345313 0.254688
3 0.500000 0.432812 0.137500 0.137500
5 0.547656 0.392969 0.054688 0.054688
1 0.348438 0.461719 0.168750 0.176563
2 0.405469 0.623437 0.045312 0.037500
4 0.822656 0.529687 0.120313 0.131250
0 0.718750 0.285938 0.031250 0.028125
2 0.645312 0.142187 0.050000 0.056250
3 0.693750 0.596875 0.318750 0.346875
3 0.482031 0.489844 0.326562 0.307812
4 0.447656 0.203125 0.029687 0.028125
0 0.397656 0.672656 0.114062 0.164062
5 0.208594 0.478906 0.032813 0.032813
2 0.485938 0.802344 0.031250 0.042188
5 0.260156 0.271094 0.035937 0.032813
4 0.122656 0.652344 0.020313 0.026562
1 0.814844 0.435156 0.098437 0.123438
2 0.557031 0.440625 0.029687 0.034375
2 0.408594 0.813281 0.032813 0.035937
0 0.075781 0.452344 0.032813 0.029687
5 0.419531 0.199219 0.045312 0.045312
0 0.484375 0.589063 0.096875 0.100000
4 0.776563 0.792188 0.025000 0.028125
2 0.468750 0.174219 0.050000 0.054688
1 0.247656 0.392188 0.076563 0.062500
3 0.505469 0.291406 0.070312 0.067187
0 0.337500 0.249219 0.106250 0.107813
3 0.587500 0.407813 0.153125 0.184375
3 0.865625 0.437500 0.034375 0.087500
5 0.767969 0.298438 0.045312 0.037500
3 0.186719 0.707031 0.082812 0.098437
1 0.474219 0.400000 0.120313 0.125000
2 0.531250 0.617969 0.040625 0.051562
5 0.705469 0.526563 0.039062 0.040625
4 0.835938 0.471875 0.031250 0.037500
3 0.298438 0.390625 0.068750 0.037500
0 0.420312 0.607812 0.084375 0.078125
1 0.596875 0.837500 0.090625 0.075000
0 0.348438 0.475781 0.034375 0.032813
0 0.584375 0.571094 0.043750 0.035937
0 0.462500 0.901563 0.040625 0.043750
0 0.244531 0.210938 0.051562 0.040625
5 0.270313 0.262500 0.046875 0.037500
2 0.815625 0.578906 0.056250 0.048438
0 0.753906 0.432031 0.082812 0.067187
4 0.814063 0.678125 0.018750 0.015625
1 0.837500 0.358594 0.115625 0.101562
0 0.460938 0.764062 0.062500 0.059375
0 0.392969 0.658594 0.114062 0.107813
0 0.262500 0.564844 0.100000 0.098437
4 0.789844 0.775781 0.073438 0.060937
5 0.496094 0.624219 0.057813 0.054688
4 0.775781 0.720313 0.092188 0.093750
4 0.743750 0.756250 0.093750 0.056250
2 0.720313 0.761719 0.059375 0.042188
5 0.885938 0.582031 0.053125 0.051562
0 0.714063 0.577344 0.115625 0.101562
0 0.507812 0.285156 0.087500 0.089063