0 0.217188 0.208594 0.034375 0.029687
3 0.758594 0.596094 0.098437 0.098437
2 0.712500 0.544531 0.046875 0.064062
5 0.483594 0.714063 0.029687 0.037500
4 0.109375 0.433594 0.021875 0.020313
0 0.420312 0.582031 0.096875 0.092188
3 0.626563 0.468750 0.184375 0.137500
0 0.432031 0.188281 0.054688 0.073438
0 0.634375 0.153906 0.040625 0.035937
2 0.467187 0.691406 0.043750 0.070312
1 0.613281 0.209375 0.148438 0.146875
3 0.753125 0.649219 0.287500 0.245312
1 0.475000 0.431250 0.100000 0.087500
0 0.501563 0.446875 0.075000 0.090625
0 0.230469 0.442188 0.042188 0.040625
5 0.521094 0.882031 0.045312 0.045312
1 0.725000 0.529687 0.140625 0.125000
4 0.459375 0.172656 0.025000 0.023438
0 0.350781 0.704688 0.139063 0.134375
0 0.455469 0.462500 0.032813 0.025000
5 0.264062 0.717969 0.031250 0.029687
1 0.377344 0.835156 0.101562 0.101562
4 0.413281 0.474219 0.020313 0.010937
5 0.732812 0.300781 0.037500 0.051562
5 0.282031 0.346094 0.064062 0.057813
4 0.503906 0.250000 0.020313 0.025000
3 0.365625 0.196094 0.162500 0.210938
1 0.781250 0.514844 0.087500 0.076563
2 0.325781 0.169531 0.045312 0.054688
1 0.463281 0.503906 0.079687 0.089063
3 0.389844 0.846875 0.110937 0.081250
2 0.384375 0.840625 0.112500 0.071875
4 0.200781 0.453906 0.079687 0.076563
1 0.616406 0.769531 0.089063 0.098437
2 0.146094 0.759375 0.014063 0.018750
4 0.467969 0.860156 0.057813 0.048438
5 0.368750 0.650000 0.018750 0.025000
3 0.371094 0.393750 0.210938 0.206250
4 0.475781 0.314063 0.067187 0.075000
5 0.302344 0.417969 0.029687 0.029687
0 0.503906 0.385156 0.048438 0.042188
4 0.836719 0.318750 0.039062 0.037500
5 0.160938 0.667969 0.046875 0.045312
1 0.801562 0.754687 0.056250 0.053125
4 0.249219 0.674219 0.114062 0.067187
2 0.467187 0.716406 0.034375 0.029687
4 0.370312 0.221094 0.018750 0.023438
5 0.425781 0.084375 0.042188 0.040625
2 0.710938 0.779687 0.034375 0.040625
3 0.403125 0.413281 0.293750 0.364063
2 0.665625 0.240625 0.084375 0.068750
4 0.528906 0.749219 0.179688 0.201563
4 0.810156 0.358594 0.151562 0.154688
1 0.711719 0.445312 0.139063 0.165625
4 0.347656 0.349219 0.085938 0.132812
1 0.551562 0.695312 0.046875 0.043750
4 0.473438 0.592969 0.018750 0.026562
3 0.555469 0.882031 0.120313 0.120313
4 0.205469 0.771094 0.017188 0.029687
5 0.848437 0.403125 0.037500 0.046875
3 0.639062 0.261719 0.040625 0.042188
4 0.232813 0.459375 0.043750 0.043750
3 0.403906 0.489063 0.107813 0.078125
2 0.428906 0.596875 0.042188 0.037500
2 0.850000 0.647656 0.043750 0.039062
2 0.463281 0.113281 0.029687 0.039062
5 0.537500 0.096094 0.028125 0.026562
0 0.728125 0.212500 0.137500 0.134375
2 0.793750 0.794531 0.050000 0.045312
5 0.746875 0.243750 0.046875 0.046875
0 0.299219 0.225781 0.048438 0.051562
4 0.761719 0.618750 0.070312 0.046875
0 0.739844 0.177344 0.051562 0.051562
1 0.599219 0.153125 0.057813 0.053125
5 0.464844 0.883594 0.023438 0.026562
1 0.119531 0.540625 0.051562 0.050000
5 0.752344 0.660937 0.026562 0.028125
0 0.307812 0.186719 0.090625 0.110937
1 0.092969 0.488281 0.039062 0.054688
1 0.528906 0.508594 0.223438 0.214062
1 0.345313 0.759375 0.059375 0.053125
5 0.465625 0.277344 0.040625 0.042188
0 0.352344 0.186719 0.064062 0.054688
2 0.087500 0.378906 0.025000 0.029687
2 0.798438 0.208594 0.028125 0.023438
2 0.621875 0.578125 0.037500 0.031250
2 0.853125 0.457031 0.031250 0.032813
0 0.146094 0.410938 0.039062 0.031250
4 0.275781 0.735938 0.017188 0.018750
5 0.926562 0.530469 0.043750 0.045312
1 0.567187 0.218750 0.081250 0.071875
4 0.377344 0.457031 0.051562 0.042188
5 0.461719 0.432031 0.051562 0.060937
2 0.682031 0.191406 0.064062 0.064062
2 0.348438 0.628906 0.075000 0.070312
5 0.753906 0.706250 0.035937 0.031250
2 0.631250 0.289844 0.065625 0.054688
2 0.345313 0.739062 0.040625 0.078125
3 0.492969 0.914844 0.067187 0.067187
3 0.582812 0.657813 0.103125 0.103125
5 0.234375 0.580469 0.046875 0.045312
1 0.252344 0.507812 0.104688 0.115625
5 0.542188 0.907813 0.040625 0.037500
4 0.906250 0.539844 0.046875 0.060937
1 0.549219 0.391406 0.110937 0.089063
4 0.284375 0.569531 0.037500 0.032813
2 0.607812 0.681250 0.053125 0.056250
3 0.345313 0.659375 0.415625 0.406250
4 0.491406 0.357031 0.032813 0.020313
3 0.332031 0.582031 0.326562 0.367188
5 0.525781 0.816406 0.045312 0.045312
0 0.438281 0.438281 0.048438 0.039062
5 0.768750 0.709375 0.034375 0.056250
2 0.665625 0.648438 0.046875 0.040625
1 0.528125 0.482812 0.068750 0.084375
2 0.568750 0.217969 0.043750 0.042188
3 0.525000 0.645312 0.090625 0.068750
2 0.532813 0.823438 0.034375 0.028125
0 0.414062 0.610938 0.106250 0.121875
2 0.397656 0.840625 0.042188 0.040625
0 0.505469 0.718750 0.132812 0.143750