5 0.100000 0.562500 0.034375 0.037500
3 0.705469 0.625781 0.101562 0.101562
2 0.588281 0.321875 0.060937 0.053125
1 0.902344 0.439844 0.045312 0.045312
1 0.552344 0.865625 0.089063 0.084375
2 0.264844 0.480469 0.020313 0.023438
3 0.539844 0.183594 0.114062 0.114062
5 0.515625 0.188281 0.025000 0.020313
5 0.360156 0.425000 0.057813 0.053125
4 0.455469 0.469531 0.082812 0.095312
5 0.499219 0.766406 0.057813 0.054688
4 0.097656 0.413281 0.060937 0.051562
1 0.571875 0.584375 0.059375 0.053125
0 0.278125 0.442188 0.084375 0.081250
5 0.775000 0.578125 0.046875 0.046875
2 0.439844 0.877344 0.067187 0.051562
1 0.692187 0.706250 0.071875 0.084375
5 0.585156 0.246094 0.042188 0.045312
3 0.718750 0.439063 0.278125 0.281250
1 0.563281 0.776563 0.126562 0.109375
5 0.450000 0.092969 0.031250 0.042188
0 0.104688 0.528906 0.059375 0.060937
0 0.752344 0.498437 0.029687 0.034375
2 0.353125 0.190625 0.025000 0.021875
4 0.236719 0.374219 0.020313 0.017188
2 0.424219 0.789844 0.020313 0.014063
1 0.567969 0.460156 0.101562 0.079687
0 0.536719 0.326562 0.051562 0.043750
4 0.492969 0.514062 0.048438 0.028125
2 0.274219 0.724219 0.057813 0.051562
5 0.413281 0.674219 0.026562 0.032813
4 0.538281 0.558594 0.017188 0.020313
3 0.532813 0.235156 0.290625 0.251563
4 0.474219 0.428906 0.079687 0.067187
1 0.682031 0.550000 0.126562 0.100000
3 0.746094 0.761719 0.085938 0.085938
4 0.141406 0.511719 0.035937 0.042188
5 0.632031 0.425781 0.035937 0.042188
1 0.138281 0.539062 0.045312 0.050000
1 0.575781 0.325781 0.073438 0.079687
0 0.425000 0.296094 0.046875 0.042188
5 0.582031 0.208594 0.045312 0.035937
2 0.441406 0.821094 0.026562 0.026562
3 0.192188 0.507812 0.103125 0.078125
0 0.597656 0.451562 0.067187 0.059375
0 0.146875 0.597656 0.140625 0.148438
1 0.495312 0.732812 0.071875 0.071875
2 0.329688 0.121094 0.046875 0.042188
2 0.748437 0.525000 0.034375 0.050000
0 0.417969 0.127344 0.079687 0.057813
3 0.646094 0.135156 0.085938 0.085938
5 0.541406 0.908594 0.035937 0.035937
3 0.541406 0.469531 0.351562 0.292187
1 0.287500 0.556250 0.153125 0.150000
2 0.511719 0.271094 0.014063 0.020313
1 0.154688 0.691406 0.087500 0.057813
0 0.693750 0.234375 0.131250 0.118750
0 0.266406 0.341406 0.026562 0.026562
1 0.596875 0.494531 0.068750 0.057813
5 0.457813 0.779687 0.034375 0.037500
4 0.821875 0.589844 0.025000 0.023438
3 0.825781 0.552344 0.098437 0.098437
2 0.717969 0.525000 0.232813 0.196875
2 0.491406 0.273438 0.129688 0.162500
0 0.269531 0.455469 0.067187 0.054688
1 0.290625 0.803125 0.096875 0.093750