5 0.288281 0.670312 0.032813 0.031250
2 0.296094 0.346875 0.039062 0.053125
4 0.918750 0.535156 0.025000 0.020313
2 0.784375 0.363281 0.021875 0.026562
2 0.707812 0.642969 0.037500 0.035937
3 0.582031 0.846094 0.073438 0.073438
1 0.736719 0.668750 0.051562 0.046875
0 0.604688 0.870313 0.115625 0.109375
2 0.684375 0.263281 0.050000 0.048438
3 0.678906 0.185156 0.032813 0.032813
0 0.503125 0.480469 0.031250 0.035937
1 0.312500 0.841406 0.078125 0.104688
2 0.725781 0.469531 0.020313 0.017188
1 0.609375 0.800781 0.043750 0.057813
1 0.832031 0.284375 0.076563 0.068750
1 0.631250 0.656250 0.071875 0.068750
4 0.659375 0.816406 0.021875 0.017188
1 0.557813 0.902344 0.087500 0.079687
1 0.824219 0.570312 0.045312 0.043750
4 0.220312 0.675781 0.025000 0.026562
4 0.800000 0.417969 0.140625 0.107813
5 0.817969 0.412500 0.064062 0.062500
1 0.285938 0.271094 0.181250 0.160938
1 0.407031 0.430469 0.076563 0.048438
2 0.722656 0.567969 0.070312 0.042188
5 0.204687 0.703906 0.034375 0.035937
3 0.525000 0.300781 0.175000 0.229687
0 0.412500 0.353906 0.059375 0.051562
0 0.267188 0.542969 0.043750 0.042188
0 0.215625 0.357031 0.028125 0.026562
4 0.692187 0.583594 0.231250 0.217188
2 0.775000 0.510938 0.059375 0.075000
0 0.645312 0.300000 0.028125 0.040625
4 0.632812 0.793750 0.087500 0.078125
3 0.521094 0.302344 0.360938 0.220312
2 0.510938 0.835156 0.025000 0.032813
1 0.648438 0.825000 0.071875 0.059375
4 0.865625 0.376563 0.018750 0.018750
4 0.368750 0.704688 0.065625 0.084375
4 0.556250 0.696094 0.021875 0.023438
1 0.892969 0.592187 0.064062 0.068750
2 0.171094 0.544531 0.060937 0.070312
3 0.644531 0.239063 0.201563 0.200000
1 0.700781 0.511719 0.114062 0.129688
3 0.792969 0.430469 0.185938 0.185938
2 0.511719 0.241406 0.026562 0.026562
5 0.202344 0.747656 0.042188 0.051562
1 0.627344 0.502344 0.085938 0.101562
4 0.776563 0.775000 0.056250 0.056250
2 0.592187 0.133594 0.046875 0.039062
0 0.551562 0.539844 0.071875 0.064062
4 0.794531 0.332031 0.032813 0.035937
1 0.742969 0.542188 0.089063 0.075000
3 0.332031 0.479687 0.107813 0.150000
1 0.278125 0.318750 0.093750 0.084375
4 0.564844 0.627344 0.026562 0.020313
5 0.141406 0.606250 0.042188 0.037500
5 0.679688 0.266406 0.040625 0.039062
3 0.648438 0.426563 0.259375 0.259375
0 0.237500 0.603906 0.137500 0.132812
3 0.548438 0.812500 0.093750 0.093750
4 0.690625 0.389062 0.056250 0.050000
3 0.478906 0.733594 0.151562 0.151562
2 0.197656 0.521875 0.035937 0.046875
5 0.615625 0.782813 0.025000 0.031250
5 0.407031 0.228906 0.026562 0.026562
0 0.316406 0.242969 0.039062 0.042188
0 0.789062 0.728906 0.071875 0.079687
0 0.325781 0.443750 0.032813 0.028125
0 0.522656 0.475781 0.129688 0.117188
2 0.769531 0.692187 0.067187 0.050000
4 0.359375 0.833594 0.018750 0.020313
1 0.595313 0.317188 0.106250 0.131250
5 0.139063 0.309375 0.037500 0.034375
4 0.613281 0.663281 0.017188 0.023438
3 0.539844 0.305469 0.120313 0.120313
1 0.275000 0.227344 0.084375 0.082812
4 0.516406 0.538281 0.023438 0.029687
1 0.839844 0.650781 0.095312 0.117188
2 0.242969 0.503906 0.067187 0.079687
3 0.497656 0.164062 0.135937 0.165625
2 0.428906 0.653906 0.042188 0.039062
4 0.200781 0.403125 0.014063 0.015625
0 0.560937 0.848437 0.062500 0.056250
1 0.847656 0.682813 0.042188 0.062500
1 0.118750 0.617188 0.046875 0.050000
2 0.112500 0.425000 0.093750 0.087500
2 0.316406 0.709375 0.020313 0.034375
1 0.434375 0.388281 0.059375 0.057813
4 0.916406 0.621094 0.029687 0.023438
0 0.282813 0.296094 0.046875 0.045312
2 0.432812 0.107813 0.037500 0.034375
0 0.747656 0.189062 0.051562 0.050000
5 0.203906 0.791406 0.023438 0.029687
2 0.645312 0.717187 0.078125 0.062500
0 0.474219 0.277344 0.039062 0.035937
3 0.193750 0.448437 0.093750 0.093750
0 0.625000 0.595313 0.071875 0.071875
3 0.705469 0.746094 0.054688 0.085938
3 0.562500 0.232813 0.290625 0.218750
1 0.733594 0.165625 0.064062 0.056250
2 0.237500 0.667969 0.053125 0.054688
2 0.346875 0.411719 0.040625 0.048438
0 0.650781 0.606250 0.057813 0.062500
4 0.573438 0.670312 0.050000 0.037500
0 0.721094 0.167187 0.045312 0.040625
1 0.669531 0.376563 0.089063 0.078125
4 0.846875 0.596875 0.028125 0.025000
4 0.845313 0.235937 0.025000 0.028125
4 0.142187 0.400000 0.093750 0.078125
3 0.585156 0.805469 0.098437 0.098437
0 0.254688 0.210938 0.034375 0.031250
5 0.473438 0.102344 0.053125 0.051562
5 0.179688 0.476562 0.043750 0.037500
3 0.368750 0.502344 0.350000 0.273438
3 0.517188 0.708594 0.209375 0.195312
2 0.166406 0.559375 0.057813 0.053125
2 0.896875 0.603125 0.046875 0.037500
5 0.650781 0.710938 0.035937 0.037500
1 0.259375 0.786719 0.106250 0.104688
4 0.259375 0.258594 0.015625 0.020313
0 0.239063 0.574219 0.137500 0.126562
2 0.424219 0.260937 0.042188 0.034375
2 0.380469 0.088281 0.035937 0.032813
3 0.508594 0.675781 0.042188 0.042188
4 0.364063 0.187500 0.028125 0.028125
2 0.292969 0.792188 0.085938 0.153125
2 0.615625 0.138281 0.021875 0.023438
1 0.175000 0.633594 0.071875 0.073438
0 0.658594 0.759375 0.117188 0.109375
0 0.422656 0.713281 0.051562 0.045312
4 0.657031 0.660156 0.020313 0.020313
5 0.774219 0.580469 0.039062 0.039062
4 0.646094 0.559375 0.032813 0.034375
1 0.347656 0.378125 0.060937 0.062500
4 0.505469 0.657031 0.032813 0.026562
5 0.254688 0.761719 0.050000 0.042188
0 0.354687 0.172656 0.071875 0.060937
4 0.149219 0.471094 0.023438 0.026562
4 0.640625 0.542969 0.209375 0.232813
0 0.514062 0.145313 0.031250 0.031250
2 0.789844 0.404687 0.032813 0.031250
5 0.578906 0.696094 0.054688 0.057813
4 0.655469 0.128125 0.032813 0.034375
1 0.720313 0.168750 0.068750 0.065625
5 0.346094 0.242969 0.045312 0.042188
3 0.590625 0.712500 0.156250 0.156250
3 0.310937 0.462500 0.146875 0.146875