0 0.472656 0.531250 0.045312 0.043750
3 0.521094 0.859375 0.082812 0.062500
0 0.599219 0.495312 0.073438 0.043750
1 0.332813 0.839844 0.025000 0.032813
3 0.596094 0.427344 0.110937 0.129688
0 0.242188 0.309375 0.075000 0.075000
0 0.418750 0.757812 0.040625 0.043750
1 0.670312 0.637500 0.043750 0.043750
0 0.482812 0.154688 0.043750 0.037500
1 0.277344 0.301563 0.129688 0.131250
3 0.605469 0.339844 0.285938 0.226562
5 0.268750 0.821875 0.050000 0.034375
0 0.307031 0.782813 0.057813 0.046875
2 0.715625 0.303125 0.062500 0.065625
3 0.811719 0.721094 0.117188 0.110937
1 0.501563 0.693750 0.090625 0.100000
5 0.848437 0.538281 0.037500 0.051562
0 0.566406 0.200000 0.045312 0.040625
2 0.385156 0.257812 0.035937 0.034375
0 0.797656 0.726562 0.029687 0.025000
0 0.857812 0.388281 0.031250 0.026562
3 0.582031 0.439063 0.476562 0.453125
3 0.542188 0.236719 0.125000 0.123438
2 0.603906 0.384375 0.032813 0.028125
2 0.496094 0.228906 0.048438 0.039062
4 0.509375 0.167969 0.128125 0.129688
0 0.271875 0.759375 0.059375 0.075000
1 0.810156 0.306250 0.114062 0.087500
4 0.555469 0.202344 0.035937 0.039062
4 0.160938 0.685156 0.028125 0.014063
2 0.641406 0.364844 0.226562 0.207813
0 0.532813 0.300000 0.103125 0.115625
2 0.247656 0.571875 0.054688 0.065625
1 0.263281 0.584375 0.104688 0.137500
0 0.541406 0.695312 0.085938 0.071875
4 0.387500 0.772656 0.043750 0.064062
3 0.417187 0.800000 0.084375 0.084375
3 0.892969 0.497656 0.079687 0.079687
4 0.396875 0.268750 0.021875 0.021875
1 0.448437 0.253125 0.109375 0.125000
1 0.860938 0.425781 0.106250 0.085938
2 0.455469 0.564844 0.092188 0.076563
5 0.678906 0.721094 0.029687 0.039062
5 0.750781 0.183594 0.045312 0.042188
2 0.519531 0.681250 0.042188 0.037500
2 0.650000 0.201563 0.037500 0.034375
0 0.457031 0.225781 0.039062 0.048438
4 0.476562 0.484375 0.018750 0.028125
5 0.654687 0.210156 0.025000 0.026562
5 0.632031 0.239844 0.045312 0.039062
0 0.910156 0.410156 0.035937 0.026562
4 0.789062 0.608594 0.075000 0.070312
2 0.631250 0.822656 0.012500 0.017188
4 0.458594 0.672656 0.029687 0.032813
1 0.193750 0.411719 0.059375 0.045312
5 0.339844 0.450781 0.045312 0.045312
1 0.555469 0.529687 0.045312 0.040625
4 0.357031 0.182812 0.014063 0.021875
3 0.488281 0.260156 0.151562 0.151562
5 0.714063 0.785156 0.059375 0.054688
0 0.425781 0.685156 0.032813 0.032813
0 0.464844 0.285156 0.032813 0.029687
3 0.542969 0.252344 0.279687 0.226562
1 0.329688 0.605469 0.100000 0.101562
3 0.497656 0.225781 0.201563 0.223438
1 0.477344 0.632031 0.123438 0.135937
2 0.645312 0.503906 0.050000 0.048438
1 0.746094 0.275000 0.145313 0.159375
1 0.839063 0.614062 0.056250 0.068750
1 0.628906 0.207031 0.054688 0.064062
3 0.389062 0.551562 0.128125 0.128125
2 0.449219 0.114844 0.045312 0.039062
1 0.445312 0.757812 0.056250 0.059375
5 0.425000 0.832031 0.034375 0.045312
4 0.917969 0.570312 0.017188 0.025000
1 0.098437 0.551562 0.065625 0.062500
1 0.370312 0.292969 0.106250 0.076563
0 0.489844 0.569531 0.026562 0.026562
3 0.400781 0.822656 0.104688 0.104688
4 0.621875 0.901563 0.021875 0.021875
0 0.507031 0.876563 0.098437 0.100000
1 0.557031 0.550000 0.060937 0.056250
4 0.744531 0.663281 0.020313 0.020313
5 0.473438 0.400781 0.056250 0.048438
2 0.747656 0.307812 0.064062 0.053125
2 0.617969 0.477344 0.023438 0.023438
1 0.280469 0.625781 0.035937 0.032813
3 0.791406 0.478906 0.092188 0.092188
4 0.095312 0.467969 0.078125 0.073438
4 0.407813 0.399219 0.021875 0.017188
5 0.246094 0.486719 0.045312 0.045312
5 0.696875 0.142187 0.028125 0.031250
4 0.544531 0.322656 0.014063 0.014063
2 0.873437 0.448437 0.040625 0.034375
5 0.853906 0.400781 0.042188 0.054688
5 0.838281 0.489844 0.032813 0.039062
4 0.700000 0.401562 0.050000 0.043750
4 0.237500 0.332031 0.021875 0.023438
3 0.407813 0.614062 0.081250 0.081250
3 0.377344 0.734375 0.270313 0.215625
2 0.342969 0.239844 0.026562 0.035937
0 0.395313 0.704688 0.071875 0.059375
5 0.356250 0.705469 0.040625 0.039062
4 0.117188 0.353906 0.056250 0.051562
5 0.334375 0.740625 0.034375 0.034375
5 0.395313 0.146875 0.050000 0.050000
4 0.467187 0.474219 0.059375 0.064062
1 0.264844 0.489063 0.085938 0.090625
3 0.403125 0.697656 0.300000 0.257812
5 0.276562 0.317188 0.053125 0.056250
4 0.527344 0.377344 0.017188 0.026562
0 0.462500 0.188281 0.056250 0.051562
1 0.250000 0.642969 0.193750 0.148438
1 0.551562 0.918750 0.050000 0.043750
2 0.422656 0.730469 0.042188 0.048438
2 0.199219 0.696094 0.023438 0.023438
4 0.654687 0.240625 0.075000 0.081250
1 0.634375 0.327344 0.040625 0.042188
3 0.765625 0.598437 0.115625 0.115625
4 0.322656 0.450000 0.035937 0.031250
1 0.421094 0.683594 0.032813 0.051562
5 0.384375 0.189062 0.062500 0.062500
5 0.477344 0.817969 0.051562 0.051562
5 0.257812 0.359375 0.043750 0.040625
4 0.638281 0.274219 0.029687 0.029687
1 0.378125 0.286719 0.046875 0.051562
1 0.206250 0.696875 0.121875 0.118750
4 0.420312 0.247656 0.096875 0.107813
0 0.474219 0.794531 0.026562 0.023438
0 0.507031 0.129688 0.079687 0.075000
0 0.541406 0.503906 0.054688 0.051562
0 0.843750 0.428125 0.037500 0.040625
2 0.275781 0.782813 0.064062 0.062500
2 0.656250 0.784375 0.031250 0.031250
3 0.542188 0.535937 0.143750 0.143750
3 0.589844 0.844531 0.132812 0.132812
4 0.314844 0.500781 0.051562 0.054688
5 0.396875 0.432031 0.040625 0.045312