2 0.755469 0.826562 0.042188 0.034375
1 0.530469 0.482031 0.192188 0.157812
3 0.508594 0.740625 0.076563 0.087500
5 0.166406 0.539844 0.017188 0.020313
4 0.358594 0.515625 0.067187 0.068750
2 0.581250 0.366406 0.106250 0.120313
5 0.724219 0.373437 0.026562 0.021875
5 0.769531 0.414062 0.029687 0.031250
3 0.363281 0.799219 0.120313 0.120313
2 0.353125 0.679688 0.087500 0.084375
5 0.779687 0.461719 0.028125 0.026562
5 0.316406 0.602344 0.048438 0.048438
3 0.868750 0.453125 0.100000 0.100000
1 0.322656 0.217188 0.120313 0.109375
1 0.446094 0.726562 0.048438 0.037500
2 0.594531 0.696094 0.245312 0.232813
3 0.235937 0.376563 0.109375 0.109375
5 0.504687 0.750781 0.050000 0.054688
5 0.445312 0.732812 0.025000 0.018750
5 0.658594 0.725781 0.042188 0.048438
4 0.397656 0.203125 0.026562 0.028125
4 0.198437 0.767188 0.040625 0.043750
5 0.798438 0.510156 0.053125 0.045312
3 0.287500 0.551562 0.046875 0.046875
2 0.878125 0.632812 0.028125 0.025000
1 0.457813 0.122656 0.093750 0.135937
3 0.250781 0.557031 0.095312 0.095312
2 0.671875 0.883594 0.043750 0.048438
5 0.185156 0.608594 0.026562 0.023438
3 0.177344 0.575781 0.117188 0.117188
3 0.639062 0.347656 0.287500 0.214062
1 0.471875 0.239844 0.156250 0.101562
4 0.878906 0.518750 0.017188 0.018750
2 0.742969 0.704688 0.073438 0.078125
2 0.346094 0.296094 0.017188 0.014063
3 0.572656 0.549219 0.067187 0.067187
1 0.671875 0.101562 0.015625 0.012500
2 0.844531 0.311719 0.029687 0.032813
2 0.656250 0.768750 0.075000 0.062500
2 0.347656 0.878125 0.026562 0.034375
5 0.544531 0.196875 0.023438 0.018750
5 0.410938 0.504687 0.037500 0.034375
1 0.532813 0.617969 0.150000 0.151562
3 0.812500 0.278125 0.109375 0.109375
5 0.601562 0.728906 0.059375 0.051562
2 0.424219 0.805469 0.064062 0.051562
5 0.680469 0.309375 0.032813 0.034375
1 0.469531 0.600781 0.067187 0.060937
3 0.665625 0.367969 0.168750 0.160938
2 0.828906 0.354687 0.051562 0.081250
0 0.792969 0.430469 0.123438 0.142187
2 0.708594 0.746094 0.035937 0.039062
0 0.467187 0.739844 0.131250 0.120313
4 0.590625 0.595313 0.087500 0.062500
2 0.239063 0.341406 0.046875 0.048438
3 0.606250 0.566406 0.193750 0.110937
5 0.653125 0.223438 0.031250 0.025000
4 0.555469 0.359375 0.032813 0.043750
0 0.445312 0.534375 0.075000 0.075000
4 0.378906 0.568750 0.039062 0.031250
2 0.853906 0.387500 0.035937 0.034375
2 0.246094 0.790625 0.023438 0.018750
2 0.558594 0.497656 0.076563 0.079687
3 0.551562 0.605469 0.246875 0.229687
4 0.545312 0.791406 0.109375 0.104688
4 0.571875 0.228125 0.021875 0.025000
0 0.792188 0.446094 0.046875 0.039062
3 0.465625 0.556250 0.496875 0.365625
5 0.815625 0.600000 0.034375 0.037500
3 0.511719 0.262500 0.260937 0.171875
0 0.534375 0.913281 0.053125 0.045312
4 0.439844 0.225781 0.042188 0.051562
2 0.500000 0.374219 0.040625 0.042188
4 0.765625 0.260156 0.062500 0.064062
3 0.403125 0.525781 0.196875 0.176563
2 0.249219 0.501563 0.029687 0.034375
2 0.471875 0.469531 0.040625 0.051562
1 0.766406 0.769531 0.101562 0.107813
1 0.682031 0.325781 0.057813 0.057813
3 0.567969 0.778906 0.235937 0.154688
1 0.664844 0.332031 0.070312 0.057813
5 0.323437 0.861719 0.059375 0.051562
0 0.260937 0.501563 0.034375 0.034375
2 0.661719 0.784375 0.092188 0.121875
5 0.382812 0.139844 0.043750 0.045312
2 0.221875 0.535937 0.028125 0.018750
4 0.314844 0.766406 0.073438 0.085938
3 0.660156 0.666406 0.060937 0.060937
3 0.704688 0.587500 0.200000 0.150000
2 0.660937 0.158594 0.062500 0.060937
3 0.324219 0.799219 0.145313 0.142187
0 0.675781 0.433594 0.035937 0.026562
3 0.458594 0.227344 0.164062 0.098437
0 0.612500 0.468750 0.056250 0.043750
1 0.310937 0.568750 0.096875 0.087500
4 0.616406 0.546094 0.235937 0.201563
0 0.721875 0.189844 0.043750 0.054688
1 0.577344 0.773438 0.089063 0.112500
0 0.885938 0.405469 0.059375 0.051562
3 0.651563 0.442188 0.181250 0.137500
2 0.776563 0.323437 0.025000 0.031250
3 0.535937 0.543750 0.071875 0.071875
0 0.325000 0.375781 0.053125 0.048438
4 0.363281 0.773438 0.026562 0.025000
3 0.338281 0.282031 0.104688 0.104688
5 0.217188 0.742188 0.056250 0.056250
4 0.690625 0.323437 0.056250 0.050000
1 0.372656 0.225000 0.145313 0.128125
3 0.510938 0.272656 0.275000 0.376563
0 0.579688 0.160156 0.096875 0.089063
3 0.582812 0.748437 0.112500 0.112500
5 0.792188 0.792969 0.034375 0.035937
3 0.439063 0.814063 0.062500 0.062500
1 0.859375 0.359375 0.062500 0.062500
5 0.710156 0.436719 0.057813 0.070312
1 0.506250 0.849219 0.096875 0.120313
5 0.646094 0.192188 0.051562 0.046875
3 0.256250 0.764062 0.071875 0.071875
2 0.223438 0.779687 0.053125 0.062500
0 0.678125 0.832812 0.043750 0.037500
1 0.755469 0.309375 0.085938 0.121875
2 0.115625 0.600781 0.028125 0.039062
3 0.242188 0.578125 0.115625 0.115625
1 0.409375 0.873437 0.081250 0.062500