4 0.206250 0.556250 0.018750 0.018750
5 0.285938 0.656250 0.040625 0.034375
2 0.428125 0.700000 0.040625 0.037500
0 0.615625 0.614062 0.115625 0.128125
4 0.307031 0.310156 0.139063 0.117188
0 0.614844 0.251563 0.107813 0.121875
0 0.103906 0.531250 0.054688 0.050000
3 0.403906 0.421094 0.082812 0.082812
2 0.196094 0.296875 0.060937 0.062500
2 0.884375 0.366406 0.037500 0.029687
0 0.317188 0.269531 0.075000 0.092188
3 0.742188 0.439844 0.321875 0.320312
2 0.650781 0.384375 0.051562 0.040625
4 0.610938 0.635938 0.018750 0.018750
4 0.470313 0.149219 0.040625 0.048438
5 0.173437 0.283594 0.046875 0.039062
3 0.435156 0.355469 0.085938 0.085938
4 0.411719 0.858594 0.026562 0.023438
5 0.115625 0.469531 0.028125 0.039062
0 0.536719 0.283594 0.110937 0.098437
2 0.423438 0.328906 0.021875 0.029687
3 0.373437 0.332813 0.128125 0.103125
3 0.478125 0.532813 0.228125 0.215625
1 0.373437 0.259375 0.109375 0.115625
2 0.746875 0.193750 0.065625 0.043750
0 0.400000 0.529687 0.018750 0.015625
2 0.444531 0.739844 0.032813 0.032813
3 0.382812 0.273438 0.103125 0.134375
0 0.687500 0.213281 0.078125 0.070312
0 0.741406 0.628125 0.098437 0.112500
2 0.601562 0.825781 0.056250 0.054688
0 0.607812 0.102344 0.043750 0.032813
1 0.188281 0.344531 0.079687 0.070312
3 0.233594 0.582031 0.114062 0.123438
4 0.511719 0.644531 0.079687 0.067187
5 0.275000 0.805469 0.065625 0.064062
5 0.689063 0.275000 0.028125 0.028125
1 0.338281 0.688281 0.079687 0.057813
0 0.323437 0.214844 0.075000 0.064062
4 0.580469 0.112500 0.026562 0.025000
4 0.260156 0.569531 0.073438 0.089063
2 0.821875 0.746875 0.046875 0.037500
2 0.530469 0.618750 0.070312 0.071875
3 0.707812 0.282813 0.137500 0.137500
5 0.846094 0.400781 0.045312 0.039062
0 0.339062 0.273438 0.050000 0.021875
5 0.413281 0.851562 0.045312 0.037500
2 0.690625 0.482031 0.028125 0.020313
1 0.314844 0.619531 0.064062 0.045312
5 0.779687 0.181250 0.031250 0.028125
4 0.784375 0.468750 0.034375 0.037500
1 0.228125 0.400781 0.071875 0.082812
1 0.710156 0.362500 0.076563 0.081250
4 0.367188 0.685937 0.031250 0.025000
5 0.655469 0.507031 0.073438 0.073438
3 0.410938 0.793750 0.146875 0.146875
4 0.614844 0.346875 0.107813 0.103125
4 0.509375 0.227344 0.031250 0.020313
1 0.189844 0.269531 0.045312 0.057813
0 0.728125 0.380469 0.053125 0.057813
0 0.359375 0.299219 0.068750 0.042188
2 0.399219 0.364063 0.035937 0.034375
1 0.753906 0.603125 0.117188 0.093750
5 0.892969 0.465625 0.048438 0.046875
5 0.561719 0.588281 0.035937 0.029687
3 0.421875 0.478125 0.281250 0.300000
1 0.461719 0.614062 0.085938 0.093750
0 0.588281 0.154688 0.054688 0.040625
4 0.313281 0.467969 0.110937 0.110937
5 0.307031 0.821094 0.035937 0.042188
0 0.721094 0.635156 0.089063 0.082812
4 0.156250 0.421875 0.062500 0.053125
4 0.520312 0.817187 0.212500 0.225000
1 0.214062 0.750000 0.093750 0.109375
1 0.580469 0.244531 0.089063 0.142187
3 0.239063 0.226562 0.081250 0.065625
1 0.682813 0.282813 0.090625 0.090625
1 0.696094 0.304688 0.060937 0.056250
1 0.232031 0.418750 0.157812 0.196875
1 0.598437 0.745313 0.121875 0.137500
2 0.427344 0.528906 0.020313 0.020313
5 0.404687 0.115625 0.025000 0.031250
0 0.675000 0.610156 0.050000 0.042188
4 0.180469 0.628906 0.023438 0.023438
2 0.758594 0.391406 0.042188 0.042188
2 0.821875 0.453906 0.043750 0.042188
5 0.688281 0.685937 0.048438 0.053125
0 0.873437 0.501563 0.078125 0.068750
3 0.757812 0.459375 0.109375 0.109375
4 0.568750 0.216406 0.115625 0.142187
0 0.324219 0.334375 0.042188 0.040625
3 0.593750 0.164844 0.078125 0.079687
4 0.332813 0.520312 0.034375 0.046875
1 0.306250 0.678125 0.143750 0.150000
2 0.676562 0.340625 0.084375 0.081250
4 0.574219 0.478906 0.060937 0.060937
5 0.629687 0.136719 0.037500 0.032813
3 0.539062 0.214062 0.165625 0.165625
1 0.535937 0.619531 0.087500 0.085938
5 0.097656 0.368750 0.042188 0.050000
3 0.191406 0.353906 0.192188 0.123438
3 0.392188 0.298438 0.237500 0.262500
2 0.604688 0.371875 0.075000 0.068750
2 0.556250 0.435156 0.028125 0.026562
4 0.471094 0.455469 0.057813 0.060937
3 0.735938 0.586719 0.168750 0.179688
4 0.762500 0.324219 0.081250 0.067187
3 0.706250 0.392188 0.059375 0.059375
1 0.652344 0.354687 0.135937 0.146875
4 0.551562 0.871094 0.028125 0.026562