3 0.707031 0.314844 0.145313 0.145313
2 0.517969 0.607031 0.239063 0.276562
4 0.195312 0.475781 0.040625 0.035937
3 0.554688 0.550781 0.459375 0.360938
4 0.414844 0.781250 0.014063 0.031250
1 0.876563 0.537500 0.071875 0.100000
4 0.466406 0.184375 0.042188 0.046875
5 0.238281 0.253125 0.039062 0.037500
5 0.650000 0.601562 0.021875 0.021875
4 0.633594 0.760938 0.067187 0.071875
3 0.250781 0.414844 0.273438 0.217188
4 0.669531 0.353906 0.023438 0.020313
0 0.320312 0.511719 0.037500 0.042188
4 0.091406 0.420312 0.020313 0.025000
4 0.358594 0.857031 0.032813 0.045312
3 0.245312 0.486719 0.112500 0.126562
5 0.692969 0.885156 0.039062 0.032813
2 0.859375 0.454688 0.043750 0.046875
3 0.525781 0.478125 0.254688 0.237500
0 0.699219 0.155469 0.048438 0.051562
3 0.608594 0.354687 0.107813 0.078125
3 0.378906 0.721094 0.251563 0.207813
4 0.696875 0.522656 0.025000 0.023438
3 0.828125 0.466406 0.153125 0.139063
2 0.724219 0.521875 0.029687 0.028125
0 0.728906 0.405469 0.045312 0.048438
4 0.657813 0.189844 0.018750 0.020313
1 0.135156 0.311719 0.076563 0.067187
4 0.283594 0.246094 0.020313 0.020313
0 0.263281 0.782031 0.107813 0.104688
5 0.728906 0.492188 0.042188 0.043750
5 0.449219 0.746875 0.048438 0.053125
4 0.791406 0.290625 0.026562 0.031250
4 0.736719 0.544531 0.079687 0.085938
2 0.745313 0.306250 0.046875 0.040625
1 0.250781 0.287500 0.032813 0.087500
5 0.790625 0.544531 0.028125 0.032813
3 0.435156 0.653906 0.182812 0.223438
5 0.592187 0.770312 0.053125 0.053125
2 0.643750 0.485938 0.103125 0.087500
1 0.242188 0.280469 0.103125 0.082812
1 0.460156 0.137500 0.089063 0.087500
0 0.439844 0.396875 0.032813 0.028125
5 0.493750 0.250000 0.028125 0.031250
0 0.449219 0.234375 0.026562 0.053125
2 0.507031 0.275781 0.042188 0.039062
1 0.835156 0.686719 0.060937 0.060937
1 0.666406 0.338281 0.095312 0.110937
4 0.178125 0.614062 0.071875 0.053125
4 0.592969 0.680469 0.064062 0.054688
1 0.667188 0.733594 0.106250 0.135937
5 0.414062 0.869531 0.062500 0.064062
3 0.688281 0.185156 0.101562 0.104688
2 0.775781 0.365625 0.085938 0.090625
4 0.661719 0.785937 0.026562 0.025000
5 0.509375 0.392188 0.084375 0.078125
2 0.455469 0.560156 0.064062 0.079687
5 0.575000 0.437500 0.021875 0.021875
5 0.474219 0.835156 0.042188 0.042188
3 0.645312 0.732031 0.178125 0.170313
3 0.284375 0.278906 0.218750 0.245312
2 0.184375 0.565625 0.040625 0.043750
4 0.673438 0.787500 0.015625 0.015625
1 0.205469 0.526563 0.045312 0.043750
0 0.587500 0.238281 0.068750 0.070312
0 0.682031 0.213281 0.076563 0.067187
2 0.437500 0.118750 0.100000 0.090625
5 0.662500 0.773438 0.046875 0.037500
5 0.346875 0.316406 0.034375 0.042188
2 0.388281 0.513281 0.035937 0.029687
0 0.246875 0.629687 0.059375 0.053125
2 0.267969 0.382812 0.054688 0.043750
3 0.767188 0.695312 0.075000 0.075000
2 0.264844 0.377344 0.060937 0.057813
2 0.214062 0.650000 0.028125 0.025000
3 0.435156 0.503906 0.270313 0.270313
5 0.741406 0.764844 0.029687 0.048438
4 0.713281 0.817969 0.114062 0.114062
4 0.235156 0.589063 0.045312 0.059375
2 0.273438 0.543750 0.071875 0.065625
5 0.855469 0.338281 0.045312 0.045312
3 0.652344 0.844531 0.067187 0.067187
3 0.568750 0.607812 0.096875 0.096875
5 0.755469 0.178906 0.042188 0.051562
2 0.739844 0.667188 0.067187 0.056250
1 0.767188 0.280469 0.059375 0.060937
2 0.613281 0.803125 0.023438 0.021875
5 0.542969 0.784375 0.035937 0.043750
4 0.355469 0.457813 0.032813 0.031250
4 0.885938 0.528125 0.087500 0.087500
3 0.330469 0.357812 0.185938 0.165625
3 0.587500 0.460938 0.134375 0.134375
2 0.314844 0.546875 0.057813 0.062500
2 0.752344 0.771094 0.064062 0.057813
4 0.393750 0.085938 0.034375 0.034375
5 0.871875 0.653906 0.037500 0.026562
1 0.564063 0.839063 0.121875 0.096875
2 0.353125 0.514062 0.012500 0.021875
3 0.281250 0.528906 0.328125 0.239063
5 0.702344 0.449219 0.020313 0.020313
2 0.305469 0.407813 0.223438 0.215625
1 0.444531 0.120313 0.073438 0.084375
3 0.321875 0.476562 0.143750 0.143750
3 0.661719 0.589063 0.364063 0.362500
0 0.743750 0.326562 0.065625 0.053125
0 0.784375 0.655469 0.071875 0.064062