4 0.685156 0.315625 0.023438 0.018750
2 0.305469 0.586719 0.048438 0.054688
4 0.489063 0.765625 0.071875 0.062500
0 0.291406 0.660937 0.098437 0.100000
0 0.257812 0.476562 0.018750 0.021875
3 0.325781 0.405469 0.126562 0.160938
0 0.639062 0.432031 0.034375 0.029687
4 0.218750 0.662500 0.106250 0.128125
3 0.703906 0.702344 0.098437 0.098437
2 0.691406 0.272656 0.223438 0.164062
5 0.260937 0.389844 0.028125 0.029687
3 0.344531 0.401562 0.170313 0.171875
5 0.726562 0.438281 0.043750 0.045312
0 0.167187 0.673438 0.043750 0.037500
0 0.632031 0.282031 0.023438 0.023438
5 0.249219 0.607031 0.026562 0.026562
5 0.485156 0.391406 0.048438 0.060937
0 0.626563 0.335156 0.090625 0.085938
1 0.595313 0.132812 0.046875 0.065625
3 0.325000 0.252344 0.200000 0.195312
2 0.790625 0.777344 0.037500 0.039062
5 0.532813 0.546094 0.040625 0.042188
3 0.428125 0.674219 0.093750 0.060937
5 0.404687 0.644531 0.037500 0.039062
5 0.253125 0.525000 0.053125 0.056250
3 0.378125 0.338281 0.100000 0.107813
4 0.162500 0.723437 0.034375 0.037500
5 0.314063 0.320312 0.018750 0.021875
0 0.871094 0.314063 0.039062 0.028125
2 0.371875 0.475781 0.062500 0.045312
0 0.792969 0.312500 0.048438 0.040625
2 0.725000 0.369531 0.046875 0.045312
5 0.637500 0.525781 0.050000 0.051562
1 0.493750 0.645312 0.065625 0.065625
4 0.490625 0.418750 0.031250 0.025000
0 0.229687 0.414844 0.034375 0.032813
2 0.574219 0.219531 0.070312 0.060937
5 0.246875 0.646875 0.050000 0.050000
5 0.911719 0.434375 0.045312 0.040625
4 0.436719 0.660937 0.035937 0.046875
2 0.760938 0.508594 0.050000 0.060937
5 0.490625 0.906250 0.031250 0.031250
1 0.593750 0.739062 0.071875 0.100000
5 0.214062 0.711719 0.056250 0.051562
2 0.371875 0.506250 0.037500 0.037500
1 0.849219 0.470313 0.085938 0.090625
5 0.405469 0.398438 0.032813 0.031250
5 0.223438 0.691406 0.053125 0.060937
5 0.543750 0.528906 0.031250 0.045312
4 0.599219 0.862500 0.026562 0.025000
3 0.221875 0.593750 0.146875 0.140625
3 0.316406 0.164844 0.101562 0.101562
3 0.436719 0.643750 0.082812 0.096875
5 0.503906 0.557031 0.045312 0.035937
5 0.719531 0.633594 0.029687 0.032813
2 0.370312 0.846875 0.075000 0.065625
4 0.750000 0.463281 0.021875 0.020313
1 0.753125 0.775781 0.065625 0.057813
3 0.176563 0.551562 0.146875 0.156250
0 0.537500 0.193750 0.178125 0.178125
2 0.562500 0.492188 0.050000 0.040625
2 0.235937 0.298438 0.228125 0.212500
0 0.575781 0.175000 0.057813 0.090625
2 0.922656 0.490625 0.029687 0.034375
5 0.462500 0.921875 0.031250 0.034375
3 0.353125 0.480469 0.065625 0.067187
3 0.292969 0.602344 0.101562 0.101562
1 0.296875 0.555469 0.081250 0.073438
1 0.490625 0.137500 0.053125 0.068750
2 0.609375 0.670312 0.059375 0.065625
2 0.443750 0.228125 0.037500 0.028125
4 0.279687 0.238281 0.028125 0.026562
4 0.484375 0.541406 0.025000 0.026562
0 0.748437 0.349219 0.090625 0.076563
0 0.111719 0.538281 0.085938 0.089063
0 0.529687 0.718750 0.071875 0.062500
2 0.159375 0.625781 0.021875 0.023438
4 0.471094 0.571875 0.054688 0.065625
2 0.753906 0.489063 0.329688 0.315625
0 0.327344 0.231250 0.054688 0.050000
0 0.334375 0.307812 0.046875 0.037500
4 0.468750 0.446094 0.031250 0.042188
0 0.624219 0.677344 0.032813 0.032813
4 0.415625 0.367188 0.056250 0.056250
3 0.402344 0.394531 0.117188 0.076563
3 0.260156 0.616406 0.207813 0.198437
5 0.438281 0.792188 0.029687 0.040625
5 0.161719 0.725781 0.048438 0.042188
5 0.091406 0.478125 0.035937 0.037500