1 0.830469 0.631250 0.151562 0.115625
0 0.519531 0.641406 0.042188 0.032813
5 0.236719 0.731250 0.020313 0.025000
4 0.289062 0.680469 0.025000 0.026562
2 0.499219 0.430469 0.076563 0.089063
5 0.478125 0.450781 0.034375 0.032813
2 0.704688 0.345313 0.018750 0.021875
0 0.322656 0.196094 0.057813 0.032813
4 0.509375 0.832812 0.025000 0.028125
0 0.665625 0.730469 0.112500 0.110937
2 0.802344 0.417187 0.042188 0.031250
0 0.414844 0.816406 0.042188 0.039062
2 0.873437 0.552344 0.025000 0.026562
1 0.153125 0.432812 0.087500 0.090625
0 0.723437 0.437500 0.040625 0.037500
5 0.563281 0.263281 0.035937 0.032813
2 0.601562 0.679688 0.068750 0.068750
5 0.673438 0.673438 0.031250 0.031250
5 0.256250 0.319531 0.053125 0.045312
0 0.528906 0.486719 0.070312 0.073438
5 0.521875 0.555469 0.053125 0.048438
1 0.664062 0.410938 0.093750 0.090625
3 0.413281 0.361719 0.114062 0.114062
1 0.436719 0.419531 0.070312 0.070312
4 0.386719 0.544531 0.104688 0.089063
4 0.903906 0.487500 0.048438 0.056250
4 0.173437 0.269531 0.034375 0.048438
2 0.282813 0.494531 0.028125 0.029687
5 0.449219 0.447656 0.039062 0.048438
3 0.368750 0.165625 0.081250 0.081250
1 0.314844 0.811719 0.054688 0.051562
4 0.385937 0.456250 0.021875 0.025000
5 0.332031 0.567187 0.042188 0.040625
0 0.114844 0.407031 0.035937 0.026562
5 0.521875 0.310156 0.053125 0.060937
0 0.493750 0.492188 0.025000 0.031250
0 0.405469 0.413281 0.032813 0.029687
0 0.322656 0.560937 0.051562 0.050000
5 0.145313 0.752344 0.025000 0.020313
4 0.499219 0.769531 0.045312 0.067187
2 0.278906 0.561719 0.039062 0.042188
4 0.626563 0.289062 0.028125 0.025000
4 0.723437 0.614062 0.031250 0.028125
5 0.476562 0.546875 0.043750 0.037500
0 0.560156 0.912500 0.060937 0.034375
3 0.337500 0.337500 0.125000 0.093750
1 0.352344 0.257031 0.154688 0.160938
2 0.185156 0.194531 0.017188 0.017188
0 0.631250 0.136719 0.056250 0.060937
0 0.541406 0.644531 0.045312 0.039062
2 0.105469 0.612500 0.057813 0.068750
3 0.213281 0.760156 0.092188 0.092188
1 0.119531 0.398438 0.073438 0.065625
3 0.308594 0.681250 0.045312 0.078125
0 0.613281 0.129688 0.048438 0.046875
3 0.848437 0.312500 0.068750 0.068750