3 0.767969 0.474219 0.210938 0.217188
4 0.788281 0.653906 0.039062 0.045312
2 0.242969 0.285156 0.032813 0.032813
5 0.516406 0.089063 0.073438 0.053125
3 0.616406 0.663281 0.117188 0.117188
4 0.865625 0.415625 0.059375 0.065625
2 0.207813 0.502344 0.043750 0.048438
3 0.617188 0.423438 0.125000 0.125000
0 0.547656 0.114062 0.095312 0.093750
1 0.689063 0.844531 0.068750 0.064062
0 0.320312 0.832812 0.021875 0.025000
3 0.510156 0.732812 0.239063 0.178125
5 0.925000 0.442188 0.037500 0.034375
2 0.637500 0.656250 0.237500 0.209375
1 0.372656 0.638281 0.079687 0.076563
4 0.509375 0.346875 0.081250 0.050000
2 0.536719 0.874219 0.042188 0.048438
2 0.455469 0.841406 0.023438 0.032813
2 0.535937 0.653906 0.034375 0.048438
1 0.504687 0.790625 0.075000 0.043750
5 0.742188 0.500781 0.046875 0.039062
2 0.303125 0.568750 0.031250 0.031250
2 0.364063 0.295312 0.034375 0.031250
4 0.179688 0.448437 0.021875 0.021875
2 0.310937 0.798438 0.040625 0.040625
0 0.830469 0.355469 0.060937 0.060937
2 0.206250 0.635938 0.059375 0.065625
2 0.807031 0.656250 0.057813 0.062500
2 0.753125 0.760938 0.065625 0.059375
4 0.534375 0.597656 0.162500 0.164062
4 0.508594 0.748437 0.164062 0.156250
4 0.090625 0.583594 0.056250 0.064062
3 0.473438 0.682031 0.096875 0.073438
2 0.465625 0.478906 0.056250 0.070312
1 0.732031 0.574219 0.057813 0.057813
5 0.811719 0.716406 0.045312 0.051562
2 0.111719 0.582031 0.032813 0.029687
5 0.282813 0.516406 0.018750 0.026562
0 0.814063 0.591406 0.056250 0.048438
0 0.310937 0.814063 0.068750 0.065625
4 0.514844 0.191406 0.023438 0.020313
3 0.254688 0.745313 0.125000 0.125000
4 0.848437 0.493750 0.056250 0.068750
0 0.480469 0.749219 0.089063 0.107813
4 0.650000 0.403125 0.096875 0.109375
4 0.472656 0.246094 0.076563 0.070312
5 0.396875 0.476562 0.075000 0.075000
4 0.667969 0.592187 0.070312 0.068750
4 0.741406 0.753906 0.026562 0.023438
1 0.323437 0.650000 0.059375 0.059375
1 0.798438 0.529687 0.078125 0.100000
1 0.547656 0.433594 0.051562 0.045312
1 0.263281 0.371875 0.123438 0.140625
1 0.748437 0.392188 0.156250 0.143750
1 0.544531 0.898438 0.067187 0.062500
2 0.146875 0.573438 0.046875 0.056250
0 0.406250 0.821094 0.021875 0.023438
1 0.285156 0.351562 0.154688 0.156250
0 0.264844 0.813281 0.039062 0.035937
1 0.521875 0.312500 0.081250 0.109375
1 0.351562 0.818750 0.121875 0.118750
0 0.084375 0.432031 0.025000 0.026562
4 0.626563 0.622656 0.171875 0.217188
3 0.698438 0.517188 0.084375 0.084375
5 0.314063 0.228125 0.034375 0.031250
5 0.432812 0.904687 0.056250 0.043750
4 0.470313 0.482031 0.071875 0.064062
5 0.217188 0.614844 0.040625 0.045312
2 0.330469 0.212500 0.042188 0.031250
3 0.486719 0.177344 0.064062 0.064062
5 0.839844 0.335156 0.032813 0.054688
0 0.200000 0.592969 0.056250 0.048438
5 0.361719 0.642969 0.057813 0.060937
2 0.640625 0.735938 0.028125 0.028125
1 0.532813 0.389844 0.071875 0.067187
3 0.242969 0.517969 0.110937 0.110937
1 0.360156 0.421875 0.089063 0.103125
4 0.458594 0.078906 0.017188 0.014063
4 0.663281 0.335156 0.020313 0.017188
0 0.837500 0.397656 0.028125 0.026562
3 0.373437 0.682813 0.121875 0.121875
4 0.123438 0.428125 0.100000 0.100000
5 0.197656 0.515625 0.042188 0.043750
4 0.821094 0.521094 0.026562 0.029687
0 0.374219 0.757812 0.076563 0.096875
0 0.342187 0.445312 0.025000 0.018750
1 0.350781 0.464844 0.070312 0.054688
5 0.762500 0.569531 0.031250 0.032813
2 0.700000 0.389062 0.181250 0.153125