5 0.503906 0.171875 0.039062 0.050000
5 0.802344 0.413281 0.045312 0.039062
2 0.288281 0.600781 0.060937 0.057813
4 0.744531 0.223438 0.085938 0.071875
3 0.321094 0.408594 0.114062 0.114062
3 0.663281 0.285938 0.192188 0.143750
4 0.400000 0.603125 0.037500 0.031250
5 0.512500 0.365625 0.053125 0.053125
3 0.325000 0.211719 0.156250 0.129688
4 0.224219 0.455469 0.032813 0.032813
0 0.425000 0.533594 0.187500 0.185938
2 0.663281 0.797656 0.032813 0.029687
5 0.692187 0.518750 0.040625 0.081250
3 0.600000 0.504687 0.284375 0.221875
0 0.795312 0.584375 0.065625 0.056250
3 0.593750 0.310937 0.143750 0.131250
2 0.777344 0.255469 0.070312 0.060937
5 0.388281 0.457031 0.029687 0.032813
0 0.450000 0.370312 0.056250 0.046875
0 0.517969 0.505469 0.051562 0.054688
1 0.838281 0.679688 0.101562 0.109375
1 0.535156 0.308594 0.060937 0.060937
2 0.771094 0.410938 0.135937 0.137500
3 0.137500 0.581250 0.112500 0.112500
0 0.246094 0.539844 0.045312 0.045312
2 0.477344 0.150000 0.045312 0.028125
0 0.607031 0.324219 0.042188 0.029687
5 0.562500 0.117188 0.037500 0.031250
3 0.358594 0.315625 0.198437 0.165625
1 0.483594 0.192969 0.142187 0.189062
4 0.813281 0.376563 0.095312 0.093750
5 0.775000 0.367969 0.043750 0.070312
3 0.449219 0.269531 0.195312 0.282813
5 0.607812 0.598437 0.031250 0.028125
4 0.599219 0.303125 0.039062 0.065625
1 0.797656 0.282031 0.054688 0.054688
0 0.816406 0.509375 0.051562 0.050000
3 0.403125 0.153125 0.134375 0.146875
4 0.443750 0.848437 0.081250 0.068750
5 0.850781 0.435937 0.045312 0.043750
4 0.225781 0.732812 0.020313 0.015625
5 0.881250 0.625000 0.043750 0.043750
4 0.317969 0.611719 0.039062 0.039062
3 0.687500 0.306250 0.037500 0.037500
4 0.551562 0.852344 0.087500 0.082812
4 0.672656 0.171094 0.048438 0.048438
4 0.407031 0.597656 0.017188 0.017188
3 0.644531 0.417187 0.451562 0.359375
2 0.567187 0.166406 0.025000 0.017188
2 0.543750 0.744531 0.053125 0.051562
4 0.440625 0.508594 0.059375 0.079687