0 0.379688 0.880469 0.075000 0.070312
1 0.793750 0.557031 0.087500 0.079687
3 0.850000 0.435156 0.171875 0.157812
3 0.642969 0.471094 0.117188 0.117188
5 0.149219 0.672656 0.057813 0.057813
5 0.585156 0.423438 0.035937 0.034375
4 0.635938 0.907813 0.028125 0.028125
4 0.348438 0.385937 0.075000 0.065625
1 0.171875 0.314844 0.075000 0.064062
3 0.356250 0.795312 0.112500 0.112500
5 0.714844 0.380469 0.020313 0.020313
0 0.416406 0.446094 0.101562 0.082812
1 0.375000 0.801562 0.050000 0.050000
2 0.123438 0.364063 0.075000 0.081250
4 0.403125 0.510938 0.034375 0.028125
3 0.757812 0.227344 0.109375 0.120313
5 0.365625 0.329688 0.028125 0.031250
1 0.828906 0.480469 0.045312 0.042188
5 0.278125 0.278906 0.015625 0.026562
2 0.799219 0.475000 0.129688 0.125000
2 0.716406 0.367969 0.026562 0.035937
5 0.674219 0.213281 0.064062 0.060937
2 0.578125 0.153125 0.050000 0.037500
1 0.888281 0.352344 0.042188 0.042188
1 0.390625 0.722656 0.090625 0.114062
4 0.461719 0.546094 0.010937 0.017188
2 0.547656 0.839063 0.051562 0.043750
2 0.706250 0.180469 0.025000 0.032813
0 0.185156 0.209375 0.042188 0.037500
0 0.624219 0.648438 0.054688 0.068750
2 0.857812 0.357031 0.062500 0.057813
2 0.855469 0.652344 0.057813 0.057813
2 0.284375 0.777344 0.037500 0.057813
2 0.514844 0.375781 0.082812 0.070312
3 0.492188 0.205469 0.225000 0.264062
4 0.392969 0.808594 0.054688 0.060937
0 0.511719 0.222656 0.026562 0.023438
3 0.668750 0.544531 0.137500 0.167187
1 0.564063 0.707812 0.112500 0.121875
5 0.438281 0.602344 0.032813 0.035937
1 0.136719 0.328125 0.079687 0.084375
1 0.193750 0.514844 0.062500 0.070312
1 0.391406 0.602344 0.060937 0.060937
1 0.239063 0.609375 0.046875 0.050000
2 0.135937 0.418750 0.084375 0.087500
1 0.713281 0.733594 0.042188 0.035937
2 0.644531 0.309375 0.023438 0.031250
0 0.401562 0.660937 0.028125 0.025000
5 0.274219 0.258594 0.032813 0.032813
1 0.317188 0.558594 0.096875 0.132812
3 0.721875 0.373437 0.078125 0.078125
4 0.286719 0.645312 0.154688 0.146875
4 0.910156 0.406250 0.035937 0.040625
3 0.539844 0.415625 0.223438 0.181250
4 0.504687 0.860938 0.128125 0.106250
3 0.473438 0.658594 0.218750 0.232813
5 0.475781 0.196094 0.032813 0.035937
3 0.793750 0.632812 0.056250 0.056250
5 0.639062 0.441406 0.021875 0.026562
2 0.160156 0.600000 0.067187 0.090625
2 0.835156 0.263281 0.051562 0.051562
0 0.744531 0.384375 0.029687 0.025000
5 0.589844 0.795312 0.029687 0.031250
4 0.749219 0.817969 0.010937 0.010937
4 0.209375 0.641406 0.059375 0.051562
4 0.456250 0.091406 0.028125 0.032813
5 0.857031 0.389062 0.051562 0.046875
3 0.164844 0.595313 0.067187 0.065625
2 0.146094 0.595313 0.067187 0.062500
0 0.300781 0.581250 0.092188 0.106250
0 0.827344 0.381250 0.054688 0.053125
0 0.562500 0.501563 0.053125 0.046875
3 0.333594 0.337500 0.242188 0.250000
5 0.589063 0.127344 0.034375 0.029687
2 0.606250 0.571875 0.087500 0.075000
0 0.521094 0.216406 0.107813 0.092188
3 0.346094 0.303906 0.323437 0.239063
1 0.398438 0.428906 0.059375 0.064062
4 0.600000 0.814844 0.037500 0.029687
4 0.330469 0.683594 0.064062 0.054688
2 0.721094 0.302344 0.029687 0.020313
5 0.735156 0.381250 0.032813 0.034375
4 0.617969 0.843750 0.067187 0.071875
3 0.639062 0.225000 0.087500 0.046875
1 0.709375 0.790625 0.075000 0.078125
1 0.861719 0.412500 0.042188 0.037500
3 0.284375 0.485938 0.250000 0.228125
2 0.597656 0.467187 0.301563 0.109375
4 0.267969 0.829688 0.026562 0.025000
2 0.647656 0.783594 0.042188 0.045312
2 0.340625 0.323437 0.028125 0.028125
2 0.194531 0.414844 0.045312 0.035937
1 0.285156 0.278906 0.064062 0.060937
0 0.660937 0.798438 0.028125 0.028125
0 0.121094 0.648438 0.042188 0.040625
2 0.371875 0.548438 0.046875 0.050000
2 0.350000 0.576562 0.200000 0.209375
0 0.600781 0.760938 0.070312 0.084375
0 0.470313 0.098437 0.059375 0.075000
3 0.849219 0.351562 0.132812 0.118750
3 0.762500 0.460938 0.243750 0.243750
5 0.172656 0.690625 0.039062 0.040625
4 0.678125 0.341406 0.046875 0.045312
5 0.308594 0.534375 0.051562 0.059375
4 0.196094 0.355469 0.017188 0.014063
1 0.638281 0.313281 0.126562 0.079687
5 0.178906 0.249219 0.051562 0.051562