2 0.267188 0.413281 0.034375 0.032813
1 0.674219 0.839063 0.092188 0.056250
5 0.586719 0.571875 0.048438 0.037500
3 0.406250 0.839063 0.109375 0.100000
5 0.620313 0.605469 0.034375 0.039062
5 0.319531 0.434375 0.035937 0.034375
2 0.501563 0.359375 0.028125 0.034375
5 0.838281 0.471094 0.045312 0.039062
1 0.555469 0.617188 0.098437 0.112500
4 0.325000 0.320312 0.050000 0.043750
1 0.328125 0.617969 0.134375 0.123438
2 0.260937 0.166406 0.053125 0.048438
1 0.699219 0.451562 0.145313 0.153125
0 0.796875 0.268750 0.078125 0.084375
0 0.386719 0.495312 0.104688 0.115625
5 0.873437 0.582812 0.028125 0.028125
4 0.534375 0.582031 0.034375 0.029687
5 0.363281 0.284375 0.029687 0.031250
2 0.486719 0.143750 0.120313 0.115625
4 0.785937 0.767969 0.021875 0.023438
4 0.400000 0.395313 0.028125 0.018750
3 0.206250 0.350781 0.087500 0.057813
4 0.764062 0.501563 0.015625 0.015625
3 0.258594 0.490625 0.289062 0.293750
5 0.893750 0.438281 0.065625 0.057813
4 0.528906 0.450781 0.026562 0.023438
0 0.440625 0.627344 0.034375 0.035937
5 0.435937 0.306250 0.040625 0.050000
1 0.363281 0.245312 0.073438 0.068750
2 0.339844 0.786719 0.051562 0.054688
3 0.524219 0.595313 0.123438 0.168750
3 0.406250 0.698438 0.375000 0.325000
5 0.129688 0.428125 0.043750 0.037500
0 0.770312 0.442188 0.028125 0.025000
3 0.455469 0.550781 0.217188 0.189062
0 0.303125 0.639062 0.106250 0.106250
4 0.428125 0.116406 0.037500 0.039062
5 0.851562 0.354687 0.031250 0.031250
1 0.334375 0.129688 0.053125 0.056250
3 0.419531 0.799219 0.214062 0.192188
3 0.285938 0.346875 0.128125 0.128125
5 0.362500 0.260937 0.043750 0.040625
3 0.417187 0.393750 0.103125 0.103125
2 0.567969 0.378125 0.020313 0.021875
3 0.256250 0.482812 0.156250 0.118750
1 0.707031 0.356250 0.042188 0.034375
3 0.721875 0.642969 0.209375 0.223438
1 0.263281 0.218750 0.139063 0.121875
1 0.110156 0.439844 0.079687 0.073438
5 0.596094 0.520312 0.029687 0.028125
4 0.827344 0.487500 0.064062 0.053125
4 0.380469 0.871094 0.032813 0.032813
2 0.871875 0.561719 0.021875 0.020313
2 0.692969 0.791406 0.026562 0.026562
1 0.598437 0.137500 0.053125 0.062500