5 0.610156 0.244531 0.051562 0.048438
2 0.415625 0.798438 0.037500 0.021875
2 0.642188 0.556250 0.043750 0.043750
0 0.715625 0.508594 0.125000 0.098437
1 0.774219 0.327344 0.067187 0.067187
2 0.807813 0.374219 0.053125 0.054688
4 0.667188 0.776563 0.125000 0.134375
5 0.620313 0.271094 0.050000 0.042188
4 0.439063 0.646094 0.037500 0.042188
0 0.881250 0.620313 0.078125 0.075000
1 0.823438 0.629687 0.162500 0.115625
2 0.327344 0.314063 0.089063 0.081250
0 0.664062 0.571875 0.075000 0.059375
0 0.275000 0.668750 0.028125 0.034375
5 0.769531 0.766406 0.035937 0.042188
2 0.197656 0.282813 0.042188 0.046875
3 0.186719 0.372656 0.089063 0.089063
2 0.302344 0.491406 0.045312 0.045312
0 0.585156 0.457031 0.035937 0.029687
1 0.646094 0.230469 0.051562 0.054688
4 0.357031 0.317969 0.010937 0.017188
3 0.727344 0.710156 0.070312 0.070312
4 0.424219 0.707812 0.042188 0.037500
3 0.611719 0.558594 0.204687 0.195312
5 0.713281 0.735938 0.045312 0.043750
0 0.289844 0.177344 0.032813 0.029687
3 0.329688 0.654687 0.159375 0.178125
3 0.571875 0.481250 0.121875 0.165625
0 0.512500 0.701562 0.093750 0.081250
4 0.342969 0.337500 0.064062 0.068750
2 0.705469 0.578125 0.070312 0.081250
3 0.813281 0.585156 0.076563 0.076563
0 0.629687 0.269531 0.084375 0.089063
2 0.322656 0.286719 0.026562 0.023438
5 0.648438 0.446094 0.068750 0.076563
2 0.646094 0.201563 0.064062 0.065625
3 0.218750 0.737500 0.100000 0.100000
3 0.626563 0.668750 0.134375 0.134375
0 0.805469 0.757031 0.067187 0.064062
5 0.589063 0.475781 0.043750 0.048438
3 0.540625 0.392188 0.093750 0.093750
5 0.647656 0.493750 0.026562 0.021875
4 0.447656 0.559375 0.026562 0.028125
5 0.906250 0.450781 0.075000 0.060937
1 0.828125 0.546094 0.131250 0.101562
2 0.672656 0.153906 0.048438 0.051562
5 0.171875 0.742969 0.034375 0.029687
4 0.266406 0.546875 0.064062 0.065625
4 0.520312 0.095312 0.018750 0.025000
5 0.342969 0.607812 0.039062 0.034375
3 0.435937 0.389062 0.106250 0.106250
4 0.630469 0.553906 0.054688 0.045312
4 0.686719 0.150781 0.092188 0.076563
4 0.605469 0.614844 0.026562 0.039062
1 0.767188 0.270313 0.059375 0.081250
3 0.584375 0.312500 0.218750 0.190625
5 0.711719 0.837500 0.023438 0.034375
2 0.446094 0.246875 0.035937 0.043750
3 0.663281 0.597656 0.226562 0.201563
0 0.250000 0.509375 0.078125 0.056250
5 0.548438 0.102344 0.031250 0.032813
0 0.878125 0.667188 0.050000 0.053125
3 0.631250 0.475781 0.146875 0.167187
5 0.792969 0.191406 0.042188 0.042188
0 0.820312 0.753906 0.025000 0.023438
4 0.416406 0.348438 0.126562 0.143750
5 0.360938 0.682813 0.050000 0.050000
1 0.710938 0.665625 0.084375 0.109375
3 0.460156 0.300781 0.092188 0.092188
2 0.264844 0.340625 0.051562 0.075000
2 0.347656 0.154688 0.035937 0.034375
1 0.383594 0.539844 0.126562 0.110937
2 0.169531 0.627344 0.110937 0.098437
4 0.333594 0.741406 0.095312 0.082812
0 0.586719 0.661719 0.104688 0.123438
5 0.779687 0.282031 0.028125 0.026562
4 0.520312 0.157812 0.034375 0.028125
3 0.603906 0.490625 0.101562 0.068750
4 0.294531 0.219531 0.110937 0.104688
0 0.555469 0.095312 0.054688 0.046875
2 0.241406 0.705469 0.045312 0.070312
1 0.710156 0.575781 0.089063 0.076563
5 0.709375 0.547656 0.043750 0.035937
0 0.438281 0.417969 0.142187 0.123438
3 0.424219 0.241406 0.320312 0.217188
2 0.415625 0.239844 0.037500 0.039062
4 0.166406 0.284375 0.007812 0.012500
3 0.546875 0.700000 0.378125 0.365625
1 0.686719 0.756250 0.126562 0.109375
4 0.331250 0.389844 0.018750 0.017188
3 0.606250 0.506250 0.093750 0.093750
5 0.507031 0.250781 0.039062 0.039062
3 0.377344 0.308594 0.089063 0.089063
3 0.310937 0.775000 0.156250 0.156250
1 0.594531 0.817187 0.082812 0.071875
1 0.675000 0.455469 0.050000 0.045312
3 0.639844 0.324219 0.157812 0.154688
5 0.503125 0.100000 0.028125 0.028125
2 0.778906 0.825000 0.039062 0.037500
3 0.216406 0.397656 0.051562 0.051562
2 0.593750 0.350781 0.028125 0.026562
4 0.685937 0.119531 0.018750 0.020313
4 0.627344 0.157031 0.029687 0.029687
0 0.631250 0.285156 0.059375 0.057813
5 0.855469 0.617969 0.032813 0.051562
3 0.234375 0.207813 0.100000 0.100000
4 0.444531 0.547656 0.032813 0.035937
5 0.389062 0.135156 0.043750 0.042188
0 0.332813 0.171875 0.084375 0.087500
3 0.524219 0.304688 0.420312 0.256250
3 0.485156 0.621094 0.342187 0.382812
5 0.378125 0.753906 0.031250 0.029687
5 0.510938 0.126562 0.043750 0.059375
2 0.648438 0.652344 0.031250 0.032813
2 0.385156 0.817969 0.082812 0.079687
2 0.383594 0.682813 0.039062 0.037500
1 0.350000 0.186719 0.071875 0.060937
2 0.774219 0.644531 0.064062 0.051562
5 0.510938 0.707031 0.037500 0.039062
2 0.739062 0.783594 0.037500 0.039062
2 0.736719 0.728125 0.089063 0.075000
1 0.387500 0.353125 0.137500 0.096875
3 0.300000 0.453125 0.143750 0.153125
4 0.567187 0.209375 0.040625 0.065625
0 0.343750 0.456250 0.034375 0.028125
3 0.804688 0.629687 0.115625 0.084375
4 0.621875 0.714844 0.021875 0.020313
4 0.519531 0.630469 0.092188 0.095312
3 0.219531 0.296094 0.120313 0.120313
4 0.532813 0.906250 0.021875 0.025000
0 0.582031 0.817187 0.117188 0.121875
0 0.458594 0.387500 0.060937 0.062500
4 0.485156 0.798438 0.048438 0.046875
1 0.654687 0.560937 0.084375 0.100000
5 0.399219 0.492969 0.029687 0.035937
4 0.550000 0.584375 0.065625 0.056250
4 0.536719 0.902344 0.042188 0.045312
3 0.603906 0.403906 0.139063 0.107813
2 0.176563 0.271094 0.056250 0.076563
5 0.465625 0.851562 0.031250 0.031250
5 0.457813 0.271094 0.053125 0.051562
5 0.230469 0.815625 0.010937 0.021875
4 0.756250 0.426563 0.090625 0.087500
1 0.182812 0.557031 0.062500 0.060937
3 0.104688 0.506250 0.053125 0.071875
5 0.252344 0.796094 0.051562 0.051562
4 0.482812 0.075781 0.034375 0.032813
4 0.149219 0.477344 0.017188 0.017188
4 0.831250 0.650000 0.078125 0.100000