1 0.404687 0.181250 0.046875 0.046875
1 0.545312 0.850000 0.046875 0.068750
5 0.475000 0.457813 0.037500 0.040625
0 0.130469 0.639844 0.039062 0.042188
4 0.529687 0.289844 0.159375 0.145313
2 0.796875 0.700781 0.043750 0.039062
4 0.572656 0.313281 0.017188 0.014063
1 0.328906 0.325000 0.107813 0.096875
2 0.110156 0.514062 0.051562 0.056250
0 0.734375 0.291406 0.028125 0.032813
0 0.507031 0.857812 0.089063 0.090625
1 0.487500 0.216406 0.068750 0.076563
3 0.328125 0.501563 0.103125 0.103125
5 0.242969 0.290625 0.051562 0.050000
5 0.410938 0.739062 0.043750 0.037500
1 0.241406 0.758594 0.067187 0.070312
2 0.462500 0.295312 0.056250 0.040625
2 0.159375 0.706250 0.037500 0.053125
3 0.334375 0.784375 0.103125 0.103125
4 0.267969 0.286719 0.042188 0.032813
3 0.556250 0.275000 0.087500 0.087500
2 0.667188 0.535937 0.031250 0.028125
3 0.574219 0.194531 0.182812 0.182812
2 0.366406 0.671875 0.085938 0.071875
3 0.631250 0.809375 0.134375 0.134375
3 0.246875 0.250000 0.103125 0.103125
4 0.474219 0.665625 0.029687 0.040625
4 0.613281 0.622656 0.057813 0.057813
0 0.447656 0.233594 0.107813 0.092188
1 0.528906 0.767188 0.235937 0.268750
2 0.686719 0.357031 0.401562 0.367188
4 0.772656 0.255469 0.029687 0.029687
4 0.690625 0.416406 0.025000 0.017188
4 0.118750 0.496094 0.031250 0.026562
3 0.238281 0.455469 0.082812 0.082812
3 0.315625 0.376563 0.162500 0.190625
4 0.384375 0.125781 0.018750 0.014063
0 0.630469 0.229687 0.029687 0.028125
4 0.573438 0.624219 0.034375 0.054688
3 0.601562 0.343750 0.218750 0.484375
0 0.292187 0.400000 0.037500 0.034375
1 0.584375 0.287500 0.075000 0.068750
5 0.320312 0.829688 0.037500 0.037500
5 0.667969 0.427344 0.045312 0.051562
5 0.313281 0.341406 0.042188 0.032813
5 0.482812 0.328906 0.046875 0.048438
2 0.781250 0.827344 0.031250 0.032813
4 0.220312 0.343750 0.053125 0.059375
0 0.101562 0.604688 0.056250 0.053125
5 0.826562 0.717187 0.037500 0.034375
4 0.666406 0.196875 0.020313 0.021875
5 0.816406 0.268750 0.032813 0.028125
1 0.660937 0.506250 0.053125 0.065625
4 0.307812 0.494531 0.028125 0.017188
5 0.579688 0.498437 0.065625 0.053125
2 0.678125 0.412500 0.068750 0.056250
3 0.513281 0.302344 0.248438 0.357812
0 0.590625 0.746875 0.093750 0.090625
1 0.470313 0.783594 0.037500 0.039062
1 0.368750 0.277344 0.131250 0.142187
5 0.534375 0.184375 0.062500 0.062500
0 0.457813 0.346875 0.025000 0.021875
4 0.515625 0.686719 0.031250 0.026562
3 0.189062 0.570312 0.128125 0.128125
3 0.626563 0.679688 0.093750 0.093750
3 0.402344 0.400781 0.092188 0.079687
0 0.443750 0.185938 0.031250 0.043750
2 0.691406 0.180469 0.045312 0.060937
1 0.814844 0.242188 0.035937 0.040625
1 0.713281 0.733594 0.042188 0.042188
2 0.307031 0.172656 0.089063 0.070312
2 0.239063 0.836719 0.025000 0.026562
5 0.786719 0.610156 0.039062 0.039062
5 0.800781 0.421094 0.045312 0.042188
0 0.178125 0.349219 0.118750 0.117188