2 0.794531 0.310937 0.029687 0.028125
3 0.784375 0.332813 0.109375 0.109375
1 0.494531 0.225000 0.064062 0.075000
3 0.284375 0.575000 0.131250 0.131250
0 0.509375 0.727344 0.087500 0.095312
0 0.326562 0.253906 0.103125 0.095312
1 0.213281 0.666406 0.082812 0.107813
4 0.637500 0.590625 0.053125 0.056250
0 0.221875 0.559375 0.034375 0.031250
2 0.410938 0.307031 0.046875 0.045312
2 0.523438 0.630469 0.053125 0.054688
1 0.111719 0.442969 0.064062 0.082812
2 0.773438 0.417969 0.040625 0.042188
4 0.153906 0.668750 0.020313 0.018750
3 0.217969 0.785156 0.082812 0.082812
3 0.425781 0.283594 0.129688 0.129688
0 0.549219 0.705469 0.098437 0.085938
3 0.539844 0.736719 0.117188 0.117188
4 0.246875 0.313281 0.025000 0.035937
4 0.212500 0.761719 0.046875 0.035937
0 0.868750 0.319531 0.075000 0.076563
3 0.585156 0.304688 0.067187 0.062500
5 0.758594 0.596094 0.042188 0.035937
3 0.293750 0.673438 0.084375 0.084375
3 0.389844 0.458594 0.195312 0.195312
5 0.360156 0.591406 0.017188 0.029687
5 0.330469 0.560937 0.057813 0.053125
3 0.585156 0.464844 0.189062 0.189062
5 0.539062 0.922656 0.031250 0.035937
2 0.241406 0.409375 0.017188 0.025000
3 0.527344 0.883594 0.073438 0.073438
4 0.296875 0.352344 0.037500 0.032813
3 0.542969 0.253125 0.179688 0.153125
1 0.468750 0.364063 0.159375 0.115625
5 0.891406 0.442969 0.064062 0.064062
2 0.677344 0.678906 0.042188 0.048438
3 0.450000 0.333594 0.112500 0.089063
2 0.700000 0.147656 0.025000 0.023438
1 0.685937 0.810156 0.100000 0.064062
2 0.214062 0.309375 0.025000 0.025000
5 0.640625 0.565625 0.028125 0.028125
4 0.353906 0.090625 0.020313 0.015625
2 0.838281 0.346875 0.026562 0.018750
5 0.607031 0.753906 0.054688 0.064062
1 0.862500 0.485938 0.078125 0.068750
3 0.167187 0.537500 0.109375 0.109375
4 0.326562 0.250000 0.021875 0.025000
4 0.775000 0.214844 0.031250 0.026562
1 0.521094 0.609375 0.057813 0.050000
4 0.215625 0.665625 0.021875 0.021875
4 0.284375 0.238281 0.087500 0.085938
1 0.353906 0.792969 0.039062 0.054688
3 0.600000 0.412500 0.228125 0.150000
5 0.246875 0.689063 0.046875 0.046875
2 0.519531 0.423438 0.067187 0.059375
2 0.835156 0.390625 0.070312 0.075000
2 0.614062 0.193750 0.065625 0.059375
2 0.271094 0.294531 0.032813 0.035937
0 0.853125 0.317969 0.037500 0.042188
4 0.394531 0.820312 0.082812 0.090625
2 0.357031 0.253906 0.023438 0.020313
4 0.657813 0.527344 0.115625 0.126562
2 0.412500 0.754687 0.050000 0.053125
5 0.508594 0.925000 0.032813 0.034375
4 0.356250 0.452344 0.015625 0.017188
1 0.358594 0.195312 0.135937 0.103125
3 0.719531 0.392969 0.220312 0.164062
3 0.579688 0.596875 0.081250 0.081250
2 0.782813 0.660937 0.056250 0.059375
1 0.394531 0.115625 0.039062 0.084375
1 0.308594 0.267188 0.060937 0.056250
3 0.264062 0.392969 0.065625 0.089063
4 0.741406 0.476562 0.051562 0.062500
2 0.188281 0.503906 0.092188 0.085938
0 0.776563 0.628906 0.143750 0.139063
2 0.698438 0.783594 0.071875 0.098437
1 0.428906 0.642969 0.089063 0.089063
5 0.358594 0.561719 0.042188 0.042188
0 0.491406 0.880469 0.026562 0.032813
4 0.470313 0.882031 0.028125 0.026562
3 0.613281 0.289844 0.089063 0.089063
0 0.822656 0.319531 0.051562 0.035937
4 0.530469 0.135156 0.079687 0.085938
5 0.560156 0.855469 0.035937 0.045312
3 0.243750 0.600000 0.071875 0.071875
5 0.784375 0.778906 0.040625 0.039062
2 0.653906 0.557813 0.039062 0.043750
0 0.647656 0.353906 0.048438 0.051562
2 0.503125 0.862500 0.084375 0.078125
1 0.507812 0.335938 0.087500 0.131250
0 0.500000 0.657031 0.059375 0.048438
5 0.821094 0.462500 0.032813 0.034375
2 0.676562 0.449219 0.034375 0.035937
1 0.253125 0.846094 0.037500 0.048438
4 0.753906 0.392188 0.032813 0.028125
3 0.701562 0.612500 0.156250 0.115625
0 0.767188 0.615625 0.090625 0.093750
5 0.588281 0.188281 0.039062 0.045312
0 0.501563 0.220312 0.037500 0.034375
1 0.260937 0.673438 0.128125 0.168750
4 0.302344 0.197656 0.107813 0.117188
5 0.843750 0.668750 0.050000 0.065625
3 0.402344 0.392188 0.257812 0.368750
3 0.241406 0.607031 0.048438 0.048438
0 0.532031 0.734375 0.023438 0.018750
1 0.632812 0.217969 0.062500 0.085938
1 0.286719 0.321875 0.164062 0.109375
2 0.334375 0.870313 0.028125 0.025000
3 0.332031 0.669531 0.048438 0.045312
5 0.828906 0.283594 0.032813 0.035937
2 0.569531 0.114844 0.098437 0.076563
2 0.160938 0.505469 0.018750 0.026562
2 0.877344 0.390625 0.032813 0.053125
5 0.619531 0.616406 0.051562 0.057813
3 0.395313 0.182812 0.128125 0.128125