2 0.739844 0.624219 0.057813 0.057813
2 0.604688 0.835156 0.043750 0.042188
3 0.305469 0.469531 0.351562 0.232813
4 0.684375 0.693750 0.153125 0.121875
4 0.864844 0.451562 0.132812 0.075000
0 0.096094 0.446094 0.042188 0.035937
3 0.560156 0.447656 0.082812 0.082812
3 0.810156 0.683594 0.064062 0.064062
4 0.614844 0.777344 0.170313 0.170313
3 0.471875 0.496094 0.293750 0.229687
0 0.843750 0.460938 0.090625 0.078125
5 0.371875 0.575000 0.046875 0.040625
2 0.203125 0.215625 0.031250 0.040625
4 0.143750 0.402344 0.056250 0.051562
0 0.557031 0.551562 0.114062 0.106250
0 0.463281 0.418750 0.035937 0.025000
2 0.651563 0.577344 0.046875 0.048438
4 0.706250 0.243750 0.031250 0.034375
2 0.496875 0.678906 0.068750 0.070312
0 0.187500 0.409375 0.081250 0.084375
2 0.300000 0.590625 0.043750 0.040625
0 0.698438 0.416406 0.037500 0.029687
4 0.369531 0.853906 0.123438 0.117188
4 0.358594 0.733594 0.026562 0.026562
4 0.690625 0.500781 0.053125 0.032813
1 0.446875 0.273438 0.134375 0.140625
0 0.353906 0.372656 0.048438 0.045312
4 0.864062 0.704688 0.015625 0.015625
4 0.353125 0.468750 0.062500 0.068750
4 0.520312 0.860938 0.053125 0.053125
3 0.721875 0.758594 0.109375 0.173437
0 0.397656 0.120313 0.051562 0.065625
2 0.245312 0.696875 0.028125 0.028125
2 0.546094 0.605469 0.035937 0.032813
5 0.495312 0.872656 0.028125 0.032813
2 0.508594 0.325781 0.060937 0.067187
4 0.773438 0.210938 0.025000 0.018750
0 0.341406 0.867969 0.064062 0.067187
0 0.779687 0.423438 0.056250 0.053125
1 0.403906 0.743750 0.101562 0.100000
3 0.487500 0.133594 0.118750 0.142187
0 0.187500 0.360156 0.146875 0.120313
2 0.660937 0.460938 0.062500 0.065625
1 0.310156 0.731250 0.089063 0.084375
0 0.157031 0.699219 0.064062 0.064062
1 0.628125 0.378125 0.084375 0.075000
2 0.885938 0.389844 0.050000 0.054688
5 0.379688 0.092188 0.040625 0.034375
3 0.304688 0.182812 0.093750 0.093750
4 0.705469 0.778906 0.035937 0.029687
4 0.494531 0.718750 0.039062 0.028125
1 0.221094 0.239844 0.089063 0.085938
3 0.443750 0.453125 0.125000 0.146875
3 0.553906 0.658594 0.117188 0.117188
1 0.186719 0.734375 0.101562 0.106250
3 0.391406 0.287500 0.214062 0.168750
3 0.579688 0.605469 0.215625 0.179688
4 0.642188 0.554688 0.062500 0.065625
3 0.270313 0.253125 0.115625 0.115625
5 0.527344 0.326562 0.029687 0.031250
3 0.682031 0.500781 0.226562 0.217188
1 0.675000 0.606250 0.071875 0.071875
1 0.595313 0.162500 0.140625 0.115625
3 0.490625 0.207813 0.112500 0.112500
2 0.384375 0.301563 0.050000 0.050000
3 0.700781 0.675781 0.060937 0.060937
3 0.659375 0.450000 0.090625 0.090625
3 0.581250 0.598437 0.103125 0.103125
4 0.112500 0.490625 0.056250 0.068750
3 0.451562 0.637500 0.181250 0.121875
5 0.814063 0.251563 0.046875 0.037500
2 0.314844 0.197656 0.029687 0.035937
5 0.269531 0.540625 0.032813 0.025000
4 0.287500 0.659375 0.081250 0.071875
0 0.688281 0.269531 0.107813 0.104688
1 0.607031 0.606250 0.082812 0.078125
1 0.725781 0.262500 0.160938 0.165625
3 0.467969 0.230469 0.076563 0.076563
5 0.778906 0.174219 0.026562 0.032813
4 0.364063 0.417969 0.059375 0.042188