5 0.569531 0.860938 0.064062 0.071875
2 0.293750 0.570312 0.143750 0.140625
4 0.132812 0.476562 0.043750 0.037500
5 0.169531 0.535937 0.048438 0.062500
4 0.780469 0.595313 0.035937 0.028125
5 0.174219 0.779687 0.039062 0.037500
1 0.625000 0.222656 0.162500 0.148438
3 0.182031 0.746094 0.089063 0.089063
2 0.709375 0.211719 0.087500 0.098437
3 0.522656 0.363281 0.110937 0.110937
0 0.630469 0.801562 0.020313 0.018750
3 0.310937 0.298438 0.068750 0.068750
4 0.705469 0.654687 0.173437 0.190625
4 0.893750 0.599219 0.018750 0.020313
1 0.372656 0.242188 0.092188 0.103125
0 0.696875 0.322656 0.078125 0.067187
2 0.417187 0.151562 0.084375 0.103125
2 0.249219 0.760156 0.029687 0.039062
0 0.675000 0.244531 0.068750 0.064062
4 0.399219 0.602344 0.048438 0.042188
4 0.475000 0.714844 0.053125 0.048438
5 0.175781 0.239063 0.042188 0.034375
3 0.296875 0.746094 0.193750 0.251563
4 0.748437 0.814063 0.025000 0.028125
4 0.603125 0.689844 0.075000 0.114062
2 0.724219 0.335938 0.039062 0.034375
0 0.251563 0.659375 0.021875 0.021875
5 0.757812 0.569531 0.040625 0.039062
5 0.641406 0.389062 0.042188 0.046875
4 0.665625 0.276562 0.075000 0.056250
1 0.328906 0.316406 0.076563 0.067187
1 0.765625 0.672656 0.134375 0.101562
1 0.350781 0.516406 0.057813 0.060937
2 0.608594 0.239063 0.048438 0.046875
0 0.474219 0.407031 0.039062 0.032813
1 0.274219 0.325781 0.060937 0.057813
1 0.457813 0.570312 0.090625 0.093750
4 0.878906 0.338281 0.039062 0.039062
4 0.835938 0.499219 0.096875 0.082812
0 0.221875 0.811719 0.040625 0.051562
1 0.611719 0.407031 0.054688 0.051562
5 0.321094 0.817969 0.042188 0.032813
1 0.489063 0.753125 0.053125 0.053125
3 0.467969 0.774219 0.107813 0.107813
5 0.678125 0.396875 0.034375 0.028125
3 0.706250 0.187500 0.115625 0.115625
2 0.880469 0.676562 0.048438 0.043750
3 0.610938 0.386719 0.140625 0.192188
4 0.757031 0.682813 0.026562 0.031250
5 0.521094 0.757031 0.023438 0.026562
4 0.217188 0.759375 0.043750 0.050000
1 0.753125 0.175781 0.071875 0.057813
3 0.317188 0.171875 0.121875 0.121875
1 0.800000 0.807031 0.040625 0.042188
1 0.119531 0.527344 0.070312 0.067187
3 0.640625 0.665625 0.115625 0.181250
1 0.387500 0.304688 0.121875 0.103125
4 0.549219 0.398438 0.023438 0.025000
0 0.179688 0.414844 0.037500 0.023438
4 0.278906 0.534375 0.198437 0.190625
1 0.589844 0.572656 0.070312 0.135937
1 0.400000 0.289844 0.071875 0.064062
2 0.848437 0.438281 0.159375 0.132812
0 0.603906 0.187500 0.104688 0.093750
5 0.419531 0.498437 0.054688 0.046875
5 0.738281 0.522656 0.032813 0.032813
1 0.648438 0.678125 0.090625 0.093750
4 0.093750 0.535937 0.028125 0.025000
1 0.623437 0.506250 0.100000 0.084375
4 0.656250 0.702344 0.031250 0.032813
1 0.908594 0.500781 0.064062 0.067187
2 0.224219 0.638281 0.051562 0.045312
0 0.410938 0.447656 0.100000 0.085938
0 0.283594 0.788281 0.060937 0.060937
0 0.430469 0.281250 0.020313 0.018750
5 0.838281 0.559375 0.060937 0.075000
4 0.657813 0.143750 0.015625 0.018750
4 0.460156 0.201563 0.079687 0.062500
5 0.240625 0.353906 0.031250 0.035937