2 0.692969 0.729688 0.039062 0.040625
3 0.467969 0.217969 0.301563 0.301563
2 0.658594 0.513281 0.039062 0.042188
2 0.642969 0.422656 0.082812 0.067187
2 0.198437 0.224219 0.056250 0.057813
0 0.866406 0.413281 0.089063 0.076563
1 0.575000 0.417969 0.112500 0.067187
5 0.735938 0.406250 0.034375 0.028125
2 0.864844 0.311719 0.039062 0.035937
2 0.254688 0.684375 0.093750 0.059375
1 0.319531 0.339844 0.107813 0.117188
1 0.911719 0.635156 0.029687 0.032813
5 0.655469 0.315625 0.048438 0.043750
3 0.631250 0.348438 0.093750 0.093750
1 0.323437 0.368750 0.078125 0.106250
2 0.739844 0.485938 0.017188 0.015625
5 0.150781 0.675000 0.045312 0.040625
2 0.334375 0.510938 0.043750 0.046875
4 0.225000 0.237500 0.031250 0.028125
2 0.446094 0.742188 0.035937 0.034375
0 0.487500 0.521875 0.090625 0.081250
4 0.314063 0.729688 0.015625 0.015625
0 0.272656 0.554688 0.051562 0.034375
2 0.355469 0.105469 0.035937 0.029687
2 0.160938 0.660156 0.040625 0.039062
3 0.689844 0.236719 0.120313 0.120313
4 0.214844 0.282813 0.054688 0.053125
0 0.464844 0.312500 0.039062 0.034375
5 0.571094 0.313281 0.048438 0.067187
3 0.360156 0.632031 0.460938 0.323437
3 0.592969 0.509375 0.254688 0.362500
1 0.552344 0.179688 0.139063 0.093750
4 0.547656 0.115625 0.051562 0.059375
3 0.546094 0.344531 0.123438 0.132812
2 0.485156 0.625781 0.076563 0.070312
2 0.258594 0.844531 0.042188 0.042188
5 0.585938 0.492969 0.050000 0.042188
4 0.657031 0.895312 0.045312 0.043750
0 0.247656 0.397656 0.057813 0.051562
4 0.261719 0.569531 0.232813 0.242188
5 0.213281 0.708594 0.042188 0.048438
4 0.601562 0.285156 0.031250 0.039062
2 0.505469 0.375000 0.076563 0.062500
2 0.400781 0.868750 0.035937 0.034375
2 0.486719 0.386719 0.054688 0.054688
1 0.305469 0.232031 0.060937 0.057813
2 0.209375 0.325781 0.037500 0.039062
0 0.557031 0.523438 0.079687 0.068750
3 0.240625 0.459375 0.068750 0.068750
2 0.596875 0.771094 0.025000 0.023438
4 0.354687 0.279687 0.018750 0.028125
3 0.482031 0.422656 0.070312 0.070312
2 0.225000 0.709375 0.068750 0.065625
2 0.650781 0.335156 0.073438 0.076563
1 0.565625 0.141406 0.143750 0.117188
3 0.500781 0.257031 0.248438 0.214062
5 0.777344 0.195312 0.073438 0.062500
4 0.260937 0.375781 0.053125 0.042188
4 0.675000 0.752344 0.053125 0.048438
0 0.750000 0.560937 0.071875 0.062500
5 0.359375 0.495312 0.081250 0.068750
0 0.754687 0.475781 0.053125 0.048438
0 0.492969 0.710938 0.095312 0.096875
3 0.524219 0.861719 0.098437 0.098437
4 0.282031 0.291406 0.048438 0.042188
1 0.585156 0.536719 0.079687 0.067187
5 0.760156 0.182031 0.029687 0.029687
4 0.592187 0.793750 0.021875 0.028125
0 0.682813 0.581250 0.025000 0.028125
3 0.742188 0.550781 0.078125 0.123438
1 0.600000 0.341406 0.153125 0.079687
5 0.525000 0.553125 0.034375 0.037500
4 0.646875 0.839063 0.050000 0.090625
1 0.471094 0.263281 0.060937 0.064062
4 0.527344 0.898438 0.026562 0.021875
2 0.394531 0.325781 0.067187 0.064062
5 0.505469 0.816406 0.054688 0.054688
1 0.429688 0.525781 0.137500 0.148438
0 0.571875 0.145313 0.059375 0.053125
3 0.817969 0.639062 0.192188 0.134375
3 0.265625 0.343750 0.093750 0.093750
5 0.595313 0.761719 0.037500 0.039062
5 0.682031 0.871094 0.023438 0.023438
3 0.439844 0.903906 0.070312 0.070312
5 0.614844 0.616406 0.057813 0.057813
3 0.511719 0.353906 0.123438 0.123438
1 0.213281 0.521094 0.139063 0.154688
4 0.303125 0.710938 0.121875 0.118750
2 0.410156 0.114062 0.054688 0.059375
2 0.361719 0.540625 0.067187 0.053125
0 0.362500 0.539844 0.037500 0.045312
5 0.167187 0.713281 0.018750 0.020313
0 0.595313 0.717969 0.031250 0.032813
1 0.420312 0.829688 0.150000 0.109375
1 0.192188 0.628906 0.150000 0.135937
5 0.103125 0.596094 0.059375 0.070312
4 0.577344 0.291406 0.026562 0.023438
1 0.782813 0.322656 0.081250 0.079687
1 0.325781 0.558594 0.057813 0.076563
0 0.158594 0.471875 0.117188 0.128125
3 0.389844 0.235937 0.051562 0.087500
0 0.675781 0.209375 0.064062 0.084375
4 0.805469 0.527344 0.026562 0.020313
1 0.239844 0.430469 0.079687 0.085938
0 0.540625 0.559375 0.059375 0.053125
0 0.796094 0.398438 0.076563 0.075000
2 0.862500 0.485938 0.071875 0.071875
1 0.784375 0.332813 0.140625 0.140625
4 0.571094 0.451562 0.026562 0.031250
4 0.607031 0.435156 0.070312 0.073438
2 0.819531 0.379688 0.060937 0.056250
3 0.375781 0.407031 0.135937 0.135937
1 0.560156 0.425000 0.070312 0.068750
5 0.461719 0.744531 0.039062 0.039062
4 0.816406 0.638281 0.045312 0.042188
1 0.346875 0.675000 0.087500 0.112500
3 0.346094 0.369531 0.114062 0.114062
5 0.483594 0.553906 0.035937 0.032813
4 0.175781 0.285938 0.098437 0.106250
4 0.874219 0.618750 0.057813 0.056250
0 0.477344 0.360156 0.117188 0.110937
5 0.161719 0.573438 0.029687 0.031250
0 0.428906 0.675781 0.057813 0.064062
0 0.252344 0.214844 0.139063 0.135937
0 0.659375 0.673438 0.106250 0.096875