3 0.284375 0.693750 0.109375 0.109375
2 0.814063 0.253906 0.050000 0.042188
2 0.464844 0.827344 0.032813 0.039062
0 0.353125 0.462500 0.062500 0.062500
4 0.437500 0.884375 0.053125 0.046875
0 0.478125 0.810937 0.084375 0.081250
5 0.537500 0.234375 0.021875 0.025000
1 0.568750 0.542969 0.059375 0.073438
2 0.461719 0.619531 0.073438 0.067187
2 0.665625 0.309375 0.059375 0.053125
4 0.350781 0.357812 0.039062 0.050000
1 0.757031 0.395313 0.117188 0.131250
3 0.365625 0.143750 0.093750 0.093750
2 0.532031 0.289844 0.023438 0.023438
1 0.581250 0.267969 0.084375 0.064062
4 0.653125 0.610938 0.025000 0.021875
5 0.321094 0.610156 0.045312 0.045312
2 0.492969 0.221094 0.092188 0.098437
5 0.291406 0.222656 0.045312 0.054688
3 0.471094 0.124219 0.082812 0.082812
4 0.330469 0.413281 0.042188 0.048438
5 0.857031 0.489844 0.048438 0.048438
0 0.373437 0.494531 0.100000 0.092188
0 0.744531 0.255469 0.082812 0.092188
0 0.346094 0.137500 0.042188 0.046875
5 0.601562 0.904687 0.031250 0.037500
0 0.553906 0.235156 0.057813 0.067187
3 0.700000 0.496875 0.121875 0.121875
2 0.846094 0.607031 0.045312 0.054688
1 0.384375 0.821875 0.081250 0.090625
5 0.642188 0.119531 0.053125 0.051562
2 0.594531 0.347656 0.042188 0.039062
2 0.405469 0.188281 0.026562 0.035937
5 0.786719 0.724219 0.032813 0.035937
4 0.200000 0.602344 0.028125 0.026562
1 0.124219 0.603125 0.092188 0.100000
5 0.522656 0.398438 0.045312 0.046875
3 0.474219 0.874219 0.107813 0.107813
0 0.565625 0.853125 0.046875 0.043750
0 0.435156 0.634375 0.045312 0.037500
4 0.725781 0.437500 0.039062 0.040625
1 0.585938 0.758594 0.115625 0.110937
1 0.610156 0.450000 0.085938 0.075000
4 0.534375 0.720313 0.050000 0.043750
4 0.573438 0.531250 0.015625 0.021875
5 0.702344 0.680469 0.020313 0.020313
1 0.627344 0.414062 0.110937 0.084375
2 0.359375 0.617188 0.090625 0.071875
5 0.147656 0.439063 0.035937 0.040625
1 0.461719 0.742188 0.076563 0.109375
1 0.342969 0.841406 0.089063 0.076563
4 0.461719 0.375000 0.045312 0.037500
3 0.594531 0.622656 0.092188 0.092188
3 0.348438 0.213281 0.087500 0.089063
4 0.230469 0.235156 0.017188 0.017188
0 0.807813 0.677344 0.031250 0.026562
5 0.459375 0.100781 0.040625 0.035937
5 0.278125 0.192188 0.040625 0.040625
0 0.397656 0.586719 0.051562 0.045312
5 0.087500 0.529687 0.037500 0.025000
1 0.646875 0.760156 0.093750 0.135937
1 0.252344 0.252344 0.129688 0.089063
5 0.471875 0.592969 0.046875 0.045312
0 0.837500 0.716406 0.028125 0.026562
5 0.215625 0.763281 0.043750 0.039062
5 0.426563 0.623437 0.059375 0.062500
4 0.305469 0.667188 0.110937 0.093750
3 0.340625 0.585156 0.178125 0.101562
3 0.386719 0.415625 0.164062 0.150000
3 0.214844 0.386719 0.120313 0.098437
4 0.631250 0.659375 0.018750 0.018750
4 0.557813 0.692187 0.059375 0.059375
1 0.777344 0.380469 0.060937 0.073438
1 0.196875 0.327344 0.034375 0.039062
0 0.407031 0.257031 0.039062 0.039062
3 0.443750 0.463281 0.156250 0.179688
3 0.633594 0.634375 0.142187 0.143750
3 0.251563 0.357812 0.171875 0.171875
5 0.121875 0.581250 0.031250 0.028125
0 0.103125 0.439063 0.031250 0.031250
0 0.357812 0.144531 0.043750 0.051562
4 0.175000 0.374219 0.028125 0.026562
2 0.717187 0.260937 0.056250 0.053125
1 0.374219 0.276562 0.089063 0.078125
3 0.404687 0.443750 0.093750 0.093750
1 0.438281 0.273438 0.076563 0.084375
5 0.535156 0.902344 0.042188 0.042188
4 0.697656 0.732812 0.054688 0.040625
4 0.453125 0.555469 0.031250 0.032813
3 0.517188 0.653125 0.115625 0.115625
0 0.249219 0.700781 0.051562 0.067187
5 0.380469 0.236719 0.042188 0.042188
3 0.378906 0.227344 0.114062 0.114062
4 0.742969 0.342969 0.064062 0.067187
0 0.887500 0.378906 0.046875 0.042188
5 0.646875 0.220312 0.040625 0.040625
1 0.640625 0.513281 0.056250 0.073438
2 0.171875 0.417969 0.075000 0.085938
5 0.566406 0.831250 0.029687 0.028125
3 0.432031 0.478906 0.085938 0.085938
5 0.145313 0.660937 0.068750 0.062500
5 0.194531 0.542188 0.032813 0.034375
2 0.432812 0.900781 0.068750 0.057813
5 0.739062 0.585156 0.021875 0.023438
2 0.584375 0.421875 0.028125 0.040625
0 0.604688 0.216406 0.156250 0.139063
5 0.185156 0.469531 0.026562 0.032813
3 0.578125 0.525000 0.156250 0.134375
3 0.386719 0.394531 0.160938 0.251563