0 0.179688 0.686719 0.050000 0.042188
2 0.650000 0.583594 0.037500 0.035937
1 0.367969 0.372656 0.067187 0.057813
4 0.506250 0.185156 0.168750 0.207813
0 0.210156 0.442188 0.045312 0.046875
3 0.766406 0.433594 0.123438 0.123438
1 0.669531 0.548438 0.051562 0.050000
4 0.802344 0.264062 0.067187 0.090625
3 0.792969 0.627344 0.185938 0.185938
3 0.517969 0.535937 0.251563 0.225000
1 0.394531 0.700781 0.076563 0.079687
4 0.675000 0.436719 0.037500 0.039062
2 0.517969 0.833594 0.067187 0.054688
1 0.820312 0.669531 0.131250 0.132812
2 0.612500 0.446094 0.025000 0.023438
4 0.322656 0.757812 0.067187 0.068750
0 0.289844 0.823438 0.110937 0.112500
0 0.681250 0.864844 0.040625 0.029687
2 0.218750 0.728125 0.021875 0.021875
4 0.422656 0.496094 0.035937 0.035937
3 0.364063 0.561719 0.212500 0.195312
0 0.296094 0.582812 0.039062 0.031250
1 0.687500 0.475781 0.190625 0.185938
5 0.632812 0.767188 0.037500 0.037500
0 0.696094 0.167969 0.039062 0.026562
3 0.391406 0.847656 0.132812 0.132812
0 0.714063 0.178125 0.075000 0.071875
0 0.624219 0.497656 0.073438 0.060937
0 0.826562 0.521875 0.071875 0.068750
3 0.357031 0.710156 0.085938 0.085938
5 0.365625 0.753125 0.031250 0.037500
0 0.373437 0.532031 0.090625 0.085938
1 0.274219 0.606250 0.060937 0.090625
4 0.857812 0.733594 0.018750 0.020313
2 0.469531 0.339844 0.029687 0.035937
5 0.549219 0.655469 0.045312 0.042188
4 0.782813 0.711719 0.146875 0.176563
2 0.282813 0.485938 0.068750 0.053125
2 0.295312 0.590625 0.034375 0.028125
0 0.096875 0.445312 0.065625 0.075000
1 0.307812 0.741406 0.131250 0.123438
1 0.296875 0.589063 0.103125 0.090625
0 0.555469 0.334375 0.048438 0.062500
4 0.685937 0.129688 0.056250 0.037500
4 0.521094 0.210156 0.026562 0.026562
3 0.584375 0.801562 0.081250 0.109375
0 0.817187 0.556250 0.087500 0.093750
5 0.138281 0.539062 0.060937 0.040625
3 0.693750 0.575000 0.100000 0.100000
5 0.831250 0.482031 0.031250 0.035937
4 0.294531 0.529687 0.064062 0.050000
2 0.303125 0.694531 0.034375 0.032813
3 0.351562 0.589844 0.190625 0.157812
4 0.703906 0.549219 0.051562 0.064062
5 0.639062 0.177344 0.056250 0.051562
0 0.467187 0.275000 0.037500 0.034375
4 0.277344 0.197656 0.045312 0.032813
0 0.707031 0.809375 0.054688 0.075000
2 0.783594 0.785937 0.054688 0.046875
0 0.239844 0.694531 0.029687 0.032813
2 0.882031 0.498437 0.048438 0.059375
2 0.476562 0.759375 0.028125 0.021875
5 0.811719 0.453906 0.057813 0.054688
3 0.273438 0.484375 0.068750 0.068750
5 0.771094 0.472656 0.035937 0.051562
5 0.278906 0.206250 0.032813 0.034375
0 0.293750 0.665625 0.100000 0.087500
5 0.513281 0.534375 0.057813 0.053125
0 0.639844 0.379688 0.110937 0.093750
4 0.545312 0.496094 0.018750 0.017188
2 0.217969 0.335156 0.051562 0.073438
2 0.468750 0.706250 0.043750 0.031250
2 0.774219 0.346875 0.014063 0.012500
3 0.598437 0.266406 0.137500 0.120313
5 0.377344 0.816406 0.054688 0.064062
3 0.271875 0.425000 0.131250 0.128125
5 0.532813 0.546094 0.025000 0.026562
5 0.779687 0.584375 0.062500 0.062500
4 0.314063 0.490625 0.103125 0.106250
2 0.621875 0.212500 0.068750 0.068750
3 0.507031 0.575781 0.229687 0.217188
1 0.714063 0.496875 0.059375 0.056250
3 0.196094 0.269531 0.089063 0.089063
1 0.400000 0.825781 0.034375 0.035937
0 0.323437 0.160938 0.037500 0.031250
3 0.666406 0.682031 0.367188 0.370312
2 0.367188 0.228125 0.040625 0.037500
5 0.402344 0.857812 0.039062 0.040625