5 0.412500 0.437500 0.037500 0.037500
1 0.223438 0.492188 0.078125 0.078125
2 0.710156 0.313281 0.017188 0.020313
3 0.636719 0.142969 0.132812 0.132812
5 0.791406 0.633594 0.051562 0.060937
4 0.161719 0.698438 0.057813 0.043750
1 0.409375 0.150000 0.050000 0.050000
2 0.555469 0.842969 0.045312 0.060937
3 0.557031 0.228906 0.073438 0.073438
5 0.132031 0.441406 0.045312 0.039062
1 0.278125 0.802344 0.059375 0.064062
4 0.828906 0.477344 0.060937 0.060937
1 0.637500 0.607812 0.040625 0.043750
4 0.696875 0.405469 0.250000 0.176563
4 0.303906 0.538281 0.023438 0.023438
5 0.511719 0.178125 0.045312 0.037500
3 0.558594 0.782031 0.107813 0.107813
4 0.664062 0.268750 0.043750 0.046875
1 0.459375 0.224219 0.134375 0.107813
1 0.357031 0.608594 0.092188 0.104688
1 0.532813 0.857812 0.084375 0.078125
3 0.664844 0.186719 0.082812 0.092188
2 0.551562 0.742188 0.084375 0.068750
3 0.835156 0.353906 0.114062 0.114062
5 0.143750 0.578906 0.043750 0.042188
3 0.492188 0.112500 0.103125 0.103125
3 0.596094 0.342187 0.467187 0.443750
5 0.774219 0.241406 0.035937 0.035937
3 0.358594 0.425781 0.151562 0.151562
0 0.196875 0.343750 0.071875 0.071875
3 0.203125 0.668750 0.100000 0.100000
0 0.790625 0.521094 0.018750 0.017188
2 0.457813 0.875781 0.056250 0.060937
0 0.835156 0.492969 0.067187 0.073438
2 0.421094 0.715625 0.020313 0.043750
0 0.710156 0.550781 0.029687 0.032813
0 0.346875 0.599219 0.037500 0.029687
2 0.844531 0.517188 0.079687 0.090625
4 0.522656 0.717969 0.017188 0.017188
5 0.576562 0.919531 0.037500 0.045312
0 0.596875 0.413281 0.046875 0.042188
4 0.707031 0.257812 0.023438 0.021875
3 0.297656 0.144531 0.073438 0.073438
2 0.467187 0.295312 0.056250 0.050000
2 0.791406 0.648438 0.067187 0.062500
1 0.807031 0.535937 0.045312 0.040625
3 0.296875 0.559375 0.150000 0.150000
1 0.664062 0.682031 0.096875 0.079687
1 0.725000 0.282813 0.162500 0.162500
4 0.594531 0.316406 0.054688 0.067187
1 0.530469 0.817969 0.142187 0.123438
5 0.751563 0.490625 0.031250 0.037500
3 0.804688 0.440625 0.109375 0.109375
4 0.702344 0.827344 0.045312 0.042188
3 0.264062 0.795312 0.093750 0.093750
1 0.699219 0.517188 0.057813 0.090625
0 0.316406 0.773438 0.082812 0.071875
0 0.575000 0.431250 0.106250 0.087500
5 0.619531 0.389062 0.032813 0.025000
5 0.764062 0.610156 0.031250 0.029687
4 0.810156 0.311719 0.079687 0.095312
4 0.584375 0.690625 0.062500 0.071875
5 0.157031 0.746875 0.045312 0.040625
5 0.718750 0.509375 0.056250 0.056250
2 0.471094 0.779687 0.067187 0.068750
2 0.483594 0.813281 0.051562 0.067187
2 0.503906 0.800781 0.023438 0.020313
1 0.609375 0.306250 0.159375 0.115625
0 0.575781 0.654687 0.020313 0.015625
0 0.515625 0.450781 0.062500 0.064062
5 0.828125 0.233594 0.043750 0.051562
1 0.557031 0.840625 0.132812 0.118750
1 0.295312 0.565625 0.065625 0.056250
3 0.703906 0.728906 0.070312 0.070312
2 0.375781 0.850781 0.026562 0.035937
5 0.851562 0.602344 0.021875 0.020313
0 0.141406 0.556250 0.026562 0.025000
0 0.212500 0.406250 0.068750 0.031250
4 0.772656 0.652344 0.204687 0.210938
1 0.558594 0.769531 0.060937 0.054688
0 0.332031 0.558594 0.039062 0.039062
0 0.457813 0.080469 0.025000 0.017188
3 0.552344 0.431250 0.342187 0.300000
5 0.596094 0.111719 0.039062 0.039062
0 0.318750 0.285938 0.053125 0.065625
4 0.796094 0.199219 0.054688 0.054688
5 0.604688 0.638281 0.043750 0.039062
2 0.400781 0.482812 0.023438 0.018750
1 0.447656 0.121094 0.104688 0.110937
5 0.626563 0.467969 0.043750 0.039062
0 0.842187 0.285938 0.028125 0.028125
3 0.241406 0.521094 0.076563 0.139063
2 0.446094 0.707031 0.014063 0.014063
5 0.746094 0.666406 0.026562 0.026562
4 0.733594 0.789062 0.026562 0.028125
1 0.686719 0.185156 0.054688 0.051562
2 0.278125 0.349219 0.078125 0.054688
2 0.651563 0.439844 0.062500 0.051562
2 0.301563 0.806250 0.159375 0.093750
3 0.289844 0.710156 0.101562 0.073438
2 0.388281 0.695312 0.060937 0.071875
3 0.442969 0.723437 0.379688 0.231250
3 0.299219 0.646094 0.332813 0.342187
0 0.538281 0.500000 0.114062 0.096875
1 0.396875 0.276562 0.134375 0.134375
1 0.210938 0.689844 0.056250 0.054688
4 0.274219 0.492188 0.070312 0.096875
4 0.380469 0.253906 0.026562 0.039062
1 0.770312 0.264844 0.075000 0.054688
4 0.390625 0.643750 0.028125 0.025000
4 0.586719 0.504687 0.039062 0.037500
2 0.314844 0.672656 0.023438 0.014063
1 0.870313 0.542969 0.115625 0.117188
0 0.424219 0.268750 0.039062 0.034375
4 0.245312 0.292187 0.015625 0.018750
1 0.374219 0.602344 0.045312 0.054688
0 0.717187 0.697656 0.134375 0.123438
2 0.503906 0.533594 0.070312 0.073438
2 0.113281 0.647656 0.054688 0.042188
2 0.478906 0.805469 0.073438 0.060937
2 0.285938 0.733594 0.037500 0.029687
5 0.464844 0.375781 0.017188 0.017188
2 0.480469 0.490625 0.045312 0.043750
2 0.839844 0.734375 0.032813 0.031250
1 0.825781 0.507812 0.148438 0.178125
1 0.267969 0.638281 0.092188 0.085938
2 0.078125 0.564844 0.031250 0.026562
2 0.352344 0.583594 0.048438 0.045312
4 0.855469 0.408594 0.026562 0.032813
3 0.703125 0.789062 0.071875 0.071875
3 0.606250 0.876563 0.106250 0.106250
4 0.515625 0.409375 0.028125 0.028125
2 0.283594 0.500781 0.257812 0.217188
1 0.575781 0.885156 0.045312 0.060937
3 0.339062 0.326562 0.103125 0.103125
1 0.824219 0.346875 0.048438 0.065625
3 0.339062 0.537500 0.100000 0.100000
5 0.917188 0.575000 0.021875 0.021875
4 0.914844 0.516406 0.045312 0.048438
4 0.123438 0.510156 0.046875 0.045312
2 0.839844 0.595313 0.020313 0.018750
5 0.551562 0.318750 0.031250 0.028125
2 0.546875 0.795312 0.028125 0.025000
5 0.487500 0.696094 0.031250 0.029687
4 0.664062 0.518750 0.090625 0.106250