0 0.753906 0.446875 0.023438 0.021875
0 0.655469 0.360938 0.070312 0.075000
0 0.147656 0.663281 0.098437 0.092188
3 0.753125 0.553125 0.193750 0.156250
3 0.358594 0.410156 0.301563 0.301563
1 0.385937 0.175781 0.059375 0.092188
0 0.442188 0.339844 0.056250 0.035937
5 0.317188 0.325000 0.040625 0.037500
2 0.578125 0.307812 0.028125 0.028125
5 0.464844 0.117969 0.029687 0.029687
2 0.592187 0.378125 0.015625 0.012500
2 0.366406 0.625781 0.048438 0.067187
3 0.445312 0.340625 0.228125 0.275000
3 0.560937 0.276562 0.218750 0.296875
3 0.362500 0.771875 0.096875 0.096875
4 0.392188 0.712500 0.062500 0.062500
3 0.260156 0.589063 0.298438 0.215625
0 0.819531 0.361719 0.045312 0.042188
3 0.497656 0.108594 0.085938 0.085938
0 0.915625 0.392188 0.034375 0.031250
4 0.928906 0.436719 0.029687 0.032813
5 0.482812 0.517188 0.037500 0.037500
2 0.732812 0.419531 0.031250 0.026562
4 0.300000 0.696875 0.087500 0.081250
5 0.153125 0.323437 0.037500 0.040625
1 0.578906 0.167187 0.148438 0.165625
2 0.596094 0.082812 0.039062 0.043750
5 0.864844 0.467187 0.054688 0.050000
4 0.433594 0.419531 0.023438 0.029687
1 0.352344 0.594531 0.101562 0.126562
4 0.507812 0.646094 0.037500 0.032813
1 0.735938 0.274219 0.090625 0.104688
3 0.153906 0.482031 0.110937 0.110937
5 0.542188 0.608594 0.071875 0.067187
2 0.621094 0.543750 0.029687 0.028125
5 0.329688 0.757812 0.034375 0.034375
1 0.774219 0.589063 0.082812 0.068750
3 0.567187 0.521875 0.353125 0.312500
1 0.624219 0.741406 0.110937 0.095312
2 0.550781 0.906250 0.039062 0.034375
5 0.461719 0.378906 0.045312 0.064062
5 0.253125 0.264062 0.031250 0.040625
0 0.807813 0.292187 0.146875 0.134375
5 0.688281 0.538281 0.023438 0.023438
0 0.735156 0.842969 0.048438 0.017188
5 0.508594 0.398438 0.048438 0.043750
5 0.466406 0.828906 0.026562 0.026562
4 0.288281 0.292187 0.104688 0.096875
3 0.517188 0.510938 0.131250 0.131250
2 0.524219 0.585938 0.045312 0.037500
1 0.250000 0.370312 0.071875 0.056250
4 0.664062 0.125781 0.021875 0.023438
2 0.351562 0.305469 0.037500 0.045312
1 0.542969 0.090625 0.070312 0.053125
5 0.134375 0.553906 0.028125 0.020313
2 0.503906 0.830469 0.029687 0.054688
3 0.542969 0.716406 0.104688 0.104688
1 0.446875 0.707031 0.234375 0.170313
5 0.079687 0.490625 0.034375 0.031250
1 0.631250 0.497656 0.075000 0.070312
5 0.589844 0.747656 0.039062 0.035937
4 0.375000 0.845313 0.046875 0.043750
4 0.865625 0.700781 0.031250 0.026562
3 0.289062 0.648438 0.037500 0.037500
2 0.341406 0.493750 0.045312 0.059375
1 0.505469 0.247656 0.173437 0.170313
4 0.265625 0.429688 0.018750 0.025000
3 0.627344 0.635156 0.204687 0.304688
1 0.709375 0.401562 0.137500 0.128125
0 0.338281 0.746875 0.126562 0.106250
1 0.431250 0.568750 0.084375 0.078125
4 0.292187 0.716406 0.040625 0.051562
3 0.417969 0.483594 0.329688 0.239063
2 0.782031 0.670312 0.045312 0.034375
2 0.775781 0.578125 0.085938 0.075000
4 0.261719 0.569531 0.045312 0.045312
1 0.307812 0.689063 0.028125 0.028125
1 0.822656 0.569531 0.067187 0.064062
3 0.390625 0.579688 0.143750 0.143750
0 0.678125 0.685156 0.028125 0.029687
1 0.132812 0.652344 0.046875 0.064062
5 0.236719 0.569531 0.029687 0.023438
4 0.597656 0.525781 0.039062 0.039062
3 0.266406 0.235937 0.132812 0.162500
4 0.528906 0.867188 0.023438 0.018750
0 0.367188 0.360938 0.165625 0.146875
0 0.098437 0.408594 0.034375 0.035937
2 0.425000 0.717187 0.034375 0.071875
5 0.475000 0.597656 0.031250 0.032813
3 0.540625 0.314063 0.093750 0.084375
4 0.601562 0.646094 0.081250 0.073438
4 0.215625 0.514844 0.034375 0.035937
1 0.312500 0.690625 0.071875 0.062500
1 0.246875 0.764062 0.100000 0.103125
4 0.688281 0.223438 0.023438 0.031250
0 0.754687 0.390625 0.212500 0.190625
4 0.441406 0.476562 0.157812 0.121875
1 0.412500 0.728906 0.096875 0.101562
3 0.439063 0.532813 0.225000 0.371875
5 0.226562 0.219531 0.050000 0.048438
1 0.528125 0.196094 0.118750 0.110937
1 0.570312 0.076563 0.034375 0.034375
4 0.594531 0.548438 0.035937 0.031250
5 0.548438 0.506250 0.046875 0.040625
4 0.616406 0.396094 0.051562 0.045312
5 0.685156 0.214062 0.051562 0.040625