0 0.480469 0.234375 0.054688 0.040625
5 0.810937 0.446094 0.059375 0.039062
1 0.586719 0.408594 0.079687 0.089063
5 0.639062 0.210156 0.034375 0.035937
5 0.892188 0.410938 0.031250 0.028125
5 0.611719 0.547656 0.060937 0.051562
2 0.690625 0.605469 0.050000 0.051562
2 0.353125 0.375000 0.046875 0.046875
4 0.157812 0.542188 0.040625 0.043750
0 0.403906 0.485156 0.039062 0.042188
2 0.762500 0.330469 0.096875 0.082812
5 0.272656 0.578906 0.029687 0.023438
3 0.283594 0.519531 0.204687 0.151562
5 0.819531 0.562500 0.054688 0.059375
2 0.541406 0.616406 0.092188 0.089063
5 0.670312 0.224219 0.034375 0.029687
5 0.782031 0.608594 0.032813 0.029687
1 0.312500 0.461719 0.109375 0.092188
1 0.848437 0.524219 0.128125 0.101562
4 0.687500 0.298438 0.034375 0.037500
1 0.431250 0.469531 0.065625 0.060937
0 0.517969 0.835938 0.098437 0.103125
0 0.590625 0.520312 0.090625 0.106250
5 0.814844 0.367969 0.023438 0.023438
3 0.289844 0.416406 0.110937 0.151562
3 0.257812 0.206250 0.068750 0.068750
5 0.658594 0.635156 0.023438 0.020313
3 0.752344 0.661719 0.082812 0.089063
5 0.754687 0.304688 0.031250 0.031250
1 0.775781 0.684375 0.064062 0.075000
3 0.342969 0.410938 0.154688 0.134375
2 0.807813 0.306250 0.034375 0.015625
0 0.453125 0.855469 0.100000 0.079687
5 0.522656 0.565625 0.032813 0.040625
1 0.529687 0.621875 0.056250 0.043750
3 0.418750 0.315625 0.131250 0.181250
5 0.452344 0.422656 0.048438 0.042188
2 0.182812 0.615625 0.056250 0.046875
0 0.539844 0.816406 0.101562 0.110937
0 0.170313 0.667188 0.046875 0.050000
3 0.600781 0.278125 0.229687 0.212500
5 0.267969 0.794531 0.029687 0.026562
5 0.303906 0.585156 0.048438 0.039062
2 0.579688 0.407813 0.040625 0.037500
2 0.625000 0.564844 0.018750 0.017188
5 0.763281 0.154688 0.032813 0.031250
5 0.250781 0.242188 0.032813 0.031250
5 0.556250 0.585156 0.050000 0.051562
4 0.354687 0.692187 0.175000 0.165625
4 0.814063 0.354687 0.087500 0.087500
2 0.788281 0.627344 0.039062 0.035937
5 0.397656 0.448437 0.076563 0.065625
4 0.528125 0.690625 0.025000 0.025000
1 0.556250 0.460938 0.140625 0.118750
4 0.882031 0.528125 0.023438 0.021875
1 0.692969 0.183594 0.148438 0.145313
0 0.376563 0.539844 0.043750 0.048438
5 0.181250 0.579688 0.021875 0.021875
2 0.380469 0.776563 0.020313 0.018750
2 0.740625 0.763281 0.043750 0.048438
1 0.769531 0.701562 0.132812 0.112500