1 0.274219 0.282031 0.070312 0.064062
4 0.494531 0.202344 0.026562 0.032813
0 0.240625 0.796094 0.046875 0.039062
0 0.581250 0.665625 0.068750 0.059375
0 0.684375 0.433594 0.078125 0.067187
2 0.353906 0.413281 0.057813 0.064062
3 0.584375 0.456250 0.221875 0.221875
3 0.420312 0.473438 0.184375 0.215625
1 0.325000 0.350781 0.062500 0.073438
2 0.379688 0.797656 0.021875 0.035937
2 0.285938 0.741406 0.046875 0.060937
3 0.748437 0.590625 0.121875 0.121875
3 0.418750 0.725000 0.259375 0.193750
3 0.700781 0.762500 0.107813 0.106250
1 0.707812 0.256250 0.078125 0.059375
4 0.678125 0.528125 0.034375 0.034375
5 0.835938 0.742188 0.025000 0.018750
5 0.392969 0.675000 0.048438 0.056250
1 0.746094 0.548438 0.085938 0.118750
4 0.621875 0.546094 0.028125 0.029687
2 0.508594 0.600000 0.042188 0.050000
3 0.231250 0.639062 0.087500 0.087500
0 0.352344 0.587500 0.054688 0.046875
4 0.721094 0.556250 0.048438 0.059375
3 0.646875 0.635938 0.115625 0.115625
4 0.173437 0.758594 0.034375 0.029687
1 0.442188 0.355469 0.065625 0.060937
2 0.528125 0.157812 0.034375 0.031250
1 0.801562 0.751563 0.075000 0.065625
5 0.612500 0.326562 0.056250 0.065625
2 0.777344 0.570312 0.073438 0.056250
2 0.213281 0.634375 0.095312 0.084375
0 0.522656 0.807031 0.092188 0.095312
1 0.425781 0.531250 0.026562 0.040625
5 0.781250 0.354687 0.034375 0.053125
3 0.780469 0.520312 0.157812 0.128125
1 0.337500 0.395313 0.100000 0.134375
1 0.449219 0.321094 0.101562 0.082812
0 0.426563 0.789844 0.109375 0.104688
4 0.746875 0.605469 0.121875 0.135937
0 0.792188 0.717969 0.053125 0.048438
1 0.342969 0.332813 0.035937 0.031250
0 0.744531 0.159375 0.032813 0.031250
0 0.862500 0.361719 0.037500 0.035937
3 0.708594 0.580469 0.120313 0.120313
1 0.679688 0.826562 0.059375 0.059375
0 0.396094 0.650000 0.070312 0.065625
1 0.291406 0.236719 0.051562 0.051562
2 0.367969 0.402344 0.020313 0.020313
4 0.150000 0.413281 0.021875 0.023438
3 0.631250 0.135937 0.065625 0.065625
3 0.197656 0.405469 0.089063 0.139063
2 0.419531 0.121875 0.017188 0.015625
0 0.587500 0.395313 0.021875 0.018750
3 0.668750 0.360156 0.106250 0.104688
2 0.720313 0.356250 0.062500 0.068750
1 0.501563 0.456250 0.128125 0.093750
0 0.117969 0.457031 0.126562 0.110937
0 0.839844 0.425781 0.039062 0.070312
5 0.732031 0.776563 0.039062 0.040625
1 0.571875 0.138281 0.106250 0.082812
3 0.339062 0.158594 0.087500 0.089063
1 0.753906 0.587500 0.073438 0.087500
1 0.663281 0.785156 0.095312 0.085938
1 0.667188 0.492188 0.171875 0.153125
4 0.497656 0.675781 0.039062 0.032813
0 0.313281 0.292187 0.020313 0.021875
2 0.506250 0.544531 0.059375 0.057813
2 0.327344 0.223438 0.054688 0.040625
3 0.529687 0.778906 0.190625 0.201563
1 0.593750 0.565625 0.146875 0.131250
1 0.267188 0.541406 0.078125 0.092188
4 0.682813 0.173437 0.028125 0.021875
0 0.224219 0.254688 0.076563 0.068750
3 0.199219 0.603906 0.120313 0.120313