1 0.260156 0.568750 0.085938 0.100000
0 0.597656 0.153125 0.076563 0.075000
0 0.591406 0.740625 0.114062 0.109375
2 0.849219 0.547656 0.060937 0.051562
2 0.367969 0.484375 0.060937 0.059375
3 0.814063 0.292969 0.103125 0.139063
5 0.482031 0.835156 0.039062 0.032813
0 0.588281 0.372656 0.126562 0.129688
2 0.463281 0.672656 0.070312 0.060937
2 0.410938 0.289844 0.106250 0.082812
5 0.508594 0.525781 0.035937 0.039062
1 0.133594 0.472656 0.079687 0.117188
4 0.446094 0.754687 0.023438 0.025000
0 0.246875 0.714844 0.150000 0.132812
4 0.596094 0.901563 0.042188 0.034375
2 0.759375 0.187500 0.065625 0.068750
3 0.716406 0.353125 0.157812 0.171875
0 0.425781 0.549219 0.051562 0.039062
2 0.221094 0.698438 0.026562 0.053125
2 0.197656 0.519531 0.101562 0.107813
3 0.175000 0.282813 0.100000 0.100000
4 0.283594 0.601562 0.029687 0.025000
5 0.592969 0.439063 0.032813 0.031250
3 0.125781 0.566406 0.089063 0.089063
0 0.578906 0.498437 0.076563 0.084375
1 0.500000 0.200000 0.056250 0.053125
5 0.482812 0.340625 0.046875 0.050000
3 0.407813 0.405469 0.146875 0.104688
1 0.449219 0.524219 0.067187 0.051562
4 0.214844 0.239063 0.073438 0.075000
5 0.735156 0.431250 0.060937 0.081250
0 0.447656 0.464844 0.126562 0.132812
1 0.852344 0.708594 0.070312 0.064062
2 0.582031 0.671875 0.051562 0.050000
5 0.275781 0.691406 0.032813 0.032813
2 0.315625 0.387500 0.056250 0.046875
0 0.162500 0.461719 0.071875 0.057813
3 0.608594 0.285938 0.229687 0.184375
5 0.517188 0.675000 0.053125 0.053125
4 0.540625 0.619531 0.025000 0.023438
5 0.825000 0.578125 0.046875 0.046875
1 0.148438 0.494531 0.034375 0.026562
1 0.255469 0.405469 0.101562 0.151562
2 0.688281 0.375000 0.023438 0.025000
4 0.498437 0.313281 0.012500 0.017188
1 0.419531 0.569531 0.101562 0.110937
5 0.314063 0.622656 0.059375 0.060937
4 0.846094 0.387500 0.035937 0.037500
4 0.575000 0.491406 0.025000 0.023438
5 0.710156 0.478906 0.048438 0.048438
3 0.455469 0.596094 0.073438 0.073438
3 0.675000 0.375000 0.137500 0.137500
5 0.838281 0.409375 0.098437 0.093750
0 0.359375 0.853906 0.056250 0.057813
5 0.875781 0.684375 0.045312 0.056250
2 0.625000 0.442969 0.034375 0.026562
1 0.685156 0.707031 0.045312 0.054688
4 0.354687 0.309375 0.050000 0.040625
2 0.605469 0.320312 0.035937 0.043750
5 0.371094 0.425000 0.035937 0.050000
3 0.372656 0.672656 0.145313 0.226562
2 0.679688 0.769531 0.075000 0.079687
3 0.400781 0.679688 0.354687 0.353125
3 0.257031 0.300781 0.095312 0.095312
2 0.725781 0.335156 0.023438 0.023438
5 0.620313 0.356250 0.031250 0.025000
5 0.303906 0.458594 0.029687 0.026562
0 0.460156 0.246094 0.026562 0.023438
0 0.149219 0.244531 0.023438 0.020313
3 0.538281 0.635156 0.085938 0.085938
1 0.241406 0.788281 0.029687 0.035937
4 0.504687 0.277344 0.128125 0.148438
3 0.498437 0.310937 0.103125 0.103125
3 0.834375 0.641406 0.125000 0.154688
5 0.342187 0.134375 0.056250 0.046875
1 0.607031 0.746094 0.064062 0.089063
1 0.742188 0.523438 0.087500 0.084375
1 0.136719 0.647656 0.095312 0.079687
5 0.475781 0.911719 0.051562 0.048438
1 0.678125 0.753906 0.100000 0.107813
1 0.556250 0.511719 0.143750 0.145313
4 0.661719 0.572656 0.179688 0.220312
4 0.739062 0.785937 0.031250 0.046875
4 0.406250 0.647656 0.268750 0.235937
5 0.603906 0.507812 0.057813 0.050000
3 0.482031 0.489844 0.114062 0.114062
5 0.407031 0.268750 0.048438 0.053125
5 0.306250 0.701562 0.037500 0.040625
0 0.649219 0.626563 0.104688 0.081250
5 0.621094 0.228125 0.045312 0.040625
2 0.599219 0.619531 0.039062 0.057813
0 0.446875 0.482812 0.109375 0.106250
3 0.460938 0.098437 0.090625 0.090625
0 0.375000 0.417187 0.090625 0.096875
2 0.202344 0.438281 0.029687 0.029687
0 0.118750 0.307031 0.037500 0.042188
0 0.133594 0.303906 0.051562 0.048438
4 0.314063 0.760156 0.021875 0.023438
3 0.120313 0.512500 0.115625 0.115625
4 0.821094 0.497656 0.026562 0.026562
2 0.896094 0.512500 0.035937 0.050000
1 0.713281 0.796094 0.064062 0.064062
1 0.761719 0.653906 0.089063 0.098437
0 0.392188 0.592187 0.043750 0.037500
0 0.857812 0.343750 0.068750 0.071875
0 0.369531 0.536719 0.092188 0.085938
0 0.500781 0.924219 0.045312 0.042188
4 0.842969 0.621875 0.039062 0.034375
4 0.232031 0.425000 0.092188 0.140625
2 0.789062 0.545312 0.037500 0.031250
4 0.234375 0.828125 0.025000 0.021875
5 0.468750 0.328125 0.037500 0.031250
3 0.191406 0.543750 0.060937 0.062500
3 0.708594 0.775781 0.120313 0.120313
1 0.461719 0.278906 0.039062 0.110937
3 0.791406 0.453125 0.298438 0.265625
2 0.350000 0.413281 0.065625 0.051562
3 0.332813 0.339062 0.234375 0.193750
5 0.625781 0.660156 0.054688 0.054688
5 0.756250 0.198437 0.068750 0.068750
1 0.572656 0.783594 0.057813 0.057813
4 0.556250 0.696094 0.056250 0.042188
5 0.136719 0.556250 0.045312 0.050000
3 0.541406 0.371094 0.107813 0.107813
2 0.235937 0.364063 0.056250 0.059375
0 0.681250 0.858594 0.059375 0.048438
2 0.681250 0.144531 0.062500 0.060937
2 0.639062 0.682031 0.050000 0.039062
0 0.654687 0.762500 0.059375 0.056250
2 0.639844 0.221094 0.057813 0.048438
4 0.724219 0.698438 0.026562 0.028125
4 0.443750 0.133594 0.037500 0.026562
5 0.367969 0.543750 0.042188 0.043750
1 0.387500 0.421875 0.181250 0.171875
5 0.469531 0.155469 0.054688 0.051562
0 0.264844 0.185156 0.045312 0.045312
3 0.785937 0.257031 0.059375 0.114062
1 0.169531 0.584375 0.064062 0.053125
4 0.504687 0.412500 0.015625 0.018750
2 0.480469 0.613281 0.023438 0.029687
5 0.669531 0.360156 0.039062 0.042188
0 0.302344 0.453125 0.098437 0.090625
2 0.803906 0.346094 0.076563 0.060937
2 0.442188 0.392188 0.050000 0.078125
3 0.410156 0.354687 0.192188 0.159375
2 0.550000 0.392188 0.031250 0.031250
0 0.654687 0.471094 0.053125 0.054688