2 0.707812 0.720313 0.071875 0.062500
4 0.362500 0.578906 0.025000 0.020313
5 0.709375 0.375781 0.034375 0.029687
0 0.617188 0.266406 0.059375 0.054688
4 0.749219 0.449219 0.014063 0.010937
4 0.245312 0.208594 0.018750 0.029687
4 0.597656 0.410156 0.054688 0.060937
2 0.749219 0.514062 0.035937 0.043750
2 0.278125 0.663281 0.040625 0.035937
5 0.155469 0.640625 0.042188 0.040625
3 0.279687 0.570312 0.093750 0.093750
0 0.653906 0.723437 0.064062 0.053125
5 0.288281 0.646875 0.032813 0.028125
1 0.522656 0.489063 0.120313 0.112500
2 0.117188 0.528906 0.028125 0.020313
4 0.072656 0.570312 0.020313 0.015625
1 0.613281 0.657813 0.160938 0.165625
5 0.407031 0.881250 0.060937 0.081250
0 0.249219 0.231250 0.089063 0.081250
2 0.385937 0.300781 0.056250 0.060937
1 0.752344 0.667969 0.098437 0.089063
4 0.530469 0.545312 0.023438 0.025000
5 0.572656 0.835156 0.029687 0.029687
3 0.180469 0.522656 0.117188 0.117188
2 0.540625 0.212500 0.028125 0.025000
4 0.801562 0.408594 0.065625 0.060937
3 0.570312 0.241406 0.193750 0.210938
0 0.262500 0.329688 0.031250 0.025000
4 0.263281 0.785937 0.029687 0.025000
4 0.700000 0.166406 0.021875 0.023438
2 0.474219 0.500781 0.051562 0.045312
0 0.830469 0.447656 0.076563 0.073438
4 0.777344 0.589844 0.017188 0.023438
2 0.238281 0.396875 0.042188 0.050000
5 0.513281 0.750000 0.048438 0.037500
4 0.273438 0.432812 0.115625 0.100000
5 0.705469 0.743750 0.035937 0.037500
3 0.448437 0.328125 0.075000 0.143750
2 0.446875 0.700000 0.046875 0.068750
1 0.467969 0.805469 0.160938 0.160938
5 0.439844 0.692187 0.051562 0.056250
1 0.702344 0.165625 0.082812 0.109375
2 0.896875 0.585156 0.056250 0.054688
0 0.754687 0.392188 0.103125 0.087500
3 0.194531 0.527344 0.123438 0.123438
0 0.870313 0.571875 0.071875 0.100000
5 0.386719 0.328125 0.029687 0.025000
0 0.210938 0.804688 0.037500 0.040625
2 0.722656 0.664844 0.079687 0.076563
3 0.458594 0.653906 0.132812 0.104688
2 0.614844 0.489844 0.051562 0.048438
0 0.640625 0.275781 0.081250 0.089063
1 0.813281 0.391406 0.042188 0.029687
0 0.778906 0.689063 0.154688 0.156250
0 0.845313 0.693750 0.031250 0.025000
5 0.875000 0.437500 0.043750 0.040625
2 0.484375 0.456250 0.146875 0.196875
5 0.319531 0.684375 0.029687 0.034375
4 0.703125 0.663281 0.084375 0.092188
2 0.437500 0.452344 0.071875 0.129688
5 0.413281 0.622656 0.039062 0.039062
2 0.188281 0.653906 0.048438 0.073438
2 0.239063 0.728125 0.021875 0.021875
3 0.411719 0.414062 0.320312 0.206250
3 0.842187 0.590625 0.046875 0.046875
5 0.260937 0.228906 0.046875 0.045312
4 0.585156 0.182031 0.070312 0.048438
0 0.534375 0.725781 0.025000 0.023438
1 0.232031 0.612500 0.064062 0.062500
1 0.561719 0.406250 0.092188 0.075000
0 0.625781 0.203906 0.026562 0.023438
4 0.708594 0.225000 0.070312 0.103125
2 0.555469 0.853125 0.148438 0.171875
1 0.692187 0.657813 0.078125 0.065625
4 0.776563 0.700000 0.056250 0.062500
1 0.504687 0.131250 0.046875 0.043750
3 0.448437 0.802344 0.143750 0.223438
1 0.213281 0.231250 0.067187 0.075000
5 0.738281 0.594531 0.092188 0.082812
5 0.357031 0.350000 0.032813 0.028125
3 0.390625 0.346094 0.290625 0.210938
4 0.642969 0.709375 0.045312 0.046875
0 0.581250 0.485156 0.031250 0.035937
5 0.458594 0.239844 0.032813 0.039062
0 0.154688 0.722656 0.031250 0.026562
4 0.388281 0.749219 0.048438 0.057813
0 0.703906 0.738281 0.054688 0.054688
4 0.514062 0.633594 0.065625 0.060937
4 0.798438 0.608594 0.015625 0.014063
0 0.431250 0.308594 0.050000 0.048438
3 0.172656 0.492969 0.129688 0.129688
4 0.239063 0.584375 0.071875 0.065625
4 0.503125 0.586719 0.025000 0.026562
3 0.461719 0.631250 0.257812 0.337500
5 0.853906 0.315625 0.039062 0.046875
3 0.612500 0.803125 0.106250 0.106250
2 0.567187 0.919531 0.043750 0.042188
2 0.118750 0.380469 0.031250 0.026562
1 0.717969 0.385937 0.082812 0.087500
0 0.521875 0.510938 0.021875 0.021875
0 0.704688 0.634375 0.068750 0.062500
0 0.717187 0.797656 0.021875 0.020313
3 0.586719 0.582031 0.289062 0.210938
3 0.189844 0.307812 0.139063 0.140625
2 0.364844 0.332031 0.064062 0.067187
5 0.788281 0.614062 0.029687 0.034375
1 0.346094 0.275000 0.114062 0.078125
4 0.400781 0.703125 0.095312 0.087500
1 0.191406 0.683594 0.098437 0.095312
4 0.735156 0.615625 0.051562 0.043750
3 0.610938 0.764062 0.228125 0.243750
4 0.584375 0.668750 0.034375 0.028125
5 0.535156 0.467969 0.051562 0.057813
3 0.741406 0.710156 0.151562 0.151562
0 0.106250 0.503125 0.021875 0.015625
3 0.175000 0.500000 0.100000 0.100000
3 0.260937 0.474219 0.143750 0.164062
4 0.657813 0.842969 0.050000 0.039062
3 0.467187 0.391406 0.150000 0.142187
5 0.304688 0.846875 0.056250 0.046875
4 0.857812 0.386719 0.034375 0.026562
0 0.664844 0.805469 0.145313 0.145313
3 0.623437 0.234375 0.100000 0.100000
1 0.699219 0.519531 0.142187 0.151562
2 0.193750 0.435156 0.078125 0.060937
1 0.811719 0.603125 0.079687 0.090625
0 0.745313 0.778125 0.018750 0.021875
2 0.781250 0.420312 0.021875 0.028125
1 0.710938 0.768750 0.171875 0.200000
5 0.427344 0.894531 0.060937 0.051562
5 0.675781 0.644531 0.079687 0.079687
5 0.775781 0.249219 0.054688 0.048438
0 0.780469 0.539062 0.076563 0.050000
3 0.725781 0.505469 0.085938 0.085938
1 0.321094 0.356250 0.085938 0.075000
3 0.477344 0.784375 0.198437 0.165625