0 0.842969 0.671094 0.039062 0.032813
3 0.408594 0.346875 0.114062 0.090625
5 0.784375 0.612500 0.043750 0.043750
1 0.490625 0.898438 0.078125 0.081250
2 0.221094 0.220312 0.051562 0.043750
0 0.350781 0.566406 0.023438 0.023438
4 0.486719 0.710938 0.167187 0.196875
1 0.506250 0.810937 0.075000 0.071875
0 0.707031 0.603125 0.026562 0.031250
1 0.514062 0.450781 0.109375 0.114062
4 0.407813 0.282813 0.028125 0.034375
0 0.281250 0.637500 0.078125 0.075000
0 0.364063 0.387500 0.043750 0.050000
3 0.323437 0.640625 0.065625 0.065625
2 0.753125 0.701562 0.056250 0.043750
5 0.328906 0.182031 0.042188 0.042188
0 0.665625 0.381250 0.043750 0.037500
3 0.192188 0.298438 0.109375 0.109375
4 0.362500 0.375781 0.018750 0.017188
5 0.190625 0.752344 0.037500 0.042188
1 0.432812 0.181250 0.043750 0.040625
3 0.400781 0.692969 0.123438 0.123438
4 0.274219 0.464062 0.029687 0.025000
0 0.473438 0.676562 0.100000 0.065625
0 0.571094 0.813281 0.117188 0.098437
5 0.457031 0.214844 0.054688 0.042188
3 0.203906 0.411719 0.057813 0.057813
1 0.462500 0.771875 0.025000 0.031250
1 0.320312 0.769531 0.059375 0.057813
5 0.486719 0.923438 0.035937 0.037500
2 0.117969 0.402344 0.042188 0.060937
0 0.625781 0.667969 0.054688 0.095312
4 0.392188 0.316406 0.018750 0.020313
5 0.502344 0.662500 0.042188 0.065625
2 0.802344 0.509375 0.054688 0.056250
1 0.582031 0.488281 0.082812 0.110937
1 0.538281 0.826562 0.104688 0.084375
2 0.696094 0.585938 0.060937 0.056250
3 0.271875 0.793750 0.121875 0.096875
5 0.565625 0.631250 0.021875 0.018750
4 0.190625 0.738281 0.065625 0.057813
4 0.789062 0.442188 0.062500 0.068750
5 0.768750 0.342969 0.046875 0.051562
0 0.218750 0.212500 0.043750 0.040625
5 0.455469 0.149219 0.048438 0.048438
5 0.758594 0.425000 0.035937 0.028125
5 0.321094 0.138281 0.039062 0.032813
1 0.228125 0.315625 0.056250 0.065625
0 0.348438 0.446094 0.134375 0.114062
4 0.550781 0.605469 0.035937 0.039062
0 0.288281 0.318750 0.082812 0.081250
4 0.347656 0.523438 0.160938 0.121875
3 0.746875 0.353125 0.087500 0.087500
4 0.535937 0.312500 0.021875 0.021875
1 0.810937 0.749219 0.062500 0.076563
1 0.578906 0.497656 0.057813 0.079687
5 0.721094 0.646875 0.048438 0.043750
3 0.620313 0.366406 0.343750 0.317188
1 0.578906 0.257031 0.054688 0.032813
3 0.310937 0.706250 0.128125 0.128125
5 0.699219 0.338281 0.029687 0.032813
3 0.835156 0.452344 0.126562 0.126562
0 0.396875 0.502344 0.056250 0.054688
0 0.786719 0.621875 0.032813 0.040625