0 0.124219 0.462500 0.048438 0.062500
5 0.627344 0.217188 0.035937 0.034375
2 0.423438 0.696875 0.031250 0.040625
2 0.409375 0.171875 0.037500 0.037500
4 0.307031 0.531250 0.020313 0.018750
5 0.532031 0.657813 0.039062 0.046875
3 0.692187 0.672656 0.062500 0.114062
1 0.328125 0.850000 0.068750 0.065625
5 0.349219 0.814844 0.051562 0.048438
0 0.755469 0.218750 0.042188 0.034375
0 0.735156 0.290625 0.070312 0.056250
3 0.473438 0.262500 0.203125 0.225000
4 0.225781 0.825000 0.042188 0.043750
0 0.413281 0.814063 0.023438 0.021875
5 0.228125 0.474219 0.043750 0.048438
2 0.709375 0.201563 0.021875 0.021875
0 0.671094 0.361719 0.051562 0.064062
2 0.321094 0.455469 0.023438 0.020313
5 0.592187 0.240625 0.050000 0.050000
0 0.528125 0.756250 0.053125 0.050000
2 0.317969 0.376563 0.045312 0.059375
3 0.128125 0.489063 0.028125 0.071875
2 0.273438 0.673438 0.325000 0.118750
5 0.155469 0.727344 0.023438 0.020313
4 0.393750 0.289844 0.031250 0.032813
0 0.242969 0.514062 0.060937 0.053125
4 0.780469 0.267188 0.057813 0.056250
1 0.532031 0.874219 0.070312 0.064062
5 0.517969 0.387500 0.042188 0.040625
0 0.300781 0.520312 0.070312 0.062500
4 0.722656 0.321875 0.032813 0.028125
1 0.360156 0.389844 0.110937 0.085938
1 0.362500 0.524219 0.118750 0.170313
1 0.524219 0.734375 0.110937 0.118750
3 0.475781 0.199219 0.073438 0.073438
3 0.648438 0.577344 0.078125 0.089063
1 0.528906 0.378906 0.076563 0.095312
5 0.775000 0.222656 0.043750 0.042188
0 0.820312 0.772656 0.025000 0.023438
0 0.193750 0.548438 0.068750 0.059375
0 0.717969 0.842187 0.042188 0.037500
4 0.643750 0.850781 0.040625 0.032813
5 0.517188 0.867969 0.018750 0.029687
5 0.374219 0.117188 0.026562 0.025000
1 0.511719 0.386719 0.079687 0.060937
2 0.495312 0.864844 0.037500 0.032813
1 0.803906 0.283594 0.060937 0.095312
3 0.745313 0.279687 0.078125 0.078125
3 0.332813 0.673438 0.287500 0.237500
4 0.412500 0.784375 0.037500 0.040625
3 0.362500 0.689063 0.406250 0.321875
5 0.554688 0.849219 0.031250 0.032813
1 0.766406 0.245312 0.114062 0.121875
1 0.327344 0.321094 0.104688 0.104688
0 0.469531 0.242188 0.017188 0.015625
3 0.833594 0.394531 0.120313 0.120313
1 0.814844 0.635938 0.082812 0.075000
3 0.578125 0.603906 0.325000 0.198437
3 0.801562 0.575781 0.071875 0.095312
1 0.284375 0.202344 0.081250 0.085938
4 0.630469 0.419531 0.026562 0.032813
4 0.387500 0.578125 0.065625 0.084375
0 0.328906 0.854688 0.101562 0.087500
2 0.345313 0.460938 0.034375 0.028125
0 0.195312 0.312500 0.056250 0.062500
4 0.660937 0.180469 0.021875 0.026562
3 0.336719 0.707031 0.095312 0.095312
4 0.628125 0.596094 0.150000 0.157812
5 0.283594 0.673438 0.051562 0.065625
0 0.683594 0.252344 0.045312 0.048438
5 0.792969 0.740625 0.051562 0.053125
5 0.628906 0.790625 0.035937 0.059375
2 0.846875 0.425000 0.084375 0.087500
3 0.741406 0.770312 0.079687 0.078125
2 0.874219 0.492969 0.020313 0.020313
1 0.347656 0.146094 0.051562 0.064062
4 0.203125 0.187500 0.025000 0.021875
0 0.581250 0.242969 0.059375 0.067187
1 0.449219 0.685156 0.117188 0.101562
0 0.613281 0.792969 0.070312 0.064062
3 0.695312 0.639844 0.137500 0.167187
3 0.529687 0.621875 0.321875 0.321875
0 0.624219 0.835156 0.035937 0.035937
0 0.561719 0.877344 0.026562 0.020313
3 0.575000 0.587500 0.115625 0.115625
0 0.684375 0.839063 0.053125 0.053125
5 0.471875 0.207031 0.031250 0.035937
3 0.610938 0.275000 0.065625 0.065625
4 0.886719 0.497656 0.026562 0.023438
3 0.707031 0.172656 0.092188 0.092188
5 0.641406 0.125781 0.039062 0.032813
1 0.805469 0.708594 0.045312 0.035937
1 0.152344 0.329688 0.092188 0.096875
4 0.492969 0.668750 0.132812 0.134375
5 0.252344 0.193750 0.060937 0.078125
5 0.596875 0.419531 0.009375 0.010937
3 0.428125 0.501563 0.078125 0.078125
5 0.132812 0.630469 0.034375 0.026562
5 0.396094 0.103125 0.035937 0.040625
4 0.522656 0.364063 0.057813 0.050000
3 0.264062 0.226562 0.084375 0.084375
5 0.165625 0.600000 0.056250 0.056250
2 0.489844 0.240625 0.076563 0.062500
3 0.264062 0.655469 0.181250 0.154688
0 0.266406 0.535937 0.035937 0.034375
2 0.660156 0.760938 0.095312 0.090625
3 0.821094 0.546094 0.142187 0.142187
0 0.471094 0.075000 0.023438 0.021875
1 0.642969 0.432031 0.045312 0.051562
0 0.291406 0.522656 0.064062 0.064062
2 0.880469 0.584375 0.035937 0.034375
0 0.345313 0.732031 0.131250 0.132812
4 0.295312 0.726562 0.018750 0.021875
2 0.117969 0.481250 0.026562 0.025000
0 0.605469 0.342969 0.042188 0.045312
1 0.607812 0.596875 0.109375 0.100000
1 0.804688 0.746094 0.050000 0.064062
1 0.126562 0.458594 0.146875 0.123438
1 0.646094 0.154688 0.060937 0.093750
1 0.294531 0.289062 0.129688 0.143750
0 0.678125 0.303906 0.068750 0.089063
1 0.192969 0.495312 0.145313 0.112500
0 0.308594 0.391406 0.320312 0.320312
5 0.453125 0.086719 0.031250 0.029687
3 0.127344 0.597656 0.051562 0.048438
1 0.470313 0.264062 0.084375 0.090625
5 0.219531 0.604688 0.042188 0.043750
5 0.274219 0.621875 0.035937 0.031250
4 0.795312 0.654687 0.081250 0.093750
3 0.342187 0.164062 0.050000 0.096875
3 0.765625 0.483594 0.090625 0.089063
5 0.471875 0.437500 0.046875 0.050000
1 0.889062 0.559375 0.059375 0.059375
4 0.271094 0.413281 0.064062 0.067187
0 0.380469 0.499219 0.017188 0.023438
0 0.473438 0.138281 0.040625 0.039062
4 0.460938 0.209375 0.025000 0.034375
3 0.164062 0.357812 0.112500 0.112500
0 0.610938 0.641406 0.046875 0.048438
4 0.759375 0.678906 0.028125 0.023438
2 0.304688 0.285938 0.093750 0.087500
5 0.603906 0.387500 0.035937 0.034375
0 0.407813 0.379688 0.059375 0.059375
0 0.656250 0.242969 0.050000 0.045312
4 0.347656 0.600781 0.032813 0.032813
5 0.248438 0.664844 0.040625 0.064062
3 0.691406 0.821094 0.129688 0.129688
0 0.574219 0.746094 0.045312 0.045312
2 0.363281 0.523438 0.064062 0.056250