5 0.588281 0.438281 0.048438 0.048438
3 0.284375 0.542188 0.084375 0.084375
5 0.175781 0.558594 0.042188 0.042188
0 0.628906 0.421875 0.057813 0.050000
4 0.760156 0.657031 0.029687 0.045312
5 0.550781 0.404687 0.042188 0.043750
2 0.512500 0.921094 0.037500 0.035937
3 0.563281 0.832031 0.082812 0.085938
0 0.675781 0.208594 0.064062 0.064062
2 0.343750 0.672656 0.028125 0.039062
5 0.878125 0.450781 0.084375 0.095312
5 0.485938 0.375781 0.043750 0.042188
1 0.520312 0.365625 0.056250 0.050000
3 0.556250 0.485938 0.087500 0.087500
3 0.807813 0.662500 0.140625 0.140625
2 0.588281 0.284375 0.198437 0.221875
2 0.542969 0.342187 0.035937 0.034375
2 0.574219 0.300000 0.048438 0.075000
1 0.726562 0.362500 0.150000 0.196875
3 0.446875 0.720313 0.146875 0.146875
4 0.712500 0.499219 0.031250 0.032813
2 0.367969 0.742969 0.082812 0.067187
5 0.152344 0.327344 0.057813 0.054688
4 0.567187 0.283594 0.084375 0.082812
5 0.109375 0.311719 0.028125 0.026562
1 0.606250 0.514844 0.103125 0.117188
4 0.464062 0.680469 0.021875 0.020313
4 0.410938 0.256250 0.031250 0.040625
0 0.506250 0.774219 0.125000 0.114062
5 0.257031 0.482031 0.048438 0.048438
3 0.321875 0.179688 0.121875 0.118750
2 0.821875 0.231250 0.056250 0.056250
3 0.417969 0.300781 0.148438 0.148438
5 0.588281 0.121094 0.042188 0.054688
1 0.830469 0.434375 0.098437 0.106250
4 0.459375 0.327344 0.071875 0.051562
0 0.759375 0.701562 0.043750 0.037500
3 0.385156 0.342969 0.123438 0.092188
2 0.242188 0.640625 0.078125 0.065625
3 0.295312 0.610938 0.068750 0.106250
5 0.760938 0.615625 0.028125 0.028125
0 0.761719 0.325781 0.054688 0.039062
4 0.350000 0.506250 0.025000 0.021875
1 0.887500 0.514844 0.050000 0.060937
1 0.607812 0.856250 0.034375 0.028125
2 0.259375 0.437500 0.018750 0.025000
5 0.862500 0.445312 0.043750 0.046875
1 0.576562 0.650781 0.053125 0.048438
4 0.721094 0.813281 0.085938 0.085938
3 0.197656 0.424219 0.201563 0.207813
2 0.242188 0.553906 0.037500 0.026562
0 0.108594 0.357812 0.054688 0.065625
3 0.275000 0.563281 0.171875 0.182812