3 0.710156 0.677344 0.076563 0.101562
1 0.803125 0.464062 0.065625 0.065625
4 0.539844 0.886719 0.039062 0.051562
4 0.568750 0.104688 0.028125 0.028125
2 0.528906 0.682813 0.032813 0.025000
1 0.664844 0.250000 0.082812 0.090625
2 0.394531 0.272656 0.014063 0.035937
2 0.337500 0.300000 0.278125 0.256250
1 0.588281 0.527344 0.051562 0.057813
5 0.532813 0.307031 0.040625 0.035937
3 0.639844 0.795312 0.145313 0.146875
4 0.767188 0.500000 0.025000 0.018750
2 0.778906 0.442188 0.029687 0.031250
1 0.334375 0.641406 0.028125 0.064062
2 0.192188 0.700781 0.081250 0.082812
1 0.364844 0.251563 0.085938 0.093750
5 0.637500 0.569531 0.040625 0.051562
2 0.328906 0.550781 0.014063 0.035937
2 0.634375 0.483594 0.037500 0.042188
3 0.456250 0.770312 0.146875 0.146875
1 0.680469 0.714844 0.107813 0.151562
1 0.611719 0.585156 0.089063 0.095312
5 0.796875 0.246875 0.025000 0.025000
5 0.238281 0.481250 0.057813 0.056250
0 0.310937 0.298438 0.096875 0.103125
4 0.205469 0.418750 0.054688 0.043750
3 0.444531 0.285156 0.201563 0.201563
3 0.420312 0.168750 0.109375 0.109375
4 0.661719 0.402344 0.098437 0.101562
4 0.439844 0.678906 0.085938 0.082812
2 0.360156 0.350781 0.067187 0.054688
1 0.811719 0.670312 0.117188 0.096875
1 0.668750 0.325781 0.159375 0.226562
5 0.445312 0.800781 0.081250 0.073438
5 0.123438 0.417969 0.050000 0.045312
2 0.613281 0.581250 0.020313 0.037500
5 0.476562 0.361719 0.046875 0.045312
0 0.164062 0.667969 0.081250 0.079687
1 0.300781 0.253906 0.120313 0.104688
5 0.688281 0.328125 0.039062 0.043750
4 0.211719 0.531250 0.042188 0.053125
1 0.544531 0.365625 0.048438 0.062500
0 0.509375 0.648438 0.128125 0.125000
5 0.574219 0.223438 0.067187 0.078125
5 0.243750 0.393750 0.040625 0.043750
2 0.739062 0.755469 0.056250 0.057813
1 0.328125 0.320312 0.065625 0.056250
5 0.242969 0.262500 0.032813 0.028125
0 0.517188 0.418750 0.078125 0.075000
5 0.601562 0.443750 0.037500 0.037500
5 0.528906 0.696875 0.045312 0.050000
0 0.425781 0.264844 0.054688 0.035937
4 0.289844 0.438281 0.170313 0.170313
3 0.117969 0.403906 0.095312 0.095312
5 0.573438 0.242969 0.031250 0.029687
1 0.733594 0.380469 0.057813 0.070312
4 0.304688 0.779687 0.050000 0.037500
4 0.373437 0.289062 0.025000 0.025000
0 0.461719 0.457031 0.070312 0.089063
0 0.156250 0.490625 0.037500 0.034375
0 0.314063 0.596094 0.028125 0.026562
5 0.804688 0.444531 0.056250 0.045312
5 0.632812 0.248438 0.043750 0.040625
4 0.203906 0.201563 0.014063 0.012500
2 0.513281 0.915625 0.045312 0.046875
5 0.517969 0.408594 0.057813 0.067187
3 0.167969 0.378906 0.110937 0.114062