4 0.629687 0.539844 0.053125 0.073438
4 0.702344 0.589063 0.035937 0.031250
2 0.639062 0.516406 0.018750 0.014063
3 0.481250 0.312500 0.321875 0.287500
2 0.263281 0.632031 0.092188 0.082812
4 0.762500 0.623437 0.025000 0.028125
4 0.471875 0.526563 0.065625 0.068750
5 0.843750 0.465625 0.056250 0.059375
1 0.531250 0.731250 0.084375 0.065625
3 0.353125 0.412500 0.225000 0.225000
0 0.617969 0.339062 0.104688 0.100000
3 0.508594 0.249219 0.285938 0.226562
5 0.223438 0.356250 0.043750 0.043750
0 0.451562 0.747656 0.125000 0.120313
4 0.607812 0.582812 0.071875 0.187500
3 0.560156 0.260937 0.314063 0.296875
1 0.314063 0.300000 0.053125 0.062500
0 0.472656 0.571094 0.039062 0.039062
5 0.646875 0.535156 0.050000 0.045312
5 0.165625 0.752344 0.046875 0.060937
3 0.646094 0.335156 0.089063 0.089063
3 0.221094 0.269531 0.070312 0.070312
3 0.594531 0.360156 0.114062 0.114062
0 0.539844 0.668750 0.045312 0.037500
5 0.592187 0.107813 0.046875 0.043750
0 0.881250 0.614062 0.090625 0.084375
3 0.678125 0.739062 0.178125 0.134375
2 0.085156 0.410938 0.023438 0.028125
0 0.767969 0.753906 0.051562 0.045312
3 0.787500 0.278125 0.118750 0.078125
5 0.842187 0.324219 0.037500 0.032813
4 0.279687 0.787500 0.081250 0.071875
1 0.403906 0.310156 0.142187 0.095312
1 0.607031 0.592969 0.117188 0.104688
0 0.671094 0.181250 0.064062 0.050000
3 0.422656 0.447656 0.095312 0.095312
2 0.671094 0.430469 0.035937 0.029687
3 0.741406 0.588281 0.304688 0.304688
5 0.116406 0.539062 0.026562 0.034375
1 0.446094 0.556250 0.042188 0.043750
0 0.757812 0.804688 0.043750 0.034375
5 0.528125 0.818750 0.043750 0.040625
4 0.431250 0.668750 0.168750 0.150000
0 0.777344 0.365625 0.039062 0.043750
0 0.171875 0.682031 0.028125 0.023438
3 0.158594 0.627344 0.098437 0.098437
1 0.285156 0.255469 0.095312 0.073438
3 0.483594 0.892969 0.076563 0.076563
0 0.607812 0.304688 0.056250 0.065625
5 0.624219 0.380469 0.032813 0.029687
5 0.733594 0.668750 0.032813 0.040625
3 0.614062 0.316406 0.375000 0.276562
2 0.230469 0.360156 0.039062 0.039062
0 0.366406 0.556250 0.076563 0.078125
2 0.328906 0.475000 0.110937 0.087500
4 0.405469 0.721875 0.026562 0.025000
3 0.575781 0.398438 0.082812 0.087500
1 0.746094 0.577344 0.070312 0.070312
4 0.328125 0.650000 0.025000 0.034375
1 0.477344 0.196094 0.089063 0.089063
0 0.318750 0.307812 0.053125 0.056250
3 0.308594 0.339844 0.120313 0.120313
3 0.202344 0.692969 0.107813 0.151562
5 0.535937 0.292187 0.078125 0.071875
3 0.598437 0.148438 0.125000 0.125000
3 0.446875 0.212500 0.121875 0.121875
2 0.653125 0.784375 0.046875 0.050000
5 0.764844 0.308594 0.032813 0.032813
3 0.278906 0.347656 0.245312 0.320312
1 0.321094 0.502344 0.079687 0.057813
0 0.437500 0.274219 0.031250 0.029687
4 0.379688 0.407813 0.103125 0.100000
3 0.400000 0.857812 0.131250 0.131250
4 0.211719 0.447656 0.023438 0.020313
3 0.175000 0.557813 0.084375 0.084375
4 0.789062 0.672656 0.043750 0.045312
5 0.575000 0.185938 0.050000 0.040625
0 0.693750 0.514062 0.078125 0.065625
3 0.491406 0.663281 0.029687 0.029687
5 0.407813 0.351562 0.043750 0.046875
5 0.831250 0.304688 0.043750 0.050000
4 0.446875 0.531250 0.087500 0.071875
5 0.642188 0.496094 0.034375 0.035937
5 0.585938 0.883594 0.046875 0.035937
4 0.760938 0.739844 0.015625 0.017188
3 0.310156 0.263281 0.098437 0.098437
0 0.101562 0.471875 0.062500 0.053125
3 0.504687 0.626563 0.068750 0.068750
2 0.219531 0.592187 0.048438 0.037500
1 0.347656 0.538281 0.123438 0.098437
2 0.522656 0.532813 0.035937 0.031250
4 0.797656 0.392188 0.092188 0.075000
3 0.199219 0.508594 0.076563 0.117188
5 0.174219 0.683594 0.032813 0.042188
5 0.879687 0.345313 0.059375 0.068750
4 0.668750 0.718750 0.134375 0.100000
3 0.342187 0.198437 0.181250 0.181250
4 0.682031 0.782031 0.032813 0.042188
2 0.469531 0.303125 0.164062 0.165625
0 0.503906 0.622656 0.054688 0.042188
5 0.689844 0.246875 0.054688 0.056250
2 0.497656 0.156250 0.057813 0.062500
1 0.709375 0.785156 0.168750 0.126562
3 0.252344 0.713281 0.160938 0.179688
1 0.725781 0.142187 0.045312 0.050000
0 0.551562 0.451562 0.081250 0.071875
1 0.677344 0.407813 0.051562 0.050000
1 0.573438 0.424219 0.037500 0.032813
0 0.504687 0.303906 0.115625 0.107813
3 0.796875 0.451562 0.068750 0.134375
5 0.335156 0.356250 0.035937 0.034375
2 0.164062 0.293750 0.056250 0.053125
3 0.536719 0.456250 0.079687 0.081250
4 0.267188 0.405469 0.234375 0.276562
4 0.697656 0.303906 0.017188 0.017188
0 0.617969 0.146875 0.048438 0.031250
2 0.461719 0.560937 0.173437 0.125000
4 0.907031 0.428125 0.020313 0.012500
2 0.203906 0.199219 0.035937 0.035937
1 0.668750 0.421094 0.062500 0.070312
4 0.396094 0.660156 0.067187 0.067187
5 0.394531 0.756250 0.035937 0.031250
0 0.554688 0.100000 0.053125 0.053125
2 0.753125 0.465625 0.081250 0.062500
5 0.535937 0.365625 0.028125 0.028125
4 0.786719 0.321094 0.179688 0.179688
3 0.346094 0.472656 0.104688 0.142187
4 0.382031 0.664062 0.032813 0.031250
3 0.750000 0.433594 0.193750 0.217188
0 0.881250 0.440625 0.065625 0.059375
1 0.670312 0.362500 0.040625 0.071875