3 0.160156 0.596094 0.092188 0.092188
3 0.652344 0.424219 0.095312 0.095312
3 0.787500 0.532813 0.137500 0.137500
4 0.418750 0.592187 0.053125 0.034375
5 0.600000 0.651563 0.046875 0.043750
2 0.717969 0.616406 0.089063 0.057813
2 0.627344 0.282813 0.045312 0.043750
0 0.562500 0.779687 0.040625 0.037500
4 0.109375 0.653906 0.034375 0.026562
3 0.172656 0.442188 0.085938 0.084375
5 0.800781 0.557031 0.039062 0.032813
0 0.862500 0.525781 0.075000 0.064062
0 0.415625 0.717187 0.078125 0.068750
0 0.587500 0.369531 0.025000 0.017188
5 0.846094 0.638281 0.032813 0.035937
0 0.751563 0.258594 0.050000 0.042188
4 0.620313 0.164062 0.021875 0.031250
2 0.575000 0.103125 0.043750 0.040625
4 0.301563 0.447656 0.025000 0.020313
2 0.628906 0.325000 0.057813 0.043750
4 0.748437 0.573438 0.028125 0.034375
2 0.537500 0.643750 0.021875 0.034375
2 0.574219 0.140625 0.067187 0.075000
4 0.478125 0.211719 0.015625 0.014063
3 0.660156 0.247656 0.126562 0.154688
0 0.457813 0.480469 0.121875 0.120313
3 0.606250 0.403125 0.118750 0.118750
2 0.339844 0.406250 0.017188 0.025000
3 0.394531 0.385937 0.326562 0.278125
0 0.357031 0.803906 0.132812 0.123438
4 0.553125 0.190625 0.078125 0.075000
4 0.838281 0.624219 0.079687 0.064062
4 0.564063 0.287500 0.037500 0.040625
0 0.500000 0.126562 0.056250 0.050000
0 0.525781 0.178906 0.079687 0.079687
1 0.407031 0.129688 0.048438 0.031250
4 0.214062 0.213281 0.012500 0.017188
3 0.454688 0.543750 0.078125 0.078125
3 0.462500 0.782031 0.156250 0.139063
1 0.378906 0.444531 0.101562 0.120313
0 0.362500 0.558594 0.046875 0.060937
4 0.377344 0.695312 0.020313 0.018750
1 0.639062 0.568750 0.062500 0.059375
3 0.420312 0.407813 0.121875 0.159375
0 0.222656 0.671875 0.079687 0.059375
1 0.707031 0.771094 0.145313 0.179688
2 0.496094 0.188281 0.076563 0.085938
1 0.149219 0.513281 0.082812 0.104688
0 0.487500 0.871875 0.037500 0.046875
5 0.312500 0.675000 0.046875 0.046875
3 0.371875 0.531250 0.078125 0.078125
2 0.782031 0.744531 0.026562 0.029687
0 0.850000 0.664062 0.034375 0.040625
5 0.189844 0.353125 0.045312 0.043750
0 0.771875 0.428906 0.059375 0.054688
0 0.364063 0.140625 0.037500 0.034375
1 0.585156 0.850781 0.129688 0.092188
2 0.402344 0.129688 0.026562 0.071875
2 0.182031 0.752344 0.070312 0.057813
5 0.154688 0.698438 0.031250 0.031250
5 0.366406 0.267188 0.029687 0.034375
1 0.550000 0.838281 0.084375 0.079687
5 0.896875 0.402344 0.037500 0.042188
2 0.480469 0.532031 0.035937 0.035937
5 0.311719 0.885938 0.023438 0.021875
5 0.271875 0.399219 0.056250 0.067187
0 0.126562 0.571094 0.115625 0.098437
5 0.604688 0.389062 0.043750 0.034375
2 0.880469 0.575000 0.035937 0.031250
0 0.296875 0.172656 0.075000 0.076563
4 0.507031 0.450781 0.242188 0.170313
3 0.814063 0.671875 0.053125 0.071875
0 0.839063 0.419531 0.096875 0.092188
5 0.295312 0.397656 0.043750 0.045312
1 0.601562 0.219531 0.115625 0.089063
3 0.572656 0.453125 0.223438 0.181250
5 0.510938 0.589844 0.071875 0.045312
5 0.783594 0.478125 0.048438 0.050000
4 0.388281 0.703125 0.017188 0.015625
2 0.397656 0.214062 0.051562 0.046875
4 0.887500 0.378906 0.043750 0.029687
3 0.371094 0.450000 0.089063 0.106250
0 0.242188 0.351562 0.028125 0.034375
4 0.561719 0.214844 0.051562 0.064062
4 0.418750 0.417969 0.028125 0.032813
5 0.764844 0.642188 0.035937 0.034375
2 0.406250 0.845313 0.090625 0.087500
3 0.558594 0.680469 0.092188 0.092188
1 0.726562 0.563281 0.084375 0.085938
5 0.607031 0.659375 0.045312 0.043750
3 0.200000 0.346875 0.081250 0.081250
3 0.360156 0.250781 0.135937 0.135937
5 0.255469 0.310937 0.057813 0.050000
0 0.441406 0.439844 0.020313 0.020313
0 0.269531 0.507031 0.085938 0.082812
3 0.664844 0.578125 0.170313 0.175000
0 0.137500 0.404687 0.053125 0.043750
1 0.596094 0.566406 0.073438 0.101562
2 0.808594 0.652344 0.167187 0.145313
1 0.675781 0.274219 0.092188 0.082812
2 0.275781 0.400781 0.010937 0.014063
5 0.602344 0.303125 0.020313 0.034375
2 0.367969 0.560156 0.035937 0.029687
0 0.811719 0.717969 0.132812 0.132812
1 0.810156 0.646094 0.060937 0.048438
0 0.725781 0.171094 0.035937 0.032813
0 0.585938 0.835938 0.031250 0.031250
4 0.399219 0.402344 0.179688 0.182812
5 0.621875 0.846875 0.037500 0.034375
5 0.203125 0.783594 0.028125 0.026562
5 0.175781 0.389062 0.023438 0.025000
3 0.677344 0.678906 0.079687 0.082812
5 0.807813 0.517188 0.037500 0.034375
5 0.863281 0.557813 0.079687 0.068750
5 0.594531 0.789062 0.060937 0.071875
2 0.755469 0.750781 0.026562 0.042188
3 0.242969 0.521875 0.154688 0.200000
3 0.375000 0.756250 0.121875 0.121875
1 0.367188 0.242969 0.037500 0.054688
4 0.771094 0.469531 0.104688 0.104688