1 0.356250 0.701562 0.053125 0.059375
5 0.559375 0.217969 0.025000 0.023438
2 0.735938 0.242969 0.025000 0.026562
1 0.921094 0.511719 0.029687 0.035937
1 0.398438 0.846875 0.087500 0.093750
2 0.476562 0.872656 0.025000 0.023438
0 0.408594 0.166406 0.032813 0.029687
3 0.265625 0.335938 0.062500 0.062500
3 0.666406 0.625781 0.151562 0.151562
2 0.706250 0.512500 0.037500 0.034375
4 0.538281 0.685156 0.029687 0.035937
4 0.422656 0.378906 0.020313 0.017188
0 0.714063 0.248438 0.031250 0.031250
5 0.308594 0.498437 0.042188 0.046875
4 0.899219 0.422656 0.023438 0.023438
5 0.435156 0.887500 0.051562 0.053125
0 0.374219 0.357031 0.039062 0.035937
5 0.373437 0.603906 0.081250 0.092188
3 0.383594 0.388281 0.126562 0.126562
5 0.602344 0.910156 0.023438 0.023438
1 0.442188 0.388281 0.140625 0.164062
0 0.469531 0.616406 0.120313 0.098437
0 0.399219 0.725781 0.057813 0.073438
4 0.350000 0.114844 0.025000 0.023438
1 0.225781 0.732812 0.092188 0.090625
1 0.742969 0.284375 0.098437 0.078125
5 0.517969 0.355469 0.039062 0.029687
1 0.432031 0.651563 0.085938 0.071875
4 0.265625 0.746875 0.053125 0.062500
5 0.577344 0.527344 0.073438 0.060937
5 0.409375 0.755469 0.050000 0.054688
4 0.336719 0.553906 0.073438 0.054688
4 0.585156 0.296875 0.270313 0.284375
0 0.287500 0.813281 0.034375 0.035937
0 0.853125 0.332813 0.078125 0.075000
0 0.433594 0.325000 0.051562 0.040625
4 0.688281 0.142187 0.026562 0.021875
5 0.794531 0.804688 0.023438 0.028125
3 0.319531 0.643750 0.226562 0.228125
2 0.294531 0.461719 0.039062 0.035937
5 0.655469 0.355469 0.048438 0.048438
3 0.492969 0.409375 0.101562 0.125000
5 0.194531 0.225000 0.032813 0.031250
3 0.610938 0.737500 0.296875 0.215625
1 0.248438 0.575000 0.059375 0.053125
1 0.818750 0.638281 0.087500 0.085938
4 0.500781 0.275781 0.035937 0.039062
1 0.250781 0.305469 0.073438 0.070312
1 0.494531 0.470313 0.045312 0.062500
1 0.752344 0.514844 0.064062 0.095312
2 0.163281 0.414062 0.023438 0.021875
1 0.331250 0.794531 0.062500 0.073438
1 0.681250 0.446094 0.096875 0.085938
4 0.301563 0.613281 0.053125 0.039062
2 0.713281 0.289062 0.026562 0.034375
2 0.614844 0.222656 0.048438 0.035937
5 0.329688 0.581250 0.028125 0.037500
4 0.196094 0.292187 0.064062 0.056250
2 0.482031 0.465625 0.045312 0.040625
0 0.340625 0.428906 0.050000 0.045312
3 0.750781 0.763281 0.070312 0.070312
0 0.810937 0.630469 0.050000 0.042188
2 0.867969 0.431250 0.051562 0.040625
3 0.750781 0.650000 0.226562 0.212500
5 0.155469 0.282031 0.045312 0.042188
1 0.607031 0.839063 0.110937 0.106250
4 0.696875 0.514844 0.021875 0.020313
3 0.275000 0.615625 0.278125 0.278125
2 0.664844 0.657813 0.317188 0.265625
3 0.462500 0.232031 0.315625 0.304688
0 0.652344 0.632031 0.039062 0.023438
4 0.176563 0.523438 0.037500 0.031250
3 0.408594 0.461719 0.323437 0.285938
3 0.666406 0.348438 0.142187 0.100000
4 0.528125 0.773438 0.018750 0.021875
2 0.594531 0.488281 0.048438 0.054688
5 0.331250 0.799219 0.031250 0.029687
2 0.477344 0.107031 0.026562 0.039062
1 0.466406 0.646094 0.189062 0.114062
2 0.635156 0.164062 0.076563 0.065625
1 0.260156 0.227344 0.051562 0.048438
3 0.422656 0.646875 0.151562 0.165625
2 0.562500 0.297656 0.040625 0.035937