5 0.215507 0.528000 0.011905 0.009750
5 0.235348 0.501250 0.014347 0.011750
5 0.193834 0.529000 0.012821 0.010500
5 0.235653 0.542250 0.012821 0.010500
5 0.166667 0.584000 0.012821 0.010500
5 0.337607 0.607500 0.011905 0.009750
5 0.370574 0.616500 0.012821 0.010500
5 0.291819 0.679000 0.014347 0.011750
5 0.204212 0.704250 0.012821 0.010500
5 0.366606 0.700500 0.011905 0.009750
5 0.252747 0.745750 0.010684 0.008750
5 0.349206 0.773500 0.009768 0.008000
5 0.597070 0.763750 0.012821 0.010500
5 0.615079 0.731250 0.012821 0.010500
5 0.547009 0.713000 0.012821 0.010500
5 0.645604 0.709750 0.011905 0.009750
5 0.685897 0.693500 0.011905 0.009750
5 0.644383 0.659750 0.011905 0.009750
5 0.620269 0.659750 0.010684 0.008750
5 0.678571 0.616250 0.011905 0.009750
5 0.815018 0.580750 0.010684 0.008750
5 0.745116 0.507500 0.011905 0.009750
5 0.728632 0.465500 0.010684 0.008750
5 0.535104 0.475250 0.011905 0.009750
5 0.540904 0.446000 0.011905 0.009750
5 0.602259 0.446500 0.012821 0.010500
5 0.452991 0.539500 0.012821 0.010500
5 0.567155 0.417250 0.011905 0.009750
5 0.593712 0.368250 0.012821 0.010500
5 0.689866 0.356250 0.011905 0.009750
5 0.558608 0.269750 0.011905 0.009750
5 0.620879 0.273750 0.010684 0.008750
5 0.460928 0.241750 0.009768 0.008000
5 0.341880 0.224000 0.011905 0.009750
5 0.344933 0.297250 0.012821 0.010500
5 0.278083 0.298500 0.011905 0.009750
5 0.239927 0.291250 0.010684 0.008750
5 0.278083 0.347750 0.011905 0.009750
5 0.249695 0.369250 0.011905 0.009750
5 0.140110 0.386000 0.010684 0.008750
5 0.117216 0.443500 0.009768 0.008000
5 0.376984 0.442500 0.014347 0.011750
5 0.450855 0.411250 0.012821 0.010500
4 0.301893 0.217250 0.032357 0.026500
4 0.393468 0.249250 0.035714 0.029250
4 0.474359 0.222750 0.039377 0.032250
4 0.522589 0.242250 0.043040 0.035250
4 0.572955 0.318000 0.063187 0.051750
4 0.484737 0.357250 0.063187 0.051750
4 0.479548 0.465000 0.052198 0.042750
4 0.545482 0.494000 0.035714 0.029250
4 0.651404 0.464000 0.029304 0.024000
4 0.597070 0.612250 0.039377 0.032250
4 0.357753 0.565250 0.039377 0.032250