5 0.224010 0.417750 0.017636 0.014250
5 0.145111 0.429000 0.017636 0.014250
5 0.100248 0.384500 0.017636 0.014250
5 0.154084 0.339750 0.017636 0.014250
5 0.599319 0.243750 0.017636 0.014250
5 0.722772 0.534250 0.017636 0.014250
5 0.629022 0.483000 0.017636 0.014250
5 0.590965 0.500250 0.017636 0.014250
5 0.687191 0.612750 0.017636 0.014250
5 0.724010 0.663500 0.017636 0.014250
5 0.686262 0.706000 0.017636 0.014250
5 0.400681 0.720500 0.017636 0.014250
5 0.485767 0.570750 0.017636 0.014250
5 0.500619 0.378500 0.017636 0.014250
5 0.454208 0.364500 0.017636 0.014250
3 0.205446 0.351250 0.052908 0.042750
3 0.260210 0.403250 0.052908 0.042750
3 0.176052 0.458500 0.052908 0.042750
3 0.330755 0.466000 0.052908 0.042750
3 0.085396 0.562000 0.052908 0.042750
3 0.299814 0.621250 0.052908 0.042750
3 0.289295 0.720250 0.052908 0.042750
3 0.412438 0.539250 0.052908 0.042750
3 0.573948 0.569000 0.052908 0.042750
3 0.697401 0.616250 0.052908 0.042750
3 0.716584 0.564000 0.032797 0.026500
3 0.487933 0.463500 0.047958 0.038750
3 0.429455 0.479000 0.047958 0.038750
3 0.490099 0.381750 0.047958 0.038750
3 0.746906 0.414750 0.052908 0.042750
3 0.536819 0.308750 0.052908 0.042750