5 0.293713 0.383250 0.017066 0.014250
5 0.354790 0.373250 0.017066 0.014250
5 0.260479 0.441250 0.017066 0.014250
5 0.244012 0.456250 0.017066 0.014250
5 0.351796 0.557500 0.017066 0.014250
5 0.376048 0.551500 0.017066 0.014250
5 0.441317 0.540750 0.017066 0.014250
5 0.309281 0.583750 0.017066 0.014250
5 0.341018 0.578750 0.017066 0.014250
5 0.503892 0.643750 0.017066 0.014250
5 0.347904 0.690000 0.017066 0.014250
5 0.286527 0.666250 0.017066 0.014250
5 0.417365 0.723500 0.017066 0.014250
5 0.528144 0.755000 0.017066 0.014250
5 0.587725 0.742500 0.011677 0.009750
5 0.348503 0.728250 0.015269 0.012750
5 0.066168 0.417500 0.014072 0.011750
5 0.259581 0.293250 0.015269 0.012750
5 0.215269 0.283250 0.015269 0.012750
5 0.394910 0.309500 0.015269 0.012750
5 0.441317 0.280000 0.017066 0.014250
5 0.586228 0.349750 0.011677 0.009750
5 0.694910 0.362500 0.017066 0.014250
5 0.699701 0.422000 0.009581 0.008000
5 0.628144 0.457250 0.017066 0.014250
5 0.565269 0.464000 0.015269 0.012750
5 0.520659 0.531750 0.017066 0.014250
5 0.461976 0.517750 0.017066 0.014250
5 0.511078 0.480500 0.015269 0.012750
5 0.460479 0.457500 0.017066 0.014250
5 0.626048 0.631000 0.012575 0.010500
5 0.734132 0.624500 0.014072 0.011750
3 0.204491 0.275000 0.061976 0.051750
3 0.139222 0.282500 0.038323 0.032000
3 0.458683 0.264750 0.061976 0.051750
3 0.586826 0.243500 0.042216 0.035250
3 0.533533 0.304250 0.068263 0.057000
3 0.455689 0.325250 0.056287 0.047000
3 0.529940 0.369000 0.042216 0.035250
3 0.505090 0.375000 0.056287 0.047000
3 0.462874 0.368750 0.061976 0.051750
3 0.629042 0.460000 0.068263 0.057000
3 0.456587 0.529250 0.061976 0.051750
3 0.373054 0.546000 0.082635 0.069000
5 0.389521 0.616250 0.009581 0.008000
3 0.425449 0.626250 0.082635 0.069000
3 0.523952 0.718500 0.074850 0.062500
3 0.332036 0.769000 0.056287 0.047000
3 0.291018 0.710500 0.068263 0.057000
3 0.612874 0.652250 0.046407 0.038750
3 0.194910 0.659750 0.042216 0.035250
3 0.157485 0.642500 0.046407 0.038750
3 0.139820 0.672250 0.046407 0.038750
3 0.107186 0.503750 0.082635 0.069000
3 0.061677 0.470750 0.061976 0.051750
3 0.041617 0.542750 0.046407 0.038750