0 0.146484 0.446777 0.119141 0.119141
0 0.284180 0.548828 0.098633 0.098633
0 0.443848 0.448730 0.050293 0.062012
0 0.485352 0.449219 0.061035 0.069336
0 0.388672 0.496582 0.089355 0.089355
0 0.531738 0.410645 0.050293 0.050293
0 0.623047 0.348633 0.066895 0.066895
0 0.600098 0.284668 0.013184 0.013184
0 0.721191 0.345703 0.089355 0.089355
0 0.840820 0.297852 0.066895 0.066895
0 0.770508 0.620117 0.041504 0.041504
0 0.725586 0.554688 0.066895 0.066895
0 0.668945 0.437988 0.085449 0.081055
0 0.728027 0.645508 0.075684 0.066895
0 0.522949 0.643066 0.089355 0.089355
0 0.261230 0.671875 0.119141 0.119141
0 0.266602 0.805664 0.093750 0.089355
0 0.600098 0.841797 0.081055 0.081055
0 0.521973 0.854492 0.014648 0.014648