5 0.418945 0.495605 0.014160 0.014160
5 0.258789 0.734375 0.014160 0.014160
5 0.613770 0.711914 0.017090 0.017090
4 0.528320 0.197266 0.122070 0.122070
4 0.321289 0.265625 0.134277 0.134277
4 0.331055 0.420410 0.101074 0.101074
4 0.376953 0.610352 0.068848 0.068848
4 0.247070 0.716309 0.075684 0.075684
4 0.224121 0.749512 0.068848 0.068848
4 0.379883 0.788086 0.075684 0.075684
4 0.342285 0.766113 0.075684 0.075684
4 0.318359 0.816406 0.068848 0.068848
4 0.725098 0.689453 0.075684 0.075684
4 0.738770 0.758301 0.075684 0.075684
4 0.708496 0.567383 0.057129 0.057129
4 0.834961 0.422363 0.101074 0.101074
4 0.133789 0.449707 0.046875 0.046875
4 0.270508 0.166016 0.083496 0.083496