0 0.467773 0.276367 0.098633 0.098633
0 0.537109 0.345215 0.108398 0.108398
0 0.647949 0.291504 0.073730 0.073730
0 0.697754 0.293457 0.098633 0.098633
0 0.779785 0.287109 0.073730 0.073730
0 0.786133 0.399414 0.073730 0.073730
0 0.885742 0.372559 0.050293 0.050293
0 0.548828 0.458008 0.081055 0.081055
0 0.466797 0.433105 0.050293 0.050293
0 0.406250 0.398926 0.089355 0.089355
0 0.248047 0.314453 0.066895 0.066895
0 0.270508 0.250488 0.066895 0.066895
0 0.323730 0.216797 0.089355 0.089355
0 0.402832 0.288574 0.050293 0.050293
0 0.496582 0.195312 0.089355 0.089355
0 0.565918 0.212402 0.089355 0.089355
0 0.582520 0.177734 0.061035 0.061035
0 0.607422 0.125488 0.098633 0.098633
0 0.107422 0.291016 0.066895 0.066895
0 0.159180 0.426270 0.073730 0.073730
0 0.341797 0.548340 0.066895 0.066895
0 0.341797 0.626465 0.081055 0.081055
0 0.242188 0.739746 0.098633 0.098633
0 0.140625 0.733398 0.081055 0.081055
0 0.614746 0.873535 0.045898 0.045898
0 0.673828 0.748047 0.081055 0.081055
0 0.779785 0.732910 0.066895 0.066895
0 0.586426 0.665039 0.073730 0.073730
0 0.576660 0.678711 0.045898 0.045898
0 0.677734 0.598145 0.098633 0.098633
0 0.716309 0.577148 0.050293 0.050293
0 0.645996 0.581543 0.061035 0.061035
0 0.561035 0.588379 0.073730 0.073730
0 0.642578 0.523926 0.098633 0.098633