5 0.548828 0.357910 0.014160 0.014160
5 0.670410 0.376953 0.014160 0.014160
5 0.626953 0.337891 0.014160 0.014160
5 0.587891 0.307129 0.014160 0.014160
5 0.733887 0.339844 0.014160 0.014160
5 0.754395 0.362305 0.014160 0.014160
5 0.768066 0.367188 0.014160 0.014160
5 0.805176 0.401855 0.014160 0.014160
5 0.802246 0.408691 0.014160 0.014160
5 0.547852 0.413574 0.014160 0.014160
5 0.648926 0.433105 0.014160 0.014160
5 0.624512 0.431641 0.014160 0.014160
5 0.611816 0.460938 0.014160 0.014160
5 0.691406 0.462402 0.014160 0.014160
5 0.752930 0.453125 0.014160 0.014160
5 0.776855 0.449219 0.014160 0.014160
5 0.685547 0.512207 0.014160 0.014160
5 0.737305 0.518066 0.014160 0.014160
5 0.705566 0.542480 0.014160 0.014160
5 0.797852 0.496094 0.014160 0.014160
5 0.817383 0.475586 0.014160 0.014160
5 0.844238 0.378418 0.014160 0.014160
5 0.853516 0.308105 0.014160 0.014160
5 0.885254 0.559570 0.014160 0.014160
5 0.888672 0.636230 0.014160 0.014160
5 0.711914 0.679199 0.014160 0.014160
5 0.707031 0.683594 0.014160 0.014160
5 0.691895 0.645996 0.014160 0.014160
5 0.665527 0.691895 0.014160 0.014160
5 0.690430 0.737305 0.014160 0.014160
5 0.730469 0.770996 0.014160 0.014160
5 0.717285 0.780762 0.014160 0.014160
5 0.723145 0.786133 0.014160 0.014160
5 0.700684 0.791992 0.014160 0.014160
5 0.691895 0.796387 0.014160 0.014160
5 0.694824 0.809082 0.014160 0.014160
5 0.678223 0.814453 0.014160 0.014160
5 0.684082 0.831543 0.014160 0.014160
5 0.662109 0.840820 0.014160 0.014160
5 0.641113 0.770508 0.014160 0.014160
5 0.570801 0.799805 0.014160 0.014160
5 0.550293 0.794434 0.014160 0.014160
5 0.507324 0.814453 0.014160 0.014160
5 0.493652 0.814453 0.014160 0.014160
5 0.520020 0.867188 0.014160 0.014160
5 0.541016 0.850098 0.014160 0.014160
5 0.565918 0.877930 0.012695 0.012695
5 0.555176 0.882324 0.011719 0.011719
5 0.607422 0.888672 0.014160 0.014160
5 0.517090 0.892578 0.014160 0.014160
5 0.509277 0.892578 0.014160 0.014160
5 0.489746 0.899414 0.014160 0.014160
5 0.483398 0.898438 0.014160 0.014160
5 0.464355 0.870605 0.014160 0.014160
5 0.475098 0.913574 0.014160 0.014160
5 0.380371 0.826172 0.014160 0.014160
5 0.311523 0.851562 0.014160 0.014160
5 0.472168 0.812012 0.014160 0.014160
5 0.280762 0.774902 0.014160 0.014160
5 0.413574 0.774414 0.014160 0.014160
5 0.302734 0.739746 0.014160 0.014160
5 0.280273 0.726074 0.014160 0.014160
5 0.405273 0.705566 0.014160 0.014160
5 0.470703 0.731445 0.014160 0.014160
5 0.287598 0.665527 0.014160 0.014160
5 0.302734 0.636230 0.014160 0.014160
5 0.229004 0.664551 0.014160 0.014160
5 0.189453 0.627441 0.014160 0.014160
5 0.152344 0.666992 0.014160 0.014160
5 0.284180 0.490234 0.014160 0.014160
5 0.320312 0.492676 0.014160 0.014160
5 0.352051 0.543945 0.014160 0.014160
5 0.241211 0.482910 0.014160 0.014160
5 0.353516 0.450195 0.014160 0.014160
5 0.196777 0.461426 0.014160 0.014160
5 0.211426 0.444336 0.014160 0.014160
5 0.373535 0.539062 0.014160 0.014160
5 0.383789 0.540527 0.014160 0.014160
5 0.401855 0.498535 0.014160 0.014160
5 0.496582 0.514648 0.014160 0.014160
5 0.539062 0.518555 0.014160 0.014160
5 0.544434 0.518555 0.014160 0.014160
5 0.577637 0.636230 0.014160 0.014160
5 0.491211 0.648438 0.014160 0.014160
5 0.478027 0.663574 0.014160 0.014160
5 0.577148 0.689941 0.014160 0.014160
5 0.687988 0.613770 0.014160 0.014160
5 0.470215 0.330566 0.014160 0.014160
5 0.352539 0.272461 0.014160 0.014160
5 0.501953 0.242676 0.014160 0.014160
5 0.329102 0.194336 0.014160 0.014160
5 0.243652 0.301270 0.014160 0.014160
5 0.183594 0.311523 0.014160 0.014160
5 0.309082 0.364258 0.014160 0.014160
5 0.322266 0.387695 0.014160 0.014160
5 0.230469 0.394043 0.014160 0.014160
5 0.126465 0.419434 0.014160 0.014160
5 0.123047 0.413086 0.014160 0.014160
5 0.575684 0.278809 0.014160 0.014160
5 0.601562 0.233887 0.014160 0.014160
5 0.708984 0.207520 0.014160 0.014160
5 0.777832 0.226562 0.014160 0.014160
3 0.541016 0.084473 0.062500 0.062500
3 0.463867 0.108887 0.056641 0.056641
3 0.509766 0.171387 0.056641 0.056641
3 0.654785 0.185547 0.068848 0.068848
3 0.840820 0.341797 0.068848 0.068848
3 0.469727 0.344727 0.068848 0.068848
3 0.325684 0.330566 0.062500 0.062500
3 0.293457 0.301758 0.062500 0.062500
3 0.244141 0.306152 0.062500 0.062500
3 0.371094 0.199219 0.075684 0.075684
3 0.279785 0.157227 0.062500 0.062500
3 0.322754 0.486328 0.056641 0.056641
3 0.444336 0.584961 0.068848 0.068848
3 0.520996 0.586914 0.068848 0.068848
3 0.615723 0.667480 0.083496 0.083496
3 0.449219 0.670898 0.062500 0.062500
3 0.396973 0.677734 0.062500 0.062500
3 0.198242 0.668945 0.068848 0.068848
3 0.084961 0.600098 0.068848 0.068848
3 0.223145 0.797363 0.062500 0.062500
3 0.420410 0.794922 0.068848 0.068848
3 0.537598 0.825195 0.075684 0.075684
3 0.836426 0.554688 0.062500 0.062500