5 0.128369 0.472000 0.017614 0.016500
5 0.336269 0.500250 0.017614 0.016500
5 0.312784 0.571000 0.017614 0.016500
5 0.338404 0.584000 0.017614 0.016500
5 0.312784 0.606500 0.017614 0.016500
5 0.389645 0.636000 0.016013 0.015000
5 0.395783 0.693500 0.017614 0.016500
5 0.451027 0.665500 0.016013 0.015000
5 0.464638 0.643500 0.014678 0.013750
5 0.459301 0.627750 0.016013 0.015000
5 0.475580 0.665250 0.016013 0.015000
5 0.570857 0.847500 0.019482 0.018250
5 0.580731 0.696750 0.019482 0.018250
5 0.685615 0.690500 0.019482 0.018250
5 0.698692 0.750500 0.019482 0.018250
5 0.700560 0.783000 0.017614 0.016500
5 0.744062 0.735750 0.016013 0.015000
5 0.755271 0.737250 0.019482 0.018250
5 0.797972 0.679750 0.017614 0.016500
5 0.818521 0.670750 0.015746 0.012500
5 0.819589 0.660000 0.017347 0.012500
5 0.639979 0.598750 0.017614 0.016500
5 0.619696 0.573000 0.017614 0.016500
5 0.655458 0.564250 0.016013 0.015000
5 0.648786 0.547250 0.016013 0.015000
5 0.563117 0.550500 0.017614 0.016500
5 0.717107 0.594250 0.017614 0.016500
5 0.714972 0.578000 0.017080 0.014000
5 0.711769 0.571250 0.016547 0.013750
5 0.716840 0.510500 0.019482 0.018250
5 0.684815 0.509500 0.014678 0.013750
5 0.679210 0.504000 0.016013 0.015000
5 0.638911 0.490500 0.017614 0.016500
5 0.685882 0.478250 0.017614 0.016500
5 0.414198 0.569750 0.016013 0.013500
5 0.409661 0.560500 0.015212 0.013750
5 0.405658 0.524000 0.017614 0.016500
5 0.444622 0.539250 0.014678 0.013750
5 0.447825 0.528500 0.014412 0.012500
5 0.465439 0.534750 0.014678 0.013750
5 0.479584 0.538750 0.016013 0.015000
5 0.412864 0.482750 0.016013 0.015000
5 0.553243 0.522000 0.015746 0.012000
5 0.554844 0.514750 0.016280 0.011250
5 0.578596 0.475000 0.016013 0.015000
5 0.594075 0.473500 0.013344 0.012500
5 0.595410 0.484250 0.015212 0.013750
5 0.536963 0.435250 0.017614 0.016500
5 0.550307 0.397000 0.017614 0.016500
5 0.539365 0.356500 0.017614 0.016500
5 0.571124 0.365000 0.017614 0.016500
5 0.618094 0.430500 0.016013 0.015000
5 0.620496 0.409500 0.017614 0.016500
5 0.582066 0.441250 0.011743 0.014000
5 0.590072 0.442500 0.008540 0.013750
5 0.593008 0.421500 0.011209 0.014000
5 0.601014 0.423750 0.009341 0.013250
5 0.255671 0.350000 0.019482 0.018250
5 0.145183 0.335000 0.017614 0.018500
5 0.168668 0.291000 0.017614 0.016500
5 0.183880 0.302750 0.016013 0.015000
5 0.240459 0.263000 0.017614 0.016500
5 0.235922 0.279250 0.016013 0.015000
5 0.229250 0.290250 0.016013 0.015000
5 0.317854 0.181000 0.017614 0.016500
5 0.350681 0.191750 0.017614 0.016500
5 0.539098 0.309000 0.017614 0.016500
5 0.580998 0.297750 0.017614 0.016500
5 0.590606 0.274750 0.017614 0.016500
5 0.568989 0.232500 0.017614 0.016500
5 0.583133 0.224250 0.017614 0.016500
5 0.613824 0.241500 0.016013 0.015000
5 0.645583 0.232000 0.016013 0.015000
5 0.652255 0.191500 0.017614 0.016500
5 0.667467 0.227250 0.016013 0.015000
5 0.701094 0.213250 0.017614 0.016500
5 0.721911 0.234750 0.017614 0.016500
5 0.699226 0.230500 0.014678 0.013750
5 0.693088 0.236500 0.014678 0.013750
5 0.667734 0.272250 0.016013 0.015000
5 0.661062 0.301250 0.016013 0.015000
5 0.625834 0.289250 0.016013 0.015000
5 0.638911 0.307250 0.013344 0.013500
5 0.630638 0.303750 0.013344 0.014000
5 0.666667 0.344250 0.016013 0.015000
5 0.688284 0.338500 0.014678 0.013750
5 0.694689 0.332000 0.016013 0.015000
5 0.703496 0.362000 0.016013 0.015000
5 0.684014 0.376750 0.017614 0.016500
5 0.739792 0.354750 0.017614 0.016500
5 0.760075 0.319000 0.017614 0.016500
5 0.698159 0.296000 0.013344 0.013750
5 0.697625 0.281500 0.014678 0.013750
5 0.709634 0.296750 0.014678 0.015000
5 0.776621 0.284500 0.017614 0.016500
5 0.793168 0.308000 0.016013 0.015000
5 0.801174 0.330000 0.017614 0.016500
5 0.781959 0.371000 0.017614 0.016500
5 0.781959 0.397250 0.017614 0.016500