0 0.141033 0.568500 0.038859 0.048000
0 0.178804 0.543500 0.062772 0.051250
0 0.133152 0.484000 0.024457 0.030750
0 0.161141 0.490000 0.051630 0.047500
0 0.270652 0.458250 0.035326 0.032500
0 0.235598 0.445000 0.047011 0.043250
0 0.341848 0.408750 0.029076 0.026750
0 0.305978 0.429000 0.042663 0.039250
0 0.397826 0.417000 0.025000 0.016500
0 0.373641 0.424500 0.038859 0.035750
0 0.411957 0.425000 0.035326 0.032500
0 0.386141 0.386750 0.038859 0.035750
0 0.419565 0.398750 0.026359 0.024250
0 0.417120 0.369750 0.038859 0.035750
0 0.208424 0.304000 0.032065 0.029500
0 0.211957 0.344000 0.046467 0.032500
0 0.211413 0.324500 0.026359 0.024250
0 0.231250 0.312250 0.032065 0.035500
0 0.380163 0.239250 0.042663 0.039250
0 0.419022 0.220750 0.042663 0.039250
0 0.355435 0.202250 0.051630 0.047500
0 0.467935 0.158000 0.048098 0.039250
0 0.513587 0.155000 0.051630 0.042000
0 0.469565 0.269250 0.051630 0.047500
0 0.540489 0.262250 0.047011 0.043250
0 0.465217 0.328000 0.038859 0.035750
0 0.452989 0.361000 0.042663 0.039250
0 0.483152 0.419000 0.035326 0.032500
0 0.482337 0.476500 0.029348 0.018250
0 0.473913 0.453250 0.036141 0.029500
0 0.478261 0.492500 0.039130 0.032500
0 0.524457 0.469000 0.038859 0.035750
0 0.541304 0.362000 0.038859 0.035750
0 0.595652 0.196500 0.069022 0.063500
0 0.660054 0.229750 0.069022 0.063500
0 0.735598 0.186500 0.043207 0.031250
0 0.792391 0.287750 0.069022 0.063500
0 0.636413 0.357750 0.042663 0.044000
0 0.667391 0.354250 0.062772 0.057750
0 0.613859 0.387500 0.042935 0.035750
0 0.529348 0.412500 0.038859 0.035750
0 0.564130 0.407750 0.038859 0.035750
0 0.617935 0.415000 0.047011 0.043250
0 0.631250 0.458750 0.038859 0.035750
0 0.583696 0.458750 0.047011 0.043250
0 0.604620 0.506750 0.038859 0.035750
0 0.614402 0.545250 0.042663 0.039250
0 0.655435 0.515750 0.026359 0.024250
0 0.645924 0.497500 0.032065 0.029500
0 0.582609 0.591000 0.038859 0.035750
0 0.458967 0.612750 0.051630 0.047500
0 0.722011 0.517750 0.051630 0.047500
0 0.832065 0.497000 0.069022 0.063500
0 0.747283 0.611750 0.050000 0.039250
0 0.737772 0.566500 0.069293 0.052500
0 0.654076 0.569500 0.069022 0.063500
0 0.663043 0.632500 0.051630 0.047500
0 0.705707 0.633500 0.062772 0.057750
0 0.332065 0.550500 0.062772 0.057750
0 0.366033 0.678000 0.057065 0.052500
0 0.495924 0.706250 0.051630 0.047500
0 0.451359 0.810500 0.057065 0.052500
0 0.360870 0.846000 0.057065 0.052500
0 0.892935 0.721750 0.038859 0.043500
0 0.586413 0.693250 0.035326 0.032500
0 0.590761 0.714000 0.051630 0.049500
0 0.624185 0.714250 0.069022 0.063500
0 0.608424 0.787500 0.055707 0.043250
0 0.612228 0.823500 0.060326 0.039250