5 0.170861 0.381500 0.011656 0.011500
5 0.176424 0.326750 0.009272 0.008250
5 0.188874 0.319250 0.010066 0.010250
5 0.263046 0.363500 0.014040 0.013500
5 0.214305 0.301500 0.010596 0.010250
5 0.298808 0.402750 0.005033 0.004250
5 0.370066 0.318000 0.011126 0.010750
5 0.322119 0.275250 0.010861 0.011250
5 0.317881 0.275000 0.008742 0.007750
5 0.312053 0.279750 0.011921 0.011250
5 0.301987 0.204750 0.010596 0.010000
5 0.307550 0.195000 0.010596 0.009750
5 0.293775 0.171000 0.008742 0.008250
5 0.282649 0.171000 0.008742 0.007500
5 0.285828 0.175000 0.006887 0.006000
5 0.291126 0.174750 0.006358 0.005500
5 0.286623 0.178500 0.008742 0.007500
5 0.354172 0.214000 0.009801 0.008750
5 0.353642 0.208000 0.010331 0.009000
5 0.376424 0.208000 0.010596 0.010000
5 0.373775 0.181250 0.011126 0.010250
5 0.165828 0.401000 0.007682 0.007250
5 0.112848 0.489250 0.009272 0.008500
5 0.150464 0.601000 0.013510 0.013000
5 0.156026 0.621000 0.013245 0.012500
5 0.184636 0.623250 0.011921 0.011250
5 0.211921 0.564500 0.012450 0.011750
5 0.223841 0.571750 0.013510 0.012750
5 0.257483 0.597500 0.011921 0.011250
5 0.275232 0.617000 0.011921 0.011250
5 0.277086 0.628250 0.012980 0.012000
5 0.308079 0.613000 0.011921 0.011250
5 0.311788 0.590750 0.013245 0.012000
5 0.199735 0.650500 0.013245 0.013000
5 0.185695 0.664000 0.012450 0.011750
5 0.224106 0.680000 0.012980 0.012250
5 0.264901 0.695500 0.011391 0.011750
5 0.251921 0.702750 0.013775 0.012500
5 0.245828 0.719000 0.010331 0.009250
5 0.246358 0.725000 0.010596 0.009750
5 0.264371 0.723250 0.010596 0.010250
5 0.276026 0.730250 0.010861 0.010500
5 0.288477 0.750500 0.011126 0.010500
5 0.310728 0.783750 0.006358 0.005750
5 0.362649 0.823000 0.010596 0.009750
5 0.361060 0.791750 0.010596 0.009750
5 0.306225 0.673750 0.009007 0.008500
5 0.315762 0.667500 0.009272 0.009250
5 0.304636 0.633500 0.011126 0.010750
5 0.308609 0.644000 0.010331 0.009500
5 0.312318 0.650500 0.010066 0.009000
5 0.334570 0.638250 0.010861 0.010000
5 0.347285 0.643500 0.010596 0.010500
5 0.352318 0.654250 0.011126 0.010500
5 0.365298 0.655500 0.010331 0.009500
5 0.365563 0.645250 0.010861 0.010000
5 0.375099 0.642500 0.010596 0.009750
5 0.398146 0.684250 0.010331 0.010250
5 0.330596 0.552500 0.011126 0.011250
5 0.335629 0.567000 0.011126 0.010500
5 0.361060 0.595000 0.011126 0.010750
5 0.374570 0.584750 0.013510 0.012750
5 0.400000 0.613500 0.010066 0.010250
5 0.414570 0.618750 0.009272 0.009250
5 0.419338 0.616500 0.008477 0.008750
5 0.426490 0.613750 0.008212 0.007500
5 0.419603 0.608000 0.007947 0.007250
5 0.413775 0.609500 0.009536 0.008250
5 0.415364 0.603000 0.007417 0.006750
5 0.418278 0.598250 0.010066 0.008250
5 0.420132 0.593750 0.008742 0.007750
5 0.416954 0.582000 0.009272 0.008500
5 0.433113 0.588750 0.009536 0.009250
5 0.439735 0.589750 0.010066 0.009750
5 0.471523 0.610250 0.009801 0.009500
5 0.512583 0.650000 0.012450 0.012000
5 0.492715 0.789750 0.010331 0.010250
5 0.518675 0.826500 0.010596 0.010500
5 0.508079 0.834250 0.010861 0.010000
5 0.492715 0.839000 0.010596 0.010250
5 0.483974 0.838000 0.012450 0.012000
5 0.406887 0.561750 0.010596 0.011000
5 0.426755 0.565750 0.010596 0.009750
5 0.389934 0.544250 0.009536 0.009750
5 0.374834 0.527750 0.012185 0.012250
5 0.460927 0.576250 0.010596 0.010500
5 0.445033 0.575500 0.008212 0.007500
5 0.438940 0.569000 0.008477 0.007250
5 0.438146 0.563250 0.009536 0.007750
5 0.458543 0.563250 0.009272 0.009500
5 0.442914 0.544750 0.011126 0.010000
5 0.465166 0.552000 0.008742 0.008250
5 0.471788 0.563250 0.004503 0.004500
5 0.473907 0.558250 0.007152 0.006750
5 0.475497 0.563750 0.005033 0.004250
5 0.479205 0.564000 0.005828 0.005250
5 0.482914 0.559750 0.008212 0.008500
5 0.492450 0.557500 0.008742 0.009250
5 0.475762 0.566500 0.008212 0.007500
5 0.477881 0.570000 0.008477 0.007250
5 0.490861 0.577500 0.009007 0.008750
5 0.513377 0.568750 0.010596 0.010000
5 0.502252 0.579750 0.009536 0.008250
5 0.498278 0.589250 0.010331 0.009750
5 0.531126 0.557750 0.007947 0.007000
5 0.546490 0.521750 0.011126 0.010500
5 0.515497 0.517750 0.010331 0.009750
5 0.491656 0.535000 0.009801 0.009500
5 0.480265 0.536250 0.008742 0.008500
5 0.479205 0.524250 0.009801 0.008500
5 0.469139 0.538750 0.008477 0.008000
5 0.467020 0.533750 0.009536 0.007500
5 0.462781 0.532000 0.007682 0.007750
5 0.468079 0.528500 0.008212 0.007000
5 0.471258 0.523250 0.009272 0.009250
5 0.471258 0.508250 0.011921 0.011250
5 0.494834 0.508250 0.010861 0.009750
5 0.510199 0.504750 0.008742 0.008250
5 0.422781 0.499000 0.011921 0.011250
5 0.483179 0.488500 0.012450 0.011750
5 0.507815 0.498000 0.007417 0.006750
5 0.513377 0.496250 0.008212 0.007500
5 0.509934 0.486750 0.011391 0.010500
5 0.520795 0.480500 0.010331 0.009250
5 0.514172 0.471000 0.010331 0.009750
5 0.523974 0.464500 0.008477 0.008000
5 0.526358 0.472000 0.007682 0.007750
5 0.531921 0.468500 0.007417 0.007500
5 0.533775 0.471750 0.009536 0.009750
5 0.518146 0.449250 0.009536 0.008750
5 0.526358 0.441000 0.010066 0.009500
5 0.539603 0.442250 0.010861 0.010250
5 0.515497 0.435000 0.010331 0.009250
5 0.552848 0.428500 0.009272 0.008750
5 0.558411 0.423000 0.010596 0.010000
5 0.538808 0.423500 0.008742 0.007500
5 0.540132 0.419250 0.007682 0.006750
5 0.542252 0.412500 0.009007 0.008750
5 0.533245 0.406750 0.008212 0.008250
5 0.528477 0.417500 0.008212 0.008000
5 0.524768 0.424000 0.008212 0.007500
5 0.521060 0.414250 0.007682 0.008250
5 0.517086 0.413500 0.006887 0.007500
5 0.510199 0.399500 0.010861 0.010500
5 0.524768 0.400500 0.008742 0.008500
5 0.517086 0.375000 0.011921 0.011250
5 0.523179 0.389250 0.009272 0.008500
5 0.533510 0.394250 0.007682 0.007000
5 0.542781 0.396500 0.009801 0.009250
5 0.547815 0.394000 0.007682 0.007750
5 0.543841 0.390250 0.008212 0.008250
5 0.553642 0.390000 0.008477 0.008000
5 0.546490 0.383750 0.008477 0.007500
5 0.570331 0.385250 0.009272 0.008750
5 0.571391 0.376250 0.010066 0.009250
5 0.578543 0.384250 0.009272 0.009750
5 0.543841 0.364750 0.009272 0.009000
5 0.532980 0.362750 0.010331 0.009500
5 0.663046 0.392500 0.011921 0.011250
5 0.576954 0.346750 0.011391 0.010750
5 0.570861 0.328000 0.011921 0.011250
5 0.587550 0.333500 0.010331 0.010750
5 0.597086 0.333250 0.010066 0.011000
5 0.586755 0.312000 0.010596 0.010250
5 0.576954 0.301750 0.010861 0.010500
5 0.630993 0.329250 0.011391 0.010750
5 0.569272 0.290500 0.011921 0.011250
5 0.568742 0.282750 0.010066 0.009500
5 0.573775 0.276000 0.010596 0.010250
5 0.589139 0.279250 0.011391 0.010250
5 0.616689 0.295000 0.009272 0.007750
5 0.647152 0.299500 0.002914 0.002750
5 0.621457 0.284500 0.009536 0.009000
5 0.625695 0.273750 0.010861 0.010500
5 0.620397 0.267000 0.009801 0.009500
5 0.627815 0.263000 0.011391 0.010500
5 0.607947 0.276250 0.009272 0.008250
5 0.606623 0.272250 0.009536 0.009000
5 0.602649 0.269250 0.009536 0.010250
5 0.611391 0.265750 0.009801 0.009000
5 0.638411 0.239250 0.013245 0.012750
5 0.636291 0.230250 0.010331 0.009500
5 0.602384 0.238750 0.013775 0.012500
5 0.591258 0.219750 0.007682 0.006750
5 0.642119 0.213000 0.010596 0.010750
5 0.633377 0.210500 0.010596 0.010000
5 0.622517 0.204750 0.011921 0.011250
5 0.642914 0.199750 0.011921 0.011250
5 0.605563 0.158000 0.012980 0.011750
5 0.571126 0.189000 0.012450 0.011750
5 0.538278 0.207500 0.013245 0.012000
5 0.510199 0.201000 0.002649 0.002750
5 0.504371 0.153250 0.012450 0.011500
5 0.436291 0.193000 0.007947 0.007250
5 0.456689 0.247750 0.009007 0.008250
5 0.683444 0.218500 0.012450 0.011250
5 0.748874 0.155000 0.010596 0.009750
5 0.821192 0.213750 0.009536 0.009250
5 0.846887 0.230250 0.011921 0.011250
5 0.764503 0.235500 0.009536 0.010250
5 0.774040 0.235500 0.011921 0.011500
5 0.880795 0.269250 0.010331 0.009750
5 0.881854 0.280000 0.007152 0.006750
5 0.870728 0.297500 0.011921 0.012000
5 0.861987 0.313750 0.009007 0.008000
5 0.857748 0.321500 0.010596 0.009000
5 0.854305 0.328750 0.010331 0.009000
5 0.846093 0.346500 0.011126 0.010500
5 0.831523 0.376250 0.011391 0.009500
5 0.830464 0.381500 0.009272 0.008750
5 0.825430 0.388750 0.012185 0.011500
5 0.858013 0.396500 0.004238 0.004500
5 0.934570 0.418750 0.010066 0.010000
5 0.919205 0.419500 0.008477 0.008250
5 0.909934 0.419250 0.011126 0.011000
5 0.858278 0.439250 0.011921 0.011250
5 0.841060 0.438000 0.011656 0.011000
5 0.811126 0.420000 0.010596 0.009750
5 0.779338 0.413500 0.011921 0.011250
5 0.728212 0.425250 0.010861 0.010000
5 0.732185 0.436750 0.006358 0.006500
5 0.803709 0.434500 0.011391 0.010500
5 0.797351 0.447750 0.011391 0.010250
5 0.792318 0.459000 0.011656 0.010500
5 0.929272 0.491000 0.012185 0.011000
5 0.930331 0.500750 0.010596 0.009750
5 0.945430 0.521500 0.009272 0.008750
5 0.938013 0.547750 0.011921 0.011250
5 0.908609 0.520750 0.011921 0.011250
5 0.886623 0.516750 0.011921 0.011250
5 0.904106 0.574250 0.009801 0.009250
5 0.952848 0.625500 0.008477 0.009750
5 0.921325 0.623750 0.013245 0.012250
5 0.911788 0.640000 0.012185 0.011750
5 0.860397 0.621750 0.011921 0.011250
5 0.901722 0.698250 0.010066 0.009250
5 0.908609 0.700250 0.008477 0.008500
5 0.844768 0.693750 0.010331 0.010000
5 0.831523 0.699250 0.009801 0.008250
5 0.835497 0.705500 0.011391 0.010000
5 0.802649 0.708250 0.010066 0.009750
5 0.788344 0.681750 0.011391 0.010500
5 0.775099 0.696000 0.010331 0.009500
5 0.780132 0.704750 0.010596 0.009500
5 0.771126 0.704500 0.009007 0.009500
5 0.769007 0.715250 0.011921 0.011250
5 0.805563 0.649500 0.010596 0.009250
5 0.802119 0.633750 0.011921 0.011250
5 0.738278 0.729750 0.011921 0.011250
5 0.745166 0.738750 0.011921 0.011250
5 0.705695 0.793250 0.011921 0.011250
5 0.689801 0.794500 0.010331 0.009750
5 0.686623 0.802250 0.011921 0.011250
5 0.710728 0.807250 0.010861 0.010000
5 0.717881 0.818750 0.010331 0.010000
5 0.747285 0.837250 0.011126 0.010500
5 0.738808 0.844250 0.006623 0.006000
5 0.667815 0.874500 0.011921 0.011250
5 0.636556 0.844250 0.013510 0.012000
5 0.604503 0.834750 0.003179 0.003000
5 0.607947 0.807750 0.012980 0.011500
5 0.637616 0.795500 0.012980 0.011750
5 0.704371 0.828750 0.007947 0.007000
5 0.715497 0.840000 0.005563 0.005500
5 0.615364 0.770750 0.011921 0.011250
5 0.635497 0.763000 0.011921 0.011250
5 0.674702 0.744750 0.011656 0.010000
5 0.692185 0.736250 0.011921 0.011250
5 0.637351 0.719000 0.011921 0.011250
5 0.662252 0.709500 0.010596 0.009750
5 0.662781 0.701500 0.009801 0.008500
5 0.673377 0.707250 0.010066 0.008750
5 0.670728 0.702000 0.009801 0.009250
5 0.654040 0.657000 0.011921 0.011250
5 0.604238 0.673250 0.011921 0.011250
5 0.679735 0.623000 0.011391 0.010500
5 0.718146 0.607000 0.014305 0.012500
5 0.727152 0.594750 0.011126 0.010000
5 0.733245 0.583750 0.010596 0.008000
5 0.735629 0.577250 0.010596 0.010250
5 0.743576 0.561750 0.011126 0.010000
5 0.747020 0.557000 0.010596 0.009250
5 0.760795 0.561000 0.003974 0.004250
5 0.712053 0.579750 0.010861 0.009750
5 0.708874 0.577250 0.010331 0.009500
5 0.681325 0.561750 0.011921 0.011250
5 0.664371 0.557750 0.010596 0.009750
5 0.657748 0.559250 0.011126 0.010000
5 0.659603 0.530500 0.011391 0.010250
5 0.643444 0.537000 0.011126 0.010250
5 0.620927 0.534000 0.010596 0.009500
5 0.751523 0.545500 0.012450 0.009750
5 0.753642 0.539500 0.009007 0.009250
5 0.761060 0.521250 0.011921 0.011250
5 0.748079 0.505500 0.010596 0.011000
5 0.772450 0.502250 0.010861 0.010000
5 0.783576 0.474750 0.012980 0.012250
5 0.728742 0.480250 0.011391 0.010500