5 0.520104 0.590000 0.016488 0.014250
5 0.517211 0.580000 0.016488 0.014250
5 0.501591 0.514500 0.016488 0.014250
5 0.503616 0.487500 0.016488 0.014250
5 0.395430 0.496500 0.016488 0.014250
5 0.302574 0.558500 0.016488 0.014250
5 0.272201 0.570750 0.016488 0.014250
5 0.251663 0.541000 0.016488 0.014250
5 0.210009 0.592000 0.016488 0.014250
5 0.179925 0.535750 0.016488 0.014250
5 0.180793 0.508750 0.016488 0.014250
5 0.120336 0.504000 0.016488 0.014250
5 0.197281 0.331000 0.016488 0.014250
5 0.280590 0.248000 0.016488 0.014250
5 0.328609 0.232250 0.016488 0.014250
5 0.312120 0.229500 0.016488 0.014250
5 0.523575 0.202500 0.016488 0.014250
5 0.516344 0.186250 0.016488 0.014250
5 0.530518 0.156500 0.016488 0.014250
5 0.578247 0.166250 0.016488 0.014250
5 0.685566 0.210500 0.016488 0.014250
5 0.732138 0.209250 0.016488 0.014250
5 0.755279 0.224250 0.016488 0.014250
5 0.667920 0.237250 0.016488 0.014250
5 0.655771 0.224000 0.016488 0.014250
5 0.803008 0.296000 0.016488 0.014250
5 0.723749 0.299500 0.016488 0.014250
5 0.649407 0.367000 0.016488 0.014250
5 0.641018 0.417000 0.016488 0.014250
5 0.584900 0.426750 0.016488 0.014250
5 0.638126 0.461000 0.016488 0.014250
5 0.635522 0.477000 0.016488 0.014250
5 0.665317 0.496000 0.016488 0.014250
5 0.800405 0.515250 0.016488 0.014250
5 0.970495 0.568250 0.016488 0.014250
5 0.839456 0.658750 0.016488 0.014250
5 0.867515 0.689750 0.016488 0.014250
5 0.749205 0.752000 0.016488 0.014250
5 0.806769 0.778250 0.016488 0.014250
5 0.826150 0.779750 0.016488 0.014250
5 0.735320 0.847750 0.016488 0.014250
5 0.670813 0.861250 0.016488 0.014250
5 0.634944 0.865750 0.016488 0.014250
5 0.487417 0.894250 0.016488 0.014250
5 0.401215 0.870000 0.016488 0.014250
5 0.265548 0.803250 0.016488 0.014250
5 0.241250 0.789500 0.016488 0.014250
5 0.264970 0.761250 0.016488 0.014250
5 0.292739 0.734250 0.016488 0.014250
5 0.275094 0.729250 0.016488 0.014250
5 0.186578 0.665500 0.016488 0.014250
5 0.108765 0.584750 0.016488 0.014250
5 0.316749 0.393000 0.016488 0.014250
5 0.374892 0.394500 0.016488 0.014250
5 0.428985 0.394750 0.016488 0.014250
5 0.351172 0.338750 0.016488 0.014250
5 0.334683 0.281500 0.016488 0.014250
5 0.610934 0.272500 0.016488 0.014250
5 0.540642 0.354000 0.016488 0.014250
5 0.543246 0.363000 0.016488 0.014250
5 0.534857 0.382500 0.016488 0.014250
5 0.506798 0.406750 0.016488 0.014250
5 0.560312 0.393250 0.016488 0.014250
5 0.573329 0.393500 0.016488 0.014250
5 0.520393 0.444500 0.016488 0.014250
5 0.485392 0.438000 0.016488 0.014250
5 0.479317 0.429750 0.016488 0.014250
5 0.372867 0.639250 0.016488 0.014250
5 0.272780 0.616500 0.016488 0.014250
5 0.271623 0.646500 0.016488 0.014250
5 0.230547 0.631250 0.016488 0.014250
5 0.365635 0.739250 0.016488 0.014250
5 0.395719 0.691500 0.016488 0.014250
5 0.409604 0.820750 0.016488 0.014250
5 0.367371 0.821750 0.016488 0.014250
5 0.441712 0.841750 0.016488 0.014250
5 0.510269 0.770500 0.016488 0.014250
5 0.546428 0.722750 0.016488 0.014250
5 0.560602 0.728500 0.016488 0.014250
5 0.569569 0.743250 0.016488 0.014250
5 0.576511 0.746000 0.016488 0.014250
5 0.525889 0.712000 0.016488 0.014250
5 0.492045 0.676500 0.016488 0.014250
5 0.611224 0.570500 0.016488 0.014250
5 0.663870 0.561500 0.016488 0.014250
5 0.655482 0.601500 0.016488 0.014250
5 0.763379 0.617750 0.016488 0.014250
5 0.719410 0.698750 0.016488 0.014250
5 0.690194 0.773750 0.016488 0.014250
5 0.656639 0.778000 0.016488 0.014250
5 0.636968 0.799500 0.016488 0.014250
5 0.570437 0.806250 0.016488 0.014250
5 0.350593 0.483750 0.016488 0.014250
5 0.410761 0.435250 0.016488 0.014250
5 0.450680 0.417750 0.016488 0.014250
5 0.616720 0.375750 0.016488 0.014250
5 0.711600 0.460250 0.016488 0.014250
5 0.886896 0.402000 0.016488 0.014250
5 0.835406 0.374500 0.016488 0.014250
5 0.881400 0.431750 0.016488 0.014250
5 0.855077 0.449250 0.016488 0.014250