3 0.554173 0.347500 0.062822 0.051750
3 0.459181 0.394500 0.051897 0.042750
3 0.418816 0.342250 0.051897 0.042750
3 0.325948 0.348500 0.051897 0.042750
3 0.284674 0.403750 0.051897 0.042750
3 0.298331 0.447500 0.051897 0.042750
3 0.415478 0.497000 0.051897 0.042750
3 0.441578 0.478500 0.051897 0.042750
3 0.444006 0.520500 0.051897 0.042750
3 0.546282 0.508250 0.051897 0.042750
3 0.437633 0.605750 0.051897 0.042750
3 0.324734 0.552000 0.051897 0.042750
3 0.328073 0.649500 0.051897 0.042750
3 0.257056 0.692250 0.051897 0.042750
3 0.083763 0.552250 0.051897 0.042750
3 0.152656 0.531250 0.051897 0.042750
3 0.076176 0.491000 0.051897 0.042750
3 0.143247 0.458750 0.051897 0.042750
3 0.240668 0.336000 0.051897 0.042750
3 0.205159 0.297250 0.051897 0.042750
3 0.332018 0.288250 0.051897 0.042750
3 0.286798 0.229000 0.051897 0.042750
3 0.405463 0.248250 0.051897 0.042750
3 0.463733 0.269250 0.051897 0.042750
3 0.511988 0.195000 0.051897 0.042750
3 0.506829 0.161750 0.051897 0.042750
3 0.538392 0.168500 0.051897 0.042750
3 0.604249 0.193750 0.051897 0.042750
3 0.665554 0.267750 0.051897 0.042750
3 0.737481 0.322500 0.051897 0.042750
3 0.658574 0.134500 0.051897 0.042750
3 0.762064 0.182500 0.051897 0.042750
3 0.843399 0.283000 0.051897 0.042750
3 0.786039 0.353500 0.051897 0.042750
3 0.698634 0.395250 0.051897 0.042750
3 0.655235 0.392000 0.051897 0.042750
3 0.618513 0.419250 0.051897 0.042750
3 0.640061 0.482250 0.051897 0.042750
3 0.612747 0.565000 0.051897 0.042750
3 0.604249 0.576250 0.051897 0.042750
3 0.712291 0.606500 0.051897 0.042750
3 0.703490 0.637250 0.051897 0.042750
3 0.601821 0.780000 0.051897 0.042750