3 0.192540 0.282500 0.039567 0.039250
3 0.127520 0.473000 0.039567 0.039250
3 0.226815 0.486750 0.047883 0.047500
3 0.208921 0.541250 0.035786 0.026750
3 0.297883 0.517250 0.039567 0.039250
3 0.285030 0.558250 0.039567 0.039250
3 0.212198 0.562500 0.036290 0.025250
3 0.187248 0.576250 0.032762 0.032500
3 0.203881 0.616500 0.026966 0.026750
3 0.195817 0.604250 0.034526 0.018250
3 0.229083 0.611000 0.024446 0.033000
3 0.198841 0.656250 0.026966 0.026750
3 0.240675 0.626250 0.029738 0.029500
3 0.255292 0.644000 0.029738 0.029500
3 0.268145 0.663250 0.029738 0.029500
3 0.292339 0.717750 0.010333 0.010250
3 0.225050 0.679500 0.036038 0.035750
3 0.255796 0.741750 0.016633 0.016500
3 0.244708 0.727750 0.022681 0.018250
3 0.238155 0.734500 0.022429 0.023000
3 0.238659 0.751750 0.027722 0.022250
3 0.271169 0.738500 0.029738 0.035000
3 0.414315 0.769500 0.032762 0.032500
3 0.426411 0.658250 0.039567 0.039250
3 0.529234 0.635000 0.029738 0.029500
3 0.505796 0.772250 0.036038 0.035750
3 0.651210 0.818000 0.029738 0.040500
3 0.620212 0.819000 0.036038 0.040500
3 0.741683 0.746000 0.036038 0.035750
3 0.368196 0.475000 0.036038 0.035750
3 0.353579 0.462750 0.029738 0.029500
3 0.318800 0.415000 0.039567 0.039250
3 0.361643 0.207750 0.036038 0.035750
3 0.421371 0.160250 0.036038 0.035750
3 0.485131 0.179500 0.020161 0.020000
3 0.493952 0.183250 0.022429 0.022250
3 0.465978 0.153500 0.036038 0.035750
3 0.469254 0.185500 0.029738 0.029500
3 0.818296 0.600750 0.036038 0.028500
3 0.833417 0.581250 0.032762 0.032500
3 0.719758 0.509000 0.039567 0.030000
3 0.712702 0.472500 0.024950 0.027250
3 0.714466 0.474500 0.039567 0.039250
3 0.699597 0.464000 0.016633 0.016500
3 0.702369 0.461000 0.032762 0.032500
3 0.684224 0.471750 0.029234 0.033250
3 0.675907 0.407000 0.036038 0.035750
3 0.631552 0.420750 0.036038 0.035750
3 0.807460 0.399000 0.043599 0.043250
3 0.639869 0.361000 0.039567 0.039250
3 0.543095 0.179500 0.039567 0.032500
3 0.513609 0.191250 0.032762 0.032500
3 0.519657 0.216000 0.026966 0.026750
3 0.572329 0.194000 0.022429 0.028500
3 0.542339 0.151000 0.048387 0.035750
3 0.538054 0.214250 0.020161 0.034000
3 0.550403 0.213500 0.015121 0.038250
3 0.549899 0.224500 0.032762 0.032500
3 0.622984 0.180250 0.036038 0.035750
3 0.589214 0.188500 0.032762 0.032500
3 0.579637 0.214250 0.034778 0.025750
3 0.644657 0.229500 0.015121 0.015000
3 0.623740 0.223250 0.026966 0.026750
3 0.641381 0.216750 0.033518 0.024250
3 0.647933 0.190500 0.036038 0.035750
3 0.648438 0.255000 0.018397 0.018250
3 0.625756 0.241500 0.036038 0.035750
3 0.649950 0.235250 0.022429 0.022250
3 0.660282 0.236000 0.026966 0.035500
3 0.723034 0.238250 0.036038 0.035750
3 0.711190 0.242250 0.021169 0.040500
3 0.689768 0.238000 0.027722 0.043250
3 0.735887 0.267750 0.039567 0.039250
3 0.752268 0.255500 0.036038 0.035750