1 0.182486 0.685250 0.007615 0.007000
1 0.166168 0.668500 0.011150 0.009250
1 0.163992 0.663750 0.010063 0.009250
1 0.243405 0.641750 0.011150 0.010250
1 0.215121 0.582250 0.012238 0.011250
1 0.143323 0.601250 0.006799 0.009250
1 0.162361 0.545750 0.013598 0.012500
1 0.206962 0.506500 0.011150 0.010250
1 0.245853 0.484500 0.012238 0.011250
1 0.253196 0.500500 0.012238 0.011250
1 0.221104 0.468000 0.012238 0.011250
1 0.194180 0.449250 0.013598 0.012500
1 0.183574 0.432750 0.012238 0.011250
1 0.351645 0.628500 0.009247 0.008500
1 0.361708 0.616000 0.007615 0.007000
1 0.359260 0.622250 0.012238 0.011250
1 0.403862 0.703750 0.011150 0.010250
1 0.341583 0.786750 0.010063 0.009250
1 0.328257 0.765000 0.011150 0.010250
1 0.398423 0.778500 0.010063 0.009250
1 0.385097 0.846500 0.012238 0.011250
1 0.455262 0.851750 0.011150 0.010250
1 0.462333 0.841750 0.011150 0.010250
1 0.537395 0.760000 0.012238 0.011250
1 0.566494 0.861000 0.011150 0.010250
1 0.575469 0.854000 0.011150 0.010250
1 0.573837 0.870250 0.012238 0.011250
1 0.548545 0.884500 0.010063 0.009250
1 0.536851 0.875750 0.012238 0.011250
1 0.825401 0.744250 0.011150 0.010250
1 0.837095 0.748250 0.011150 0.010250
1 0.852597 0.721500 0.011150 0.010250
1 0.893935 0.684000 0.011150 0.010250
1 0.830568 0.664750 0.011150 0.010250
1 0.791406 0.659500 0.011150 0.010250
1 0.871634 0.625250 0.010063 0.009250
1 0.909165 0.624500 0.011150 0.010250
1 0.903998 0.645500 0.011150 0.010250
1 0.555888 0.553250 0.012238 0.011250
1 0.618167 0.514750 0.011150 0.010250
1 0.482187 0.475500 0.011150 0.010250
1 0.441664 0.461500 0.012238 0.011250
1 0.717705 0.594000 0.010063 0.009250
1 0.696220 0.527750 0.010063 0.009250
1 0.698395 0.490750 0.011150 0.010250
1 0.734566 0.497500 0.008431 0.007750
1 0.638836 0.460000 0.011150 0.010250
1 0.629317 0.421500 0.010063 0.009250
1 0.597770 0.410500 0.011150 0.010250
1 0.322818 0.300500 0.011150 0.010250
1 0.355997 0.293250 0.012238 0.011250
1 0.341583 0.267500 0.012238 0.011250
1 0.333424 0.249250 0.012238 0.011250
1 0.332880 0.209750 0.011150 0.009250
1 0.414196 0.281500 0.011150 0.010250
1 0.408213 0.261500 0.009247 0.008500
1 0.410933 0.268250 0.010063 0.009250
1 0.401142 0.265250 0.010063 0.009250
1 0.454447 0.311000 0.010063 0.009250
1 0.483818 0.296500 0.011150 0.010250
1 0.452543 0.221500 0.011150 0.010250
1 0.446560 0.229000 0.011150 0.010250
1 0.559695 0.293250 0.008703 0.011250
1 0.568398 0.293500 0.006527 0.009250
1 0.602937 0.172750 0.011150 0.010250
1 0.600761 0.212250 0.012238 0.011250
1 0.629045 0.262750 0.010063 0.009250
1 0.666032 0.294500 0.010063 0.009250
1 0.660593 0.374750 0.010063 0.008000
1 0.660049 0.366750 0.011150 0.008750
1 0.646995 0.377500 0.010063 0.009250
1 0.684525 0.312750 0.010063 0.009250
1 0.699211 0.322500 0.008431 0.007750
1 0.676367 0.321500 0.011150 0.010250
1 0.690237 0.166750 0.009247 0.006000
1 0.718521 0.179250 0.012238 0.010000
1 0.726679 0.289000 0.010063 0.009250
1 0.699755 0.270250 0.011150 0.010250
1 0.703563 0.262000 0.009247 0.008500
1 0.773729 0.270250 0.012238 0.011250
1 0.839543 0.267000 0.011150 0.010250
1 0.736470 0.321000 0.011150 0.010250
1 0.759043 0.316500 0.009247 0.008500
1 0.774816 0.328000 0.009247 0.008500
1 0.785151 0.329750 0.009247 0.008500
1 0.771553 0.342250 0.010063 0.009250
1 0.745989 0.349000 0.010063 0.009250
1 0.766114 0.375500 0.010063 0.009250
1 0.744085 0.399250 0.010063 0.009250
1 0.748436 0.402750 0.009247 0.009750
1 0.698123 0.421000 0.009247 0.006000
1 0.699755 0.414500 0.009247 0.007500
1 0.766658 0.455500 0.008431 0.005500
1 0.766386 0.458500 0.011422 0.009250
1 0.781072 0.463000 0.010063 0.009250
1 0.800381 0.316000 0.010063 0.009250
1 0.797661 0.322500 0.011150 0.010250
1 0.794942 0.365500 0.009247 0.008500
1 0.785423 0.364000 0.009247 0.008000
1 0.787871 0.357750 0.009247 0.008500
1 0.812075 0.365000 0.010063 0.009250
1 0.804460 0.386000 0.010063 0.009250
1 0.832472 0.391250 0.011150 0.010250
1 0.855045 0.392500 0.010063 0.009250
1 0.853413 0.408750 0.008431 0.006750
1 0.852869 0.402750 0.010063 0.007500
1 0.853413 0.415250 0.008431 0.007750
1 0.891488 0.436500 0.010063 0.010500
1 0.902094 0.436000 0.009247 0.008500
1 0.886864 0.445000 0.010063 0.009250
1 0.935545 0.418000 0.006799 0.006250
1 0.935273 0.395000 0.010878 0.012500
1 0.786511 0.491250 0.012238 0.010000
1 0.814795 0.474500 0.009247 0.008500
1 0.810987 0.440000 0.010063 0.009250
1 0.806364 0.434750 0.010063 0.009250
1 0.816698 0.445250 0.009247 0.008500
1 0.841447 0.466500 0.009247 0.008500
1 0.844982 0.469500 0.009247 0.008500
1 0.843079 0.491000 0.011150 0.010250
1 0.819146 0.504250 0.010063 0.009250
1 0.826761 0.511000 0.010063 0.009250
1 0.808812 0.524750 0.012238 0.011250
1 0.796845 0.528000 0.012238 0.011250
1 0.885504 0.501000 0.009247 0.008750
1 0.887408 0.493750 0.011150 0.008500
1 0.895295 0.500500 0.010063 0.009250
1 0.886048 0.484250 0.011150 0.008750
1 0.877890 0.506250 0.008431 0.007750
1 0.865923 0.513000 0.010063 0.009250