0 0.731588 0.900404 0.016554 0.031629
0 0.710304 0.910162 0.026689 0.030283
0 0.547635 0.211306 0.052027 0.055855
0 0.663514 0.168069 0.038514 0.044751
0 0.593412 0.211306 0.036149 0.043069
0 0.618919 0.202557 0.029730 0.038358
0 0.631081 0.239065 0.031757 0.036003
0 0.667905 0.226952 0.029730 0.042732
0 0.676858 0.278937 0.034122 0.036339
0 0.652196 0.247813 0.034122 0.040713
0 0.532264 0.294415 0.042905 0.036339
0 0.742399 0.270020 0.040878 0.036003
0 0.750169 0.291218 0.034122 0.033984
0 0.772466 0.296602 0.029392 0.044751
0 0.755743 0.308715 0.040541 0.033984
0 0.592230 0.332100 0.029730 0.040377
0 0.556588 0.342194 0.034122 0.038358
0 0.550000 0.396366 0.038514 0.031629
0 0.555405 0.410834 0.031757 0.029610
0 0.547635 0.426312 0.047297 0.029610
0 0.506419 0.418573 0.031757 0.040377
0 0.611149 0.361036 0.031757 0.031629
0 0.631250 0.359859 0.027365 0.033984
0 0.659966 0.342194 0.027365 0.038358
0 0.633446 0.383075 0.036486 0.036003
0 0.703547 0.344213 0.020608 0.038358
0 0.683446 0.360868 0.029730 0.040713
0 0.825845 0.334287 0.034122 0.040713
0 0.703378 0.389805 0.038514 0.027254
0 0.725676 0.390814 0.038514 0.033984
0 0.870439 0.336474 0.034122 0.045087
0 0.851520 0.359690 0.040878 0.038358
0 0.840372 0.409657 0.036149 0.044751
0 0.894932 0.484017 0.052027 0.056191
0 0.949493 0.469549 0.027365 0.058210
0 0.739189 0.469549 0.047297 0.040713
0 0.683446 0.507234 0.038514 0.049462
0 0.665709 0.543910 0.047635 0.042732
0 0.676858 0.605989 0.056419 0.047106
0 0.693412 0.562584 0.049662 0.045087
0 0.348649 0.480485 0.054054 0.053836
0 0.531081 0.478466 0.040541 0.045087
0 0.444257 0.550471 0.054054 0.051817
0 0.404223 0.564939 0.040878 0.053836
0 0.368581 0.573856 0.040541 0.049462
0 0.420777 0.616925 0.042905 0.042732
0 0.267230 0.627019 0.033784 0.049462
0 0.296115 0.629206 0.034122 0.045087
0 0.192736 0.812079 0.049662 0.073688
0 0.309628 0.665713 0.042905 0.056191
0 0.830405 0.714502 0.047297 0.051480
0 0.700169 0.868607 0.054392 0.049462
0 0.873818 0.713493 0.044932 0.058210
0 0.877196 0.767665 0.034122 0.042732
0 0.833784 0.804341 0.040541 0.040713