0 0.742498 0.887994 0.034194 0.035702
0 0.718597 0.903220 0.020586 0.024851
0 0.698709 0.911271 0.023378 0.028351
0 0.192952 0.806090 0.073971 0.044802
0 0.259595 0.623906 0.037683 0.049352
0 0.293964 0.627406 0.037334 0.042352
0 0.305478 0.660833 0.042219 0.049002
0 0.366539 0.574204 0.044313 0.051453
0 0.351535 0.470599 0.042219 0.065453
0 0.399860 0.558278 0.037683 0.046902
0 0.452547 0.547777 0.055827 0.053903
0 0.416957 0.623906 0.048849 0.044452
0 0.531926 0.477424 0.044313 0.056003
0 0.507851 0.415296 0.033147 0.042352
0 0.550419 0.393420 0.049197 0.030802
0 0.556176 0.412846 0.032798 0.019251
0 0.552687 0.430172 0.039777 0.030802
0 0.530879 0.294190 0.042219 0.044452
0 0.556176 0.213511 0.041870 0.049002
0 0.868807 0.344942 0.046755 0.044452
0 0.846999 0.368043 0.044313 0.044452
0 0.827285 0.342492 0.046755 0.044452
0 0.777913 0.303290 0.030356 0.035352
0 0.750349 0.318341 0.044313 0.037452
0 0.744766 0.294190 0.051291 0.035352
0 0.741103 0.271089 0.039777 0.049352
0 0.685973 0.278089 0.039777 0.053553
0 0.675680 0.235387 0.042219 0.037452
0 0.657362 0.245712 0.032798 0.053903
0 0.641137 0.242212 0.028262 0.042002
0 0.667655 0.170809 0.053385 0.046902
0 0.627355 0.201960 0.037683 0.053903
0 0.595255 0.217011 0.037683 0.065103
0 0.945743 0.479874 0.030356 0.046902
0 0.836532 0.417571 0.051291 0.042002
0 0.896371 0.500525 0.046755 0.042002
0 0.732031 0.471824 0.039777 0.049002
0 0.723831 0.396920 0.037334 0.032902
0 0.696267 0.394470 0.037334 0.032902
0 0.709002 0.344767 0.034892 0.039902
0 0.683706 0.363318 0.039428 0.035002
0 0.661898 0.346167 0.041870 0.046902
0 0.638870 0.386419 0.037683 0.035002
0 0.634334 0.357543 0.032798 0.037452
0 0.611305 0.363318 0.037683 0.035002
0 0.591766 0.332167 0.044662 0.037802
0 0.565248 0.352993 0.046755 0.042352
0 0.682484 0.507350 0.041870 0.051453
0 0.659456 0.540952 0.032798 0.044452
0 0.695220 0.567378 0.053385 0.037802
0 0.668702 0.613581 0.042219 0.037802
0 0.858339 0.716311 0.048849 0.044452
0 0.816992 0.718586 0.049197 0.049002
0 0.868807 0.770389 0.037683 0.032902
0 0.821703 0.810816 0.048849 0.044452
0 0.682659 0.872944 0.051291 0.049002