0 0.450488 0.146543 0.052206 0.047555
0 0.451330 0.323272 0.040418 0.047555
0 0.707646 0.290725 0.043786 0.042496
0 0.651061 0.332546 0.025598 0.026307
0 0.631863 0.325801 0.020209 0.029005
0 0.632873 0.268128 0.047154 0.047218
0 0.597002 0.320911 0.035365 0.032715
0 0.592287 0.369309 0.034018 0.030354
0 0.569552 0.347386 0.040418 0.032378
0 0.511283 0.342327 0.037050 0.032378
0 0.512967 0.364755 0.037050 0.027319
0 0.522061 0.379933 0.035702 0.023946
0 0.558774 0.415852 0.028966 0.029005
0 0.482991 0.419056 0.030313 0.035413
0 0.422196 0.363238 0.042102 0.037099
0 0.352476 0.417369 0.048838 0.042159
0 0.177669 0.259022 0.045470 0.042496
0 0.114348 0.303204 0.035365 0.047218
0 0.538734 0.474874 0.038734 0.040472
0 0.489727 0.495616 0.047154 0.045531
0 0.629505 0.533221 0.040418 0.040472
0 0.575446 0.543170 0.045470 0.037437
0 0.678511 0.557504 0.045470 0.029005
0 0.645335 0.566442 0.039070 0.037437
0 0.662681 0.591568 0.040754 0.040472
0 0.595318 0.601518 0.038734 0.037437
0 0.557932 0.594098 0.040754 0.045531
0 0.587740 0.673187 0.047154 0.043845
0 0.597002 0.748229 0.038734 0.037437
0 0.443078 0.648904 0.047491 0.032378
0 0.435500 0.667454 0.028966 0.032378
0 0.448131 0.682293 0.034018 0.029005
0 0.494779 0.729848 0.050522 0.033727
0 0.563826 0.753120 0.035702 0.043845
0 0.529640 0.757504 0.034018 0.029005
0 0.499663 0.777403 0.030650 0.035750
0 0.487875 0.791400 0.030650 0.030691
0 0.516335 0.802361 0.040418 0.035750
0 0.497979 0.832378 0.047491 0.035750
0 0.454699 0.817369 0.040418 0.042159
0 0.605254 0.928162 0.039070 0.043845
0 0.657797 0.911467 0.050522 0.047555
0 0.412260 0.828162 0.045807 0.034064
0 0.428932 0.898145 0.042102 0.040472
0 0.428090 0.930691 0.043786 0.032040
0 0.392388 0.858179 0.039070 0.037437
0 0.364096 0.860708 0.035702 0.045868
0 0.359043 0.894098 0.042439 0.032378
0 0.262378 0.865599 0.035702 0.042159
0 0.228360 0.868971 0.033681 0.038786
0 0.072752 0.605734 0.049175 0.042496
0 0.055237 0.515683 0.047154 0.045868
0 0.060290 0.465767 0.040418 0.042496
0 0.784271 0.853963 0.040754 0.042496