1 0.330837 0.400147 0.032517 0.039575
1 0.317318 0.248809 0.031056 0.024918
1 0.312569 0.267314 0.029594 0.023818
1 0.328096 0.260901 0.024114 0.027116
1 0.347643 0.263100 0.028133 0.024918
1 0.345634 0.244229 0.031421 0.028215
1 0.386920 0.244962 0.036536 0.034078
1 0.375776 0.272811 0.026672 0.026750
1 0.411034 0.275559 0.027037 0.026383
1 0.417611 0.261451 0.027768 0.028948
1 0.439167 0.275192 0.027037 0.024185
1 0.461454 0.261818 0.028498 0.029681
1 0.479722 0.245145 0.030691 0.032246
1 0.513884 0.257787 0.029594 0.033346
1 0.497442 0.286735 0.027402 0.027483
1 0.482828 0.303041 0.026672 0.026383
1 0.451955 0.305973 0.024845 0.023452
1 0.447205 0.320997 0.022653 0.021253
1 0.437706 0.331990 0.020460 0.022719
1 0.428754 0.353426 0.023749 0.023818
1 0.410303 0.358190 0.018999 0.019421
1 0.416332 0.342067 0.020826 0.017222
1 0.392948 0.357640 0.023018 0.021253
1 0.392400 0.339868 0.018999 0.016490
1 0.400256 0.344632 0.014249 0.017955
1 0.410486 0.324478 0.020826 0.020887
1 0.425100 0.326493 0.013518 0.018322
1 0.424735 0.312019 0.020095 0.013558
1 0.424187 0.301392 0.017537 0.024551
1 0.412130 0.299560 0.021922 0.025284
1 0.390574 0.307255 0.024845 0.023818
1 0.374315 0.315317 0.023018 0.023085
1 0.377786 0.334921 0.021922 0.026383
1 0.367373 0.348663 0.020826 0.015757
1 0.365364 0.335654 0.020460 0.013192
1 0.360431 0.325577 0.018634 0.013558
1 0.358056 0.314951 0.019730 0.023085
1 0.353307 0.284720 0.021191 0.024918
1 0.334308 0.286002 0.024114 0.024551
1 0.344172 0.305606 0.017537 0.018322
1 0.343259 0.317699 0.021556 0.016123
1 0.327183 0.333272 0.023018 0.023818
1 0.346730 0.332173 0.018999 0.020887
1 0.344720 0.347197 0.022287 0.019421
1 0.351297 0.360022 0.024479 0.023085
1 0.323895 0.359106 0.032517 0.030048
1 0.305444 0.343166 0.033613 0.033346
1 0.314395 0.313118 0.027402 0.026017
1 0.322251 0.303041 0.026306 0.024185
1 0.268177 0.323379 0.042382 0.039941
1 0.367008 0.433126 0.037632 0.033712
1 0.361893 0.390986 0.030325 0.028582
1 0.393862 0.394284 0.027768 0.027849
1 0.376507 0.402162 0.025941 0.024551
1 0.376324 0.419384 0.025575 0.026017
1 0.472050 0.336204 0.021191 0.030414
1 0.484289 0.341151 0.010596 0.030048
1 0.496164 0.342067 0.016807 0.028948
1 0.499817 0.358373 0.029229 0.025650
1 0.514432 0.341883 0.023383 0.021986
1 0.509317 0.327959 0.023383 0.018322
1 0.530508 0.304874 0.024114 0.028582
1 0.521191 0.319531 0.022287 0.024918
1 0.540738 0.274826 0.029960 0.030781
1 0.557179 0.333455 0.022653 0.029315
1 0.539094 0.332539 0.024479 0.031880
1 0.585130 0.360388 0.024479 0.023818
1 0.596456 0.313851 0.032517 0.029681
1 0.593533 0.291499 0.028133 0.031147
1 0.571611 0.288750 0.025210 0.032246
1 0.562477 0.304690 0.026672 0.030414
1 0.547315 0.308904 0.018999 0.027849
1 0.627512 0.269146 0.038363 0.040674
1 0.555901 0.407292 0.042017 0.043606
1 0.463464 0.379077 0.027402 0.024551
1 0.453599 0.386588 0.028133 0.022719
1 0.454878 0.416819 0.039459 0.050202
1 0.509134 0.403261 0.020095 0.025284
1 0.492145 0.438989 0.045305 0.072554
1 0.493423 0.411506 0.025210 0.037376
1 0.519912 0.411506 0.027768 0.038109
1 0.328096 0.175156 0.045305 0.041774
1 0.447936 0.128252 0.041651 0.037376
1 0.427475 0.210517 0.040921 0.040674
1 0.492875 0.193844 0.031421 0.034445
1 0.509865 0.190546 0.025941 0.035178
1 0.530873 0.197508 0.033613 0.033712
1 0.541651 0.178637 0.031787 0.034811
1 0.575996 0.189630 0.035440 0.036277
1 0.579649 0.209417 0.033248 0.023818
1 0.687066 0.155551 0.049324 0.051667
1 0.681586 0.222059 0.042017 0.035911
1 0.683778 0.243679 0.042017 0.030048
1 0.675740 0.255955 0.039825 0.031147
1 0.755024 0.241664 0.048593 0.045804
1 0.663683 0.417369 0.047863 0.041774
1 0.718853 0.398864 0.041286 0.045804
1 0.815309 0.355442 0.045670 0.046171
1 0.823164 0.402162 0.039459 0.039209
1 0.783522 0.411506 0.036171 0.040308
1 0.775667 0.440821 0.035806 0.040308
1 0.740957 0.475266 0.036536 0.032246
1 0.832846 0.452730 0.026672 0.023818
1 0.814030 0.480762 0.032883 0.037376
1 0.844720 0.473433 0.034344 0.036643
1 0.833942 0.495236 0.039825 0.032613
1 0.864633 0.488824 0.039825 0.038842
1 0.854768 0.521253 0.037632 0.032613
1 0.855133 0.578600 0.045670 0.039575
1 0.874680 0.559912 0.038729 0.037376
1 0.844355 0.658666 0.044574 0.042873
1 0.680672 0.617992 0.040921 0.028948
1 0.673913 0.603518 0.031056 0.036643
1 0.653635 0.601136 0.030691 0.041407
1 0.634454 0.590326 0.029594 0.035911
1 0.653453 0.670942 0.042748 0.034445
1 0.649799 0.642177 0.035440 0.028948
1 0.625137 0.632649 0.027768 0.032613
1 0.612167 0.615244 0.027402 0.023452
1 0.606869 0.597472 0.032883 0.029681
1 0.586774 0.591609 0.028498 0.037010
1 0.565765 0.593074 0.031787 0.034811
1 0.554074 0.604984 0.026672 0.026383
1 0.581841 0.627519 0.025941 0.026750
1 0.595177 0.650788 0.021191 0.029315
1 0.580015 0.649872 0.022287 0.029681
1 0.566313 0.651337 0.023383 0.027483
1 0.595908 0.687065 0.037267 0.036643
1 0.556631 0.688164 0.029594 0.022719
1 0.564304 0.674056 0.022287 0.024551
1 0.548228 0.669659 0.023018 0.023085
1 0.530325 0.684683 0.027402 0.022353
1 0.531604 0.667644 0.025575 0.024185
1 0.540190 0.653170 0.026672 0.025284
1 0.556814 0.639795 0.017537 0.018322
1 0.544574 0.641444 0.017172 0.022353
1 0.551516 0.624771 0.022287 0.022719
1 0.537450 0.619458 0.017537 0.025284
1 0.522287 0.620923 0.029594 0.030414
1 0.523566 0.581532 0.037998 0.035911
1 0.773475 0.859289 0.027768 0.032979
1 0.751370 0.816966 0.031056 0.039941
1 0.735111 0.830158 0.027768 0.034078
1 0.719218 0.823012 0.028133 0.032246
1 0.733650 0.798461 0.035806 0.031513
1 0.708623 0.756687 0.040555 0.038109
1 0.670625 0.752840 0.028864 0.033346
1 0.644867 0.761634 0.033613 0.028948
1 0.704786 0.794064 0.023383 0.027116
1 0.694373 0.810370 0.026672 0.027483
1 0.683047 0.792964 0.027402 0.025650
1 0.678663 0.783071 0.021556 0.025650
1 0.665510 0.787102 0.018634 0.025650
1 0.655462 0.783987 0.021191 0.026750
1 0.647607 0.794247 0.023749 0.022353
1 0.633540 0.809271 0.026306 0.025284
1 0.662952 0.825944 0.027402 0.024918
1 0.677567 0.839502 0.021556 0.019787
1 0.668067 0.848296 0.025941 0.021986
1 0.657837 0.855075 0.023749 0.026750
1 0.649068 0.862404 0.024479 0.024551
1 0.641213 0.824295 0.021191 0.016490
1 0.642674 0.836021 0.021191 0.018688
1 0.638107 0.850495 0.029594 0.020520
1 0.628973 0.834372 0.023018 0.021253
1 0.609609 0.847197 0.027402 0.023452
1 0.620753 0.864602 0.028498 0.019421
1 0.623310 0.884390 0.031421 0.029681
1 0.610705 0.818798 0.022287 0.020154
1 0.623493 0.786369 0.020826 0.019787
1 0.632262 0.780689 0.023018 0.023085
1 0.610522 0.772811 0.031421 0.027849
1 0.579649 0.770062 0.031787 0.028948
1 0.610157 0.796079 0.016807 0.017955
1 0.594995 0.790949 0.022287 0.019421
1 0.600840 0.810553 0.023749 0.021253
1 0.583120 0.807439 0.021191 0.026750
1 0.579832 0.818065 0.021922 0.027483
1 0.562112 0.819165 0.025941 0.026750
1 0.546767 0.805423 0.021556 0.024918
1 0.539459 0.818248 0.029594 0.021253
1 0.525941 0.804141 0.029594 0.031147
1 0.504202 0.774276 0.033613 0.030781
1 0.498721 0.801942 0.030691 0.023818
1 0.486664 0.792781 0.029960 0.026017
1 0.472598 0.806156 0.032517 0.030048
1 0.510413 0.839318 0.032152 0.029681
1 0.541834 0.751741 0.029229 0.026017
1 0.524479 0.743862 0.023749 0.025650
1 0.544026 0.727006 0.026306 0.027849
1 0.525575 0.724624 0.025941 0.023085
1 0.558093 0.858373 0.036902 0.036277
1 0.583668 0.872298 0.023018 0.028215
1 0.440263 0.822279 0.039459 0.034445
1 0.473877 0.840784 0.032883 0.023818
1 0.502009 0.883474 0.048959 0.034445
1 0.495616 0.860938 0.041286 0.025284
1 0.478992 0.853243 0.029229 0.021620
1 0.432408 0.853426 0.034710 0.029315
1 0.491414 0.732686 0.026306 0.026750
1 0.652722 0.917003 0.031056 0.038476
1 0.623493 0.910956 0.031787 0.030048
1 0.515345 0.952547 0.040555 0.030414
1 0.427475 0.874679 0.037267 0.035911
1 0.404457 0.880176 0.029960 0.038842
1 0.313847 0.919568 0.036536 0.029681
1 0.375959 0.875595 0.032883 0.024551
1 0.370661 0.855258 0.033979 0.029315
1 0.345817 0.872847 0.027402 0.031513
1 0.339057 0.857457 0.022653 0.028582
1 0.322981 0.865335 0.029960 0.030414
1 0.324260 0.838219 0.037632 0.036277
1 0.291012 0.841883 0.038363 0.026750
1 0.296493 0.825394 0.038363 0.015024
1 0.299781 0.808538 0.031056 0.027483
1 0.274023 0.811286 0.029229 0.036643
1 0.257581 0.804874 0.038729 0.034078
1 0.245890 0.792232 0.043113 0.032979
1 0.246072 0.773910 0.039094 0.034445
1 0.355681 0.747160 0.046401 0.041774
1 0.381074 0.712349 0.045305 0.040308
1 0.464742 0.571821 0.042382 0.045804
1 0.346365 0.541774 0.044574 0.042140
1 0.308001 0.581165 0.048228 0.043239
1 0.395323 0.425064 0.032883 0.028582
1 0.409390 0.652070 0.042748 0.039941
1 0.350749 0.657017 0.046767 0.044705
1 0.458166 0.679187 0.032883 0.036277
1 0.447936 0.702272 0.018999 0.034078
1 0.434417 0.700073 0.027037 0.039209
1 0.410121 0.706852 0.029594 0.039575
1 0.504019 0.690729 0.027402 0.021986
1 0.505115 0.678087 0.027402 0.020887
1 0.501644 0.650971 0.019730 0.020887
1 0.517355 0.652986 0.024845 0.028582
1 0.501461 0.632833 0.029594 0.031513
1 0.485385 0.640344 0.030325 0.026017
1 0.486847 0.656468 0.016441 0.018688
1 0.248082 0.646574 0.049689 0.041407
1 0.244428 0.700989 0.042382 0.038842
1 0.190537 0.746061 0.039825 0.030048
1 0.191633 0.726090 0.033248 0.025284
1 0.210267 0.716196 0.029594 0.029681
1 0.201681 0.701173 0.028498 0.023085
1 0.191999 0.688897 0.029594 0.024185
1 0.192364 0.672591 0.031787 0.030414
1 0.184874 0.711066 0.024845 0.027483
1 0.169894 0.707219 0.037267 0.029315
1 0.175009 0.686882 0.028498 0.030414
1 0.175740 0.662697 0.037998 0.039209
1 0.158750 0.640344 0.036902 0.034811
1 0.115638 0.656651 0.039094 0.036643
1 0.085860 0.668743 0.037998 0.032246
1 0.079101 0.648589 0.036171 0.027849
1 0.105042 0.605716 0.038363 0.043972
1 0.064669 0.587028 0.035806 0.031513
1 0.068140 0.611030 0.035440 0.034078
1 0.147059 0.608831 0.034710 0.033346
1 0.183778 0.569256 0.030691 0.037743
1 0.200037 0.580432 0.032517 0.034445
1 0.158568 0.593624 0.034344 0.028582
1 0.159299 0.574753 0.027768 0.026750
1 0.133358 0.566874 0.028498 0.029315
1 0.143040 0.539392 0.041286 0.030781
1 0.151991 0.562111 0.031421 0.026383
1 0.255937 0.457860 0.046401 0.044339
1 0.306905 0.489190 0.044574 0.040308
1 0.100292 0.519604 0.037632 0.038842
1 0.065583 0.525834 0.042748 0.036643
1 0.090062 0.479846 0.032517 0.032613
1 0.106321 0.492305 0.032152 0.031880
1 0.056266 0.492305 0.027037 0.024551
1 0.046036 0.463906 0.018999 0.022719
1 0.064304 0.473067 0.023383 0.028582
1 0.071063 0.459875 0.028864 0.027116
1 0.082389 0.448516 0.038363 0.024185
1 0.080015 0.432210 0.037267 0.024551
1 0.062112 0.423049 0.032152 0.028215
1 0.070515 0.397582 0.016807 0.018322
1 0.063208 0.382374 0.022653 0.018688
1 0.091524 0.396299 0.023749 0.028215
1 0.084947 0.378893 0.028864 0.026383
1 0.125685 0.286185 0.039459 0.037376
1 0.114359 0.323928 0.035806 0.030781
1 0.085495 0.345365 0.023383 0.026017
1 0.099744 0.341151 0.028498 0.027116
1 0.208257 0.167461 0.040190 0.036643
1 0.374132 0.074020 0.039459 0.037376
1 0.483924 0.059546 0.045670 0.042140