1 0.330429 0.182897 0.057860 0.057941
1 0.429069 0.083944 0.062740 0.058290
1 0.618508 0.104712 0.074242 0.057941
1 0.526839 0.238045 0.097246 0.094939
1 0.747299 0.295462 0.069711 0.058290
1 0.725340 0.338045 0.053677 0.046422
1 0.519868 0.506108 0.065180 0.055846
1 0.529104 0.573822 0.069711 0.053752
1 0.488846 0.622164 0.067271 0.053403
1 0.397002 0.630017 0.053677 0.046771
1 0.337226 0.612914 0.044266 0.053752
1 0.310910 0.656545 0.055769 0.053752
1 0.268386 0.600175 0.053677 0.065271
1 0.171837 0.566841 0.039735 0.057941
1 0.128268 0.513962 0.048797 0.044328
1 0.450854 0.688656 0.051237 0.039791
1 0.398222 0.692321 0.046358 0.051309
1 0.405193 0.732461 0.051237 0.039442
1 0.415476 0.755497 0.048797 0.035253
1 0.490066 0.723211 0.060648 0.048866
1 0.648484 0.714136 0.046358 0.062827
1 0.686476 0.715358 0.044266 0.051309
1 0.737888 0.623211 0.055769 0.051309
1 0.758801 0.675044 0.046706 0.053752
1 0.738062 0.727923 0.033113 0.053403
1 0.766818 0.850960 0.048797 0.055846
1 0.860927 0.541710 0.048797 0.048866
1 0.932206 0.633682 0.044266 0.044328
1 0.904671 0.679581 0.044266 0.044677
1 0.730917 0.126178 0.039038 0.044328
1 0.791216 0.169284 0.042524 0.053054