1 0.427393 0.058076 0.036304 0.026860
1 0.463696 0.107441 0.048038 0.048639
1 0.419325 0.106897 0.038504 0.043194
1 0.399707 0.120145 0.036670 0.046461
1 0.508434 0.053358 0.028236 0.029764
1 0.529336 0.056261 0.019435 0.034120
1 0.539971 0.051906 0.016502 0.022505
1 0.549138 0.056261 0.016502 0.033394
1 0.561056 0.047368 0.014668 0.011978
1 0.565823 0.061887 0.014668 0.029401
1 0.578291 0.060980 0.019069 0.029038
1 0.593143 0.080581 0.029703 0.028312
1 0.593693 0.063158 0.020535 0.020327
1 0.598827 0.053358 0.010268 0.013793
1 0.611845 0.053358 0.013568 0.015245
1 0.627979 0.059528 0.025303 0.020327
1 0.610194 0.074773 0.027869 0.034120
1 0.583608 0.123775 0.048772 0.046461
1 0.624679 0.121960 0.038504 0.042831
1 0.687935 0.082396 0.023469 0.018875
1 0.694719 0.109982 0.039971 0.045735
1 0.661900 0.156080 0.041071 0.045735
1 0.704070 0.178040 0.041804 0.046824
1 0.750275 0.186933 0.040337 0.042831
1 0.749908 0.227586 0.044004 0.046461
1 0.790979 0.198911 0.040337 0.038475
1 0.525119 0.217241 0.044004 0.042468
1 0.537954 0.246098 0.043271 0.039201
1 0.306197 0.117060 0.035937 0.042468
1 0.276128 0.120327 0.034470 0.040290
1 0.323066 0.235753 0.045471 0.046824
1 0.372021 0.250091 0.043638 0.048639
1 0.462780 0.267695 0.038871 0.041016
1 0.491749 0.276588 0.036670 0.041379
1 0.605977 0.265336 0.046571 0.046461
1 0.658232 0.279129 0.046205 0.045009
1 0.681702 0.255535 0.028603 0.030490
1 0.813898 0.181307 0.034103 0.034483
1 0.853502 0.237205 0.039237 0.046098
1 0.888155 0.280036 0.038137 0.039564
1 0.826183 0.265880 0.037404 0.039564
1 0.824349 0.290018 0.032270 0.035572
1 0.851302 0.290926 0.030436 0.040290
1 0.839384 0.356987 0.044004 0.034483
1 0.841034 0.337024 0.034103 0.025771
1 0.858453 0.309982 0.035937 0.026134
1 0.850385 0.325953 0.030803 0.024682
1 0.873487 0.325771 0.023469 0.022868
1 0.867253 0.344646 0.038871 0.032305
1 0.904107 0.360799 0.041437 0.045009
1 0.682802 0.316152 0.041071 0.033394
1 0.695453 0.335027 0.034837 0.036298
1 0.661166 0.338838 0.036670 0.034483
1 0.631096 0.326860 0.041071 0.035209
1 0.627979 0.352995 0.038504 0.035209
1 0.640081 0.370236 0.039237 0.031216
1 0.539054 0.294918 0.040337 0.036661
1 0.523102 0.305808 0.038504 0.034483
1 0.517418 0.329946 0.036670 0.036298
1 0.508801 0.365154 0.042904 0.036298
1 0.548772 0.342468 0.039237 0.036661
1 0.568390 0.369873 0.041071 0.038475
1 0.405391 0.353358 0.048038 0.040290
1 0.416025 0.401996 0.049505 0.041742
1 0.477448 0.419056 0.042538 0.035935
1 0.500000 0.426497 0.035570 0.039201
1 0.542538 0.413249 0.043638 0.038113
1 0.646865 0.426316 0.035937 0.041742
1 0.665750 0.408711 0.028236 0.036298
1 0.692336 0.404537 0.035937 0.041742
1 0.704804 0.386751 0.035204 0.035209
1 0.726256 0.396370 0.042904 0.037024
1 0.756692 0.419601 0.042904 0.042105
1 0.570957 0.446642 0.043271 0.043920
1 0.916575 0.433757 0.033370 0.034120
1 0.935827 0.416152 0.033737 0.031579
1 0.942794 0.440653 0.030070 0.037024
1 0.939494 0.478584 0.046205 0.045372
1 0.923726 0.577132 0.048405 0.044283
1 0.720022 0.564610 0.050238 0.041742
1 0.730840 0.513249 0.044738 0.031942
1 0.725156 0.495644 0.040704 0.025045
1 0.724789 0.477495 0.039237 0.028675
1 0.711221 0.465154 0.033370 0.035935
1 0.689036 0.476044 0.036670 0.035209
1 0.695086 0.515064 0.040704 0.038475
1 0.674917 0.529220 0.035570 0.036298
1 0.654932 0.518512 0.039604 0.032305
1 0.649798 0.492740 0.034470 0.034483
1 0.637697 0.471869 0.031536 0.030490
1 0.626513 0.485118 0.029703 0.035935
1 0.604694 0.495826 0.036670 0.034846
1 0.622112 0.521960 0.031903 0.034846
1 0.598827 0.546461 0.028603 0.038113
1 0.584158 0.554628 0.036670 0.030490
1 0.628896 0.562613 0.035204 0.034120
1 0.612578 0.584392 0.030436 0.032668
1 0.625779 0.592377 0.025303 0.027586
1 0.611845 0.617604 0.041437 0.041016
1 0.652182 0.602722 0.030436 0.029401
1 0.684085 0.594374 0.042171 0.038838
1 0.659149 0.625045 0.041437 0.033394
1 0.575358 0.512704 0.036670 0.035935
1 0.547671 0.508167 0.034837 0.030490
1 0.547671 0.529220 0.026769 0.027586
1 0.531903 0.518875 0.024569 0.025771
1 0.543821 0.466788 0.034470 0.027586
1 0.554639 0.480944 0.038504 0.031942
1 0.492116 0.503630 0.039604 0.028675
1 0.502567 0.516697 0.032637 0.031579
1 0.507517 0.543013 0.040337 0.034846
1 0.463880 0.485118 0.036670 0.031579
1 0.462596 0.458984 0.028970 0.033757
1 0.440777 0.460980 0.025669 0.034846
1 0.430876 0.470599 0.035937 0.027949
1 0.437660 0.492740 0.036304 0.028675
1 0.432527 0.509074 0.036304 0.029401
1 0.410708 0.482214 0.035204 0.032305
1 0.429043 0.558984 0.036670 0.033394
1 0.408508 0.583848 0.029336 0.030853
1 0.427209 0.586570 0.026403 0.030490
1 0.442061 0.598548 0.039971 0.037750
1 0.772644 0.642650 0.044738 0.041742
1 0.795380 0.668421 0.046938 0.043194
1 0.745691 0.805989 0.053172 0.050454
1 0.677118 0.657713 0.043638 0.034120
1 0.696736 0.673321 0.036670 0.037750
1 0.675284 0.687840 0.039971 0.028312
1 0.677668 0.709256 0.046938 0.029038
1 0.634397 0.681125 0.035204 0.027223
1 0.639714 0.698367 0.026769 0.020327
1 0.618995 0.690744 0.037404 0.024682
1 0.623396 0.705263 0.038871 0.021779
1 0.588742 0.724501 0.040704 0.039927
1 0.653832 0.738294 0.031536 0.034846
1 0.637697 0.724501 0.031536 0.022505
1 0.622296 0.718330 0.032270 0.020327
1 0.618445 0.731034 0.031903 0.029764
1 0.635130 0.744102 0.027869 0.026134
1 0.622662 0.752269 0.030803 0.025045
1 0.617162 0.768240 0.028603 0.028675
1 0.646131 0.768966 0.027136 0.026497
1 0.636597 0.779129 0.030803 0.030853
1 0.590759 0.774592 0.034470 0.024682
1 0.597176 0.788566 0.034103 0.017786
1 0.598276 0.803630 0.042171 0.027586
1 0.607811 0.818875 0.042904 0.034846
1 0.529520 0.722686 0.030803 0.033394
1 0.504767 0.721597 0.036304 0.038475
1 0.521635 0.746461 0.045105 0.036661
1 0.471214 0.763702 0.043271 0.042105
1 0.416392 0.754991 0.049505 0.041379
1 0.375321 0.693285 0.042904 0.042105
1 0.328933 0.686207 0.049872 0.042468
1 0.410524 0.659528 0.042904 0.042105
1 0.380088 0.660254 0.034837 0.035572
1 0.387422 0.636842 0.037770 0.023593
1 0.380088 0.625045 0.032637 0.029038
1 0.348552 0.627223 0.038504 0.037750
1 0.506417 0.829401 0.045471 0.045009
1 0.554639 0.854628 0.035570 0.042468
1 0.577374 0.868058 0.047305 0.035935
1 0.467547 0.820327 0.035937 0.036298
1 0.444261 0.825045 0.030436 0.036298
1 0.367987 0.793285 0.046571 0.028675
1 0.411074 0.810526 0.038871 0.031216
1 0.415475 0.837931 0.035204 0.033031
1 0.373121 0.812341 0.044371 0.021779
1 0.368720 0.827949 0.039971 0.026134
1 0.356436 0.838113 0.033003 0.021779
1 0.364870 0.860617 0.040337 0.033394
1 0.269344 0.843557 0.051705 0.045735
1 0.298680 0.867877 0.050972 0.043557
1 0.412358 0.873503 0.041437 0.042468
1 0.448111 0.858621 0.036670 0.042468
1 0.470664 0.871325 0.036304 0.037387
1 0.138431 0.632305 0.046571 0.042105
1 0.092043 0.612704 0.049872 0.043557
1 0.127613 0.575499 0.045471 0.036661
1 0.105977 0.548094 0.044738 0.037750
1 0.151999 0.520327 0.037037 0.031579
1 0.137147 0.540653 0.031536 0.032305
1 0.166667 0.545917 0.038504 0.037750
1 0.098093 0.516515 0.044371 0.031942
1 0.113861 0.492740 0.040704 0.036661
1 0.093143 0.457895 0.043271 0.036661
1 0.108728 0.427042 0.035570 0.027949
1 0.111661 0.449002 0.015768 0.029038
1 0.127613 0.446461 0.019802 0.038475
1 0.140631 0.403267 0.046571 0.033394
1 0.142648 0.422323 0.039604 0.027223
1 0.141547 0.449546 0.030803 0.030127
1 0.144848 0.467151 0.031536 0.034846
1 0.163550 0.467151 0.022002 0.034846
1 0.174917 0.451543 0.028603 0.018875
1 0.181518 0.468421 0.030070 0.035209
1 0.171067 0.432123 0.028236 0.034483
1 0.192703 0.438838 0.028970 0.040653
1 0.227723 0.458076 0.041804 0.039927
1 0.251192 0.435753 0.033003 0.037387
1 0.265860 0.441379 0.034470 0.034120
1 0.280895 0.447368 0.029336 0.041016
1 0.317382 0.454809 0.041437 0.041379
1 0.308214 0.495281 0.047305 0.043194
1 0.337917 0.578221 0.033370 0.035572
1 0.363770 0.594011 0.027869 0.035935
1 0.383938 0.594011 0.030070 0.035935
1 0.374221 0.545191 0.034103 0.035572
1 0.392373 0.533212 0.033737 0.035572
1 0.405941 0.551724 0.031536 0.034120
1 0.384672 0.498367 0.032270 0.032668
1 0.376421 0.480581 0.022369 0.022505
1 0.358819 0.474047 0.028236 0.039201
1 0.374954 0.465336 0.020169 0.023230
1 0.390539 0.472051 0.022736 0.034483
1 0.378254 0.443013 0.041437 0.042468
1 0.129263 0.255898 0.043638 0.037750
1 0.166117 0.229764 0.039604 0.038475
1 0.176751 0.191107 0.027869 0.028675
1 0.201137 0.190744 0.030436 0.034483
1 0.200037 0.217060 0.031170 0.029764
1 0.179868 0.210708 0.023836 0.025045
1 0.211404 0.245009 0.028970 0.028312
1 0.174001 0.266243 0.037770 0.041016
1 0.190686 0.247550 0.023469 0.029038
1 0.198203 0.280218 0.026036 0.036298
1 0.208287 0.260617 0.035204 0.023230
1 0.223689 0.277677 0.035204 0.043557
1 0.264210 0.358258 0.028970 0.042105
1 0.286029 0.360073 0.024202 0.043557
1 0.309864 0.363884 0.033737 0.041016
1 0.260176 0.396007 0.033370 0.041379
1 0.280711 0.398367 0.028970 0.038113