1 0.780546 0.751111 0.031377 0.034815
1 0.243263 0.359444 0.043559 0.041852
1 0.284791 0.341667 0.031377 0.026296
1 0.280362 0.373333 0.032115 0.037037
1 0.302326 0.383704 0.028793 0.031852
1 0.301218 0.361111 0.028055 0.022963
1 0.318568 0.353519 0.017719 0.013704
1 0.321890 0.359074 0.018457 0.010741
1 0.317829 0.369630 0.025102 0.020000
1 0.327058 0.379444 0.024363 0.024074
1 0.341824 0.367778 0.018457 0.014074
1 0.342562 0.334259 0.022148 0.020370
1 0.337763 0.355185 0.015504 0.018519
1 0.333702 0.346111 0.019195 0.015185
1 0.327427 0.335556 0.019934 0.020741
1 0.314876 0.342222 0.023625 0.016296
1 0.313215 0.329259 0.023256 0.020741
1 0.291067 0.328704 0.026947 0.021852
1 0.301956 0.313148 0.021410 0.024074
1 0.319306 0.308519 0.019934 0.026667
1 0.340162 0.292407 0.028424 0.028519
1 0.360465 0.321852 0.026209 0.026667
1 0.349760 0.352222 0.021041 0.024444
1 0.364895 0.353333 0.013658 0.022222
1 0.374308 0.356296 0.011812 0.019259
1 0.368955 0.371111 0.021779 0.021481
1 0.384275 0.369815 0.019934 0.021111
1 0.382060 0.355556 0.011812 0.017037
1 0.404208 0.360185 0.022148 0.027778
1 0.388520 0.351481 0.019564 0.019259
1 0.381875 0.335000 0.022518 0.025556
1 0.396272 0.337407 0.018088 0.024444
1 0.408269 0.340185 0.019934 0.023333
1 0.416759 0.326481 0.023625 0.021111
1 0.419712 0.310000 0.025840 0.024444
1 0.394795 0.320741 0.023256 0.017037
1 0.391842 0.311111 0.021779 0.020000
1 0.377630 0.311481 0.017719 0.021481
1 0.374308 0.290370 0.028055 0.020741
1 0.377999 0.271667 0.026578 0.025556
1 0.402362 0.281296 0.023625 0.030741
1 0.309524 0.287593 0.029900 0.021852
1 0.279254 0.297037 0.029900 0.020741
1 0.294205 0.292407 0.018457 0.017407
1 0.278147 0.278333 0.031377 0.023333
1 0.304725 0.267778 0.033592 0.024444
1 0.449243 0.301481 0.027316 0.026667
1 0.461979 0.285185 0.030639 0.025185
1 0.442599 0.338148 0.027316 0.024444
1 0.457180 0.338519 0.012920 0.028148
1 0.468254 0.338519 0.016611 0.026667
1 0.475268 0.352963 0.026947 0.028889
1 0.486711 0.335000 0.021041 0.022593
1 0.476929 0.322222 0.023625 0.022222
1 0.490402 0.311852 0.026209 0.022963
1 0.494832 0.294259 0.026947 0.027037
1 0.509044 0.320185 0.022148 0.030000
1 0.525286 0.321296 0.022148 0.028519
1 0.513843 0.294630 0.016980 0.026296
1 0.526578 0.291111 0.026947 0.031111
1 0.534330 0.272593 0.026947 0.031111
1 0.553341 0.273704 0.024363 0.032593
1 0.561462 0.294815 0.034699 0.031111
1 0.558324 0.340926 0.021041 0.023333
1 0.540052 0.393519 0.044297 0.041852
1 0.491141 0.396852 0.019564 0.025556
1 0.504799 0.405556 0.030639 0.033333
1 0.478036 0.404444 0.027316 0.030370
1 0.478959 0.436296 0.050572 0.068148
1 0.442045 0.426667 0.035807 0.029630
1 0.435954 0.409444 0.030269 0.027037
1 0.438354 0.384815 0.034330 0.032593
1 0.379845 0.407778 0.032484 0.029630
1 0.344408 0.410000 0.033223 0.029630
1 0.315245 0.424444 0.037652 0.036296
1 0.364895 0.420000 0.029162 0.024444
1 0.363787 0.435556 0.026209 0.026667
1 0.385382 0.437037 0.033223 0.034074
1 0.350683 0.446296 0.035437 0.031111
1 0.502399 0.264444 0.031008 0.031111
1 0.421558 0.265926 0.033223 0.030370
1 0.275563 0.203704 0.048357 0.042963
1 0.347545 0.262407 0.036545 0.035185
1 0.379107 0.221296 0.038391 0.039630
1 0.437800 0.245926 0.033961 0.037037
1 0.472315 0.254259 0.032115 0.034444
1 0.437984 0.192593 0.037283 0.038519
1 0.454596 0.183333 0.029162 0.037778
1 0.478959 0.190556 0.029900 0.031481
1 0.484127 0.167593 0.033592 0.034444
1 0.524917 0.175185 0.039129 0.035556
1 0.530639 0.193704 0.035068 0.025185
1 0.587117 0.244630 0.046881 0.050000
1 0.630306 0.186481 0.039498 0.032963
1 0.625323 0.123704 0.045035 0.045185
1 0.708379 0.194630 0.048726 0.044815
1 0.638427 0.207963 0.046142 0.026296
1 0.633813 0.224074 0.039867 0.029630
1 0.642488 0.387593 0.050572 0.041111
1 0.698597 0.357222 0.046881 0.047778
1 0.786822 0.296296 0.046881 0.044444
1 0.802141 0.342407 0.044297 0.040370
1 0.763750 0.358333 0.043559 0.037407
1 0.762643 0.388889 0.039129 0.037778
1 0.733296 0.429630 0.038760 0.031852
1 0.821890 0.391667 0.025471 0.024815
1 0.806755 0.421111 0.032853 0.040741
1 0.835364 0.406111 0.032484 0.035926
1 0.857881 0.420926 0.039867 0.038889
1 0.830380 0.432963 0.035068 0.032593
1 0.854190 0.453704 0.044297 0.036296
1 0.883721 0.491111 0.039867 0.038519
1 0.865449 0.508889 0.042451 0.040741
1 0.866925 0.595741 0.050572 0.046296
1 0.696936 0.582778 0.038391 0.031481
1 0.689369 0.567593 0.026209 0.035185
1 0.667959 0.569074 0.029900 0.041852
1 0.648210 0.563519 0.033961 0.035926
1 0.672942 0.610741 0.035437 0.034815
1 0.679402 0.638889 0.043189 0.036296
1 0.645441 0.606296 0.029900 0.032593
1 0.628830 0.590926 0.028424 0.022593
1 0.622924 0.573704 0.032853 0.029630
1 0.599114 0.570741 0.031008 0.037037
1 0.581395 0.574630 0.031746 0.031481
1 0.599668 0.605370 0.029900 0.023333
1 0.618678 0.626667 0.022887 0.026667
1 0.602990 0.627037 0.018826 0.023704
1 0.625323 0.665370 0.037652 0.034444
1 0.591547 0.655000 0.022518 0.021852
1 0.584718 0.670370 0.031008 0.024444
1 0.573828 0.656481 0.024732 0.024815
1 0.556294 0.654815 0.024363 0.021481
1 0.560354 0.671667 0.028793 0.025556
1 0.595976 0.630370 0.026947 0.027407
1 0.577519 0.622593 0.021779 0.020000
1 0.566261 0.623148 0.019934 0.014444
1 0.566445 0.635185 0.027685 0.021481
1 0.572721 0.612037 0.027685 0.020370
1 0.571429 0.590000 0.027316 0.025185
1 0.560908 0.605370 0.032853 0.030741
1 0.746955 0.712222 0.038760 0.035556
1 0.532669 0.571296 0.039129 0.038889
1 0.473422 0.570000 0.049096 0.045926
1 0.352898 0.560926 0.042082 0.041111
1 0.322813 0.606481 0.052787 0.046296
1 0.306202 0.514815 0.038760 0.038519
1 0.374862 0.675741 0.048357 0.050741
1 0.435585 0.662778 0.045773 0.041852
1 0.539313 0.609074 0.028055 0.032222
1 0.521226 0.623519 0.035437 0.033704
1 0.507014 0.637037 0.027685 0.031111
1 0.524363 0.643519 0.017350 0.019630
1 0.539498 0.640926 0.021779 0.025556
1 0.521410 0.653704 0.036545 0.027407
1 0.532300 0.675185 0.030269 0.034074
1 0.486342 0.679259 0.036545 0.034074
1 0.482466 0.705741 0.024363 0.034444
1 0.463640 0.702407 0.025102 0.032222
1 0.444814 0.711852 0.035437 0.034074
1 0.562016 0.710185 0.022518 0.025556
1 0.579919 0.715185 0.026578 0.028889
1 0.830380 0.809815 0.027685 0.035185
1 0.800480 0.767778 0.035807 0.038519
1 0.788298 0.785556 0.029900 0.036296
1 0.769288 0.779630 0.029531 0.036296
1 0.751938 0.752778 0.030269 0.032222
1 0.742525 0.772037 0.029900 0.028519
1 0.726836 0.757593 0.016980 0.018889
1 0.738095 0.752593 0.018088 0.020741
1 0.725360 0.746852 0.025840 0.029259
1 0.712625 0.752222 0.016611 0.026667
1 0.712071 0.715185 0.031008 0.034815
1 0.685862 0.728704 0.036176 0.033704
1 0.699705 0.750926 0.023994 0.026296
1 0.694352 0.761481 0.028055 0.026667
1 0.682171 0.778333 0.028793 0.031481
1 0.714286 0.790185 0.027316 0.027037
1 0.733481 0.802778 0.020672 0.024074
1 0.723883 0.811852 0.030269 0.022963
1 0.716870 0.817222 0.031746 0.027037
1 0.704873 0.825185 0.026947 0.029630
1 0.693060 0.819074 0.024732 0.021111
1 0.681801 0.804074 0.024363 0.022222
1 0.699151 0.804444 0.019195 0.020741
1 0.693245 0.793889 0.023625 0.018889
1 0.665190 0.820926 0.030269 0.024074
1 0.679956 0.834444 0.023625 0.025185
1 0.685124 0.857037 0.033961 0.027407
1 0.691214 0.882407 0.035807 0.036667
1 0.720007 0.884074 0.031377 0.034074
1 0.645072 0.846667 0.025471 0.034074
1 0.657992 0.844074 0.022518 0.033333
1 0.661499 0.792407 0.025102 0.022593
1 0.649317 0.783704 0.022887 0.019259
1 0.656884 0.770741 0.018826 0.021481
1 0.667774 0.760000 0.018457 0.020741
1 0.677003 0.751111 0.025102 0.027407
1 0.651901 0.746296 0.028055 0.030370
1 0.622924 0.749444 0.029900 0.030741
1 0.645441 0.770000 0.028424 0.023704
1 0.636028 0.785741 0.028055 0.026296
1 0.631045 0.799074 0.024732 0.024815
1 0.614803 0.800185 0.023994 0.030000
1 0.598191 0.792037 0.027685 0.024815
1 0.591547 0.803519 0.027685 0.025556
1 0.575489 0.794074 0.031746 0.036296
1 0.617571 0.839074 0.033961 0.038148
1 0.566999 0.830185 0.032484 0.032963
1 0.581395 0.737222 0.028055 0.030741
1 0.562938 0.733704 0.028055 0.028889
1 0.529162 0.727963 0.030639 0.029259
1 0.546327 0.764444 0.036176 0.033333
1 0.548173 0.792037 0.023625 0.030741
1 0.532669 0.782037 0.023625 0.030000
1 0.522887 0.798333 0.037283 0.029259
1 0.493355 0.822407 0.037283 0.035926
1 0.527685 0.835185 0.026947 0.029630
1 0.555925 0.870926 0.022887 0.033704
1 0.573828 0.870556 0.026947 0.035185
1 0.553710 0.852963 0.031008 0.031852
1 0.536729 0.845000 0.026578 0.031481
1 0.492433 0.854074 0.037652 0.039259
1 0.487080 0.877963 0.039498 0.039630
1 0.466777 0.885741 0.034330 0.040370
1 0.437431 0.885000 0.036914 0.032222
1 0.430602 0.866852 0.037283 0.030000
1 0.399040 0.873889 0.025102 0.029259
1 0.407346 0.884444 0.027685 0.033333
1 0.382614 0.885000 0.032115 0.035185
1 0.382060 0.855556 0.036176 0.036296
1 0.398671 0.763519 0.043559 0.042593
1 0.409930 0.722963 0.027685 0.039259
1 0.423957 0.726111 0.022518 0.040370
1 0.347730 0.864074 0.037652 0.032593
1 0.352898 0.851296 0.033961 0.021852
1 0.351975 0.835000 0.029900 0.027778
1 0.328535 0.838704 0.026578 0.038889
1 0.586194 0.937963 0.042082 0.034444
1 0.385751 0.940185 0.041344 0.031481
1 0.289775 0.907963 0.040605 0.032963
1 0.154116 0.804259 0.029900 0.030000
1 0.294758 0.802222 0.042451 0.034815
1 0.312661 0.830926 0.042820 0.034444
1 0.296788 0.821481 0.043559 0.034815
1 0.281100 0.735741 0.043189 0.040370
1 0.272794 0.678704 0.042082 0.044815
1 0.233850 0.788519 0.046142 0.030370
1 0.232374 0.770556 0.032115 0.027778
1 0.250277 0.754815 0.028793 0.034815
1 0.237542 0.744630 0.024732 0.033704
1 0.229605 0.732037 0.031746 0.025556
1 0.224068 0.753889 0.021410 0.027037
1 0.211517 0.750741 0.039867 0.032593
1 0.209487 0.730926 0.038021 0.024815
1 0.220746 0.713148 0.033223 0.030000
1 0.205057 0.704074 0.033592 0.032593
1 0.187892 0.688519 0.039129 0.036296
1 0.172019 0.662037 0.036176 0.033704
1 0.201181 0.615000 0.033961 0.038889
1 0.217977 0.627407 0.035068 0.036296
1 0.180879 0.640926 0.034699 0.023333
1 0.175895 0.622778 0.029162 0.024815
1 0.148948 0.620926 0.027685 0.030741
1 0.165375 0.608704 0.033223 0.025556
1 0.155592 0.591481 0.043189 0.038519
1 0.129568 0.660370 0.038391 0.037037
1 0.085640 0.651111 0.036914 0.033333
1 0.096530 0.677593 0.026209 0.032963
1 0.148025 0.712778 0.043559 0.043333
1 0.110373 0.708704 0.034699 0.029259
1 0.122370 0.727593 0.029900 0.031481
1 0.253415 0.493704 0.044666 0.046667
1 0.076597 0.590926 0.035807 0.032222
1 0.108527 0.579444 0.036914 0.037407
1 0.092654 0.540926 0.033223 0.032963
1 0.112588 0.551111 0.032484 0.033333
1 0.062569 0.560741 0.036545 0.026667
1 0.047804 0.531852 0.019564 0.026667
1 0.068106 0.540926 0.027685 0.030000
1 0.071059 0.524630 0.034330 0.029259
1 0.080842 0.512963 0.036914 0.022222
1 0.078442 0.499444 0.032115 0.025556
1 0.049465 0.482778 0.022148 0.024074
1 0.058878 0.489630 0.029162 0.025185
1 0.072721 0.444444 0.025840 0.023704
1 0.052602 0.452407 0.019564 0.024815
1 0.063861 0.463148 0.016980 0.020370
1 0.081949 0.457963 0.027316 0.029259
1 0.066999 0.409630 0.025471 0.021481
1 0.073643 0.391111 0.024732 0.022222
1 0.084164 0.405556 0.019195 0.022963
1 0.089516 0.386852 0.035807 0.035185
1 0.097453 0.346111 0.039129 0.041852
1 0.157254 0.215370 0.046512 0.041852
1 0.386674 0.134259 0.038760 0.038889
1 0.409561 0.061296 0.040975 0.041111
1 0.304725 0.099630 0.038760 0.034815