1 0.487774 0.096320 0.051420 0.042569
1 0.421431 0.100289 0.037397 0.042569
1 0.444984 0.092352 0.039195 0.044733
1 0.459907 0.042569 0.041712 0.028139
1 0.608055 0.121032 0.046027 0.047258
1 0.647069 0.122835 0.039914 0.042208
1 0.717008 0.115079 0.040273 0.042569
1 0.682309 0.161075 0.045667 0.047258
1 0.618483 0.079365 0.032362 0.027417
1 0.637900 0.073593 0.026609 0.036075
1 0.621179 0.061147 0.022654 0.021284
1 0.543689 0.214466 0.048903 0.044372
1 0.555915 0.245130 0.043150 0.036436
1 0.622258 0.264250 0.041352 0.049423
1 0.696872 0.258478 0.034520 0.033550
1 0.674577 0.281926 0.046746 0.042208
1 0.722941 0.183983 0.043510 0.046176
1 0.768429 0.197150 0.039554 0.042929
1 0.763934 0.234668 0.050701 0.047258
1 0.481661 0.260642 0.038475 0.039322
1 0.505933 0.268579 0.036677 0.038600
1 0.389788 0.233225 0.046027 0.042929
1 0.338907 0.214466 0.053578 0.047258
1 0.301510 0.096320 0.032722 0.040404
1 0.329738 0.095960 0.032362 0.041126
1 0.806005 0.211941 0.032003 0.039322
1 0.829738 0.195887 0.031284 0.032468
1 0.863898 0.255051 0.037037 0.040404
1 0.836929 0.279942 0.037037 0.033189
1 0.837289 0.302309 0.035599 0.031025
1 0.896081 0.302850 0.037397 0.039322
1 0.862100 0.305736 0.031284 0.033550
1 0.864977 0.328824 0.037037 0.024892
1 0.845559 0.366883 0.044229 0.044012
1 0.860662 0.344697 0.028407 0.024892
1 0.880079 0.352994 0.032003 0.047980
1 0.912262 0.380051 0.041712 0.044372
1 0.695254 0.322150 0.034880 0.028860
1 0.705322 0.342352 0.042071 0.034632
1 0.667206 0.341991 0.037037 0.036075
1 0.640956 0.329906 0.039195 0.034993
1 0.636462 0.354437 0.035239 0.031385
1 0.650126 0.373918 0.040273 0.037157
1 0.575692 0.370671 0.045307 0.042929
1 0.559691 0.343615 0.041352 0.042208
1 0.554297 0.292569 0.037037 0.034632
1 0.533441 0.300866 0.037037 0.033911
1 0.529306 0.327561 0.037397 0.037518
1 0.520137 0.359848 0.040633 0.037157
1 0.416936 0.342172 0.043510 0.042208
1 0.421791 0.393759 0.047465 0.042208
1 0.482560 0.410895 0.040992 0.036797
1 0.669723 0.415043 0.029845 0.038600
1 0.503596 0.424242 0.037037 0.033911
1 0.549263 0.410534 0.042071 0.041126
1 0.650845 0.430014 0.043869 0.038961
1 0.688601 0.411075 0.019417 0.034993
1 0.701366 0.415765 0.024811 0.034993
1 0.710895 0.389069 0.033801 0.031385
1 0.726178 0.405303 0.039914 0.036436
1 0.758720 0.428211 0.044588 0.044733
1 0.567422 0.439935 0.034520 0.031385
1 0.578749 0.453644 0.037037 0.036436
1 0.931320 0.437590 0.038835 0.033189
1 0.913520 0.456169 0.032003 0.041486
1 0.940129 0.462482 0.031284 0.036075
1 0.933477 0.499820 0.039554 0.045815
1 0.913161 0.598124 0.038475 0.043290
1 0.712334 0.472583 0.035958 0.033189
1 0.687343 0.484127 0.033441 0.034632
1 0.722042 0.485750 0.038835 0.029942
1 0.722222 0.503608 0.035599 0.023088
1 0.724380 0.522186 0.042790 0.033550
1 0.694714 0.524711 0.038116 0.034271
1 0.672959 0.538961 0.037037 0.034632
1 0.653901 0.525253 0.034160 0.029582
1 0.649407 0.496934 0.032362 0.033550
1 0.637720 0.476010 0.032722 0.030664
1 0.623697 0.487554 0.027688 0.031385
1 0.605717 0.498377 0.038475 0.035714
1 0.618842 0.525974 0.030924 0.031746
1 0.712334 0.570166 0.040992 0.042929
1 0.548364 0.463925 0.033082 0.025974
1 0.556095 0.477453 0.030565 0.030664
1 0.545667 0.506133 0.039195 0.031025
1 0.528407 0.515332 0.024811 0.024892
1 0.544768 0.528499 0.028767 0.031025
1 0.575333 0.513167 0.036677 0.037157
1 0.577850 0.554473 0.034520 0.036797
1 0.594930 0.545996 0.027688 0.038600
1 0.620460 0.564755 0.036318 0.035714
1 0.606257 0.587302 0.037397 0.030303
1 0.602481 0.621934 0.041352 0.044733
1 0.619921 0.596501 0.027328 0.029942
1 0.643114 0.607504 0.038475 0.031746
1 0.678533 0.601732 0.040992 0.041126
1 0.647609 0.630231 0.043869 0.033911
1 0.503416 0.538420 0.037397 0.035714
1 0.499461 0.515152 0.034520 0.025253
1 0.491370 0.498737 0.038475 0.028499
1 0.465120 0.479076 0.033441 0.032468
1 0.465660 0.452561 0.030924 0.036436
1 0.446063 0.453283 0.023373 0.034993
1 0.433837 0.461400 0.029845 0.028139
1 0.437792 0.482323 0.026969 0.026696
1 0.432938 0.501984 0.034520 0.033550
1 0.413341 0.472222 0.028407 0.031025
1 0.384933 0.430195 0.041352 0.040765
1 0.386731 0.486111 0.039195 0.030664
1 0.395361 0.460678 0.024811 0.028139
1 0.379000 0.451118 0.020856 0.019841
1 0.378461 0.466270 0.021215 0.021284
1 0.426645 0.551587 0.039195 0.037518
1 0.390867 0.520743 0.030924 0.030664
1 0.371449 0.531746 0.031643 0.032468
1 0.401834 0.541486 0.034160 0.037518
1 0.402373 0.573954 0.030205 0.035354
1 0.421431 0.577381 0.032362 0.029942
1 0.432039 0.591270 0.039195 0.035354
1 0.380439 0.583153 0.030924 0.038600
1 0.761057 0.653319 0.049263 0.045455
1 0.781374 0.683983 0.048903 0.045455
1 0.723840 0.814935 0.056814 0.049784
1 0.665049 0.665043 0.039195 0.036436
1 0.683567 0.683802 0.040992 0.039322
1 0.661812 0.693543 0.042071 0.030664
1 0.662531 0.713925 0.043510 0.033911
1 0.621719 0.686508 0.031643 0.023810
1 0.626933 0.701479 0.024811 0.021284
1 0.605538 0.695346 0.026609 0.021284
1 0.607515 0.709416 0.029845 0.019841
1 0.608774 0.720960 0.030205 0.021284
1 0.601223 0.734127 0.028047 0.023088
1 0.575153 0.725830 0.039914 0.039683
1 0.623337 0.728535 0.021935 0.025613
1 0.636641 0.743326 0.033441 0.036436
1 0.615246 0.747114 0.027328 0.023088
1 0.608774 0.757035 0.030205 0.025613
1 0.598526 0.774531 0.032003 0.033911
1 0.625135 0.772908 0.029845 0.029942
1 0.614887 0.786436 0.028047 0.025253
1 0.576411 0.778499 0.036677 0.023810
1 0.578749 0.790584 0.039195 0.020563
1 0.576411 0.806457 0.037397 0.027778
1 0.583783 0.823593 0.042071 0.036797
1 0.517620 0.721861 0.031284 0.031746
1 0.491730 0.718074 0.038475 0.037157
1 0.505574 0.744048 0.047465 0.037157
1 0.455412 0.759199 0.047105 0.042208
1 0.403991 0.746934 0.044229 0.038600
1 0.486336 0.825577 0.042071 0.042929
1 0.532722 0.853535 0.040633 0.040404
1 0.553038 0.872114 0.036677 0.042208
1 0.449299 0.816017 0.033441 0.039683
1 0.426286 0.819084 0.033441 0.033550
1 0.449299 0.859848 0.031284 0.037157
1 0.425746 0.849387 0.030924 0.033550
1 0.393204 0.865981 0.044229 0.039322
1 0.395541 0.832612 0.040273 0.031025
1 0.393384 0.807359 0.039554 0.037518
1 0.351492 0.782107 0.042790 0.031025
1 0.352751 0.804113 0.041712 0.025974
1 0.349155 0.818723 0.040273 0.029221
1 0.338907 0.829365 0.035599 0.025974
1 0.345919 0.848485 0.039554 0.030303
1 0.278137 0.852273 0.047105 0.046537
1 0.319489 0.675685 0.047825 0.044012
1 0.362639 0.681818 0.046386 0.041847
1 0.400396 0.650794 0.039914 0.039683
1 0.371809 0.650794 0.034520 0.034632
1 0.248831 0.826659 0.048903 0.048701
1 0.131428 0.607323 0.054297 0.042929
1 0.341963 0.612915 0.039554 0.044012
1 0.373067 0.614719 0.034160 0.031746
1 0.378281 0.627165 0.040273 0.027056
1 0.085581 0.588203 0.049622 0.047980
1 0.124236 0.550505 0.044229 0.041126
1 0.163251 0.520382 0.036677 0.039322
1 0.149407 0.492965 0.036318 0.029221
1 0.135922 0.511364 0.031643 0.033550
1 0.101582 0.522186 0.045667 0.035714
1 0.099065 0.488817 0.042071 0.038240
1 0.114527 0.465909 0.045667 0.038600
1 0.362639 0.583153 0.036318 0.035714
1 0.336570 0.564394 0.033082 0.026335
1 0.362639 0.460678 0.033441 0.034632
1 0.307803 0.479618 0.046746 0.042208
1 0.322006 0.439033 0.040633 0.041126
1 0.230852 0.437771 0.042431 0.042929
1 0.253686 0.414863 0.031284 0.034632
1 0.268968 0.424423 0.025171 0.037157
1 0.288026 0.431818 0.030924 0.041126
1 0.266091 0.376082 0.033801 0.039322
1 0.287846 0.382756 0.029126 0.038240
1 0.194714 0.415404 0.032003 0.035714
1 0.174038 0.404942 0.027328 0.027056
1 0.177454 0.426227 0.029126 0.019841
1 0.186264 0.443362 0.029486 0.026696
1 0.166487 0.442280 0.022294 0.032468
1 0.147249 0.443182 0.033441 0.032107
1 0.145092 0.423882 0.034880 0.028139
1 0.132686 0.416847 0.022294 0.032107
1 0.119921 0.422980 0.024092 0.028499
1 0.096188 0.425505 0.040633 0.038600
1 0.114887 0.404401 0.036318 0.031025
1 0.146890 0.395924 0.038475 0.027056
1 0.144193 0.374098 0.037397 0.028139
1 0.273283 0.339827 0.033082 0.041126
1 0.293959 0.341631 0.024092 0.044733
1 0.319849 0.344877 0.034880 0.044733
1 0.238044 0.251804 0.034520 0.035354
1 0.213772 0.255051 0.026250 0.033189
1 0.222042 0.235029 0.029126 0.016955
1 0.226178 0.220058 0.030924 0.031025
1 0.205861 0.223846 0.024811 0.029221
1 0.191658 0.237734 0.035958 0.038240
1 0.143294 0.225469 0.038475 0.036075
1 0.181769 0.201659 0.035599 0.033189
1 0.216109 0.190476 0.034520 0.031025
1 0.219525 0.165404 0.032003 0.035714
1 0.193995 0.162879 0.028407 0.026335
1 0.195074 0.183802 0.024811 0.028499