1 0.324118 0.109290 0.047451 0.037471
1 0.438235 0.072600 0.031765 0.041374
1 0.463725 0.047424 0.027843 0.030055
1 0.480000 0.070648 0.037647 0.041374
1 0.805490 0.176620 0.041569 0.044887
1 0.804706 0.204723 0.047059 0.039422
1 0.358039 0.259563 0.049412 0.045277
1 0.376275 0.338603 0.043529 0.040984
1 0.257255 0.462139 0.041569 0.049180
1 0.107059 0.563427 0.047059 0.047229
1 0.170000 0.599141 0.049020 0.037471
1 0.271765 0.815964 0.050980 0.047229
1 0.343529 0.886417 0.047059 0.049180
1 0.421961 0.855582 0.029020 0.045277
1 0.455098 0.848751 0.033333 0.039422
1 0.617647 0.861436 0.045490 0.037471
1 0.514902 0.887393 0.049412 0.035519
1 0.606078 0.606753 0.045098 0.048790
1 0.640196 0.605777 0.034118 0.046838
1 0.572157 0.650078 0.058824 0.055035
1 0.597255 0.733216 0.039216 0.039422
1 0.577843 0.793911 0.043529 0.033568
1 0.586667 0.832358 0.045490 0.037080
1 0.640784 0.646175 0.045490 0.039422
1 0.673725 0.650078 0.045490 0.047229
1 0.785294 0.708041 0.047451 0.054645
1 0.686471 0.693599 0.035686 0.041374
1 0.602157 0.470726 0.060784 0.066354
1 0.672941 0.437939 0.054902 0.058548
1 0.119608 0.258782 0.047843 0.040593
1 0.078824 0.379196 0.040784 0.045667
1 0.065294 0.428571 0.045882 0.042155
1 0.039804 0.522053 0.037255 0.038642
1 0.047843 0.567721 0.028235 0.038642
1 0.062941 0.609094 0.037255 0.037080
1 0.070000 0.648712 0.037255 0.035129