1 0.501073 0.047719 0.045438 0.020351
1 0.505903 0.067895 0.047227 0.029123
1 0.333274 0.075263 0.039714 0.026316
1 0.314132 0.092632 0.047227 0.036491
1 0.233631 0.125439 0.045796 0.023509
1 0.227191 0.145789 0.047227 0.034737
1 0.212165 0.160526 0.030769 0.036842
1 0.188551 0.154737 0.028623 0.020351
1 0.162433 0.181404 0.038640 0.025965
1 0.149911 0.213509 0.038640 0.028421
1 0.128980 0.215263 0.021109 0.022105
1 0.117352 0.227544 0.027907 0.022807
1 0.148837 0.245263 0.037209 0.044912
1 0.092129 0.265263 0.028265 0.020351
1 0.400537 0.190877 0.051878 0.045614
1 0.580501 0.164737 0.036136 0.034035
1 0.515027 0.224561 0.051878 0.046316
1 0.444186 0.295439 0.047585 0.045614
1 0.489982 0.265965 0.041860 0.045614
1 0.511628 0.277018 0.040787 0.036140
1 0.538819 0.318947 0.041503 0.037193
1 0.466190 0.333860 0.037209 0.038947
1 0.409123 0.339123 0.042576 0.030526
1 0.381753 0.365965 0.043649 0.041404
1 0.408766 0.362807 0.018962 0.015439
1 0.421467 0.351404 0.030054 0.027018
1 0.413596 0.375088 0.030054 0.035789
1 0.440608 0.376842 0.034705 0.035088
1 0.499463 0.389649 0.026476 0.022105
1 0.495707 0.350000 0.034705 0.034035
1 0.465832 0.408070 0.032916 0.030175
1 0.480859 0.424386 0.025760 0.017895
1 0.484973 0.411228 0.029696 0.030175
1 0.509660 0.362982 0.031843 0.031228
1 0.524866 0.351228 0.027907 0.030877
1 0.543113 0.351404 0.026476 0.023509
1 0.526297 0.377018 0.026476 0.030526
1 0.538819 0.363158 0.031485 0.019649
1 0.546869 0.375965 0.031843 0.026316
1 0.570841 0.332281 0.042576 0.043509
1 0.568336 0.384561 0.027549 0.029474
1 0.560465 0.402281 0.033274 0.028421
1 0.584258 0.390000 0.022182 0.031228
1 0.598927 0.389649 0.025045 0.034035
1 0.582290 0.423684 0.033989 0.036140
1 0.615206 0.417895 0.033274 0.024561
1 0.618962 0.438596 0.035778 0.028070
1 0.482826 0.444737 0.037567 0.034737
1 0.508408 0.450702 0.032916 0.035439
1 0.521467 0.466667 0.042576 0.043509
1 0.410376 0.461754 0.049374 0.044211
1 0.432737 0.481930 0.044723 0.033333
1 0.429875 0.522632 0.051163 0.041053
1 0.645438 0.370702 0.048658 0.036842
1 0.644007 0.399825 0.039356 0.033333
1 0.645259 0.461754 0.042576 0.040000
1 0.660823 0.444386 0.023614 0.020702
1 0.657961 0.432105 0.030054 0.019298
1 0.658318 0.418246 0.025045 0.017544
1 0.669589 0.425965 0.016816 0.034386
1 0.679606 0.427719 0.018247 0.034386
1 0.690340 0.417018 0.034705 0.029825
1 0.699106 0.434737 0.037209 0.022456
1 0.696780 0.452632 0.033989 0.029474
1 0.735420 0.443509 0.043292 0.040000
1 0.711628 0.472105 0.031485 0.034737
1 0.734168 0.466842 0.025760 0.026316
1 0.729875 0.482982 0.042934 0.031228
1 0.764937 0.484386 0.038640 0.036140
1 0.746333 0.499474 0.041503 0.036842
1 0.816816 0.376667 0.049374 0.041053
1 0.812522 0.344035 0.032916 0.040351
1 0.841860 0.345439 0.035778 0.043158
1 0.878354 0.486316 0.053667 0.047719
1 0.781574 0.582105 0.038998 0.037193
1 0.811628 0.582456 0.036852 0.042807
1 0.784258 0.611579 0.033631 0.037193
1 0.815206 0.614211 0.032558 0.029123
1 0.871020 0.634912 0.049016 0.048772
1 0.813775 0.661930 0.045438 0.036842
1 0.784794 0.676491 0.047585 0.040000
1 0.783005 0.721053 0.049732 0.037895
1 0.740787 0.753333 0.040429 0.040000
1 0.772451 0.770175 0.040787 0.038596
1 0.745438 0.792632 0.044007 0.044211
1 0.694275 0.803860 0.040429 0.043509
1 0.672451 0.798947 0.038998 0.037895
1 0.706619 0.750175 0.035778 0.040000
1 0.678891 0.752105 0.041860 0.040351
1 0.544902 0.848772 0.050805 0.044211
1 0.475313 0.926842 0.052594 0.046667
1 0.381038 0.907544 0.050805 0.033333
1 0.381753 0.933684 0.051521 0.035088
1 0.382648 0.862807 0.046154 0.041404
1 0.269052 0.877193 0.042934 0.044912
1 0.232737 0.853158 0.039714 0.035439
1 0.187657 0.835088 0.040429 0.026667
1 0.202326 0.856842 0.030411 0.030877
1 0.387299 0.783860 0.040429 0.027368
1 0.395170 0.802982 0.038283 0.031930
1 0.473166 0.798070 0.043292 0.047368
1 0.467263 0.757544 0.039356 0.039298
1 0.439356 0.785614 0.037209 0.035088
1 0.419678 0.780702 0.030769 0.030175
1 0.428801 0.754561 0.032558 0.029123
1 0.405903 0.754386 0.031127 0.032281
1 0.404472 0.725789 0.027549 0.031930
1 0.423077 0.722982 0.024687 0.035439
1 0.378533 0.743860 0.035778 0.031579
1 0.371199 0.707895 0.032558 0.022807
1 0.348301 0.730702 0.028980 0.032632
1 0.316816 0.738596 0.036852 0.030175
1 0.312165 0.704912 0.028265 0.029474
1 0.325939 0.723684 0.031485 0.026316
1 0.337209 0.708070 0.029696 0.027368
1 0.337030 0.687193 0.030054 0.031228
1 0.346869 0.668246 0.033989 0.028421
1 0.365474 0.685263 0.032558 0.030175
1 0.393918 0.693158 0.022898 0.029123
1 0.408945 0.688596 0.028623 0.031228
1 0.289624 0.715789 0.034705 0.035088
1 0.271914 0.707018 0.030769 0.037193
1 0.255993 0.698596 0.038283 0.033684
1 0.223792 0.692807 0.037567 0.039649
1 0.426834 0.623509 0.045081 0.045614
1 0.416816 0.671930 0.036494 0.039298
1 0.377818 0.656667 0.041503 0.040351
1 0.244007 0.615088 0.048658 0.044912
1 0.197496 0.676140 0.036494 0.025965
1 0.201252 0.656140 0.026834 0.023158
1 0.180143 0.660526 0.037567 0.029825
1 0.196959 0.639123 0.033989 0.026316
1 0.184973 0.628947 0.035778 0.034737
1 0.048301 0.661579 0.018605 0.020000
1 0.058140 0.650877 0.039714 0.032281
1 0.057961 0.626842 0.041503 0.031228
1 0.103757 0.604912 0.043649 0.040000
1 0.134705 0.577544 0.032558 0.037193
1 0.178175 0.590175 0.030054 0.035088
1 0.156351 0.596316 0.030054 0.029825
1 0.157245 0.573158 0.033989 0.021404
1 0.163685 0.552807 0.034705 0.029123
1 0.167263 0.526491 0.035420 0.029123
1 0.144365 0.535965 0.029696 0.030526
1 0.100000 0.536842 0.038283 0.032281
1 0.058676 0.553158 0.047943 0.041053
1 0.054562 0.475789 0.036852 0.040000
1 0.032558 0.467193 0.029338 0.031228
1 0.118068 0.511579 0.025045 0.028070
1 0.138283 0.512281 0.027549 0.032982
1 0.156708 0.495789 0.038640 0.040000
1 0.119499 0.474561 0.029338 0.027719
1 0.097674 0.478421 0.032200 0.032632
1 0.212880 0.462807 0.047227 0.045614
1 0.121467 0.449298 0.028265 0.031930
1 0.105009 0.444386 0.025403 0.026316
1 0.081395 0.446316 0.032558 0.026667
1 0.070483 0.427544 0.030769 0.026316
1 0.095886 0.427018 0.025045 0.020351
1 0.098569 0.415439 0.030411 0.025263
1 0.036852 0.414561 0.030054 0.025614
1 0.049195 0.374211 0.024687 0.022807
1 0.058855 0.389474 0.026118 0.023158
1 0.064222 0.373684 0.021109 0.019649
1 0.084794 0.385789 0.022182 0.022105
1 0.110018 0.391404 0.031127 0.029123
1 0.093381 0.373684 0.033631 0.021053
1 0.094097 0.357719 0.032916 0.020702
1 0.072451 0.349825 0.032558 0.026667
1 0.097496 0.343158 0.036136 0.022456
1 0.091771 0.330877 0.033989 0.018947
1 0.100000 0.320000 0.028980 0.021754
1 0.112880 0.310000 0.032558 0.029825
1 0.063864 0.313333 0.026118 0.021053
1 0.084258 0.306316 0.023256 0.017544
1 0.080143 0.296667 0.026476 0.023509
1 0.091950 0.288421 0.017174 0.023860
1 0.107156 0.290702 0.024687 0.015789
1 0.107156 0.276667 0.026834 0.022105
1 0.761538 0.207193 0.055456 0.054386