2 0.447132 0.854310 0.058742 0.053448
2 0.485660 0.840862 0.050104 0.046552
2 0.462681 0.795690 0.041465 0.041724
2 0.430200 0.792069 0.048376 0.051724
2 0.388390 0.785345 0.053905 0.048621
2 0.440394 0.747069 0.045266 0.056897
2 0.504492 0.713793 0.050449 0.051724
2 0.500173 0.659310 0.048721 0.048276
2 0.463545 0.656724 0.043193 0.050000
2 0.404630 0.687414 0.058742 0.053448
2 0.366102 0.680517 0.046648 0.053448
2 0.287664 0.690862 0.060470 0.046552
2 0.289392 0.737586 0.057015 0.051724
2 0.262958 0.827069 0.051831 0.053448
2 0.339668 0.632069 0.051831 0.051724
2 0.330339 0.577586 0.063580 0.062069
2 0.389081 0.615862 0.055287 0.040000
2 0.446441 0.606552 0.046994 0.048276
2 0.483932 0.560517 0.046648 0.045172
2 0.449032 0.532241 0.045266 0.053448
2 0.419143 0.541724 0.036628 0.037931
2 0.495162 0.512759 0.051831 0.048276
2 0.498618 0.458276 0.062198 0.058621
2 0.539392 0.431897 0.051831 0.056897
2 0.517277 0.389310 0.044921 0.043448
2 0.488252 0.377414 0.041465 0.046552
2 0.451451 0.375690 0.046648 0.056897
2 0.214236 0.255517 0.070491 0.058621
2 0.562543 0.553621 0.033172 0.038276
2 0.555632 0.591207 0.033172 0.041724
2 0.596752 0.563103 0.033172 0.029655
2 0.548030 0.773448 0.048376 0.055172
2 0.661541 0.526379 0.046648 0.041724
2 0.651348 0.496552 0.050449 0.046897
2 0.606945 0.468621 0.053559 0.055172
2 0.726503 0.490690 0.053559 0.051724
2 0.739979 0.435345 0.050104 0.046552
2 0.683829 0.413966 0.040083 0.034828
2 0.679509 0.442069 0.031444 0.029655
2 0.651348 0.420690 0.033172 0.044828
2 0.622322 0.419138 0.036628 0.041724
2 0.618867 0.376379 0.053905 0.041724
2 0.745162 0.353448 0.043193 0.046897
2 0.710263 0.358448 0.045266 0.056897
2 0.652903 0.302414 0.050104 0.043448
2 0.636835 0.278448 0.048376 0.039655
2 0.583103 0.317759 0.046648 0.046552
2 0.566862 0.340517 0.034900 0.027931
2 0.520733 0.333793 0.051831 0.051724
2 0.518141 0.296379 0.050104 0.048621
2 0.572046 0.261379 0.034900 0.043448
2 0.542847 0.258103 0.048376 0.046552
2 0.514686 0.208621 0.057015 0.050345
2 0.671044 0.219655 0.044921 0.037931
2 0.686247 0.194138 0.055287 0.041379
2 0.629060 0.155862 0.043193 0.040000
2 0.591569 0.151552 0.043538 0.048621
2 0.629924 0.113276 0.051831 0.050000
2 0.826365 0.344138 0.038355 0.048276
2 0.943331 0.367069 0.036628 0.053448
2 0.912578 0.380690 0.043538 0.043448
2 0.899793 0.356034 0.048376 0.045172
2 0.887008 0.339828 0.043538 0.053448
2 0.747754 0.117586 0.058742 0.051724
2 0.954388 0.489828 0.044921 0.060345
2 0.734278 0.628621 0.058742 0.058621
2 0.781099 0.841724 0.067381 0.065517
2 0.655494 0.923448 0.065653 0.055172
2 0.856254 0.340517 0.024188 0.044483
2 0.584658 0.590517 0.023497 0.030000