2 0.310491 0.207504 0.034617 0.039442
2 0.546980 0.194939 0.032144 0.038045
2 0.587778 0.223386 0.034617 0.035602
2 0.546273 0.308901 0.030731 0.034206
2 0.406040 0.253229 0.030025 0.032461
2 0.361180 0.245026 0.029318 0.031414
2 0.323207 0.264921 0.034617 0.035602
2 0.373720 0.279581 0.030378 0.036300
2 0.422642 0.341885 0.032851 0.038045
2 0.305369 0.371030 0.032851 0.034904
2 0.370540 0.412740 0.034617 0.041536
2 0.464853 0.367714 0.035323 0.041536
2 0.517308 0.368761 0.034264 0.038045
2 0.588308 0.356370 0.033557 0.027923
2 0.590604 0.331239 0.032497 0.026527
2 0.602084 0.602967 0.042035 0.042932
2 0.266514 0.570332 0.038502 0.038394
2 0.132462 0.609250 0.033204 0.039442
2 0.094843 0.667888 0.040622 0.038045
2 0.129989 0.738743 0.035323 0.040140
2 0.186860 0.754101 0.035323 0.045026
2 0.249735 0.765969 0.034617 0.036649
2 0.535853 0.729145 0.035323 0.035602
2 0.699046 0.742234 0.034617 0.036649
2 0.631402 0.784817 0.039209 0.038743
2 0.478806 0.854625 0.040622 0.038743
2 0.637937 0.851483 0.039562 0.031763
2 0.637231 0.818674 0.035323 0.028970
2 0.347051 0.903490 0.029318 0.039442
2 0.297068 0.869634 0.031791 0.037347
2 0.333451 0.792321 0.033910 0.030017
2 0.346344 0.815358 0.030731 0.030017
2 0.331155 0.742583 0.029318 0.032461
2 0.430060 0.726178 0.027199 0.026876
2 0.414341 0.710471 0.024020 0.028970
2 0.367538 0.692496 0.028612 0.032112
2 0.390851 0.724782 0.028612 0.037347
2 0.358354 0.715183 0.029318 0.023735
2 0.358707 0.733682 0.027199 0.025131
2 0.065171 0.370157 0.027905 0.034555
2 0.050159 0.401222 0.024726 0.030366
2 0.051572 0.460035 0.033910 0.032112
2 0.046803 0.490750 0.030025 0.022339
2 0.047510 0.514660 0.034264 0.025480
2 0.050512 0.552531 0.031791 0.036998