2 0.945628 0.393133 0.038942 0.037091
2 0.912748 0.315828 0.032697 0.040397
2 0.756796 0.144877 0.038942 0.040764
2 0.653196 0.187477 0.053637 0.045905
2 0.480713 0.197393 0.042248 0.044436
2 0.419912 0.217407 0.047759 0.040397
2 0.319985 0.222732 0.055107 0.040764
2 0.322741 0.374403 0.053270 0.049578
2 0.460874 0.299853 0.053270 0.045905
2 0.582476 0.313441 0.038575 0.040764
2 0.562454 0.331803 0.031594 0.040764
2 0.525165 0.332721 0.040779 0.035255
2 0.781227 0.572163 0.051800 0.046272
2 0.556943 0.570327 0.038942 0.038928
2 0.520757 0.627433 0.042248 0.048109
2 0.453527 0.656445 0.042248 0.040764
2 0.403564 0.589240 0.048126 0.033419
2 0.391807 0.663790 0.034901 0.044436
2 0.297392 0.588505 0.053270 0.053250