2 0.579593 0.195874 0.035063 0.044781
2 0.623422 0.236425 0.035063 0.037729
2 0.610624 0.344499 0.028401 0.026093
2 0.605014 0.367595 0.035414 0.030677
2 0.564516 0.314175 0.032959 0.031030
2 0.528752 0.370063 0.030856 0.035614
2 0.477910 0.361953 0.030856 0.037729
2 0.439867 0.331629 0.028401 0.033498
2 0.441971 0.237482 0.028401 0.035614
2 0.401648 0.260755 0.026297 0.030677
2 0.392532 0.223554 0.035414 0.031030
2 0.354313 0.242243 0.037518 0.035261
2 0.347300 0.181770 0.037518 0.030677
2 0.320827 0.346791 0.030856 0.035614
2 0.378682 0.395451 0.039972 0.044781
2 0.583100 0.618653 0.032959 0.044781
2 0.257363 0.540726 0.037868 0.042666
2 0.120968 0.562764 0.042076 0.040197
2 0.049439 0.496650 0.042076 0.037729
2 0.074860 0.615127 0.042426 0.037729
2 0.100281 0.692877 0.037868 0.040197
2 0.216865 0.734661 0.035414 0.030677
2 0.153401 0.720733 0.037518 0.040197
2 0.337132 0.678949 0.035414 0.035614
2 0.296459 0.720733 0.028401 0.031030
2 0.293128 0.769570 0.030856 0.035614
2 0.397090 0.719499 0.026297 0.028561
2 0.386746 0.702221 0.023843 0.030677
2 0.328892 0.703279 0.032959 0.019394
2 0.330119 0.718441 0.021388 0.026446
2 0.306978 0.796192 0.030505 0.033145
2 0.357819 0.716150 0.021388 0.026093
2 0.243513 0.847320 0.037518 0.038082
2 0.426017 0.858956 0.046985 0.042313
2 0.294355 0.889281 0.042426 0.047250
2 0.503331 0.733427 0.030505 0.047250
2 0.658135 0.772920 0.039972 0.033145
2 0.589937 0.800952 0.046634 0.051834
2 0.588885 0.840444 0.035414 0.028561
2 0.580645 0.874118 0.032959 0.035261
2 0.090989 0.311883 0.042426 0.035614
2 0.065568 0.350317 0.037868 0.037729
2 0.061010 0.404795 0.032959 0.040197
2 0.052945 0.430360 0.030856 0.030677
2 0.048212 0.454690 0.035414 0.019394