3 0.927438 0.605904 0.087261 0.201500
3 0.922772 0.425492 0.108726 0.167760
3 0.835278 0.624649 0.179188 0.201500
3 0.816612 0.740394 0.136258 0.167760
3 0.732151 0.874649 0.237984 0.145736
3 0.706020 0.758903 0.160523 0.155108
3 0.661223 0.643158 0.157723 0.207591
3 0.852077 0.382146 0.102660 0.099813
3 0.845777 0.329663 0.108726 0.062324
3 0.828978 0.278819 0.104993 0.115276
3 0.784181 0.234067 0.090061 0.068885
3 0.735184 0.257263 0.096594 0.115276
3 0.758283 0.169166 0.081195 0.068416
3 0.658423 0.169166 0.157723 0.093721
3 0.595427 0.115276 0.209986 0.139644
3 0.612226 0.246485 0.169855 0.118088
3 0.666122 0.303421 0.068595 0.059513
3 0.715352 0.379100 0.105460 0.068416
3 0.721185 0.451734 0.173122 0.139644
3 0.618292 0.374649 0.169855 0.133552
3 0.598460 0.456186 0.130191 0.124180
3 0.526132 0.621368 0.083528 0.084349
3 0.498600 0.565839 0.102193 0.078257
3 0.523098 0.734302 0.145590 0.136832
3 0.526132 0.896204 0.163789 0.152296
3 0.419972 0.917994 0.117592 0.084349
3 0.423238 0.850047 0.086794 0.084349
3 0.395474 0.811153 0.099393 0.074977
3 0.347877 0.871603 0.108726 0.115276
3 0.278815 0.877694 0.142324 0.115276
3 0.281848 0.780459 0.148390 0.111996
3 0.437004 0.701734 0.040597 0.040769
3 0.446337 0.649250 0.059263 0.047329
3 0.415306 0.590440 0.083994 0.084349
3 0.458469 0.467198 0.163789 0.201500
3 0.366309 0.502577 0.164256 0.136364
3 0.370975 0.664480 0.043864 0.053421
3 0.354176 0.619963 0.053196 0.081537
3 0.323378 0.624649 0.083994 0.072165
3 0.324778 0.680178 0.160523 0.102624
3 0.214186 0.723290 0.124125 0.071696
3 0.144890 0.751172 0.170322 0.151828
3 0.209519 0.635426 0.145590 0.136832
3 0.140224 0.607545 0.203920 0.149485
3 0.137191 0.470244 0.197853 0.171040
3 0.171022 0.448454 0.191787 0.139644
3 0.188054 0.345127 0.212786 0.173852
3 0.251050 0.298735 0.222119 0.229147
3 0.455436 0.216963 0.157723 0.251172
3 0.334111 0.167526 0.160523 0.152296