3 0.851243 0.741300 0.111252 0.137526
3 0.921829 0.572327 0.086389 0.110692
3 0.847872 0.609644 0.146650 0.127463
3 0.803203 0.695597 0.085967 0.083857
3 0.723978 0.721593 0.169406 0.114885
3 0.897809 0.518658 0.109145 0.102306
3 0.914665 0.421174 0.083860 0.081761
3 0.807417 0.495597 0.102823 0.093920
3 0.836494 0.446122 0.115466 0.098113
3 0.850190 0.328931 0.179941 0.191614
3 0.756426 0.163312 0.187948 0.166457
3 0.678255 0.222222 0.181627 0.160168
3 0.698062 0.382809 0.154657 0.137526
3 0.715761 0.470860 0.065318 0.048637
3 0.662663 0.465618 0.055204 0.054927
3 0.688791 0.501887 0.077960 0.048637
3 0.739570 0.559958 0.063211 0.073375
3 0.740834 0.624109 0.102823 0.098532
3 0.666877 0.604612 0.109145 0.137526
3 0.611673 0.545283 0.061104 0.077568
3 0.625158 0.489518 0.063633 0.064990
3 0.548040 0.477149 0.100716 0.106499
3 0.582596 0.418029 0.136115 0.112369
3 0.581542 0.296855 0.221660 0.160168
3 0.613780 0.143396 0.123472 0.160168
3 0.494943 0.148637 0.227981 0.179036
3 0.455542 0.082390 0.169406 0.108595
3 0.296039 0.123690 0.184155 0.137526
3 0.257691 0.228512 0.190055 0.106499
3 0.362832 0.287421 0.221660 0.174843
3 0.541930 0.611740 0.150864 0.164361
3 0.475137 0.557862 0.179941 0.193291
3 0.431521 0.440881 0.129794 0.191614
3 0.326380 0.449266 0.106616 0.174843
3 0.252423 0.422013 0.067425 0.104403
3 0.231563 0.478197 0.113359 0.183229
3 0.179520 0.379665 0.058997 0.077568
3 0.154446 0.320755 0.096502 0.071279
3 0.107880 0.352621 0.107038 0.098113
3 0.107880 0.423270 0.107038 0.081761
3 0.148335 0.480294 0.080067 0.104403
3 0.107670 0.540252 0.144543 0.195807
3 0.249473 0.633333 0.240202 0.187421
3 0.711547 0.813836 0.194269 0.203774
3 0.617783 0.831447 0.160978 0.238994
3 0.549094 0.823061 0.102823 0.226415
3 0.475348 0.829350 0.142436 0.234801
3 0.391066 0.800419 0.169406 0.243187
3 0.325327 0.771279 0.150864 0.214256
3 0.210914 0.781551 0.175727 0.176939