4 0.353247 0.447789 0.018553 0.023040
4 0.332282 0.447046 0.022635 0.027499
4 0.549536 0.046451 0.031169 0.026013
4 0.566790 0.054255 0.033766 0.027499
4 0.591837 0.063731 0.048237 0.044221
4 0.573469 0.087142 0.058256 0.043478
4 0.532839 0.068376 0.044527 0.035674
4 0.523191 0.095504 0.042301 0.037161
4 0.530612 0.132664 0.057885 0.049052
4 0.488126 0.081940 0.044898 0.035303
4 0.482375 0.055741 0.038590 0.032702
4 0.453618 0.055741 0.035993 0.032702
4 0.413915 0.056113 0.025603 0.020810
4 0.433766 0.070606 0.031169 0.030472
4 0.479035 0.134522 0.040816 0.041620
4 0.489796 0.192679 0.048237 0.040505
4 0.515028 0.204571 0.054917 0.043478
4 0.508905 0.240431 0.041929 0.041620
4 0.489796 0.251208 0.037106 0.044593
4 0.468831 0.234857 0.042672 0.043850
4 0.434508 0.240245 0.046011 0.043478
4 0.393135 0.219435 0.047866 0.047938
4 0.437291 0.167224 0.027829 0.023040
4 0.452505 0.143255 0.030056 0.038276
4 0.436735 0.125790 0.028942 0.019695
4 0.429314 0.142884 0.029685 0.033073
4 0.426531 0.114827 0.036735 0.028242
4 0.408905 0.132479 0.034137 0.039762
4 0.386271 0.120216 0.030427 0.024898
4 0.370501 0.127276 0.034508 0.022668
4 0.347866 0.155333 0.035250 0.031215
4 0.376623 0.146786 0.043043 0.031958
4 0.320408 0.169825 0.040445 0.040877
4 0.299258 0.162951 0.050835 0.041992
4 0.273840 0.174099 0.025974 0.027127
4 0.272356 0.128391 0.027458 0.026384
4 0.260297 0.143069 0.025603 0.025269
4 0.290909 0.121888 0.033395 0.036418
4 0.313544 0.115756 0.035622 0.041249
4 0.348423 0.089000 0.052690 0.044221
4 0.383488 0.092716 0.033766 0.026384
4 0.383302 0.077109 0.025232 0.027127
4 0.399814 0.078038 0.021892 0.036418
4 0.416883 0.079153 0.026345 0.032702
4 0.440816 0.085656 0.026716 0.037533
4 0.459184 0.082683 0.030056 0.039019
4 0.616698 0.133593 0.052690 0.044221
4 0.612245 0.169454 0.052690 0.045336
4 0.706494 0.115942 0.063080 0.060201
4 0.666605 0.176143 0.056030 0.051282
4 0.638219 0.203084 0.048980 0.041249
4 0.638590 0.242103 0.031911 0.029357
4 0.688126 0.196953 0.026345 0.024526
4 0.727644 0.166852 0.061596 0.058714
4 0.705380 0.214976 0.057143 0.040505
4 0.683302 0.232627 0.036735 0.035674
4 0.666790 0.242847 0.037106 0.028614
4 0.668646 0.264400 0.041558 0.034560
4 0.344712 0.237830 0.028942 0.022297
4 0.774212 0.206057 0.081262 0.081382
4 0.720408 0.232627 0.044898 0.031215
4 0.716327 0.247492 0.042672 0.026013
4 0.728386 0.264586 0.035622 0.031215
4 0.707236 0.265700 0.027458 0.032702
4 0.694063 0.260684 0.031540 0.022668
4 0.689054 0.275734 0.036364 0.030472
4 0.748609 0.275177 0.050093 0.041249
4 0.714471 0.304905 0.040445 0.041992
4 0.738219 0.300074 0.033024 0.037533
4 0.751206 0.307321 0.033024 0.036418
4 0.752319 0.329431 0.025603 0.025641
4 0.785714 0.308993 0.058256 0.056113
4 0.832468 0.336864 0.047124 0.062802
4 0.804082 0.342809 0.047495 0.062802
4 0.772913 0.347454 0.043785 0.037904
4 0.755102 0.357116 0.038590 0.034188
4 0.776438 0.385173 0.033024 0.042735
4 0.755102 0.393906 0.031169 0.033445
4 0.711688 0.356931 0.024490 0.027127
4 0.701484 0.344853 0.030056 0.040134
4 0.683859 0.342252 0.034879 0.033445
4 0.677737 0.308807 0.033024 0.034931
4 0.652876 0.302490 0.035993 0.034931
4 0.647495 0.328502 0.039332 0.034188
4 0.621707 0.339836 0.043414 0.041249
4 0.649536 0.353029 0.037477 0.027499
4 0.656030 0.376997 0.040074 0.030100
4 0.676623 0.387402 0.038961 0.036046
4 0.638590 0.384058 0.028200 0.030100
4 0.617069 0.384801 0.039332 0.033073
4 0.565677 0.388331 0.049351 0.040134
4 0.545083 0.316983 0.051206 0.034931
4 0.539703 0.293571 0.044898 0.031215
4 0.558627 0.280936 0.051577 0.042363
4 0.514471 0.379041 0.053061 0.048309
4 0.456215 0.343924 0.054545 0.049424
4 0.855102 0.376068 0.080519 0.081011
4 0.824119 0.423634 0.070501 0.072835
4 0.858256 0.520438 0.097959 0.093274
4 0.812059 0.533073 0.038961 0.040505
4 0.791651 0.544593 0.054545 0.053140
4 0.789239 0.495355 0.030427 0.033445
4 0.780705 0.463211 0.027458 0.027127
4 0.741558 0.445002 0.027829 0.028614
4 0.764935 0.461910 0.051577 0.043107
4 0.771429 0.492568 0.048237 0.037533
4 0.750835 0.518023 0.044156 0.045336
4 0.737848 0.485136 0.039703 0.039762
4 0.702226 0.465255 0.019666 0.017837
4 0.703896 0.449461 0.043785 0.036046
4 0.692764 0.431067 0.038590 0.032702
4 0.666790 0.437570 0.037106 0.032330
4 0.640260 0.408398 0.031540 0.032702
4 0.614842 0.415273 0.042301 0.037533
4 0.620779 0.458751 0.035622 0.035303
4 0.593878 0.446302 0.034508 0.033445
4 0.589054 0.468413 0.036735 0.035303
4 0.573469 0.480119 0.030056 0.038647
4 0.556957 0.489409 0.037106 0.040134
4 0.551206 0.460795 0.028571 0.031215
4 0.562894 0.446117 0.032653 0.029357
4 0.537106 0.440543 0.039703 0.033073
4 0.526160 0.408584 0.040816 0.040505
4 0.523933 0.456522 0.028942 0.031587
4 0.491280 0.447232 0.034879 0.035303
4 0.453803 0.406355 0.040074 0.041249
4 0.504082 0.460609 0.035250 0.030844
4 0.514100 0.478447 0.034508 0.028614
4 0.478850 0.492010 0.026345 0.023783
4 0.497588 0.508733 0.040816 0.032702
4 0.501855 0.531401 0.030798 0.030472
4 0.521521 0.543292 0.035250 0.036418
4 0.555288 0.543107 0.040445 0.043478
4 0.646753 0.474545 0.034879 0.030472
4 0.671800 0.468227 0.036735 0.032702
4 0.683117 0.491639 0.034137 0.039391
4 0.707978 0.489409 0.028200 0.024526
4 0.703711 0.513750 0.035993 0.035303
4 0.720594 0.526756 0.026716 0.027127
4 0.695733 0.533445 0.028942 0.039762
4 0.676067 0.532887 0.031169 0.034188
4 0.650835 0.500929 0.040816 0.034931
4 0.645826 0.542178 0.040445 0.039391
4 0.464007 0.527313 0.026345 0.024526
4 0.443785 0.524898 0.027458 0.023411
4 0.769759 0.562059 0.041187 0.041992
4 0.753432 0.578967 0.034508 0.047566
4 0.732468 0.552211 0.034879 0.031215
4 0.727644 0.577852 0.035622 0.040134
4 0.802968 0.602564 0.080891 0.075437
4 0.830427 0.669640 0.067532 0.068376
4 0.673655 0.571349 0.044898 0.034560
4 0.665677 0.596433 0.039332 0.037161
4 0.654917 0.610182 0.023006 0.024526
4 0.631725 0.614641 0.038961 0.040877
4 0.674397 0.625604 0.038961 0.039019
4 0.699814 0.635080 0.034879 0.042363
4 0.726531 0.642698 0.050464 0.041249
4 0.720408 0.673727 0.040445 0.045336
4 0.742857 0.691193 0.068275 0.066146
4 0.677737 0.648086 0.038961 0.029729
4 0.685714 0.669640 0.040816 0.040134
4 0.678479 0.697510 0.043414 0.037904
4 0.692022 0.734857 0.058627 0.053140
4 0.741002 0.767001 0.066048 0.062430
4 0.655288 0.664065 0.035622 0.037161
4 0.643785 0.686548 0.034879 0.039019
4 0.620779 0.700297 0.040074 0.035303
4 0.637477 0.715347 0.039332 0.034188
4 0.622078 0.731327 0.038219 0.038647
4 0.616327 0.658677 0.036364 0.032330
4 0.602968 0.677815 0.034137 0.037161
4 0.593506 0.638982 0.041187 0.038276
4 0.564935 0.643441 0.041187 0.037533
4 0.556586 0.667224 0.046011 0.043478
4 0.510019 0.704757 0.039703 0.032330
4 0.532468 0.713304 0.037848 0.041249
4 0.491095 0.723894 0.039703 0.031215
4 0.458071 0.753252 0.041187 0.035674
4 0.494805 0.748421 0.041187 0.034931
4 0.533581 0.767930 0.051206 0.048681
4 0.458813 0.686734 0.042672 0.035674
4 0.563636 0.588071 0.045269 0.040505
4 0.528757 0.591416 0.027458 0.022668
4 0.539889 0.607209 0.028942 0.027499
4 0.520779 0.609067 0.030056 0.030472
4 0.515955 0.621702 0.038219 0.037904
4 0.491466 0.634522 0.041929 0.045708
4 0.465863 0.641955 0.033766 0.033073
4 0.444898 0.640097 0.022263 0.032330
4 0.432653 0.643999 0.031911 0.030472
4 0.423377 0.655704 0.031169 0.027871
4 0.427087 0.677815 0.030427 0.026013
4 0.426531 0.715347 0.033766 0.034188
4 0.415770 0.701970 0.030798 0.020067
4 0.418367 0.686176 0.032282 0.021925
4 0.402968 0.694166 0.024490 0.026013
4 0.387013 0.717391 0.018553 0.013750
4 0.400557 0.734114 0.030798 0.037533
4 0.404638 0.666667 0.029314 0.023040
4 0.393878 0.629506 0.033024 0.026013
4 0.422078 0.601449 0.039703 0.034560
4 0.453989 0.564103 0.030056 0.028986
4 0.431354 0.563731 0.025603 0.031215
4 0.637477 0.756039 0.047495 0.042735
4 0.650835 0.781494 0.035622 0.033445
4 0.680891 0.770160 0.049722 0.048681
4 0.678664 0.825530 0.070501 0.068748
4 0.631725 0.826830 0.050093 0.057228
4 0.610390 0.837421 0.034879 0.049424
4 0.587384 0.838164 0.039332 0.044221
4 0.615399 0.897622 0.071614 0.059829
4 0.545826 0.876997 0.045269 0.039391
4 0.566234 0.887588 0.041558 0.041249
4 0.541744 0.919732 0.040074 0.048309
4 0.559184 0.911743 0.026716 0.033816
4 0.577365 0.921219 0.040816 0.042363
4 0.498887 0.861390 0.046382 0.049052
4 0.481633 0.781494 0.039332 0.037904
4 0.501113 0.798588 0.046382 0.041620
4 0.462894 0.869379 0.041929 0.045708
4 0.446939 0.901524 0.050093 0.051282
4 0.469202 0.920476 0.051577 0.049796
4 0.410946 0.875883 0.051577 0.050539
4 0.418553 0.841695 0.031911 0.023040
4 0.426531 0.807878 0.044156 0.046080
4 0.393692 0.805463 0.040816 0.045708
4 0.373098 0.837607 0.027829 0.031215
4 0.324675 0.798588 0.027458 0.021553
4 0.346568 0.795801 0.043043 0.031587
4 0.345455 0.818655 0.051206 0.037904
4 0.333581 0.864920 0.054917 0.056113
4 0.271058 0.818469 0.035250 0.036789
4 0.291651 0.822557 0.029685 0.041992
4 0.271614 0.852285 0.043043 0.044965
4 0.277365 0.782423 0.030056 0.037533
4 0.302041 0.787440 0.028200 0.036418
4 0.300742 0.760498 0.034508 0.030844
4 0.322449 0.772389 0.031169 0.032330
4 0.319481 0.739130 0.033395 0.031215
4 0.334508 0.741918 0.021892 0.017466
4 0.361596 0.757711 0.041187 0.029729
4 0.335807 0.755295 0.033395 0.031587
4 0.366605 0.739874 0.032653 0.026013
4 0.357143 0.720922 0.031540 0.027499
4 0.343599 0.700297 0.033395 0.033816
4 0.289981 0.733185 0.022635 0.021553
4 0.263080 0.729840 0.049722 0.046080
4 0.229499 0.823114 0.050835 0.051282
4 0.230241 0.718135 0.038961 0.037533
4 0.192764 0.740988 0.035993 0.031958
4 0.201299 0.711817 0.033024 0.035303
4 0.177365 0.718692 0.032653 0.029729
4 0.130056 0.736158 0.030798 0.041620
4 0.146197 0.718878 0.036364 0.028614
4 0.152134 0.746191 0.040074 0.039391
4 0.106865 0.714976 0.031911 0.034931
4 0.089425 0.693423 0.029685 0.032702
4 0.127087 0.693237 0.036735 0.032330
4 0.154731 0.665552 0.034137 0.023783
4 0.151206 0.689706 0.038961 0.041620
4 0.133395 0.666481 0.025603 0.025641
4 0.143785 0.652917 0.034508 0.025269
4 0.137662 0.637310 0.032653 0.037161
4 0.110204 0.654032 0.045269 0.031958
4 0.211503 0.665180 0.044527 0.026756
4 0.192393 0.636752 0.021892 0.021925
4 0.208905 0.640468 0.024490 0.032330
4 0.191466 0.620030 0.037106 0.034560
4 0.167161 0.610740 0.042672 0.033816
4 0.230798 0.643999 0.017811 0.016351
4 0.184787 0.685061 0.029685 0.035303
4 0.246011 0.649387 0.031169 0.034560
4 0.262152 0.646228 0.017440 0.014121
4 0.285714 0.641026 0.022263 0.020067
4 0.281447 0.685247 0.030798 0.031958
4 0.297588 0.678930 0.032653 0.028986
4 0.298701 0.658120 0.028942 0.027499
4 0.315584 0.644928 0.031540 0.028614
4 0.317996 0.614641 0.036364 0.034931
4 0.331725 0.652174 0.026716 0.025269
4 0.328386 0.670569 0.026716 0.020438
4 0.323191 0.685619 0.019295 0.017094
4 0.381262 0.701598 0.030798 0.032702
4 0.365306 0.664623 0.026345 0.031587
4 0.387013 0.655890 0.032653 0.027499
4 0.358627 0.635266 0.030056 0.026384
4 0.366790 0.619287 0.030056 0.028614
4 0.071614 0.657005 0.029685 0.031215
4 0.069202 0.635080 0.029314 0.029729
4 0.072356 0.613527 0.040816 0.039391
4 0.062709 0.566890 0.051948 0.057599
4 0.093692 0.619472 0.033024 0.041620
4 0.169388 0.581382 0.041187 0.039762
4 0.245640 0.571163 0.034137 0.031215
4 0.263080 0.585470 0.036364 0.030100
4 0.241373 0.599777 0.035250 0.034931
4 0.274768 0.555184 0.027829 0.031215
4 0.191466 0.534188 0.041558 0.042735
4 0.151763 0.518766 0.047495 0.032702
4 0.151391 0.543292 0.051206 0.035674
4 0.248423 0.517651 0.038219 0.034188
4 0.240816 0.483278 0.038590 0.036046
4 0.290909 0.553140 0.028942 0.036046
4 0.300000 0.542921 0.036735 0.036418
4 0.318553 0.572464 0.033024 0.039019
4 0.332839 0.564660 0.024490 0.027127
4 0.351577 0.569863 0.035250 0.033816
4 0.359184 0.594017 0.029685 0.029357
4 0.392022 0.601449 0.032282 0.034560
4 0.388497 0.556670 0.028942 0.026013
4 0.401855 0.565589 0.030427 0.027499
4 0.387013 0.575065 0.027458 0.023411
4 0.392579 0.507804 0.043043 0.035303
4 0.456215 0.540320 0.030056 0.027499
4 0.402412 0.481977 0.036735 0.036418
4 0.334694 0.519324 0.029685 0.021182
4 0.330983 0.537347 0.028942 0.023040
4 0.316327 0.526942 0.027829 0.026756
4 0.327644 0.502787 0.031911 0.027499
4 0.295733 0.497770 0.035622 0.037533
4 0.344341 0.472687 0.034137 0.032702
4 0.294249 0.457451 0.035622 0.039391
4 0.274026 0.462467 0.029314 0.032330
4 0.131354 0.468971 0.029685 0.025269
4 0.138590 0.490338 0.038219 0.030100
4 0.413358 0.447232 0.020037 0.024155
4 0.436364 0.451505 0.033395 0.036418
4 0.450093 0.461724 0.034137 0.034560
4 0.413173 0.409699 0.035250 0.035303
4 0.344527 0.364734 0.049351 0.050167
4 0.397217 0.357302 0.041929 0.040505
4 0.402597 0.377926 0.043785 0.040877
4 0.376809 0.435340 0.035993 0.034560
4 0.346011 0.424935 0.037477 0.030844
4 0.242486 0.362690 0.030798 0.026756
4 0.254917 0.387588 0.047495 0.040134
4 0.271985 0.406726 0.039332 0.026384
4 0.271800 0.424749 0.035993 0.026013
4 0.260297 0.431624 0.029314 0.029357
4 0.231169 0.416388 0.046753 0.036789
4 0.197959 0.442401 0.037477 0.035303
4 0.212059 0.455407 0.041187 0.041249
4 0.174026 0.459495 0.041558 0.041249
4 0.156401 0.438870 0.044156 0.043107
4 0.128200 0.427908 0.044898 0.048681
4 0.063265 0.443701 0.050835 0.058714
4 0.064193 0.382386 0.020779 0.031215
4 0.083302 0.390004 0.030056 0.033073
4 0.113915 0.365106 0.046011 0.046451
4 0.153803 0.335749 0.047866 0.040505
4 0.161781 0.360647 0.043785 0.025641
4 0.168831 0.381643 0.034879 0.034931
4 0.141929 0.378112 0.035993 0.036789
4 0.089981 0.331847 0.043414 0.036418
4 0.246939 0.305648 0.050093 0.043478
4 0.342486 0.308621 0.052690 0.044221
4 0.400742 0.300818 0.049722 0.036789
4 0.404082 0.318283 0.051206 0.030844
4 0.087755 0.307692 0.024119 0.022297
4 0.095547 0.296544 0.027087 0.030472
4 0.128015 0.301003 0.046011 0.033445
4 0.123748 0.275734 0.041187 0.028986
4 0.118924 0.250836 0.033024 0.032702
4 0.145826 0.253252 0.026716 0.026384
4 0.183859 0.291527 0.045640 0.040505
4 0.175325 0.265329 0.036735 0.028242
4 0.165677 0.247306 0.019666 0.016722
4 0.187570 0.255481 0.036735 0.037533
4 0.218738 0.249535 0.039703 0.038276
4 0.268275 0.259012 0.049722 0.046080
4 0.261967 0.201598 0.048237 0.039762
4 0.225232 0.217577 0.047495 0.036046
4 0.243228 0.228725 0.039703 0.033073
4 0.181447 0.223337 0.041558 0.028242
4 0.164193 0.186548 0.021150 0.013378
4 0.182189 0.202899 0.044527 0.030472
4 0.199072 0.169640 0.050835 0.041249
4 0.241558 0.156076 0.048237 0.047566
4 0.353989 0.254181 0.051206 0.041620
4 0.351206 0.278521 0.051577 0.037533
4 0.351206 0.458937 0.015955 0.010405
4 0.369017 0.465440 0.021892 0.029357
4 0.258256 0.602750 0.014842 0.018580
4 0.270130 0.606280 0.013358 0.015236
4 0.163451 0.683389 0.019666 0.018580