4 0.788262 0.459379 0.027355 0.032427
4 0.605956 0.636681 0.038089 0.043933
4 0.123615 0.289575 0.043629 0.065202
4 0.861669 0.336646 0.066136 0.074965
4 0.180055 0.309100 0.073407 0.080544
4 0.177805 0.415272 0.067521 0.066248
4 0.085180 0.400628 0.057479 0.071130
4 0.081025 0.471234 0.060249 0.060321
4 0.286877 0.449268 0.060596 0.061018
4 0.327735 0.492678 0.049515 0.052999
4 0.460699 0.429219 0.050900 0.052301
4 0.414993 0.405335 0.042590 0.046374
4 0.372922 0.396967 0.047091 0.043584
4 0.371711 0.437762 0.050900 0.046374
4 0.426073 0.644874 0.052285 0.052650
4 0.461392 0.582985 0.046745 0.043933
4 0.483206 0.667015 0.051593 0.045328
4 0.302978 0.663877 0.051939 0.043236
4 0.292417 0.699965 0.055055 0.043584
4 0.246537 0.620990 0.050554 0.048117
4 0.205332 0.603208 0.051939 0.055788
4 0.195637 0.500872 0.054709 0.054742
4 0.177632 0.521269 0.053324 0.057880
4 0.108033 0.570781 0.031163 0.035565
4 0.089335 0.532950 0.034626 0.033124
4 0.165859 0.672768 0.050554 0.044979
4 0.150623 0.690551 0.047091 0.046374
4 0.113054 0.679393 0.049515 0.054742
4 0.082583 0.645921 0.045360 0.049861
4 0.086911 0.597803 0.045014 0.044282
4 0.058518 0.580718 0.034626 0.041492
4 0.070637 0.548989 0.053324 0.050558
4 0.133657 0.773536 0.040859 0.045676
4 0.230263 0.747036 0.049861 0.055439
4 0.195118 0.760635 0.052285 0.048466
4 0.247749 0.815377 0.051593 0.063808
4 0.206717 0.805962 0.052632 0.055439
4 0.358380 0.823745 0.059557 0.058926
4 0.416032 0.846757 0.057825 0.054045
4 0.376904 0.914226 0.070983 0.067643
4 0.311461 0.758717 0.047438 0.055091
4 0.378463 0.736402 0.051247 0.050209
4 0.365478 0.763250 0.045360 0.044630
4 0.305229 0.622036 0.046745 0.032078
4 0.304363 0.601813 0.045014 0.027894
4 0.340720 0.605474 0.041551 0.033124
4 0.311461 0.575314 0.038435 0.037657
4 0.332237 0.555788 0.041205 0.041144
4 0.346087 0.582462 0.034972 0.033821
4 0.377251 0.587517 0.039820 0.041841
4 0.373615 0.551255 0.036704 0.033473
4 0.366343 0.509414 0.038089 0.041144
4 0.381060 0.517434 0.037050 0.034170
4 0.418456 0.523013 0.037742 0.041841
4 0.437500 0.539575 0.045360 0.042887
4 0.500693 0.476464 0.057479 0.043584
4 0.492902 0.506276 0.051593 0.038354
4 0.482341 0.714086 0.042936 0.043236
4 0.519044 0.721932 0.043629 0.040795
4 0.434037 0.770397 0.025970 0.032427
4 0.451697 0.755579 0.043283 0.047420
4 0.477493 0.773013 0.034626 0.042538
4 0.494114 0.835600 0.053324 0.046374
4 0.514543 0.883368 0.053324 0.049163
4 0.534107 0.933403 0.070291 0.061367
4 0.567867 0.874477 0.056094 0.058577
4 0.586046 0.833508 0.046053 0.052650
4 0.628636 0.843619 0.055055 0.069386
4 0.600416 0.761158 0.044321 0.069735
4 0.564058 0.750000 0.044321 0.054393
4 0.578601 0.679393 0.057479 0.054742
4 0.528220 0.777545 0.038435 0.039052
4 0.501385 0.767259 0.025623 0.042190
4 0.519910 0.756102 0.036357 0.028940
4 0.715201 0.789052 0.079986 0.067643
4 0.711565 0.845014 0.081717 0.061715
4 0.607341 0.522664 0.053324 0.055091
4 0.661704 0.631276 0.058172 0.060321
4 0.649758 0.591004 0.048823 0.049512
4 0.613400 0.581416 0.039820 0.049163
4 0.528566 0.568689 0.035665 0.052999
4 0.549342 0.576709 0.032895 0.050907
4 0.572195 0.580195 0.033587 0.069038
4 0.741170 0.619421 0.064751 0.055439
4 0.752251 0.650105 0.065443 0.065202
4 0.784280 0.673291 0.083795 0.086471
4 0.619806 0.415969 0.047784 0.054393
4 0.656337 0.404114 0.048130 0.043933
4 0.666378 0.434449 0.052285 0.047420
4 0.748615 0.559798 0.058864 0.054742
4 0.833102 0.417015 0.076177 0.078801
4 0.747403 0.513250 0.052285 0.046025
4 0.754328 0.467399 0.052285 0.055439
4 0.759003 0.406904 0.057479 0.059972
4 0.805921 0.536262 0.057825 0.073222
4 0.837950 0.512378 0.081025 0.091702
4 0.568040 0.343096 0.053670 0.057183
4 0.595568 0.301953 0.049169 0.050209
4 0.691828 0.339958 0.053324 0.050907
4 0.713643 0.239191 0.073407 0.076709
4 0.668109 0.282601 0.058518 0.040098
4 0.672438 0.308054 0.053324 0.038006
4 0.653740 0.174861 0.074100 0.062413
4 0.658760 0.217050 0.068213 0.055439
4 0.472819 0.095363 0.070983 0.062413
4 0.326524 0.154463 0.076870 0.073222
4 0.371364 0.184275 0.051593 0.047768
4 0.421399 0.144003 0.050554 0.054393
4 0.411704 0.172943 0.040166 0.034170
4 0.394044 0.148013 0.045014 0.040795
4 0.320118 0.232392 0.055055 0.058229
4 0.303497 0.272141 0.066136 0.062413
4 0.362188 0.251395 0.041551 0.049512
4 0.398546 0.246165 0.038089 0.041144
4 0.403393 0.214086 0.031856 0.021618
4 0.433518 0.219317 0.037396 0.028591
4 0.436981 0.246165 0.040859 0.028591
4 0.465028 0.265167 0.041551 0.033821
4 0.484765 0.222803 0.034626 0.040446
4 0.501385 0.183577 0.043629 0.042887
4 0.486842 0.300035 0.027008 0.040795
4 0.455159 0.294107 0.025970 0.031032
4 0.516447 0.298117 0.034280 0.048117
4 0.528566 0.275105 0.037742 0.039052
4 0.566309 0.270572 0.038435 0.044630
4 0.561461 0.227162 0.030125 0.026151
4 0.527874 0.247559 0.032895 0.022315
4 0.510561 0.227685 0.026662 0.034170
4 0.531337 0.207810 0.046053 0.035565
4 0.549169 0.216353 0.024931 0.024059
4 0.533414 0.228033 0.018352 0.020223
4 0.418975 0.323222 0.040166 0.037657
4 0.412050 0.294805 0.031856 0.035914
4 0.358380 0.297594 0.041551 0.033124
4 0.356475 0.328278 0.051593 0.034519
4 0.387639 0.297943 0.027355 0.040098
4 0.366863 0.350593 0.048130 0.040098
4 0.410838 0.356520 0.046745 0.042887
4 0.745152 0.292015 0.062327 0.061018
4 0.766101 0.312936 0.062673 0.063808
4 0.785665 0.349721 0.069945 0.059972
4 0.535492 0.129707 0.048130 0.049512
4 0.590201 0.147141 0.046745 0.050209
4 0.589855 0.183926 0.051593 0.048466
4 0.548130 0.173291 0.042936 0.037657
4 0.570118 0.134066 0.035665 0.045676