4 0.560765 0.504668 0.052513 0.057879
4 0.556077 0.810493 0.121155 0.119119
4 0.293323 0.839993 0.105776 0.120612
4 0.184359 0.769978 0.084396 0.093353
4 0.267442 0.603435 0.099775 0.099328
4 0.338147 0.327483 0.081395 0.100822
4 0.234996 0.368185 0.087397 0.093353
4 0.139160 0.405340 0.095274 0.110157
4 0.229932 0.225915 0.098275 0.096341
4 0.285259 0.143951 0.079895 0.088499
4 0.346399 0.080844 0.067892 0.059373
4 0.504876 0.323002 0.087772 0.079910
4 0.559827 0.164675 0.085896 0.094847
4 0.630533 0.200523 0.102026 0.101568
4 0.443736 0.181292 0.078770 0.060866
4 0.444861 0.125653 0.075769 0.051904
4 0.418042 0.084205 0.076894 0.069828
4 0.462678 0.407580 0.088897 0.080284
4 0.616279 0.370239 0.105026 0.106423
4 0.392536 0.593167 0.071643 0.074309
4 0.417854 0.615571 0.067517 0.068335
4 0.448050 0.657394 0.091898 0.086258
4 0.525881 0.588312 0.075769 0.080284
4 0.620030 0.614824 0.105026 0.091486
4 0.631658 0.526699 0.093773 0.091486
4 0.082896 0.662808 0.052513 0.059746
4 0.102401 0.613891 0.080270 0.076176
4 0.123031 0.565907 0.090773 0.084765
4 0.448050 0.516430 0.085896 0.075429