4 0.490943 0.086437 0.073479 0.073112
4 0.547847 0.128459 0.050581 0.056030
4 0.584245 0.134438 0.037252 0.055005
4 0.603383 0.144004 0.049556 0.050222
4 0.565106 0.169457 0.047505 0.044414
4 0.602358 0.183123 0.053657 0.047147
4 0.515379 0.179706 0.051948 0.047147
4 0.497608 0.220875 0.038278 0.043389
4 0.522386 0.225658 0.035885 0.035190
4 0.534860 0.208234 0.021189 0.028357
4 0.550752 0.199863 0.029050 0.028698
4 0.562372 0.215579 0.029050 0.023232
4 0.570403 0.229928 0.032126 0.034848
4 0.549385 0.227878 0.028366 0.025965
4 0.538107 0.244790 0.034518 0.024257
4 0.552973 0.255381 0.030075 0.032456
4 0.576384 0.265289 0.035202 0.042706
4 0.602700 0.301503 0.050923 0.047489
4 0.576726 0.342501 0.057758 0.059105
4 0.539645 0.269047 0.045113 0.035190
4 0.525974 0.291254 0.038278 0.047489
4 0.499146 0.294329 0.043404 0.043389
4 0.467020 0.286812 0.027683 0.033140
4 0.474539 0.259822 0.034518 0.039289
4 0.447198 0.238299 0.046138 0.033140
4 0.445318 0.216604 0.039645 0.034848
4 0.424470 0.167578 0.047847 0.039289
4 0.440875 0.134096 0.053315 0.050905
4 0.406357 0.141954 0.041695 0.046806
4 0.383800 0.177656 0.055366 0.049197
4 0.866712 0.345746 0.069720 0.071746
4 0.767601 0.414759 0.067669 0.058080
4 0.843131 0.427229 0.080656 0.077554
4 0.792037 0.364195 0.070745 0.059447
4 0.780588 0.318586 0.067669 0.062521
4 0.755981 0.300478 0.069036 0.057738
4 0.728127 0.244107 0.080314 0.072087
4 0.669515 0.222754 0.073137 0.050564
4 0.703520 0.344209 0.057075 0.048172
4 0.684040 0.313973 0.055707 0.038948
4 0.677888 0.288521 0.044771 0.037239
4 0.625256 0.419201 0.052973 0.053980
4 0.663705 0.405022 0.051948 0.046806
4 0.674299 0.435429 0.060150 0.049539
4 0.666951 0.176461 0.075530 0.065938
4 0.793062 0.466860 0.032468 0.036556
4 0.761278 0.473693 0.054340 0.052955
4 0.750342 0.518791 0.052973 0.049539
4 0.749487 0.564230 0.064252 0.060471
4 0.804511 0.545610 0.060150 0.071746
4 0.843131 0.520840 0.077239 0.083020
4 0.740260 0.622139 0.066302 0.057397
4 0.754272 0.655620 0.073137 0.068329
4 0.779563 0.679877 0.088175 0.090195
4 0.661654 0.633413 0.062201 0.066279
4 0.612782 0.523403 0.059467 0.062180
4 0.650889 0.592928 0.050239 0.052955
4 0.612782 0.584558 0.047847 0.052614
4 0.604238 0.638709 0.041012 0.040656
4 0.576384 0.573112 0.042037 0.057055
4 0.529904 0.566963 0.045455 0.050222
4 0.549385 0.576700 0.035202 0.054663
4 0.573821 0.681585 0.058783 0.060813
4 0.495557 0.501025 0.053315 0.046122
4 0.508715 0.473693 0.059809 0.046122
4 0.461039 0.582337 0.051948 0.046122
4 0.420540 0.641100 0.054340 0.052955
4 0.480690 0.662965 0.057758 0.049539
4 0.420369 0.516399 0.046480 0.044756
4 0.438995 0.532115 0.040670 0.042706
4 0.708134 0.793816 0.079973 0.069354
4 0.703862 0.846601 0.083732 0.066279
4 0.621497 0.842672 0.059809 0.067988
4 0.581169 0.834814 0.053657 0.052955
4 0.557075 0.873420 0.057416 0.060471
4 0.503076 0.881790 0.060150 0.049880
4 0.521702 0.929108 0.069378 0.057738
4 0.487184 0.834643 0.057758 0.051247
4 0.409091 0.844209 0.056049 0.055347
4 0.366029 0.905364 0.078606 0.066279
4 0.350478 0.815682 0.067327 0.061155
4 0.370813 0.724291 0.054682 0.047147
4 0.360219 0.756235 0.054682 0.045439
4 0.305195 0.750598 0.053999 0.052614
4 0.424299 0.764264 0.030417 0.032798
4 0.442755 0.748548 0.041353 0.045097
4 0.466849 0.768193 0.035543 0.048172
4 0.491456 0.762897 0.032809 0.042364
4 0.513671 0.751623 0.034176 0.034848
4 0.519310 0.773317 0.044087 0.037239
4 0.557245 0.749402 0.042720 0.050222
4 0.593472 0.751452 0.055024 0.057738
4 0.514012 0.718996 0.042379 0.042706
4 0.477444 0.709429 0.045113 0.044756
4 0.287423 0.690468 0.055366 0.047831
4 0.223855 0.735565 0.055366 0.049197
4 0.123718 0.757431 0.047163 0.045781
4 0.185578 0.747523 0.055366 0.047831
4 0.193780 0.793645 0.051948 0.056713
4 0.236842 0.802016 0.051948 0.061155
4 0.297505 0.657670 0.056391 0.047147
4 0.202324 0.590195 0.053315 0.055688
4 0.243506 0.610352 0.046138 0.055688
4 0.160629 0.657670 0.056733 0.055347
4 0.140977 0.675777 0.045455 0.051247
4 0.105434 0.659037 0.051606 0.056713
4 0.079973 0.626580 0.055366 0.047147
4 0.302119 0.603177 0.047163 0.052955
4 0.337833 0.595832 0.037252 0.040314
4 0.379528 0.578579 0.039986 0.046122
4 0.078776 0.583874 0.053657 0.047831
4 0.090567 0.385036 0.069036 0.071063
4 0.081852 0.453024 0.068011 0.066279
4 0.090396 0.515545 0.040670 0.033481
4 0.104751 0.555005 0.036569 0.033823
4 0.055366 0.558763 0.038961 0.044756
4 0.065789 0.531773 0.052290 0.046806
4 0.176350 0.507345 0.052632 0.049880
4 0.198735 0.487530 0.059809 0.053980
4 0.183356 0.402460 0.071429 0.071063
4 0.289986 0.438504 0.068011 0.065255
4 0.330144 0.480014 0.051265 0.051930
4 0.367567 0.501537 0.046138 0.042364
4 0.383800 0.512983 0.036910 0.036556
4 0.374402 0.542706 0.040670 0.037923
4 0.329289 0.548172 0.046138 0.039973
4 0.310492 0.567646 0.044771 0.036556
4 0.347915 0.569696 0.040328 0.035190
4 0.377820 0.429621 0.052973 0.049539
4 0.379016 0.391356 0.046480 0.048172
4 0.422078 0.398873 0.043062 0.047489
4 0.465482 0.422446 0.053999 0.052272
4 0.416097 0.351213 0.046822 0.045781
4 0.374915 0.344038 0.051948 0.043731
4 0.131750 0.270584 0.055707 0.049880
4 0.186774 0.292620 0.077580 0.078920
4 0.312030 0.264435 0.069720 0.060130
4 0.332194 0.222412 0.058783 0.058080
4 0.338346 0.142638 0.086808 0.080287
4 0.419515 0.211309 0.037936 0.036556
4 0.408237 0.235224 0.043404 0.042706
4 0.372522 0.240690 0.043062 0.044072
4 0.365345 0.319781 0.051948 0.038948
4 0.367738 0.288691 0.044429 0.042364
4 0.395933 0.289033 0.031784 0.043731
4 0.420198 0.286129 0.038619 0.039973
4 0.428401 0.313632 0.040670 0.040998