4 0.610392 0.082855 0.053578 0.040172
4 0.615246 0.115495 0.046027 0.037303
4 0.593312 0.132532 0.038116 0.037661
4 0.629809 0.133429 0.040633 0.045194
4 0.654980 0.149390 0.046386 0.049857
4 0.617224 0.188307 0.049982 0.043759
4 0.568680 0.111729 0.043510 0.045552
4 0.530205 0.126435 0.032003 0.026901
4 0.500719 0.088594 0.025530 0.025825
4 0.469435 0.080882 0.039195 0.037661
4 0.486695 0.101327 0.033441 0.039096
4 0.512226 0.104914 0.038475 0.035509
4 0.489033 0.142396 0.040992 0.038020
4 0.457569 0.159613 0.026969 0.025108
4 0.429702 0.171808 0.035958 0.031564
4 0.435095 0.149032 0.033082 0.028336
4 0.404890 0.131636 0.026609 0.020803
4 0.427904 0.124462 0.030924 0.022956
4 0.419633 0.140961 0.030205 0.025108
4 0.407407 0.112626 0.026609 0.023673
4 0.443006 0.095409 0.031643 0.040172
4 0.412082 0.096844 0.031643 0.023673
4 0.428083 0.080703 0.027688 0.027260
4 0.414779 0.075323 0.025530 0.029412
4 0.395901 0.075861 0.033801 0.031205
4 0.368752 0.066535 0.039195 0.021879
4 0.378641 0.143472 0.025890 0.025108
4 0.328659 0.120516 0.042431 0.034433
4 0.320388 0.136119 0.035958 0.026184
4 0.232650 0.132353 0.033082 0.025108
4 0.369471 0.175215 0.035599 0.032640
4 0.355627 0.164096 0.030924 0.029053
4 0.466199 0.199426 0.031284 0.025108
4 0.472672 0.214311 0.033441 0.021879
4 0.461345 0.238164 0.033801 0.027977
4 0.451996 0.214132 0.025890 0.024390
4 0.439770 0.216822 0.018698 0.026901
4 0.425746 0.213773 0.023013 0.022238
4 0.413700 0.219154 0.026969 0.023673
4 0.378641 0.250000 0.039554 0.035868
4 0.347896 0.268472 0.034880 0.030488
4 0.352571 0.143651 0.030565 0.028336
4 0.338547 0.155667 0.026969 0.027260
4 0.325782 0.156564 0.025171 0.028336
4 0.311219 0.160689 0.034880 0.031564
4 0.319489 0.184720 0.026250 0.020803
4 0.301690 0.175036 0.025890 0.020803
4 0.291442 0.181492 0.024092 0.023673
4 0.275081 0.186514 0.024452 0.021521
4 0.275261 0.200861 0.034880 0.018651
4 0.299533 0.199605 0.034520 0.030488
4 0.241640 0.221306 0.038835 0.030129
4 0.498022 0.237984 0.037397 0.033357
4 0.501618 0.266679 0.030205 0.029053
4 0.524991 0.248386 0.039554 0.033357
4 0.532003 0.267934 0.024811 0.029412
4 0.553758 0.269010 0.025171 0.029412
4 0.593132 0.262554 0.039195 0.033716
4 0.660734 0.244261 0.039914 0.033716
4 0.654980 0.265782 0.034160 0.030129
4 0.725998 0.192611 0.035239 0.033716
4 0.707659 0.206779 0.046746 0.042683
4 0.693995 0.240495 0.033801 0.033357
4 0.718986 0.248207 0.029126 0.034433
4 0.740921 0.243364 0.037756 0.044118
4 0.780654 0.244978 0.047465 0.050215
4 0.807983 0.260043 0.057533 0.044476
4 0.785868 0.284075 0.021935 0.020086
4 0.816613 0.290172 0.053218 0.035151
4 0.799533 0.306133 0.046386 0.038379
4 0.742718 0.276363 0.026250 0.025466
4 0.715210 0.275108 0.028047 0.027977
4 0.691118 0.269189 0.020137 0.018293
4 0.688242 0.284792 0.024452 0.024390
4 0.675476 0.278336 0.023373 0.022956
4 0.656958 0.295552 0.028047 0.026542
4 0.659835 0.316176 0.015822 0.019010
4 0.683927 0.300574 0.016541 0.011478
4 0.670802 0.305237 0.024092 0.029412
4 0.681589 0.308644 0.017620 0.024749
4 0.694175 0.309541 0.015462 0.025825
4 0.710356 0.299498 0.023373 0.026542
4 0.728335 0.290352 0.025530 0.024032
4 0.731212 0.305775 0.028407 0.021879
4 0.673139 0.330703 0.021575 0.023673
4 0.686444 0.327654 0.020856 0.027618
4 0.619202 0.274032 0.033082 0.025825
4 0.621899 0.289813 0.035599 0.022956
4 0.607335 0.296449 0.023013 0.020445
4 0.589716 0.289096 0.024452 0.025825
4 0.573175 0.285689 0.028047 0.019727
4 0.571377 0.300036 0.025171 0.019010
4 0.569939 0.314024 0.021575 0.024032
4 0.581625 0.314024 0.015462 0.025466
4 0.593671 0.317432 0.020856 0.030846
4 0.604099 0.315997 0.011507 0.015065
4 0.613988 0.314921 0.014024 0.015065
4 0.625135 0.332317 0.031284 0.030488
4 0.581805 0.341822 0.028047 0.026542
4 0.562927 0.355990 0.034160 0.029053
4 0.599964 0.369440 0.027688 0.028694
4 0.607156 0.382712 0.028407 0.027260
4 0.632327 0.354735 0.014743 0.012912
4 0.647069 0.349175 0.026969 0.026901
4 0.651564 0.375538 0.025890 0.021521
4 0.632506 0.378407 0.027328 0.022956
4 0.635383 0.395983 0.027328 0.022238
4 0.650665 0.394010 0.009709 0.009684
4 0.660913 0.386478 0.025171 0.029053
4 0.680870 0.360832 0.027688 0.021521
4 0.682129 0.372131 0.010787 0.010402
4 0.699209 0.368723 0.029845 0.025825
4 0.702625 0.344333 0.019417 0.022956
4 0.716469 0.349175 0.022654 0.026184
4 0.704063 0.328551 0.018698 0.020086
4 0.715031 0.324605 0.017620 0.021521
4 0.723481 0.319763 0.015822 0.021879
4 0.733909 0.319943 0.016541 0.026542
4 0.745955 0.318687 0.019058 0.028336
4 0.759978 0.309362 0.029845 0.032640
4 0.760698 0.357425 0.026969 0.029053
4 0.768788 0.341105 0.025890 0.027977
4 0.781553 0.332676 0.032003 0.027618
4 0.547105 0.309182 0.028407 0.028694
4 0.526789 0.314204 0.028767 0.027260
4 0.503236 0.300574 0.027688 0.022956
4 0.502697 0.323350 0.031643 0.029770
4 0.475908 0.316535 0.029845 0.028336
4 0.455052 0.289993 0.029126 0.018293
4 0.456131 0.305057 0.029126 0.021879
4 0.478065 0.366212 0.024092 0.022956
4 0.488673 0.396521 0.028767 0.025466
4 0.577490 0.398852 0.033801 0.032999
4 0.769148 0.178981 0.043869 0.044476
4 0.791082 0.366750 0.031643 0.031923
4 0.841604 0.349175 0.056455 0.037661
4 0.811399 0.373745 0.025530 0.035151
4 0.833693 0.383429 0.026250 0.035868
4 0.851672 0.374283 0.050701 0.038379
4 0.860841 0.427726 0.060410 0.062052
4 0.825602 0.420732 0.025171 0.032999
4 0.809241 0.418580 0.024811 0.029412
4 0.792880 0.405129 0.020856 0.028336
4 0.802949 0.397418 0.016541 0.022238
4 0.817152 0.397956 0.026969 0.026901
4 0.759619 0.399032 0.024092 0.022597
4 0.740201 0.403156 0.024092 0.028694
4 0.763035 0.412482 0.028047 0.025108
4 0.777059 0.430775 0.025890 0.028694
4 0.792521 0.428264 0.012945 0.019369
4 0.798813 0.447991 0.034880 0.030846
4 0.789284 0.473637 0.030205 0.036227
4 0.809960 0.480093 0.036318 0.036227
4 0.737504 0.441535 0.033801 0.030129
4 0.734628 0.462877 0.016541 0.016858
4 0.711255 0.451040 0.031643 0.031923
4 0.716649 0.398673 0.019417 0.024749
4 0.697950 0.385043 0.025890 0.019010
4 0.701726 0.395983 0.023373 0.015065
4 0.702625 0.407102 0.025890 0.019369
4 0.659655 0.414813 0.017620 0.018293
4 0.649047 0.407281 0.021575 0.020445
4 0.640417 0.420911 0.030924 0.024749
4 0.680151 0.443508 0.033441 0.032640
4 0.616685 0.443149 0.033801 0.031923
4 0.590076 0.411944 0.023732 0.021162
4 0.628910 0.453372 0.015102 0.020086
4 0.612190 0.473637 0.035599 0.039096
4 0.642934 0.459828 0.031643 0.031564
4 0.658936 0.480093 0.034160 0.030488
4 0.680690 0.490854 0.023732 0.024032
4 0.519058 0.425574 0.037756 0.034792
4 0.507012 0.439742 0.038835 0.030129
4 0.740381 0.481169 0.028767 0.029770
4 0.721683 0.494440 0.028767 0.028336
4 0.721863 0.517396 0.026969 0.025466
4 0.740921 0.508967 0.027688 0.032999
4 0.761237 0.500897 0.033082 0.029053
4 0.759978 0.521341 0.032722 0.027618
4 0.787127 0.541248 0.033801 0.041607
4 0.767889 0.551829 0.038475 0.039096
4 0.821647 0.556851 0.056095 0.060617
4 0.866595 0.515423 0.071917 0.073888
4 0.801870 0.581241 0.041712 0.040531
4 0.768069 0.614240 0.046746 0.044835
4 0.735527 0.545732 0.025530 0.026901
4 0.722222 0.548063 0.021215 0.021521
4 0.725458 0.565459 0.031284 0.021879
4 0.704962 0.556492 0.021215 0.023314
4 0.659655 0.512195 0.036318 0.031564
4 0.614527 0.520983 0.028047 0.023314
4 0.591514 0.538917 0.026609 0.024032
4 0.619382 0.554699 0.035599 0.034075
4 0.630529 0.567253 0.030565 0.031205
4 0.664689 0.549319 0.034160 0.029770
4 0.674937 0.565459 0.033801 0.020445
4 0.676735 0.578013 0.030205 0.019010
4 0.706940 0.587339 0.038835 0.034075
4 0.671521 0.590387 0.034880 0.029412
4 0.695793 0.608859 0.035958 0.028336
4 0.700288 0.625717 0.041352 0.026184
4 0.663790 0.629663 0.035958 0.032640
4 0.691658 0.658716 0.038475 0.035509
4 0.715930 0.649390 0.040992 0.037661
4 0.631068 0.624641 0.034520 0.030488
4 0.637720 0.655308 0.037756 0.032281
4 0.597627 0.629842 0.035958 0.030129
4 0.588997 0.648673 0.021575 0.021162
4 0.549083 0.603479 0.034520 0.032640
4 0.531823 0.614060 0.030205 0.027977
4 0.552319 0.561514 0.038835 0.037661
4 0.559871 0.528515 0.038116 0.037661
4 0.532542 0.520265 0.034520 0.034075
4 0.519957 0.541248 0.034520 0.033716
4 0.482021 0.497489 0.042071 0.038737
4 0.469615 0.607963 0.035958 0.030129
4 0.491550 0.624462 0.037397 0.035868
4 0.523013 0.653515 0.037037 0.031564
4 0.500899 0.672346 0.036677 0.034792
4 0.563287 0.695839 0.034160 0.037303
4 0.595649 0.677009 0.029126 0.025466
4 0.618303 0.675215 0.025530 0.024749
4 0.594570 0.700681 0.029126 0.029053
4 0.618662 0.697274 0.025530 0.031564
4 0.647249 0.703730 0.032362 0.038737
4 0.700288 0.717539 0.045667 0.044835
4 0.727796 0.698888 0.033801 0.046987
4 0.745415 0.691714 0.025171 0.044835
4 0.771125 0.680595 0.060770 0.059182
4 0.775620 0.745516 0.070478 0.067791
4 0.763035 0.789455 0.046027 0.041607
4 0.743078 0.803443 0.044948 0.052367
4 0.686983 0.814742 0.052140 0.046270
4 0.710356 0.835007 0.037037 0.038737
4 0.642575 0.797166 0.025890 0.023314
4 0.632506 0.752152 0.037397 0.034433
4 0.629090 0.777260 0.042071 0.032281
4 0.597267 0.749462 0.034520 0.031205
4 0.533801 0.733142 0.038475 0.033716
4 0.491370 0.727762 0.031284 0.025108
4 0.556095 0.750359 0.029845 0.032999
4 0.570478 0.761657 0.015462 0.019010
4 0.524452 0.769907 0.024811 0.024032
4 0.508091 0.782102 0.033801 0.031205
4 0.542431 0.811514 0.032003 0.031205
4 0.577490 0.826040 0.022294 0.022956
4 0.634664 0.824426 0.016541 0.025466
4 0.616145 0.826220 0.030565 0.031923
4 0.423229 0.663199 0.043150 0.038737
4 0.446242 0.671090 0.035239 0.035868
4 0.458288 0.768472 0.037756 0.041248
4 0.429162 0.777618 0.039914 0.034433
4 0.452535 0.802905 0.034160 0.025466
4 0.463323 0.824605 0.030565 0.024390
4 0.435814 0.817432 0.030924 0.023673
4 0.437433 0.835545 0.029845 0.025466
4 0.491370 0.851686 0.032003 0.029770
4 0.528767 0.844871 0.030565 0.027618
4 0.563646 0.848458 0.028407 0.026901
4 0.556814 0.861370 0.029126 0.021879
4 0.538296 0.866212 0.021575 0.023673
4 0.549982 0.870337 0.022654 0.018293
4 0.558612 0.880201 0.028407 0.025108
4 0.604818 0.838056 0.032362 0.026184
4 0.587558 0.855811 0.024452 0.024390
4 0.601402 0.849892 0.020496 0.022597
4 0.610752 0.862984 0.030565 0.028694
4 0.647968 0.865495 0.045307 0.043759
4 0.362280 0.767217 0.038475 0.031564
4 0.331715 0.708214 0.034880 0.031205
4 0.334772 0.748924 0.032362 0.027260
4 0.395541 0.806133 0.032362 0.034075
4 0.375764 0.792145 0.021575 0.028336
4 0.363538 0.800395 0.032362 0.027618
4 0.356347 0.823709 0.027328 0.026901
4 0.325782 0.786944 0.029486 0.027260
4 0.693815 0.883250 0.055735 0.052009
4 0.592952 0.875897 0.029486 0.020803
4 0.602841 0.887374 0.039914 0.023673
4 0.601402 0.904950 0.037756 0.031564
4 0.578749 0.907461 0.024811 0.036585
4 0.553758 0.909792 0.033082 0.028336
4 0.554297 0.927188 0.023373 0.017217
4 0.526969 0.903515 0.033441 0.022238
4 0.529845 0.920194 0.029845 0.026901
4 0.519058 0.864778 0.018339 0.017217
4 0.522654 0.881994 0.027688 0.026542
4 0.499461 0.878049 0.025171 0.027260
4 0.462963 0.877331 0.019777 0.020803
4 0.479144 0.878766 0.029845 0.025825
4 0.486695 0.889885 0.026250 0.020803
4 0.434915 0.932030 0.033441 0.034075
4 0.456670 0.927726 0.023732 0.032640
4 0.472312 0.911765 0.024092 0.032999
4 0.488493 0.908178 0.021215 0.027260
4 0.493707 0.923601 0.028047 0.031564
4 0.433837 0.851327 0.032003 0.019727
4 0.432938 0.867647 0.035239 0.022238
4 0.415318 0.877152 0.028767 0.029053
4 0.397699 0.873745 0.016541 0.023673
4 0.391586 0.891679 0.025890 0.022238
4 0.384754 0.868364 0.016541 0.019369
4 0.377023 0.883608 0.019058 0.021162
4 0.371449 0.869620 0.022294 0.024749
4 0.360662 0.876435 0.020856 0.027618
4 0.341604 0.860832 0.028047 0.026542
4 0.342143 0.876076 0.019058 0.013989
4 0.339446 0.887912 0.017979 0.016141
4 0.294858 0.877152 0.033801 0.030488
4 0.305645 0.880739 0.010068 0.013271
4 0.324883 0.880918 0.026250 0.030129
4 0.301151 0.846485 0.019058 0.017934
4 0.333693 0.826937 0.025171 0.023314
4 0.323984 0.844871 0.020137 0.009684
4 0.301151 0.811334 0.021215 0.021521
4 0.313556 0.809720 0.013664 0.021879
4 0.314815 0.818508 0.031284 0.035151
4 0.317332 0.859577 0.025530 0.014706
4 0.320928 0.849534 0.023373 0.012554
4 0.319310 0.836442 0.020856 0.016499
4 0.316613 0.758250 0.024811 0.023673
4 0.295577 0.750717 0.026609 0.022238
4 0.261956 0.849713 0.037037 0.031564
4 0.268069 0.823350 0.029845 0.026901
4 0.286767 0.824785 0.018339 0.026901
4 0.297015 0.824605 0.010787 0.013630
4 0.243078 0.819405 0.017979 0.019727
4 0.201187 0.843615 0.030565 0.026542
4 0.208738 0.821557 0.021215 0.019010
4 0.212873 0.807927 0.031643 0.032640
4 0.231571 0.820660 0.033082 0.032281
4 0.265552 0.791428 0.032003 0.026901
4 0.275620 0.779770 0.025530 0.023673
4 0.288745 0.768113 0.025890 0.026184
4 0.270766 0.752511 0.028767 0.030129
4 0.304207 0.735115 0.033082 0.031923
4 0.292521 0.710904 0.029126 0.030129
4 0.278857 0.700861 0.029126 0.023673
4 0.226537 0.720947 0.033082 0.025825
4 0.234268 0.760402 0.014743 0.014347
4 0.234448 0.773852 0.028047 0.028336
4 0.221143 0.745516 0.020856 0.020445
4 0.203344 0.790172 0.027688 0.025825
4 0.185185 0.791607 0.020856 0.027260
4 0.192377 0.776184 0.028047 0.022238
4 0.172240 0.780846 0.021575 0.030846
4 0.156419 0.777798 0.034520 0.031205
4 0.207120 0.762554 0.028047 0.032281
4 0.183747 0.758070 0.030205 0.024749
4 0.195973 0.742288 0.024452 0.029053
4 0.178173 0.739957 0.026969 0.030129
4 0.162711 0.732963 0.027688 0.028336
4 0.190939 0.703910 0.033801 0.031205
4 0.101762 0.705703 0.028047 0.028336
4 0.119022 0.700502 0.025890 0.027977
4 0.130888 0.716463 0.044588 0.039813
4 0.225458 0.689921 0.030924 0.029770
4 0.277059 0.680954 0.029126 0.026184
4 0.270586 0.653874 0.026250 0.030129
4 0.249730 0.654412 0.030565 0.029053
4 0.264473 0.623924 0.030565 0.029770
4 0.313376 0.657819 0.032003 0.032999
4 0.350054 0.667862 0.024092 0.022956
4 0.347177 0.655129 0.032003 0.034792
4 0.379360 0.637374 0.030924 0.027260
4 0.376663 0.616930 0.027688 0.023673
4 0.369292 0.600610 0.028047 0.025466
4 0.350953 0.613702 0.027328 0.030846
4 0.413520 0.606169 0.020856 0.022238
4 0.398598 0.594692 0.020496 0.019369
4 0.392844 0.605273 0.026969 0.028336
4 0.407587 0.574247 0.018339 0.025108
4 0.395002 0.582676 0.029845 0.024032
4 0.396440 0.562948 0.024092 0.021879
4 0.403632 0.553085 0.018339 0.021521
4 0.425207 0.580524 0.029845 0.028336
4 0.425926 0.550753 0.031284 0.031923
4 0.345919 0.538558 0.025171 0.027618
4 0.313736 0.540710 0.028407 0.023314
4 0.304207 0.556492 0.032362 0.032640
4 0.281913 0.598458 0.022294 0.021162
4 0.274721 0.576220 0.030205 0.028336
4 0.247393 0.567253 0.032362 0.025466
4 0.219525 0.610832 0.032722 0.030846
4 0.194355 0.588594 0.031284 0.031564
4 0.192017 0.645803 0.033082 0.034075
4 0.120820 0.659792 0.040273 0.036227
4 0.090076 0.620875 0.038475 0.038737
4 0.126393 0.604376 0.038475 0.035868
4 0.152283 0.586442 0.035599 0.034433
4 0.170442 0.543938 0.028767 0.024749
4 0.060949 0.590029 0.036318 0.035151
4 0.077131 0.563307 0.038475 0.027618
4 0.075692 0.544118 0.034880 0.024390
4 0.088997 0.526542 0.034880 0.033716
4 0.122438 0.516320 0.032003 0.030488
4 0.139878 0.529591 0.033082 0.029770
4 0.217727 0.531564 0.024092 0.025825
4 0.226717 0.520265 0.012585 0.014706
4 0.232291 0.542145 0.023013 0.026184
4 0.247573 0.546987 0.026969 0.026542
4 0.238044 0.527439 0.025890 0.022597
4 0.334052 0.543759 0.120101 0.039455
4 0.382956 0.538558 0.026609 0.020445
4 0.384394 0.528694 0.019417 0.019369
4 0.370730 0.524749 0.021575 0.025108
4 0.332434 0.505739 0.025530 0.020803
4 0.284250 0.519548 0.022654 0.022597
4 0.275980 0.511836 0.021935 0.020803
4 0.245415 0.514168 0.024092 0.020445
4 0.197411 0.508967 0.029486 0.026542
4 0.459187 0.571557 0.020137 0.033357
4 0.444804 0.569046 0.021575 0.034075
4 0.422150 0.505560 0.026609 0.026901
4 0.414959 0.488343 0.028767 0.028336
4 0.440489 0.475072 0.031643 0.034075
4 0.424488 0.449067 0.020496 0.021521
4 0.441568 0.434003 0.032362 0.033716
4 0.428083 0.415890 0.029845 0.027618
4 0.381877 0.478659 0.025890 0.021879
4 0.385293 0.489598 0.024092 0.021521
4 0.397699 0.511119 0.020856 0.024390
4 0.383315 0.514168 0.023732 0.024032
4 0.360662 0.499641 0.025171 0.025108
4 0.354549 0.514527 0.027328 0.024032
4 0.350593 0.484756 0.012226 0.015423
4 0.339446 0.481349 0.023732 0.024390
4 0.325423 0.492647 0.027328 0.024749
4 0.299892 0.481887 0.023732 0.018293
4 0.305286 0.492288 0.022294 0.017575
4 0.299533 0.457676 0.023013 0.026542
4 0.286767 0.460725 0.020496 0.020445
4 0.281194 0.479555 0.020137 0.020086
4 0.275620 0.482604 0.019058 0.018293
4 0.274002 0.496593 0.026609 0.024032
4 0.264833 0.477941 0.022654 0.020445
4 0.240201 0.498565 0.024452 0.022956
4 0.202086 0.486011 0.023732 0.026542
4 0.183028 0.486191 0.026609 0.028336
4 0.199569 0.446377 0.031643 0.030488
4 0.142035 0.460187 0.036677 0.032999
4 0.228155 0.481528 0.017620 0.016858
4 0.226717 0.467360 0.019058 0.018651
4 0.240381 0.476327 0.019058 0.020086
4 0.249910 0.469692 0.017979 0.016141
4 0.259799 0.455344 0.019777 0.019727
4 0.242539 0.458034 0.023373 0.023673
4 0.227256 0.452116 0.023732 0.019727
4 0.228875 0.430237 0.025530 0.022597
4 0.235707 0.417862 0.017620 0.017217
4 0.223840 0.414813 0.015462 0.016858
4 0.254585 0.436693 0.018698 0.024032
4 0.262675 0.443149 0.015462 0.025466
4 0.270586 0.448350 0.016900 0.017217
4 0.278317 0.421987 0.023013 0.024749
4 0.259439 0.414634 0.023373 0.022238
4 0.369831 0.461801 0.024811 0.024749
4 0.345200 0.450143 0.025171 0.024390
4 0.364437 0.443687 0.021215 0.025108
4 0.359223 0.425215 0.017260 0.022597
4 0.348436 0.432389 0.020856 0.017575
4 0.346278 0.418042 0.023013 0.019727
4 0.343402 0.401004 0.025171 0.025825
4 0.389788 0.440100 0.020856 0.025825
4 0.403452 0.435079 0.021575 0.025108
4 0.382057 0.426112 0.021935 0.021521
4 0.390867 0.417324 0.015102 0.018293
4 0.405070 0.401542 0.014743 0.016141
4 0.402913 0.414813 0.023373 0.028336
4 0.384574 0.408178 0.025530 0.021521
4 0.380978 0.396700 0.033441 0.025825
4 0.443725 0.392934 0.033082 0.030488
4 0.079288 0.449785 0.036318 0.032281
4 0.057174 0.478659 0.032362 0.036227
4 0.078029 0.506456 0.033082 0.032281
4 0.080367 0.480811 0.032722 0.031923
4 0.090255 0.466463 0.031643 0.028336
4 0.087738 0.420732 0.028047 0.021521
4 0.087379 0.402618 0.023732 0.021162
4 0.061489 0.373565 0.025171 0.034792
4 0.119382 0.400466 0.037397 0.031923
4 0.116145 0.376255 0.033082 0.028694
4 0.092233 0.369261 0.035599 0.035509
4 0.159655 0.401363 0.031643 0.028694
4 0.186803 0.398494 0.029845 0.029412
4 0.160554 0.369799 0.033441 0.032999
4 0.184826 0.354914 0.029486 0.036944
4 0.200647 0.376076 0.023013 0.025466
4 0.215210 0.390603 0.024811 0.027977
4 0.222222 0.380739 0.025890 0.021879
4 0.264473 0.371055 0.022654 0.024032
4 0.258001 0.398673 0.024092 0.023314
4 0.274542 0.396341 0.019058 0.025825
4 0.290183 0.396341 0.020856 0.023673
4 0.305825 0.392755 0.020496 0.025108
4 0.311938 0.379125 0.015462 0.014347
4 0.287666 0.378049 0.022294 0.026542
4 0.373067 0.379842 0.019777 0.021521
4 0.296296 0.346306 0.025890 0.024032
4 0.275261 0.345230 0.022654 0.022597
4 0.218447 0.365674 0.029845 0.020445
4 0.113988 0.351686 0.037397 0.029053
4 0.107335 0.326040 0.041352 0.035868
4 0.110032 0.301112 0.028767 0.021879
4 0.135743 0.273314 0.027688 0.029412
4 0.150485 0.247310 0.047825 0.038379
4 0.260698 0.343795 0.021575 0.021162
4 0.258360 0.325681 0.023373 0.023673
4 0.235347 0.328730 0.029126 0.026184
4 0.222042 0.352224 0.028407 0.013630
4 0.224200 0.342001 0.016900 0.016141
4 0.212154 0.341284 0.015102 0.013271
4 0.214851 0.331420 0.019058 0.012912
4 0.285509 0.318687 0.025890 0.029053
4 0.254764 0.286944 0.026969 0.028694
4 0.308702 0.324247 0.021935 0.025108
4 0.318231 0.332676 0.018698 0.025466
4 0.333154 0.330344 0.020496 0.025825
4 0.350953 0.332496 0.021575 0.025108
4 0.346099 0.317791 0.024092 0.017217
4 0.349155 0.299319 0.020137 0.025466
4 0.338188 0.304519 0.017620 0.021521
4 0.324164 0.298242 0.026250 0.025466
4 0.337469 0.284433 0.027688 0.025825
4 0.370191 0.311155 0.021215 0.028336
4 0.366775 0.341105 0.025890 0.025825
4 0.377202 0.353300 0.024452 0.023673
4 0.408486 0.356707 0.025890 0.026184
4 0.397339 0.326220 0.020137 0.026184
4 0.384035 0.333034 0.020856 0.024032
4 0.384574 0.317432 0.019777 0.018651
4 0.391586 0.307389 0.016541 0.017217
4 0.385832 0.299677 0.022294 0.017575
4 0.399856 0.298063 0.014383 0.017217
4 0.417116 0.284254 0.023732 0.024749
4 0.433297 0.268113 0.025890 0.028336
4 0.378461 0.278156 0.023373 0.024032
4 0.383675 0.286585 0.021575 0.019369
4 0.408486 0.249462 0.033082 0.033357
4 0.425387 0.245158 0.025171 0.021162
4 0.424667 0.232245 0.027328 0.016858
4 0.402733 0.286765 0.020137 0.025466
4 0.433477 0.331062 0.026250 0.025825
4 0.430780 0.348996 0.026609 0.022956
4 0.453614 0.336083 0.021935 0.025825
4 0.453614 0.356707 0.027688 0.024032
4 0.451097 0.375538 0.028407 0.023673
4 0.209457 0.152439 0.021215 0.022956
4 0.203164 0.173063 0.027328 0.024032
4 0.180870 0.187052 0.036677 0.034792
4 0.167386 0.213953 0.044229 0.037661
4 0.110752 0.254663 0.031643 0.038737
4 0.212334 0.322812 0.021215 0.018651
4 0.216828 0.312410 0.020856 0.015065
4 0.219885 0.304699 0.014743 0.011119
4 0.232470 0.307389 0.013305 0.009326
4 0.231751 0.296628 0.010428 0.012195
4 0.219705 0.282819 0.023013 0.021162
4 0.238583 0.292324 0.014024 0.030129
4 0.241280 0.271341 0.040992 0.016858
4 0.241460 0.263989 0.027688 0.008608
4 0.237684 0.252511 0.025890 0.020086
4 0.261417 0.254484 0.025890 0.027618
4 0.274002 0.239957 0.021575 0.022956
4 0.263934 0.217539 0.018698 0.016141
4 0.286767 0.225251 0.026969 0.031564
4 0.398598 0.258608 0.013305 0.015065
4 0.389608 0.271162 0.016181 0.008608
4 0.399137 0.270983 0.005753 0.006098
4 0.405969 0.273852 0.012945 0.014706
4 0.412801 0.266141 0.012945 0.013630