4 0.618803 0.694631 0.053470 0.039209
4 0.197769 0.597669 0.028683 0.030378
4 0.331268 0.548923 0.054178 0.060049
4 0.312500 0.518721 0.052762 0.051219
4 0.405453 0.424938 0.082153 0.084069
4 0.412181 0.289297 0.089235 0.093253
4 0.654922 0.153303 0.094547 0.094666
4 0.754426 0.297775 0.071884 0.064995
4 0.758322 0.377075 0.093839 0.084422
4 0.649256 0.259626 0.081091 0.079830
4 0.566395 0.237372 0.079674 0.094666
4 0.512217 0.270399 0.081091 0.101378
4 0.402443 0.095726 0.099504 0.089014
4 0.208746 0.182798 0.066218 0.076651
4 0.273371 0.129283 0.076487 0.072059
4 0.323123 0.175380 0.066218 0.066054
4 0.292847 0.198870 0.063031 0.064995
4 0.209986 0.316143 0.070822 0.078418
4 0.282578 0.356588 0.069405 0.056870
4 0.279568 0.405510 0.075425 0.050159
4 0.136331 0.336630 0.078612 0.085482
4 0.127656 0.463087 0.086756 0.076298
4 0.129958 0.562345 0.091360 0.087602
4 0.250708 0.527022 0.055949 0.067114
4 0.325956 0.250618 0.042139 0.052632
4 0.717776 0.518368 0.104108 0.109149
4 0.689802 0.335041 0.082153 0.086542
4 0.891466 0.341222 0.103754 0.113034
4 0.798159 0.201696 0.070822 0.081950
4 0.734773 0.193571 0.065156 0.061462
4 0.729285 0.232957 0.062677 0.046980
4 0.307720 0.464853 0.065156 0.059343
4 0.417316 0.558283 0.074008 0.075238
4 0.521246 0.583893 0.085694 0.092547
4 0.661296 0.595903 0.098088 0.093253
4 0.482472 0.724656 0.078966 0.077358
4 0.532578 0.797598 0.097025 0.091134
4 0.398548 0.630519 0.075425 0.076298
4 0.674929 0.732603 0.087110 0.109502
4 0.564625 0.708230 0.060552 0.076298
4 0.638456 0.673437 0.082153 0.054751
4 0.617741 0.740551 0.054887 0.068174
4 0.400319 0.860827 0.112960 0.103850
4 0.363137 0.751325 0.068343 0.083363
4 0.306657 0.749029 0.074363 0.090074
4 0.316218 0.680678 0.061615 0.062875
4 0.266466 0.617980 0.051346 0.051219
4 0.262571 0.669905 0.068343 0.061816
4 0.216360 0.638467 0.065156 0.080890