4 0.240212 0.310697 0.031833 0.044542
4 0.198500 0.309054 0.058910 0.060971
4 0.186974 0.276013 0.067325 0.065717
4 0.117819 0.293903 0.049030 0.048923
4 0.127516 0.485396 0.036224 0.033954
4 0.360410 0.447974 0.071716 0.064257
4 0.613063 0.577401 0.039151 0.036875
4 0.494512 0.557138 0.061837 0.068638
4 0.576473 0.406535 0.056714 0.057320
4 0.761800 0.319277 0.067325 0.082877
4 0.760885 0.195144 0.086718 0.078496
4 0.585071 0.173238 0.073911 0.078496
4 0.318149 0.169222 0.056714 0.060241
4 0.293450 0.362176 0.041712 0.073019
4 0.256678 0.360716 0.031833 0.046732
4 0.257592 0.400511 0.065862 0.061336
4 0.169960 0.408543 0.066959 0.072289
4 0.102817 0.405988 0.038053 0.035779
4 0.105745 0.443227 0.051226 0.054765
4 0.084340 0.484666 0.047933 0.055130
4 0.054885 0.483023 0.030004 0.054034
4 0.061105 0.435378 0.040249 0.043447
4 0.646542 0.266886 0.071716 0.032859
4 0.666484 0.303760 0.074277 0.054034
4 0.661361 0.234027 0.083059 0.068638
4 0.567325 0.283498 0.058178 0.075575
4 0.541895 0.262322 0.071716 0.074845
4 0.615441 0.336802 0.063666 0.066083
4 0.628979 0.420226 0.065862 0.073750
4 0.679656 0.374954 0.057446 0.070099
4 0.725393 0.398503 0.051592 0.050748
4 0.778449 0.495619 0.036956 0.036145
4 0.715514 0.466959 0.055982 0.068638
4 0.764727 0.441402 0.069521 0.079591
4 0.808635 0.525009 0.088547 0.096386
4 0.904866 0.661920 0.075375 0.088353
4 0.869008 0.619934 0.084888 0.089814
4 0.648738 0.615553 0.072448 0.078131
4 0.679839 0.570829 0.069521 0.070464
4 0.634834 0.522088 0.069521 0.069368
4 0.208013 0.804856 0.064764 0.050018
4 0.199780 0.761044 0.067325 0.043447
4 0.248262 0.757028 0.033297 0.059511
4 0.282108 0.744250 0.051226 0.054399
4 0.283205 0.798467 0.064398 0.056955
4 0.761068 0.718693 0.087816 0.085798
4 0.588730 0.924790 0.054885 0.059146
4 0.516831 0.935195 0.085986 0.071194
4 0.481888 0.171230 0.099524 0.105148
4 0.259971 0.148959 0.077205 0.096386
4 0.420417 0.349032 0.086352 0.090544
4 0.341566 0.317087 0.068423 0.085798
4 0.341566 0.545455 0.083059 0.094925
4 0.187889 0.539430 0.081595 0.079956
4 0.090560 0.600219 0.083059 0.100767
4 0.199598 0.703359 0.072814 0.075575
4 0.383095 0.721796 0.089279 0.089084
4 0.512258 0.814531 0.098061 0.096386
4 0.366813 0.815809 0.083059 0.084337
4 0.542078 0.625411 0.085986 0.089084
4 0.717161 0.807594 0.100988 0.100767