5 0.270254 0.437427 0.023322 0.026040
5 0.168167 0.308006 0.030278 0.022153
5 0.155278 0.391178 0.023322 0.022153
5 0.199059 0.742907 0.023322 0.022153
5 0.237725 0.768364 0.018003 0.020987
5 0.267185 0.821609 0.030278 0.028760
5 0.309534 0.848815 0.027414 0.023319
5 0.434943 0.647105 0.018003 0.020987
5 0.538871 0.885348 0.020458 0.028760
5 0.563011 0.882239 0.022095 0.027206
5 0.581424 0.870968 0.020458 0.031092
5 0.680033 0.819860 0.028642 0.022153
5 0.670622 0.787602 0.020458 0.018267
5 0.592471 0.685970 0.018003 0.023319
5 0.648732 0.688885 0.023322 0.026040
5 0.624795 0.624368 0.022095 0.029926
5 0.545827 0.556743 0.026187 0.029926
5 0.590426 0.539642 0.022095 0.022153
5 0.861293 0.533035 0.026187 0.022153
5 0.852905 0.628255 0.031506 0.022153
5 0.885025 0.641275 0.032733 0.027206
5 0.773527 0.339876 0.023322 0.026040
5 0.558101 0.382044 0.028642 0.024874
5 0.441080 0.388651 0.016367 0.017101
5 0.434329 0.365332 0.027414 0.024874
5 0.488953 0.335212 0.022095 0.022153
5 0.505524 0.434707 0.035597 0.026040
5 0.521481 0.415274 0.015139 0.026040
5 0.615385 0.214730 0.022095 0.018267
5 0.689648 0.189273 0.039689 0.027206
5 0.405483 0.137194 0.030278 0.019433
5 0.486088 0.111932 0.024550 0.020987
5 0.455606 0.147688 0.023322 0.024874
5 0.499386 0.149825 0.023322 0.018267
5 0.417144 0.175670 0.031506 0.020987
5 0.369067 0.185387 0.026187 0.019433
5 0.360884 0.230276 0.020458 0.026040
5 0.652823 0.639720 0.012684 0.019433
5 0.667758 0.635639 0.016367 0.022930