5 0.426266 0.459538 0.017565 0.017341
5 0.532680 0.406358 0.020425 0.017341
5 0.589461 0.379576 0.021242 0.020039
5 0.569444 0.333526 0.021242 0.026590
5 0.436683 0.322929 0.020425 0.021580
5 0.458333 0.332370 0.021242 0.025819
5 0.466708 0.307322 0.019199 0.017341
5 0.457312 0.288825 0.019199 0.016570
5 0.453636 0.259345 0.017565 0.020809
5 0.478350 0.247784 0.022876 0.021580
5 0.481618 0.268401 0.023693 0.017341
5 0.461601 0.221580 0.022876 0.020809
5 0.422386 0.216956 0.020425 0.019268
5 0.383374 0.238728 0.018382 0.015029
5 0.376838 0.255299 0.017565 0.018112
5 0.402574 0.263584 0.019199 0.021580
5 0.359886 0.284008 0.023693 0.019268
5 0.329044 0.266089 0.016748 0.015029
5 0.306577 0.297688 0.029820 0.018112
5 0.421569 0.371869 0.023693 0.023121
5 0.390114 0.351830 0.012255 0.011561
5 0.289216 0.348170 0.020425 0.014258
5 0.239379 0.236802 0.022876 0.015800
5 0.168505 0.217919 0.015114 0.016570
5 0.219158 0.266859 0.017565 0.018112
5 0.259804 0.258767 0.021242 0.018112
5 0.276144 0.224277 0.023693 0.022351
5 0.289216 0.206936 0.013072 0.019268
5 0.303922 0.210790 0.012255 0.019268
5 0.387868 0.389788 0.018382 0.024277
5 0.377655 0.433526 0.016748 0.031599
5 0.335989 0.430636 0.016748 0.014258
5 0.336397 0.453565 0.015931 0.020039
5 0.307598 0.411753 0.022059 0.025048
5 0.265319 0.438343 0.018382 0.016570
5 0.241013 0.441233 0.022876 0.020809
5 0.293505 0.469557 0.014297 0.017341
5 0.310049 0.485742 0.024510 0.028131
5 0.090891 0.360308 0.015114 0.020039
5 0.096609 0.340655 0.019199 0.020809
5 0.120302 0.352023 0.015931 0.013487
5 0.096201 0.421773 0.016748 0.016570
5 0.066789 0.428709 0.018382 0.017341
5 0.074551 0.460308 0.015931 0.017341
5 0.102737 0.472640 0.017565 0.016570
5 0.065155 0.497303 0.018382 0.018112
5 0.063521 0.476108 0.018382 0.017341
5 0.079861 0.481696 0.014297 0.021580
5 0.067198 0.520424 0.015114 0.015800
5 0.060049 0.550867 0.020425 0.018112
5 0.086806 0.553372 0.015931 0.020039
5 0.206904 0.502890 0.019199 0.019268
5 0.211193 0.615800 0.021242 0.033141
5 0.168913 0.514066 0.017565 0.023121
5 0.180556 0.502505 0.010621 0.020039
5 0.142770 0.568593 0.016748 0.017341
5 0.129698 0.602119 0.016748 0.018112
5 0.164011 0.553950 0.018382 0.018112
5 0.183619 0.562235 0.015114 0.021580
5 0.159926 0.620231 0.015931 0.024277
5 0.150531 0.607129 0.014297 0.018112
5 0.264093 0.626204 0.019199 0.019268
5 0.248366 0.705588 0.022876 0.020039
5 0.416667 0.577842 0.022876 0.017341
5 0.482230 0.576686 0.018382 0.015029
5 0.283292 0.729672 0.025735 0.025048
5 0.322100 0.751252 0.025735 0.015029
5 0.314747 0.781696 0.018382 0.015800
5 0.356413 0.776879 0.018382 0.023121
5 0.376021 0.772447 0.017565 0.025819
5 0.381536 0.702312 0.012255 0.015029
5 0.398897 0.705588 0.019199 0.021580
5 0.472631 0.723892 0.020425 0.025048
5 0.537377 0.684008 0.025735 0.021580
5 0.551675 0.631599 0.026552 0.023121
5 0.566993 0.576108 0.020425 0.020809
5 0.563725 0.533333 0.020425 0.023121
5 0.536969 0.489210 0.018382 0.015029
5 0.548407 0.473603 0.016748 0.020039
5 0.526961 0.249326 0.021242 0.019268
5 0.560049 0.242775 0.023693 0.019268
5 0.560253 0.261079 0.028186 0.016570
5 0.595792 0.252216 0.015931 0.013487
5 0.611111 0.264162 0.020425 0.014258
5 0.640727 0.243738 0.015931 0.013487
5 0.632557 0.273410 0.017565 0.024277
5 0.625408 0.212139 0.023693 0.025048
5 0.729779 0.209827 0.015931 0.017341
5 0.740196 0.323699 0.022876 0.021580
5 0.838644 0.305588 0.023693 0.020809
5 0.728350 0.354913 0.022059 0.022351
5 0.709150 0.332177 0.022059 0.022351
5 0.679943 0.268786 0.016748 0.016570
5 0.671773 0.281503 0.014297 0.014258
5 0.687092 0.299807 0.020425 0.022351
5 0.668505 0.311753 0.016748 0.019268
5 0.653186 0.331599 0.021242 0.017341
5 0.628881 0.356840 0.016748 0.023121
5 0.520221 0.321580 0.018382 0.017341
5 0.513889 0.307514 0.022876 0.019268
5 0.503472 0.288054 0.018382 0.017341
5 0.621936 0.419461 0.019199 0.016570
5 0.644812 0.396339 0.018382 0.017341
5 0.676062 0.374566 0.021242 0.020039
5 0.701389 0.381310 0.020425 0.025819
5 0.676675 0.434682 0.019199 0.029287
5 0.663194 0.415222 0.018382 0.018112
5 0.636438 0.444316 0.022876 0.021580
5 0.639706 0.464355 0.021242 0.020039
5 0.627859 0.485356 0.020425 0.014258
5 0.696691 0.477842 0.015114 0.022351
5 0.717933 0.444509 0.016748 0.015029
5 0.717933 0.472062 0.018382 0.020809
5 0.719567 0.499615 0.027369 0.024277
5 0.753472 0.416570 0.017565 0.020809
5 0.775940 0.431021 0.018382 0.018112
5 0.785743 0.443738 0.015114 0.015800
5 0.791871 0.459923 0.016748 0.018112
5 0.835376 0.406744 0.022059 0.016570
5 0.843546 0.427360 0.021242 0.020809
5 0.873570 0.436031 0.017565 0.016570
5 0.883783 0.453372 0.016748 0.018112
5 0.938317 0.485934 0.022059 0.020039
5 0.799020 0.500193 0.013072 0.010019
5 0.817198 0.472254 0.017565 0.017341
5 0.823938 0.457033 0.020425 0.020809
5 0.842116 0.463584 0.018382 0.012331
5 0.841299 0.474952 0.016748 0.015029
5 0.843546 0.490944 0.022876 0.020039
5 0.871528 0.497881 0.016748 0.022351
5 0.874183 0.531792 0.020425 0.020039
5 0.887255 0.556840 0.022059 0.020039
5 0.914420 0.531599 0.016748 0.018112
5 0.899306 0.495376 0.014297 0.017341
5 0.914420 0.506936 0.020016 0.018882
5 0.815564 0.613295 0.017565 0.019653
5 0.804943 0.640270 0.017565 0.017341
5 0.850899 0.650867 0.019608 0.021580
5 0.834150 0.682081 0.019608 0.017726
5 0.791871 0.667437 0.020833 0.021580
5 0.714665 0.654528 0.016748 0.016570
5 0.715891 0.636994 0.017565 0.014644
5 0.673407 0.630250 0.024101 0.020424
5 0.640114 0.616763 0.018791 0.020424
5 0.639910 0.652987 0.016748 0.017341
5 0.612541 0.647206 0.020016 0.018882
5 0.586806 0.592100 0.014297 0.015800
5 0.601511 0.614258 0.020016 0.024663
5 0.692198 0.534875 0.024101 0.015414
5 0.699346 0.552987 0.016340 0.014644
5 0.684641 0.565318 0.015523 0.015414
5 0.700776 0.583622 0.015114 0.019653
5 0.741217 0.545279 0.017565 0.020809
5 0.733660 0.606551 0.022059 0.018497
5 0.750204 0.632948 0.021650 0.022736
5 0.758578 0.615800 0.008987 0.015414
5 0.770221 0.614451 0.011846 0.017341
5 0.778186 0.590751 0.019608 0.020809
5 0.765931 0.560308 0.016340 0.017726
5 0.770833 0.517534 0.014706 0.016956
5 0.768587 0.536609 0.015114 0.018882
5 0.745098 0.586705 0.016340 0.017341
5 0.757149 0.576301 0.018382 0.017341
5 0.794935 0.553757 0.011438 0.015414
5 0.787173 0.534682 0.013889 0.014258
5 0.794322 0.541811 0.010212 0.007707
5 0.783497 0.550096 0.011438 0.016570
5 0.877042 0.619461 0.010621 0.007322
5 0.881536 0.415992 0.009804 0.012717
5 0.911152 0.492100 0.011029 0.011561
5 0.812908 0.716185 0.017974 0.015800
5 0.789828 0.713102 0.015931 0.015800
5 0.759804 0.718112 0.017157 0.015800
5 0.735498 0.707707 0.014297 0.015800
5 0.782475 0.742582 0.015931 0.018497
5 0.770016 0.758960 0.017157 0.013487
5 0.752247 0.756840 0.018382 0.020039
5 0.751838 0.794990 0.014297 0.016956
5 0.767565 0.784393 0.015523 0.021195
5 0.781454 0.777457 0.013889 0.020424
5 0.807394 0.766859 0.020833 0.019268
5 0.646855 0.771869 0.015931 0.016956
5 0.663194 0.850096 0.017565 0.019268
5 0.621324 0.837958 0.016340 0.018882
5 0.635417 0.842004 0.011846 0.015414
5 0.647059 0.716956 0.011438 0.015029
5 0.626430 0.705973 0.011029 0.013873
5 0.619281 0.714258 0.012255 0.014258
5 0.597631 0.710405 0.017974 0.015800
5 0.690564 0.732755 0.017565 0.016570
5 0.699551 0.716570 0.018382 0.016570
5 0.662173 0.715029 0.009804 0.011946
5 0.671364 0.731407 0.014297 0.013873
5 0.670752 0.709827 0.010621 0.016185
5 0.684028 0.712717 0.013480 0.020424
5 0.605188 0.891137 0.019199 0.017341
5 0.608864 0.876301 0.014297 0.016956
5 0.616626 0.868015 0.008578 0.011175
5 0.596814 0.725241 0.012255 0.010790
5 0.598039 0.740655 0.016340 0.015414
5 0.618260 0.175145 0.017565 0.021195
5 0.642565 0.177071 0.019608 0.022736
5 0.689542 0.134682 0.017974 0.024277
5 0.742647 0.145279 0.014706 0.020809
5 0.797998 0.182081 0.014297 0.020424
5 0.811275 0.233911 0.017974 0.019268
5 0.788603 0.254335 0.011846 0.016956
5 0.799632 0.262235 0.013480 0.015029
5 0.813317 0.265896 0.015523 0.017726
5 0.910131 0.314066 0.017157 0.016185
5 0.658905 0.127360 0.020425 0.019653
5 0.631740 0.096724 0.013480 0.013873
5 0.641953 0.108478 0.011029 0.018112
5 0.654208 0.102890 0.015931 0.020039
5 0.683007 0.104239 0.018791 0.019653
5 0.629289 0.073988 0.020016 0.018497
5 0.595180 0.063776 0.015523 0.017341
5 0.606618 0.078998 0.015523 0.015414
5 0.846201 0.186320 0.014297 0.016570
5 0.877042 0.214066 0.013889 0.015800
5 0.538807 0.110597 0.022876 0.022351
5 0.400327 0.101349 0.020425 0.020039
5 0.259600 0.176879 0.020833 0.019268
5 0.291462 0.165896 0.020016 0.019653
5 0.324346 0.148362 0.013889 0.018497
5 0.343954 0.147206 0.012255 0.018497
5 0.334967 0.153565 0.009804 0.015029
5 0.441176 0.156647 0.011438 0.010405
5 0.504902 0.151445 0.021242 0.019268
5 0.559232 0.178035 0.017974 0.018497
5 0.578840 0.121965 0.022059 0.015029
5 0.581904 0.087476 0.020016 0.022351
5 0.521855 0.068208 0.020016 0.019268
5 0.547794 0.067630 0.013072 0.015029
5 0.560458 0.064162 0.011438 0.015029
5 0.425041 0.157418 0.015931 0.013487
5 0.427900 0.172062 0.020016 0.014258
5 0.343954 0.353372 0.019608 0.015414
5 0.351716 0.371291 0.014706 0.016570
5 0.338644 0.374759 0.009804 0.015800
5 0.312296 0.356840 0.018382 0.011561
5 0.313317 0.367245 0.012255 0.013102
5 0.327410 0.367052 0.013480 0.012717
5 0.320670 0.380925 0.018791 0.012717
5 0.585989 0.721387 0.009395 0.016185
5 0.571078 0.715414 0.019608 0.018112
5 0.549020 0.717148 0.022059 0.023121
5 0.528391 0.721002 0.014297 0.017726
5 0.553922 0.736224 0.010621 0.012717
5 0.560866 0.745857 0.009804 0.010405
5 0.582925 0.742775 0.013072 0.018112
5 0.587418 0.776686 0.019608 0.021965
5 0.526757 0.757611 0.009395 0.014644
5 0.537377 0.761079 0.011029 0.016956
5 0.576389 0.800578 0.013072 0.011175
5 0.453840 0.798459 0.018791 0.020039
5 0.411560 0.804432 0.015931 0.018882
5 0.565359 0.896146 0.019608 0.025048
5 0.537173 0.874181 0.012255 0.013487
5 0.544730 0.885164 0.015931 0.019268
5 0.521446 0.878998 0.013480 0.012331
5 0.519812 0.893449 0.019199 0.014258
5 0.565768 0.850096 0.017157 0.019268
5 0.560662 0.834489 0.012663 0.015029
5 0.537173 0.812909 0.010621 0.008863
5 0.505310 0.821387 0.017974 0.018882
5 0.509191 0.835838 0.009395 0.008478
5 0.515931 0.839884 0.011438 0.009634
5 0.523284 0.824663 0.011438 0.016185
5 0.533701 0.828324 0.011846 0.013487
5 0.503881 0.865318 0.018382 0.022736
5 0.479371 0.835453 0.015114 0.013873
5 0.490196 0.844509 0.014706 0.014258
5 0.475490 0.849904 0.018791 0.020424
5 0.476716 0.891329 0.015523 0.023121
5 0.461193 0.889017 0.015523 0.018497
5 0.455474 0.867052 0.020425 0.022351
5 0.443423 0.849711 0.023284 0.019268
5 0.345180 0.844509 0.014706 0.016570
5 0.369077 0.854335 0.014297 0.014644
5 0.311683 0.867630 0.017157 0.019653
5 0.314747 0.844316 0.013480 0.018497
5 0.301471 0.849711 0.021242 0.015414
5 0.275327 0.833333 0.020425 0.021195
5 0.247345 0.818304 0.015931 0.017341
5 0.265319 0.808092 0.014297 0.016956
5 0.416667 0.896146 0.013889 0.015800
5 0.418913 0.871869 0.012663 0.015029
5 0.435253 0.870906 0.015114 0.017726
5 0.433211 0.886898 0.011029 0.012717
5 0.444853 0.883237 0.012255 0.014644
5 0.363562 0.879769 0.018791 0.027746
5 0.385212 0.879961 0.016340 0.024277
5 0.408701 0.873218 0.008578 0.011561
5 0.386234 0.858960 0.010212 0.016185
5 0.395833 0.858189 0.008170 0.019268
5 0.404820 0.860116 0.008987 0.014644
5 0.242034 0.768786 0.013480 0.016185
5 0.257353 0.792293 0.018791 0.020809
5 0.241217 0.800963 0.014297 0.014258
5 0.218137 0.781888 0.022059 0.020039
5 0.237541 0.789595 0.016748 0.012331
5 0.169730 0.738921 0.027369 0.018882
5 0.164624 0.710597 0.014706 0.009249
5 0.145629 0.716956 0.014297 0.015800
5 0.122958 0.725434 0.019608 0.021195
5 0.157680 0.722736 0.013889 0.014258
5 0.136234 0.691137 0.013480 0.020424
5 0.122549 0.688054 0.013889 0.015800
5 0.101716 0.685549 0.010621 0.013873
5 0.109477 0.679961 0.008987 0.012717
5 0.118873 0.669364 0.013889 0.018497
5 0.110294 0.649711 0.017157 0.019268
5 0.181168 0.354335 0.015931 0.015029
5 0.194036 0.368015 0.018791 0.017726
5 0.194240 0.337958 0.015114 0.017726
5 0.211397 0.314066 0.010212 0.010019
5 0.211806 0.326012 0.014297 0.013873
5 0.238562 0.296532 0.017974 0.014258
5 0.239583 0.307322 0.016748 0.010405
5 0.236315 0.322158 0.015931 0.017726
5 0.226716 0.334489 0.017974 0.014644
5 0.221201 0.347013 0.016748 0.014258
5 0.227941 0.361657 0.017157 0.015029
5 0.219567 0.173988 0.017565 0.016570