5 0.104213 0.472483 0.019274 0.017897
5 0.113850 0.493960 0.021515 0.018792
5 0.016809 0.478747 0.019274 0.018792
5 0.135365 0.521477 0.020619 0.021029
5 0.076647 0.608725 0.019722 0.013870
5 0.080009 0.618792 0.019274 0.016107
5 0.126401 0.643624 0.021515 0.021029
5 0.112954 0.697987 0.020619 0.017002
5 0.226356 0.706488 0.020619 0.018792
5 0.276558 0.683221 0.020619 0.020582
5 0.334827 0.647204 0.017929 0.024609
5 0.289332 0.606488 0.020170 0.021924
5 0.153743 0.812528 0.022411 0.016107
5 0.171672 0.829306 0.018826 0.014765
5 0.171672 0.863535 0.021515 0.020582
5 0.239130 0.869128 0.022860 0.014765
5 0.309278 0.852796 0.018826 0.018792
5 0.302555 0.876286 0.018826 0.020134
5 0.333035 0.897987 0.021515 0.020582
5 0.362842 0.850559 0.020170 0.020582
5 0.374944 0.875168 0.019274 0.018792
5 0.369117 0.913199 0.014792 0.017002
5 0.378754 0.914989 0.013447 0.016107
5 0.391753 0.921029 0.016136 0.016555
5 0.356567 0.941611 0.021067 0.017450
5 0.437248 0.936689 0.016584 0.020134
5 0.385477 0.969128 0.018826 0.018792
5 0.529359 0.989262 0.017929 0.016107
5 0.560511 0.985459 0.016584 0.013870
5 0.655536 0.966443 0.016584 0.015213
5 0.640296 0.939821 0.017481 0.018345
5 0.579561 0.959508 0.017033 0.018345
5 0.655312 0.876063 0.018826 0.017002
5 0.672120 0.880984 0.021067 0.019687
5 0.605782 0.826398 0.022860 0.022371
5 0.629090 0.826622 0.021067 0.017450
5 0.749440 0.804027 0.016136 0.017897
5 0.748991 0.833333 0.019722 0.018345
5 0.778575 0.846532 0.021515 0.019687
5 0.777678 0.862864 0.016136 0.019239
5 0.826087 0.780537 0.015240 0.018345
5 0.874048 0.751678 0.020619 0.021477
5 0.903182 0.684340 0.016136 0.017450
5 0.912371 0.672707 0.020170 0.019239
5 0.821381 0.616107 0.016584 0.015213
5 0.916853 0.619239 0.021067 0.017897
5 0.791797 0.502908 0.021963 0.017897
5 0.842447 0.506264 0.020170 0.018345
5 0.835500 0.527069 0.019722 0.015213
5 0.821156 0.557942 0.020619 0.020582
5 0.850067 0.598658 0.021067 0.020582
5 0.915509 0.584564 0.018377 0.015660
5 0.908337 0.602013 0.018377 0.016555
5 0.952039 0.550783 0.018826 0.017897
5 0.972882 0.533110 0.016584 0.018345
5 0.971089 0.503803 0.017481 0.017897
5 0.929628 0.509620 0.020619 0.018792
5 0.923129 0.590157 0.013895 0.013423
5 0.920439 0.635347 0.017481 0.015213
5 0.842896 0.447427 0.019274 0.018792
5 0.950022 0.411633 0.018377 0.019687
5 0.964142 0.395749 0.018826 0.018345
5 0.820708 0.357718 0.016136 0.013870
5 0.828552 0.352125 0.016584 0.014318
5 0.852084 0.348098 0.019722 0.016107
5 0.799193 0.422819 0.019722 0.017897
5 0.767593 0.398210 0.019274 0.018792
5 0.746974 0.386130 0.017481 0.016107
5 0.742940 0.370917 0.021067 0.019687
5 0.722546 0.415436 0.015240 0.014765
5 0.741596 0.428859 0.015688 0.014765
5 0.813088 0.314989 0.013447 0.017002
5 0.824742 0.316107 0.017033 0.015660
5 0.851860 0.306711 0.019274 0.016555
5 0.856567 0.295302 0.015240 0.015213
5 0.867100 0.299553 0.013895 0.015660
5 0.901838 0.305593 0.020619 0.018792
5 0.862394 0.342953 0.015240 0.016555
5 0.699462 0.281208 0.017481 0.017450
5 0.691170 0.295973 0.018826 0.017450
5 0.671000 0.307830 0.017929 0.016107
5 0.673913 0.319239 0.013895 0.015660
5 0.688705 0.321029 0.015688 0.014765
5 0.741372 0.299776 0.021515 0.017002
5 0.763335 0.307383 0.018826 0.017002
5 0.757284 0.330872 0.019274 0.017450
5 0.722770 0.201119 0.018377 0.017450
5 0.847826 0.160403 0.018377 0.017450
5 0.813088 0.191051 0.016136 0.016107
5 0.825415 0.217450 0.014792 0.015213
5 0.843568 0.224161 0.016136 0.017002
5 0.817571 0.234676 0.017929 0.017450
5 0.623935 0.065548 0.015240 0.016555
5 0.695428 0.077405 0.021067 0.018792
5 0.461004 0.048546 0.017481 0.016555
5 0.475347 0.060179 0.018377 0.017450
5 0.503138 0.084787 0.020170 0.016555
5 0.445092 0.085235 0.020619 0.021924
5 0.399372 0.084340 0.017033 0.017450
5 0.334603 0.090604 0.019274 0.018345
5 0.343344 0.123490 0.022411 0.014318
5 0.201927 0.133557 0.018377 0.017450
5 0.308382 0.201566 0.019722 0.021924
5 0.133572 0.240268 0.020619 0.021477
5 0.088301 0.277405 0.017929 0.018792
5 0.106455 0.273602 0.020170 0.015660
5 0.123487 0.290828 0.019274 0.017002
5 0.130211 0.279195 0.019274 0.016107
5 0.066786 0.343400 0.018826 0.019239
5 0.067683 0.373378 0.022411 0.018345
5 0.259077 0.405593 0.018826 0.019239
5 0.319364 0.444519 0.018377 0.018345
5 0.339534 0.460626 0.018377 0.018345
5 0.380547 0.427964 0.019722 0.018345
5 0.359256 0.385011 0.017481 0.015660
5 0.385701 0.379642 0.017481 0.015660
5 0.415285 0.367338 0.018377 0.018792
5 0.435007 0.364653 0.014792 0.017897
5 0.462125 0.433110 0.016136 0.017897
5 0.465486 0.448546 0.016584 0.018345
5 0.377633 0.340940 0.018377 0.016107
5 0.424922 0.337136 0.017929 0.016555
5 0.452039 0.295526 0.021067 0.018345
5 0.474675 0.269351 0.015240 0.015213
5 0.487898 0.261298 0.014792 0.017897
5 0.512102 0.268233 0.015688 0.014765
5 0.588077 0.233333 0.019722 0.017450
5 0.584715 0.371365 0.017481 0.016107
5 0.668086 0.431767 0.017481 0.015213
5 0.710444 0.397987 0.018826 0.016555
5 0.446212 0.591275 0.022860 0.021029
5 0.412371 0.644519 0.023308 0.019239
5 0.517705 0.670470 0.018826 0.016555
5 0.556925 0.596421 0.018377 0.018792
5 0.082922 0.740492 0.020619 0.021477
5 0.112506 0.757047 0.017033 0.015213
5 0.564545 0.493289 0.021963 0.025503
5 0.433214 0.684787 0.027342 0.025503
5 0.335948 0.261969 0.023756 0.027293
5 0.142761 0.155034 0.023756 0.027293
5 0.034738 0.428859 0.021963 0.025503
5 0.341103 0.034676 0.030480 0.023714
5 0.409458 0.017002 0.027342 0.028635
5 0.231062 0.916779 0.023756 0.028635
5 0.211340 0.897539 0.021963 0.030425