5 0.730461 0.567897 0.016399 0.020891
5 0.593859 0.231372 0.019539 0.019847
5 0.596476 0.249130 0.020586 0.017061
5 0.574320 0.250000 0.017446 0.015320
5 0.563154 0.246344 0.013259 0.017061
5 0.547278 0.267584 0.017795 0.017758
5 0.533845 0.273155 0.017446 0.015669
5 0.503838 0.284471 0.026518 0.015320
5 0.561759 0.279944 0.019539 0.020195
5 0.577460 0.277855 0.019539 0.025766
5 0.592638 0.310237 0.019888 0.019499
5 0.586183 0.327820 0.020237 0.018454
5 0.617411 0.335132 0.017795 0.018454
5 0.646371 0.246344 0.021982 0.019150
5 0.672715 0.262535 0.016050 0.018802
5 0.664515 0.271065 0.016399 0.017758
5 0.683706 0.282033 0.016399 0.016713
5 0.725401 0.268976 0.014655 0.019150
5 0.743719 0.195508 0.019888 0.018454
5 0.726274 0.284471 0.015003 0.022981
5 0.734299 0.288823 0.013608 0.012187
5 0.695569 0.318419 0.022680 0.017758
5 0.689812 0.333565 0.016748 0.020195
5 0.688939 0.350627 0.016399 0.022981
5 0.779658 0.263928 0.022680 0.025070
5 0.795185 0.232765 0.020935 0.019847
5 0.809665 0.226671 0.019191 0.019499
5 0.795883 0.250174 0.016050 0.018454
5 0.815946 0.250348 0.021284 0.024373
5 0.783671 0.296309 0.018144 0.022981
5 0.760816 0.287604 0.018493 0.012535
5 0.766225 0.309366 0.012561 0.014972
5 0.766225 0.326602 0.013957 0.016713
5 0.752094 0.332521 0.014306 0.019499
5 0.729588 0.326950 0.014655 0.012535
5 0.722784 0.346971 0.012910 0.015669
5 0.728018 0.336351 0.012212 0.017409
5 0.743371 0.329387 0.010119 0.019499
5 0.743022 0.347319 0.014306 0.014972
5 0.730984 0.355850 0.014655 0.017409
5 0.657362 0.397458 0.022331 0.020543
5 0.727844 0.372737 0.011863 0.017758
5 0.735171 0.369081 0.011863 0.013231
5 0.743371 0.371518 0.012212 0.013928
5 0.739009 0.383008 0.013957 0.023677
5 0.757851 0.371170 0.011863 0.014624
5 0.765352 0.340529 0.017097 0.018802
5 0.785590 0.319290 0.013608 0.013231
5 0.785415 0.341922 0.013957 0.013231
5 0.779658 0.352542 0.010119 0.014972
5 0.760468 0.303795 0.015003 0.012883
5 0.797627 0.324861 0.016748 0.012535
5 0.804780 0.349060 0.021982 0.017061
5 0.790823 0.355327 0.017097 0.013579
5 0.780705 0.368907 0.016399 0.016365
5 0.794487 0.368733 0.010468 0.013928
5 0.806350 0.362639 0.013957 0.016365
5 0.802687 0.374652 0.012212 0.013231
5 0.797453 0.382834 0.012910 0.009401
5 0.799546 0.393280 0.018493 0.014972
5 0.822749 0.382660 0.019539 0.018106
5 0.783671 0.392932 0.016748 0.013579
5 0.770935 0.391017 0.015003 0.015320
5 0.766574 0.379526 0.014655 0.013231
5 0.802687 0.412604 0.020586 0.023677
5 0.827983 0.399025 0.017446 0.014624
5 0.879274 0.363162 0.019539 0.019499
5 0.872645 0.302054 0.018144 0.021240
5 0.894278 0.301706 0.016748 0.019847
5 0.895848 0.324861 0.013608 0.020195
5 0.542045 0.357068 0.019191 0.016365
5 0.495987 0.382834 0.024075 0.019847
5 0.550768 0.380919 0.015701 0.022284
5 0.560886 0.382834 0.016399 0.018454
5 0.525122 0.413475 0.016050 0.016365
5 0.472610 0.417131 0.018493 0.017409
5 0.379449 0.401462 0.024075 0.024373
5 0.777390 0.430188 0.020237 0.019150
5 0.719121 0.460481 0.017446 0.020543
5 0.831124 0.413127 0.013957 0.013579
5 0.851535 0.409993 0.010816 0.009401
5 0.845255 0.419394 0.015701 0.016365
5 0.860258 0.419394 0.012910 0.016365
5 0.825890 0.428447 0.013957 0.013579
5 0.827285 0.439937 0.013957 0.013579
5 0.836532 0.438022 0.010816 0.020195
5 0.848221 0.438893 0.013957 0.021936
5 0.845604 0.451428 0.019888 0.015669
5 0.871249 0.447249 0.019539 0.020543
5 0.891312 0.444116 0.010119 0.014276
5 0.892533 0.455954 0.015352 0.014972
5 0.915911 0.442375 0.019539 0.017758
5 0.917306 0.407730 0.019539 0.018106
5 0.866539 0.466748 0.015003 0.014972
5 0.871773 0.477542 0.013608 0.017061
5 0.883287 0.475453 0.015003 0.014972
5 0.881019 0.496866 0.016050 0.020195
5 0.894627 0.508357 0.011165 0.011838
5 0.903350 0.493558 0.016748 0.017758
5 0.906839 0.506267 0.010468 0.016713
5 0.916783 0.481024 0.013608 0.011490
5 0.917481 0.491469 0.015003 0.014276
5 0.914341 0.544568 0.019191 0.022284
5 0.921493 0.513057 0.013957 0.019150
5 0.944522 0.526114 0.014655 0.022981
5 0.934927 0.513753 0.013608 0.012187
5 0.508897 0.435933 0.028960 0.020195
5 0.522331 0.421309 0.022331 0.015320
5 0.478716 0.429143 0.022331 0.018454
5 0.710049 0.638928 0.025820 0.020891
5 0.853978 0.605153 0.024075 0.024373
5 0.834438 0.668524 0.018493 0.018802
5 0.716329 0.753482 0.020935 0.022284
5 0.760991 0.849930 0.018842 0.020891
5 0.748779 0.853064 0.017446 0.019499
5 0.715806 0.898851 0.021284 0.015669
5 0.597697 0.908774 0.019539 0.013928
5 0.591068 0.918524 0.018842 0.014624
5 0.545708 0.902507 0.021633 0.016713
5 0.469993 0.873781 0.025122 0.018454
5 0.417481 0.918872 0.028262 0.022981
5 0.476797 0.912256 0.020586 0.018106
5 0.485520 0.926532 0.021284 0.016713
5 0.523029 0.787430 0.026518 0.025418
5 0.464236 0.710655 0.026169 0.019499
5 0.412421 0.720056 0.018144 0.017409
5 0.405618 0.730850 0.013608 0.013928
5 0.389742 0.740947 0.016050 0.018106
5 0.397941 0.748433 0.015003 0.012187
5 0.350837 0.795265 0.022680 0.020195
5 0.340719 0.768106 0.021284 0.022284
5 0.317167 0.762187 0.019539 0.016017
5 0.317690 0.785864 0.018493 0.019499
5 0.296930 0.795961 0.025122 0.018802
5 0.285066 0.806058 0.016748 0.020891
5 0.275820 0.778029 0.023378 0.021240
5 0.258200 0.735202 0.031403 0.030292
5 0.300070 0.641713 0.022331 0.024373
5 0.323622 0.650418 0.019888 0.022284
5 0.344731 0.663475 0.016748 0.023329
5 0.316469 0.676010 0.016748 0.019150
5 0.325715 0.680188 0.015701 0.024721
5 0.341242 0.685063 0.016050 0.024721
5 0.357118 0.704735 0.026169 0.020891
5 0.378751 0.695334 0.015701 0.021588
5 0.408060 0.689763 0.021982 0.020891
5 0.407711 0.663475 0.017795 0.018454
5 0.395673 0.656163 0.022331 0.021240
5 0.414515 0.640146 0.016050 0.017061
5 0.425157 0.634401 0.010816 0.016017
5 0.436322 0.633879 0.015003 0.013579
5 0.429693 0.594185 0.016399 0.016365
5 0.441207 0.591922 0.012212 0.015320
5 0.449756 0.545961 0.021633 0.020891
5 0.469470 0.559889 0.015701 0.018106
5 0.493719 0.559714 0.020935 0.021936
5 0.407013 0.504875 0.019191 0.017409
5 0.409630 0.492514 0.014655 0.015669
5 0.324669 0.527159 0.026867 0.019499
5 0.328158 0.547180 0.027565 0.018454
5 0.318562 0.566156 0.029309 0.026462
5 0.345604 0.573468 0.020586 0.018106
5 0.368283 0.559714 0.012910 0.012883
5 0.368807 0.571205 0.013259 0.013579
5 0.377530 0.572772 0.013259 0.013928
5 0.396720 0.569812 0.013259 0.014972
5 0.389218 0.585481 0.016399 0.017758
5 0.402477 0.590703 0.015003 0.013579
5 0.405443 0.597493 0.013259 0.015320
5 0.412596 0.606372 0.012910 0.014972
5 0.397069 0.604979 0.013957 0.012187
5 0.390265 0.601149 0.014306 0.013579
5 0.384682 0.597145 0.015003 0.016017
5 0.377006 0.601323 0.015003 0.016017
5 0.376308 0.585132 0.019191 0.016365
5 0.366190 0.589659 0.017097 0.012883
5 0.358688 0.593315 0.017446 0.014624
5 0.354850 0.610724 0.013259 0.015320
5 0.365492 0.624304 0.021982 0.018106
5 0.343336 0.629875 0.019539 0.016713
5 0.327983 0.590007 0.016050 0.018454
5 0.314899 0.595404 0.017097 0.018802
5 0.321354 0.610724 0.017446 0.018106
5 0.307048 0.615947 0.016050 0.013231
5 0.286636 0.603238 0.022680 0.019150
5 0.273726 0.589136 0.021284 0.018106
5 0.289602 0.566504 0.025122 0.020195
5 0.274250 0.553273 0.022331 0.023677
5 0.254710 0.546135 0.016748 0.019847
5 0.233775 0.538997 0.018842 0.016713
5 0.203070 0.550139 0.018144 0.018106
5 0.215980 0.574861 0.020237 0.018106
5 0.239881 0.583565 0.019191 0.020195
5 0.246685 0.565634 0.014655 0.012883
5 0.260991 0.564763 0.013957 0.012535
5 0.258200 0.574164 0.016748 0.014624
5 0.226448 0.518976 0.015352 0.012187
5 0.219121 0.505919 0.016050 0.012535
5 0.205862 0.501393 0.014655 0.013928
5 0.088276 0.442026 0.029309 0.033774
5 0.213538 0.491818 0.014655 0.017758
5 0.195045 0.483983 0.013957 0.014624
5 0.200977 0.478412 0.012561 0.014624
5 0.315771 0.405467 0.023726 0.024025
5 0.368283 0.422876 0.021982 0.020543
5 0.253140 0.361421 0.021982 0.016017
5 0.191556 0.359854 0.014655 0.019150
5 0.178646 0.366469 0.013957 0.017758
5 0.167306 0.388753 0.020586 0.019847
5 0.188067 0.389798 0.018144 0.019150
5 0.192777 0.402507 0.018493 0.018106
5 0.221563 0.330084 0.020935 0.018802
5 0.244417 0.315982 0.018493 0.023329
5 0.203768 0.307451 0.016748 0.013928
5 0.196092 0.316852 0.015352 0.013231
5 0.180565 0.326602 0.020586 0.020891
5 0.172191 0.212918 0.030356 0.026811
5 0.226274 0.255049 0.012910 0.017061
5 0.235345 0.236595 0.018493 0.024721
5 0.247906 0.211873 0.023378 0.019150
5 0.274424 0.191156 0.019888 0.020195
5 0.267271 0.167827 0.019539 0.018106
5 0.268318 0.251741 0.018842 0.021588
5 0.258897 0.271762 0.023726 0.023329
5 0.323447 0.215703 0.022331 0.023329
5 0.345429 0.240251 0.020237 0.025766
5 0.389567 0.158078 0.026169 0.019499
5 0.334962 0.152507 0.021633 0.016713
5 0.304082 0.124304 0.017097 0.013928
5 0.556525 0.154074 0.025820 0.024721
5 0.554082 0.076079 0.019539 0.026114
5 0.676553 0.122040 0.021633 0.024025
5 0.704815 0.134749 0.020237 0.025766