5 0.106317 0.655984 0.020463 0.018377
5 0.130116 0.641192 0.020907 0.017481
5 0.117883 0.692066 0.019573 0.018826
5 0.169929 0.675930 0.021352 0.020619
5 0.163479 0.703720 0.020018 0.019722
5 0.106317 0.739803 0.019573 0.014792
5 0.111210 0.781264 0.020463 0.018826
5 0.134342 0.727252 0.016904 0.014792
5 0.139680 0.736217 0.016904 0.014792
5 0.147020 0.747423 0.019128 0.019274
5 0.170596 0.788660 0.024466 0.020170
5 0.203292 0.890184 0.017794 0.017033
5 0.231317 0.908113 0.018683 0.015240
5 0.261343 0.900941 0.019128 0.017033
5 0.370107 0.816226 0.021352 0.020619
5 0.388790 0.833707 0.021352 0.017929
5 0.375890 0.888615 0.022242 0.020170
5 0.383007 0.903855 0.022242 0.020170
5 0.322509 0.925818 0.021352 0.020170
5 0.314279 0.956298 0.019128 0.012102
5 0.492883 0.894890 0.022242 0.021067
5 0.471530 0.915285 0.021352 0.020619
5 0.472642 0.956522 0.014680 0.020619
5 0.485765 0.946885 0.022242 0.017481
5 0.565614 0.926714 0.019128 0.017481
5 0.620774 0.935903 0.020907 0.019722
5 0.686388 0.904975 0.018683 0.017929
5 0.701512 0.904303 0.017794 0.018377
5 0.731317 0.881219 0.023132 0.018826
5 0.739546 0.865531 0.022687 0.017929
5 0.741993 0.846481 0.017794 0.016584
5 0.760009 0.836620 0.016459 0.017481
5 0.763345 0.847154 0.016904 0.012550
5 0.666815 0.798745 0.018683 0.019722
5 0.703292 0.801883 0.020463 0.017929
5 0.705516 0.754370 0.022242 0.019722
5 0.738212 0.742044 0.020018 0.019274
5 0.756450 0.730166 0.021797 0.018826
5 0.719306 0.694980 0.021352 0.018377
5 0.819617 0.790004 0.021797 0.020170
5 0.809386 0.835948 0.023577 0.018826
5 0.838746 0.836396 0.021797 0.014343
5 0.856984 0.813537 0.020018 0.017033
5 0.899244 0.727701 0.020018 0.017481
5 0.921263 0.725459 0.016904 0.014792
5 0.674822 0.559166 0.021352 0.019274
5 0.726868 0.561856 0.019573 0.017481
5 0.725979 0.583371 0.019573 0.019274
5 0.730427 0.607127 0.022242 0.022860
5 0.771575 0.560959 0.020018 0.019274
5 0.762900 0.577544 0.022242 0.021067
5 0.771575 0.599283 0.021797 0.020619
5 0.777802 0.637606 0.020907 0.020170
5 0.794262 0.683998 0.018238 0.017033
5 0.836744 0.602196 0.012456 0.019274
5 0.848754 0.603541 0.017794 0.022860
5 0.806272 0.542134 0.022687 0.018377
5 0.860543 0.566114 0.016459 0.020619
5 0.869662 0.576647 0.019573 0.021067
5 0.866770 0.617660 0.015569 0.019722
5 0.877669 0.619005 0.015125 0.020619
5 0.894351 0.584939 0.018238 0.018826
5 0.905027 0.579113 0.019128 0.015240
5 0.908363 0.588749 0.021352 0.017481
5 0.932162 0.616988 0.021797 0.020170
5 0.827847 0.527342 0.022242 0.016584
5 0.866993 0.420663 0.016904 0.018377
5 0.940836 0.471537 0.021352 0.015240
5 0.987100 0.470641 0.016904 0.018826
5 0.933052 0.500000 0.018238 0.016584
5 0.917260 0.508068 0.018683 0.016584
5 0.940391 0.518602 0.021352 0.018826
5 0.815391 0.509413 0.019573 0.016584
5 0.797598 0.466383 0.017794 0.019274
5 0.783141 0.473330 0.020018 0.017033
5 0.757562 0.467279 0.020463 0.016584
5 0.754671 0.479157 0.019128 0.017033
5 0.763568 0.489018 0.022687 0.017033
5 0.512011 0.437472 0.024021 0.017929
5 0.518906 0.424249 0.019128 0.018377
5 0.650356 0.458987 0.019573 0.017929
5 0.558052 0.539444 0.021797 0.017481
5 0.516014 0.299417 0.020463 0.020619
5 0.473532 0.320484 0.018238 0.017929
5 0.461077 0.365979 0.020018 0.018377
5 0.497331 0.333483 0.017794 0.017033
5 0.526913 0.343120 0.019128 0.017481
5 0.554938 0.328328 0.019128 0.021067
5 0.544039 0.354550 0.019573 0.018826
5 0.602091 0.312640 0.019128 0.017481
5 0.636343 0.310623 0.019128 0.023308
5 0.649466 0.311295 0.017794 0.020170
5 0.665703 0.333483 0.018238 0.019722
5 0.743995 0.356342 0.018238 0.019722
5 0.730427 0.152398 0.018683 0.017929
5 0.737322 0.146347 0.015569 0.016584
5 0.773577 0.151277 0.020463 0.020170
5 0.777802 0.188481 0.019128 0.019274
5 0.883007 0.252577 0.022242 0.023756
5 0.927714 0.307485 0.021797 0.021515
5 0.692838 0.043478 0.017349 0.017929
5 0.752447 0.072389 0.018238 0.018377
5 0.771130 0.132004 0.020018 0.020170
5 0.699733 0.120126 0.020463 0.020619
5 0.649911 0.081578 0.021352 0.022411
5 0.633897 0.111161 0.020463 0.017033
5 0.554270 0.147692 0.022242 0.021067
5 0.460632 0.004258 0.016459 0.008516
5 0.519795 0.023980 0.023577 0.021963
5 0.398577 0.059839 0.020463 0.023756
5 0.338968 0.058494 0.022242 0.021067
5 0.356539 0.067683 0.016459 0.020619
5 0.356984 0.091663 0.013790 0.018377
5 0.370329 0.091439 0.016459 0.017929
5 0.280694 0.094576 0.016904 0.017033
5 0.259564 0.116540 0.023577 0.020619
5 0.203069 0.137831 0.019128 0.018377
5 0.155694 0.163380 0.023132 0.022860
5 0.224422 0.219184 0.020907 0.020619
5 0.216415 0.242044 0.025356 0.021515
5 0.215970 0.276558 0.023577 0.026894
5 0.387011 0.269162 0.022242 0.020170
5 0.115214 0.301658 0.021352 0.015240
5 0.108986 0.313312 0.020463 0.016136
5 0.126335 0.362842 0.018683 0.021963
5 0.082740 0.396011 0.022242 0.016584
5 0.030472 0.404303 0.020018 0.017033
5 0.043817 0.438144 0.022687 0.018377
5 0.039591 0.509413 0.020463 0.021963
5 0.040703 0.533617 0.020018 0.017481
5 0.161922 0.477140 0.023132 0.020170
5 0.216192 0.491708 0.021352 0.019722
5 0.275578 0.441506 0.017349 0.018826
5 0.282251 0.503586 0.020018 0.021067
5 0.019351 0.558046 0.019128 0.021515
5 0.064279 0.608696 0.023577 0.021515
5 0.024466 0.609816 0.017794 0.017481
5 0.028470 0.632452 0.017794 0.016136
5 0.033141 0.660018 0.012011 0.013895
5 0.401246 0.534738 0.020463 0.020619
5 0.342304 0.551546 0.021797 0.019274
5 0.405249 0.642313 0.021352 0.021515
5 0.483763 0.610713 0.023577 0.021067
5 0.403470 0.337069 0.023132 0.021515
5 0.408585 0.365755 0.026246 0.020619
5 0.533585 0.213581 0.025356 0.025549
5 0.331406 0.596369 0.022242 0.018377