5 0.716818 0.755135 0.024545 0.031492
5 0.168182 0.655865 0.031818 0.030123
5 0.165000 0.727522 0.027273 0.029210
5 0.238636 0.691237 0.027273 0.029667
5 0.214545 0.725696 0.029091 0.030123
5 0.203182 0.760612 0.031818 0.031492
5 0.272955 0.738019 0.026818 0.023733
5 0.284545 0.753994 0.033636 0.031036
5 0.328864 0.741442 0.036818 0.035144
5 0.327500 0.678229 0.029545 0.034687
5 0.380682 0.679370 0.031364 0.029667
5 0.414091 0.699681 0.030000 0.025559
5 0.290000 0.645596 0.028182 0.030580
5 0.269091 0.638521 0.027273 0.026472
5 0.226818 0.637380 0.031818 0.026928
5 0.082955 0.710178 0.031364 0.032862
5 0.414318 0.796440 0.031364 0.031949
5 0.195909 0.843222 0.032727 0.032405
5 0.220455 0.832725 0.025455 0.027841
5 0.255455 0.837745 0.031818 0.036057
5 0.234318 0.863076 0.028636 0.030123
5 0.276591 0.861251 0.032273 0.028298
5 0.306591 0.925148 0.034091 0.034687
5 0.399773 0.936102 0.036818 0.032862
5 0.519545 0.773391 0.034545 0.032405
5 0.548182 0.813099 0.033636 0.036057
5 0.592727 0.821771 0.034545 0.035144
5 0.663182 0.879279 0.032727 0.030580
5 0.610455 0.932679 0.030909 0.033318
5 0.714773 0.813784 0.026818 0.032862
5 0.766591 0.766773 0.028636 0.028298
5 0.750227 0.743724 0.025909 0.026016
5 0.733409 0.749886 0.024091 0.030123
5 0.815455 0.813555 0.030909 0.031492
5 0.832727 0.850981 0.038182 0.039708
5 0.526591 0.647878 0.034091 0.031492
5 0.524318 0.709722 0.028636 0.026472
5 0.568864 0.688955 0.030455 0.028754
5 0.553636 0.717024 0.028182 0.023733
5 0.553409 0.731629 0.027727 0.020995
5 0.626136 0.701050 0.033182 0.031036
5 0.777727 0.698768 0.028182 0.029210
5 0.787500 0.645139 0.034091 0.031492
5 0.694091 0.584208 0.030909 0.031036
5 0.671364 0.504108 0.022727 0.019626
5 0.685455 0.513921 0.030909 0.027385
5 0.695909 0.469420 0.029091 0.026928
5 0.774091 0.509585 0.026364 0.025103
5 0.790227 0.520082 0.025909 0.025103
5 0.912045 0.507759 0.029545 0.024190
5 0.932955 0.528754 0.028636 0.026016
5 0.960227 0.471931 0.030455 0.026472
5 0.980455 0.515062 0.033636 0.028754
5 0.948182 0.572570 0.026364 0.026928
5 0.970227 0.601324 0.029545 0.030580
5 0.903182 0.594021 0.030909 0.027841
5 0.843182 0.628708 0.030000 0.029667
5 0.919773 0.617298 0.026818 0.028754
5 0.948636 0.630534 0.029091 0.029667
5 0.805909 0.467366 0.034545 0.031036
5 0.775682 0.457782 0.029545 0.030123
5 0.769318 0.371292 0.033182 0.028754
5 0.866818 0.428800 0.031818 0.032405
5 0.895227 0.427430 0.023182 0.027841
5 0.916818 0.422866 0.025455 0.026016
5 0.904091 0.445687 0.030000 0.026016
5 0.947273 0.409859 0.035455 0.033775
5 0.706136 0.379051 0.025909 0.025103
5 0.689773 0.358284 0.027727 0.025559
5 0.675909 0.413053 0.027273 0.025559
5 0.645455 0.404382 0.027273 0.024646
5 0.660909 0.439982 0.029091 0.024646
5 0.601591 0.409174 0.027727 0.025103
5 0.617273 0.447513 0.028182 0.026928
5 0.496136 0.431995 0.034091 0.029667
5 0.583409 0.464628 0.031364 0.023733
5 0.613182 0.502967 0.030000 0.030123
5 0.587273 0.566864 0.031818 0.031036
5 0.565682 0.280466 0.031364 0.030580
5 0.599545 0.263350 0.031818 0.030123
5 0.615455 0.288681 0.029091 0.027841
5 0.663409 0.259471 0.033182 0.026016
5 0.699773 0.224783 0.026818 0.026016
5 0.703409 0.247832 0.026818 0.025559
5 0.750455 0.237791 0.030909 0.025559
5 0.735227 0.272250 0.026818 0.028754
5 0.744318 0.298266 0.025000 0.027841
5 0.735455 0.323825 0.032727 0.031492
5 0.846136 0.232999 0.032273 0.027841
5 0.870682 0.247376 0.033182 0.027385
5 0.932273 0.268827 0.029091 0.028298
5 0.944773 0.298037 0.030455 0.033775
5 0.571591 0.093108 0.033182 0.030123
5 0.601364 0.061387 0.031818 0.033318
5 0.614091 0.097901 0.029091 0.035144
5 0.646818 0.088544 0.031818 0.027385
5 0.732500 0.102921 0.032273 0.030580
5 0.778182 0.148791 0.030909 0.034687
5 0.811364 0.171611 0.029091 0.027385
5 0.839773 0.143998 0.030455 0.030580
5 0.524318 0.188955 0.033182 0.033775
5 0.490227 0.233683 0.035000 0.033775
5 0.270000 0.071885 0.035455 0.026928
5 0.325227 0.122319 0.035000 0.036513
5 0.275227 0.193291 0.030455 0.026928
5 0.330455 0.180968 0.038182 0.036969
5 0.398409 0.067549 0.033182 0.032862
5 0.405227 0.102465 0.032273 0.028754
5 0.437500 0.065723 0.032273 0.030123
5 0.486136 0.050205 0.034091 0.032862
5 0.538864 0.046554 0.034091 0.034687
5 0.197500 0.111365 0.021364 0.017344
5 0.140682 0.164080 0.023182 0.020539
5 0.189091 0.143542 0.030909 0.025103
5 0.103636 0.236878 0.026364 0.024646
5 0.126364 0.247832 0.036364 0.031949
5 0.084318 0.272707 0.028636 0.027841
5 0.043636 0.348015 0.026364 0.030580
5 0.177273 0.317663 0.030000 0.032862
5 0.186364 0.376997 0.034545 0.032862
5 0.336818 0.398220 0.032727 0.032405
5 0.324773 0.427430 0.028636 0.026928
5 0.380455 0.342538 0.032727 0.029667
5 0.431818 0.290963 0.032727 0.029667
5 0.448636 0.321543 0.027273 0.030580
5 0.432500 0.342994 0.028636 0.027841
5 0.403182 0.434048 0.029091 0.033775
5 0.502500 0.329986 0.039545 0.038339
5 0.363636 0.472387 0.032727 0.031949
5 0.406136 0.509128 0.033182 0.031492
5 0.319545 0.562300 0.030909 0.031036
5 0.307955 0.500913 0.032273 0.031492
5 0.260455 0.484938 0.032727 0.031492
5 0.280682 0.505021 0.032273 0.030580
5 0.201364 0.560246 0.032727 0.033318
5 0.180909 0.590370 0.030000 0.031492
5 0.091136 0.543131 0.032273 0.031949
5 0.127727 0.552944 0.032727 0.032405
5 0.144773 0.593108 0.031364 0.028754
5 0.128409 0.608170 0.025909 0.027841
5 0.060455 0.628480 0.033636 0.027385
5 0.068636 0.652442 0.032727 0.030580
5 0.892500 0.757873 0.034091 0.031492