5 0.639848 0.612714 0.023756 0.027953
5 0.611161 0.416817 0.019274 0.022092
5 0.555132 0.044409 0.021963 0.026601
5 0.635365 0.131199 0.017481 0.025248
5 0.176602 0.658025 0.018826 0.018485
5 0.212461 0.649684 0.019722 0.018936
5 0.296280 0.659152 0.021515 0.018034
5 0.166517 0.758566 0.023756 0.018485
5 0.085164 0.749549 0.018826 0.017583
5 0.095473 0.699279 0.019722 0.019838
5 0.055580 0.691614 0.017929 0.014427
5 0.053788 0.700631 0.016136 0.015329
5 0.058270 0.646528 0.021515 0.022543
5 0.245406 0.780207 0.020170 0.016682
5 0.266248 0.775699 0.020619 0.017583
5 0.234424 0.865419 0.020619 0.020289
5 0.198342 0.886610 0.017481 0.018485
5 0.302107 0.892471 0.019722 0.017583
5 0.427163 0.879170 0.018826 0.018034
5 0.443971 0.881876 0.017481 0.022543
5 0.357015 0.947475 0.021963 0.020289
5 0.379650 0.923805 0.017929 0.014427
5 0.397580 0.933048 0.017929 0.017583
5 0.427163 0.941163 0.017929 0.017583
5 0.439937 0.976330 0.021067 0.019387
5 0.559166 0.879847 0.017481 0.018485
5 0.571268 0.885032 0.017481 0.017133
5 0.590991 0.881199 0.018377 0.016682
5 0.546168 0.962579 0.021067 0.020739
5 0.603765 0.941614 0.019722 0.018485
5 0.607575 0.866546 0.020170 0.019838
5 0.632676 0.903742 0.022860 0.021190
5 0.532048 0.822813 0.019722 0.018936
5 0.610264 0.800947 0.019274 0.018485
5 0.660690 0.786745 0.017033 0.016231
5 0.644778 0.858431 0.019274 0.020739
5 0.659794 0.895627 0.016136 0.017583
5 0.716495 0.869928 0.019274 0.016682
5 0.742716 0.904644 0.025997 0.028404
5 0.794039 0.796889 0.016584 0.016682
5 0.500448 0.781560 0.021067 0.019387
5 0.712237 0.733318 0.017033 0.015780
5 0.755939 0.721596 0.019274 0.015780
5 0.751009 0.754058 0.019274 0.020289
5 0.781264 0.719342 0.017033 0.016682
5 0.785074 0.706267 0.015688 0.014878
5 0.785970 0.690712 0.016584 0.016231
5 0.863962 0.714157 0.017481 0.019838
5 0.813985 0.762849 0.017929 0.016231
5 0.826311 0.770289 0.018377 0.017583
5 0.882116 0.678314 0.018826 0.017583
5 0.750560 0.548693 0.020170 0.018034
5 0.823846 0.570334 0.019722 0.018034
5 0.913940 0.537421 0.016136 0.017133
5 0.897355 0.616997 0.017929 0.016682
5 0.487674 0.482642 0.017929 0.018485
5 0.482519 0.520514 0.016584 0.017583
5 0.488346 0.528179 0.016584 0.015780
5 0.480950 0.539901 0.017929 0.016682
5 0.541685 0.543959 0.021067 0.018485
5 0.579785 0.518260 0.020170 0.021190
5 0.636934 0.487376 0.017929 0.018034
5 0.707530 0.493463 0.020170 0.017583
5 0.642537 0.587917 0.019274 0.021641
5 0.617660 0.432822 0.020619 0.020739
5 0.629314 0.454013 0.020619 0.018936
5 0.651502 0.435077 0.018377 0.016231
5 0.664500 0.454914 0.021067 0.017133
5 0.686912 0.434626 0.015688 0.015329
5 0.697445 0.431695 0.016136 0.018485
5 0.710668 0.380072 0.021963 0.018034
5 0.665845 0.384806 0.020170 0.015780
5 0.661363 0.369252 0.019274 0.017133
5 0.645002 0.360685 0.020619 0.019838
5 0.664948 0.337466 0.017481 0.015780
5 0.635365 0.374211 0.014792 0.017133
5 0.839534 0.377592 0.019722 0.016682
5 0.840654 0.392020 0.018377 0.013977
5 0.868445 0.443417 0.017481 0.014878
5 0.927163 0.438909 0.020170 0.018485
5 0.900493 0.459874 0.017033 0.018034
5 0.504931 0.136610 0.020170 0.018936
5 0.523532 0.151488 0.022411 0.018936
5 0.523532 0.198377 0.020619 0.018936
5 0.561183 0.217087 0.021515 0.019387
5 0.592111 0.220469 0.022411 0.019838
5 0.596818 0.266231 0.019274 0.019387
5 0.632676 0.252705 0.020170 0.018485
5 0.740475 0.212804 0.023308 0.019838
5 0.771627 0.274572 0.018377 0.018034
5 0.810623 0.295762 0.021067 0.017133
5 0.672568 0.142922 0.019274 0.018034
5 0.581354 0.033814 0.020619 0.019838
5 0.613178 0.049143 0.019722 0.019838
5 0.596145 0.093778 0.017033 0.018034
5 0.686463 0.106853 0.022860 0.019838
5 0.733303 0.093102 0.023308 0.021190
5 0.472658 0.150135 0.020170 0.018034
5 0.434334 0.068079 0.018826 0.018034
5 0.459211 0.022092 0.012999 0.015329
5 0.470193 0.019161 0.014343 0.019387
5 0.271627 0.066952 0.018826 0.018485
5 0.295383 0.059062 0.018826 0.017133
5 0.421560 0.019612 0.021067 0.016682
5 0.429628 0.040126 0.020170 0.020739
5 0.396459 0.082732 0.020170 0.020289
5 0.207754 0.153066 0.018377 0.018485
5 0.189825 0.188458 0.016584 0.018034
5 0.201927 0.234445 0.018377 0.020739
5 0.181309 0.252480 0.020170 0.018936
5 0.110937 0.259693 0.018377 0.018034
5 0.105782 0.317178 0.018826 0.018485
5 0.139848 0.306357 0.018826 0.017583
5 0.389960 0.213255 0.017033 0.018936
5 0.372030 0.301849 0.019722 0.020289
5 0.047736 0.383454 0.020170 0.018485
5 0.122815 0.377592 0.016136 0.016682
5 0.108472 0.413886 0.014343 0.018034
5 0.121246 0.418846 0.019274 0.020739
5 0.067683 0.479261 0.021515 0.020739
5 0.051098 0.493913 0.017929 0.018485
5 0.036531 0.506988 0.020170 0.018485
5 0.067459 0.532462 0.021067 0.017133
5 0.121694 0.513977 0.020170 0.018034
5 0.139848 0.525473 0.018826 0.017583
5 0.279695 0.523219 0.017929 0.019387
5 0.013895 0.552750 0.017929 0.021641
5 0.385029 0.649910 0.018826 0.018485
5 0.389287 0.328900 0.021067 0.019387
5 0.485657 0.410505 0.016584 0.013977