5 0.187302 0.662955 0.013605 0.019545
5 0.035147 0.519318 0.022222 0.019545
5 0.183900 0.545682 0.024036 0.024091
5 0.479592 0.398182 0.022222 0.028182
5 0.114739 0.670227 0.017234 0.015909
5 0.146712 0.670909 0.019501 0.018182
5 0.173016 0.698182 0.019501 0.018182
5 0.187755 0.742500 0.019048 0.016818
5 0.126077 0.769091 0.018141 0.018182
5 0.207710 0.662273 0.017234 0.019091
5 0.226077 0.656364 0.015873 0.017273
5 0.228571 0.672045 0.014512 0.018636
5 0.227664 0.686591 0.017234 0.013182
5 0.226531 0.724773 0.017687 0.018636
5 0.233333 0.707500 0.012245 0.015000
5 0.241043 0.712955 0.014966 0.015909
5 0.263946 0.745682 0.019048 0.019545
5 0.273696 0.732500 0.019501 0.021364
5 0.289342 0.732955 0.015420 0.018636
5 0.148980 0.809091 0.016780 0.014545
5 0.178458 0.823864 0.014966 0.015909
5 0.240136 0.825455 0.014966 0.015455
5 0.255782 0.827045 0.016327 0.017727
5 0.240816 0.856136 0.016327 0.017727
5 0.244444 0.843864 0.017234 0.015909
5 0.325397 0.881364 0.017687 0.020000
5 0.352834 0.875909 0.015420 0.017273
5 0.398186 0.799545 0.016327 0.018182
5 0.365533 0.908864 0.018141 0.019545
5 0.441043 0.830909 0.017687 0.017273
5 0.470748 0.819545 0.019048 0.018182
5 0.492063 0.904091 0.016327 0.018182
5 0.459184 0.945909 0.016780 0.015455
5 0.554649 0.903409 0.019048 0.017727
5 0.582540 0.903409 0.018594 0.016818
5 0.588435 0.936591 0.015873 0.019545
5 0.614966 0.902955 0.016327 0.016818
5 0.621088 0.915000 0.014966 0.019091
5 0.610884 0.867955 0.018141 0.016818
5 0.575510 0.827500 0.018141 0.018636
5 0.582993 0.837955 0.017687 0.015909
5 0.572109 0.806136 0.020408 0.017727
5 0.649433 0.884545 0.017234 0.018182
5 0.664399 0.903182 0.019048 0.020000
5 0.755329 0.826818 0.016780 0.014545
5 0.763265 0.838864 0.019048 0.015000
5 0.790703 0.844091 0.017687 0.020000
5 0.789116 0.707045 0.017234 0.015909
5 0.865760 0.694091 0.016327 0.012727
5 0.871429 0.685455 0.012245 0.012727
5 0.852381 0.749318 0.016780 0.018636
5 0.878685 0.756364 0.016780 0.019091
5 0.858277 0.811136 0.017687 0.021364
5 0.928118 0.725227 0.014059 0.015909
5 0.933787 0.716818 0.014512 0.014545
5 0.716553 0.601136 0.019955 0.016818
5 0.773469 0.660227 0.018594 0.016818
5 0.868934 0.624773 0.020862 0.018636
5 0.899320 0.613864 0.015420 0.017727
5 0.954649 0.617727 0.016327 0.018182
5 0.956463 0.663409 0.017234 0.016818
5 0.971429 0.578182 0.016327 0.018182
5 0.954422 0.459318 0.016780 0.017727
5 0.933787 0.522045 0.018141 0.022273
5 0.992063 0.548409 0.012245 0.016818
5 0.852834 0.368636 0.019501 0.018182
5 0.953288 0.398636 0.018141 0.019091
5 0.966440 0.413636 0.012698 0.013636
5 0.982993 0.423864 0.013152 0.015909
5 0.672562 0.351818 0.019048 0.020000
5 0.811565 0.311136 0.017687 0.017727
5 0.861678 0.264318 0.016327 0.018636
5 0.912698 0.270000 0.016780 0.020000
5 0.903628 0.302273 0.019501 0.019091
5 0.702948 0.122955 0.014512 0.017727
5 0.709297 0.132955 0.014512 0.015000
5 0.705215 0.172045 0.018141 0.018636
5 0.739909 0.134773 0.015873 0.015000
5 0.746032 0.159545 0.017234 0.018182
5 0.719728 0.207273 0.019048 0.017273
5 0.750113 0.204091 0.017234 0.018182
5 0.794331 0.183182 0.017687 0.018182
5 0.800907 0.156818 0.017234 0.018182
5 0.823583 0.204545 0.015420 0.017273
5 0.839683 0.208182 0.016780 0.017273
5 0.867800 0.187045 0.018594 0.017727
5 0.915646 0.233409 0.013605 0.015909
5 0.729705 0.082273 0.018141 0.018182
5 0.693878 0.087500 0.016327 0.017727
5 0.560317 0.090000 0.015873 0.014545
5 0.612472 0.165909 0.015873 0.019091
5 0.555102 0.036818 0.018141 0.017273
5 0.425850 0.055227 0.016327 0.016818
5 0.434240 0.085909 0.017687 0.020909
5 0.485488 0.088636 0.014966 0.019091
5 0.478231 0.128409 0.016780 0.017727
5 0.592744 0.031364 0.019048 0.021818
5 0.284580 0.105227 0.016780 0.017727
5 0.381633 0.062273 0.018594 0.017273
5 0.226077 0.145000 0.018594 0.020909
5 0.226757 0.171818 0.019955 0.020000
5 0.334014 0.220455 0.015873 0.020909
5 0.583220 0.290455 0.013605 0.016364
5 0.458277 0.375227 0.010431 0.012273
5 0.323129 0.348864 0.024943 0.028636
5 0.378912 0.404773 0.017687 0.017727
5 0.381859 0.424318 0.015420 0.016818
5 0.252381 0.492727 0.015873 0.018182
5 0.276190 0.524545 0.018141 0.021818
5 0.337415 0.509545 0.019955 0.020000
5 0.374603 0.544318 0.016327 0.017727
5 0.323810 0.547955 0.018141 0.019545
5 0.312245 0.572273 0.016780 0.019091
5 0.320408 0.590227 0.016780 0.018636
5 0.227891 0.563636 0.017687 0.017273
5 0.220635 0.604545 0.015873 0.016364
5 0.256916 0.592955 0.016780 0.018636
5 0.282086 0.597273 0.016327 0.017273
5 0.295465 0.605000 0.015873 0.020909
5 0.317687 0.610000 0.017687 0.019091
5 0.334467 0.609318 0.021315 0.022273
5 0.097959 0.301818 0.019048 0.020000
5 0.068934 0.335682 0.019048 0.020455
5 0.091156 0.390227 0.017234 0.022273
5 0.160317 0.413864 0.020408 0.022273
5 0.020408 0.471818 0.019955 0.022727
5 0.019955 0.506364 0.016327 0.017273
5 0.113379 0.495455 0.019955 0.019091
5 0.151020 0.505227 0.017234 0.017727
5 0.112245 0.584318 0.020408 0.022273
5 0.096372 0.611136 0.020408 0.022273
5 0.051927 0.629545 0.020408 0.020000
5 0.060998 0.657273 0.017687 0.020000
5 0.443764 0.691591 0.017687 0.019545
5 0.484580 0.697727 0.016780 0.018182
5 0.423129 0.768864 0.017234 0.019545
5 0.470068 0.568864 0.017687 0.017727
5 0.496599 0.580909 0.019955 0.020909