5 0.022864 0.367309 0.021709 0.027548
5 0.010855 0.442608 0.021709 0.030303
5 0.194226 0.771579 0.034642 0.030762
5 0.227483 0.759642 0.030023 0.029844
5 0.290762 0.723829 0.032794 0.027089
5 0.292610 0.762167 0.032794 0.031221
5 0.263279 0.783517 0.029561 0.028926
5 0.258661 0.805785 0.030485 0.026630
5 0.321016 0.818411 0.028637 0.027089
5 0.357506 0.770432 0.031409 0.030303
5 0.392148 0.748623 0.027714 0.026171
5 0.410393 0.740588 0.028176 0.025712
5 0.460277 0.746097 0.030947 0.027548
5 0.398383 0.807622 0.028176 0.029385
5 0.499769 0.795455 0.035104 0.028926
5 0.453580 0.824151 0.024018 0.027548
5 0.474134 0.830579 0.030947 0.029385
5 0.399307 0.849174 0.034642 0.029844
5 0.503926 0.714417 0.027714 0.027548
5 0.217090 0.858586 0.029561 0.028466
5 0.238568 0.876722 0.030947 0.029844
5 0.282910 0.912994 0.035566 0.033517
5 0.362356 0.878558 0.029099 0.031680
5 0.409700 0.882920 0.027714 0.029385
5 0.451732 0.954775 0.032333 0.029844
5 0.466513 0.929982 0.029561 0.027089
5 0.499307 0.915519 0.030485 0.028466
5 0.496074 0.946970 0.029561 0.030762
5 0.526559 0.920110 0.030485 0.030303
5 0.600924 0.788338 0.036952 0.029385
5 0.672748 0.911616 0.035566 0.036272
5 0.585912 0.953168 0.027252 0.031221
5 0.639492 0.656107 0.028176 0.027548
5 0.667436 0.645087 0.022171 0.023875
5 0.681062 0.655418 0.022633 0.026171
5 0.676443 0.707300 0.030947 0.034435
5 0.718476 0.722681 0.033718 0.032140
5 0.760046 0.708907 0.031871 0.031221
5 0.854503 0.713039 0.034180 0.025712
5 0.845266 0.784435 0.036952 0.031680
5 0.854503 0.629936 0.032333 0.032140
5 0.544804 0.712810 0.030023 0.028007
5 0.607390 0.604454 0.030485 0.029844
5 0.664896 0.611800 0.031871 0.028926
5 0.717090 0.588843 0.028176 0.030762
5 0.706005 0.455464 0.033718 0.028466
5 0.817090 0.446740 0.030485 0.024793
5 0.841109 0.500000 0.031409 0.032140
5 0.843880 0.550275 0.025866 0.029844
5 0.831871 0.565427 0.026790 0.021579
5 0.874134 0.559688 0.030023 0.030303
5 0.968591 0.480946 0.028637 0.029844
5 0.939030 0.570478 0.034180 0.029844
5 0.973441 0.589761 0.035566 0.030762
5 0.823557 0.581038 0.036952 0.028007
5 0.697229 0.306703 0.032794 0.031221
5 0.724711 0.294995 0.030485 0.027089
5 0.639261 0.363636 0.031409 0.026630
5 0.637875 0.402204 0.023095 0.025712
5 0.660277 0.404500 0.022633 0.031221
5 0.726097 0.348485 0.022171 0.026630
5 0.748499 0.348026 0.024480 0.031221
5 0.840185 0.265152 0.026790 0.027089
5 0.869284 0.268825 0.024942 0.027089
5 0.907390 0.296602 0.030947 0.027548
5 0.942494 0.306015 0.027252 0.028926
5 0.881986 0.337236 0.029099 0.026171
5 0.909238 0.346878 0.027252 0.024334
5 0.941109 0.342975 0.029099 0.025712
5 0.852656 0.400367 0.030485 0.028466
5 0.807852 0.164371 0.031409 0.028466
5 0.857737 0.207759 0.030485 0.031680
5 0.897229 0.230028 0.030947 0.029385
5 0.790531 0.193985 0.029099 0.024334
5 0.778522 0.211433 0.019861 0.023416
5 0.794226 0.216713 0.025404 0.023875
5 0.754965 0.228191 0.031871 0.032140
5 0.641339 0.240588 0.032794 0.028466
5 0.546189 0.142332 0.028176 0.024793
5 0.497921 0.162534 0.026790 0.022039
5 0.513395 0.179982 0.027252 0.025712
5 0.556351 0.179752 0.026328 0.026171
5 0.578291 0.196051 0.025866 0.024793
5 0.583834 0.220386 0.026790 0.028466
5 0.488222 0.211662 0.028637 0.028466
5 0.436490 0.251148 0.028637 0.028466
5 0.419169 0.286961 0.029099 0.028466
5 0.467206 0.264692 0.025404 0.028926
5 0.567206 0.275023 0.028637 0.028466
5 0.595381 0.282599 0.028637 0.027089
5 0.589838 0.327594 0.028637 0.026171
5 0.560739 0.337695 0.024942 0.028926
5 0.590993 0.359275 0.027252 0.025253
5 0.527714 0.369835 0.028176 0.029844
5 0.561663 0.394399 0.031409 0.031221
5 0.545497 0.425620 0.030485 0.028466
5 0.592841 0.437098 0.030023 0.029385
5 0.454042 0.448347 0.034180 0.029844
5 0.395843 0.364784 0.035104 0.029844
5 0.318476 0.371901 0.028176 0.028466
5 0.350577 0.386364 0.029561 0.027089
5 0.351270 0.413682 0.026328 0.025712
5 0.132794 0.300275 0.034642 0.031221
5 0.173210 0.343664 0.033256 0.034435
5 0.135797 0.388430 0.035104 0.031221
5 0.332333 0.291093 0.030023 0.031221
5 0.305081 0.445592 0.033718 0.028926
5 0.158661 0.212351 0.032794 0.032599
5 0.188453 0.238292 0.033256 0.036731
5 0.191455 0.189394 0.034642 0.029844
5 0.220323 0.148301 0.033256 0.029385
5 0.262818 0.115014 0.038799 0.030762
5 0.321016 0.088154 0.034180 0.031221
5 0.315242 0.132691 0.033718 0.029385
5 0.355889 0.108356 0.031871 0.026630
5 0.374365 0.083792 0.030023 0.027089
5 0.333025 0.237144 0.035104 0.031680
5 0.060277 0.292241 0.034642 0.029844
5 0.040416 0.398531 0.033718 0.030303
5 0.022864 0.523186 0.027252 0.028926
5 0.050115 0.516988 0.031871 0.029385
5 0.030023 0.563131 0.033256 0.028007
5 0.128637 0.541781 0.028176 0.032140
5 0.172286 0.585629 0.036952 0.032599
5 0.307159 0.516758 0.032333 0.029844
5 0.314550 0.542700 0.029561 0.034894
5 0.293533 0.629477 0.030023 0.031221
5 0.341801 0.615473 0.027714 0.027089
5 0.040878 0.645317 0.032794 0.028926
5 0.372517 0.558310 0.034642 0.028466
5 0.425404 0.564279 0.034180 0.029385
5 0.319630 0.634757 0.025866 0.028007
5 0.387529 0.655418 0.035104 0.030762
5 0.381293 0.505510 0.032794 0.032140
5 0.610162 0.503903 0.036028 0.030762
5 0.450808 0.041781 0.033256 0.033058
5 0.517321 0.052342 0.031409 0.034894
5 0.564434 0.016988 0.031409 0.027548
5 0.559353 0.055096 0.036028 0.036731
5 0.619630 0.084022 0.032794 0.036731
5 0.648961 0.080808 0.030485 0.031221
5 0.708083 0.061524 0.031409 0.026630
5 0.739492 0.076217 0.033256 0.032140