5 0.741830 0.493997 0.016340 0.020527
5 0.367239 0.150271 0.020425 0.016266
5 0.615400 0.255422 0.024101 0.020527
5 0.649714 0.129744 0.021650 0.016266
5 0.771242 0.260651 0.020425 0.024012
5 0.834150 0.336948 0.020425 0.016266
5 0.838440 0.353796 0.021650 0.015105
5 0.629289 0.419442 0.015931 0.018590
5 0.571078 0.420023 0.031863 0.025949
5 0.373366 0.473470 0.022876 0.020527
5 0.507353 0.689388 0.025327 0.027111
5 0.334355 0.625097 0.018382 0.024012
5 0.297590 0.636328 0.018382 0.018590
5 0.228350 0.626646 0.017157 0.018590
5 0.181577 0.439969 0.021650 0.018590
5 0.142974 0.488187 0.022876 0.017428
5 0.070261 0.493222 0.026144 0.020527
5 0.071078 0.540279 0.022876 0.021689
5 0.083538 0.428156 0.018382 0.020527
5 0.092116 0.382843 0.024101 0.025949
5 0.093954 0.338497 0.020425 0.024012
5 0.151961 0.257940 0.019608 0.018590
5 0.314134 0.733540 0.019608 0.021689
5 0.296569 0.780015 0.022876 0.021689
5 0.090482 0.642912 0.015931 0.018590
5 0.131332 0.682610 0.024101 0.015105
5 0.145425 0.691712 0.025327 0.027111
5 0.209150 0.189969 0.013889 0.019752
5 0.219363 0.182998 0.013889 0.019752
5 0.230392 0.188807 0.014706 0.018978
5 0.278595 0.183191 0.012255 0.015492
5 0.288399 0.194229 0.016340 0.020527
5 0.142157 0.736445 0.016340 0.018978
5 0.150940 0.757359 0.027369 0.018203
5 0.151348 0.744384 0.018382 0.013943