5 0.034962 0.645638 0.020619 0.023266
5 0.103317 0.588814 0.023756 0.017897
5 0.054236 0.496197 0.025101 0.025056
5 0.202152 0.538702 0.023308 0.024161
5 0.244957 0.494407 0.024653 0.019687
5 0.193859 0.638255 0.021963 0.021924
5 0.347378 0.675391 0.023308 0.022819
5 0.150381 0.774944 0.019274 0.015213
5 0.164276 0.768456 0.014792 0.017450
5 0.275437 0.889709 0.020170 0.018345
5 0.300314 0.883669 0.025101 0.018792
5 0.325190 0.843400 0.021067 0.017897
5 0.335724 0.832886 0.022411 0.019239
5 0.360377 0.817450 0.018826 0.018792
5 0.388615 0.817450 0.022411 0.019687
5 0.411923 0.843624 0.022411 0.021029
5 0.490363 0.800895 0.020619 0.021477
5 0.490811 0.723714 0.022411 0.018345
5 0.509189 0.865996 0.022411 0.021029
5 0.386374 0.907606 0.021515 0.022819
5 0.454505 0.904698 0.016136 0.018792
5 0.421784 0.917897 0.020619 0.019239
5 0.464814 0.934004 0.018826 0.018345
5 0.466607 0.961745 0.019722 0.020134
5 0.555580 0.966219 0.020170 0.016555
5 0.559390 0.950336 0.017929 0.018792
5 0.575078 0.942282 0.020619 0.023266
5 0.602196 0.936465 0.017481 0.019687
5 0.614971 0.929978 0.016136 0.017450
5 0.642089 0.891051 0.020170 0.020134
5 0.746302 0.917673 0.019722 0.017897
5 0.761094 0.874720 0.020619 0.018792
5 0.599731 0.674944 0.025101 0.021029
5 0.579337 0.710738 0.018377 0.018345
5 0.661363 0.677629 0.016584 0.018345
5 0.757508 0.677629 0.019722 0.020134
5 0.674137 0.745638 0.020619 0.018345
5 0.703496 0.769799 0.020170 0.017450
5 0.782160 0.717226 0.017929 0.017897
5 0.848947 0.678076 0.021515 0.023714
5 0.939041 0.666219 0.023308 0.021477
5 0.895338 0.725727 0.021067 0.023266
5 0.848723 0.751230 0.020170 0.019687
5 0.428732 0.614094 0.021963 0.020134
5 0.473779 0.607383 0.014343 0.016555
5 0.486553 0.609172 0.017481 0.017450
5 0.530704 0.577181 0.022411 0.021477
5 0.552891 0.441834 0.021067 0.020134
5 0.519722 0.482998 0.021963 0.021924
5 0.558046 0.511186 0.022411 0.020134
5 0.571717 0.535347 0.021067 0.019239
5 0.619677 0.498210 0.019274 0.018345
5 0.663828 0.414765 0.019722 0.020582
5 0.703944 0.406711 0.021963 0.017002
5 0.724339 0.427069 0.018826 0.017450
5 0.704841 0.530872 0.021067 0.021029
5 0.790453 0.414541 0.019274 0.020134
5 0.781264 0.505369 0.017929 0.015660
5 0.744285 0.536242 0.020170 0.018345
5 0.768938 0.548322 0.020170 0.017450
5 0.808830 0.480313 0.018377 0.017450
5 0.846706 0.477852 0.019722 0.019687
5 0.852981 0.504922 0.018826 0.018345
5 0.809727 0.546756 0.019274 0.018792
5 0.844240 0.559284 0.019274 0.017002
5 0.873151 0.491499 0.019722 0.021924
5 0.928283 0.469128 0.016136 0.014765
5 0.943075 0.473826 0.020619 0.020582
5 0.912595 0.515660 0.018826 0.017450
5 0.874944 0.543624 0.020619 0.017002
5 0.867324 0.571588 0.017033 0.016555
5 0.886374 0.568680 0.018377 0.017002
5 0.922232 0.566219 0.018377 0.018345
5 0.940385 0.574049 0.022411 0.022371
5 0.950022 0.559508 0.020170 0.016555
5 0.742044 0.321253 0.022860 0.020582
5 0.784626 0.292394 0.021067 0.019239
5 0.829225 0.336242 0.018826 0.019239
5 0.794935 0.379866 0.021067 0.021477
5 0.915285 0.393512 0.021515 0.021029
5 0.948229 0.317673 0.017481 0.017897
5 0.951143 0.361074 0.017929 0.019687
5 0.951591 0.379866 0.019722 0.018792
5 0.976020 0.426398 0.015688 0.013423
5 0.506275 0.330201 0.018377 0.019687
5 0.539220 0.317002 0.020619 0.020134
5 0.613850 0.310738 0.020170 0.016555
5 0.651950 0.357271 0.021963 0.018345
5 0.632900 0.382998 0.022411 0.018792
5 0.255043 0.343177 0.020619 0.018792
5 0.301658 0.323714 0.017929 0.017450
5 0.303675 0.348322 0.021067 0.018345
5 0.336396 0.328188 0.021067 0.019239
5 0.273644 0.411186 0.021963 0.021477
5 0.337965 0.389262 0.018826 0.019687
5 0.403182 0.322595 0.019274 0.017897
5 0.433438 0.386577 0.022411 0.022371
5 0.386374 0.447427 0.018826 0.020582
5 0.457418 0.363758 0.019274 0.020582
5 0.481398 0.369351 0.020619 0.020134
5 0.454953 0.316555 0.019722 0.019239
5 0.477364 0.290380 0.018826 0.017002
5 0.458091 0.285682 0.017033 0.017450
5 0.408561 0.285011 0.017481 0.017897
5 0.234200 0.127740 0.022860 0.018345
5 0.253698 0.156152 0.020619 0.019687
5 0.291125 0.146085 0.021963 0.016555
5 0.218512 0.219016 0.020170 0.020134
5 0.237562 0.238255 0.020619 0.020134
5 0.426042 0.150112 0.021067 0.020134
5 0.538772 0.161521 0.017929 0.019687
5 0.432766 0.270022 0.020170 0.020134
5 0.452039 0.263087 0.021067 0.021477
5 0.015912 0.453020 0.021963 0.021029
5 0.035634 0.356600 0.020170 0.021477
5 0.047512 0.391275 0.018826 0.021924
5 0.078664 0.406488 0.021963 0.022819
5 0.102196 0.368456 0.017929 0.017450
5 0.095025 0.342506 0.024204 0.020134
5 0.080457 0.319016 0.018377 0.017897
5 0.151277 0.466443 0.022860 0.022819
5 0.070372 0.331991 0.021515 0.021477
5 0.143209 0.302461 0.021963 0.016107
5 0.180636 0.256823 0.021515 0.022371
5 0.099283 0.255928 0.018377 0.017897
5 0.101972 0.276063 0.019274 0.017897
5 0.100628 0.291275 0.021963 0.018792
5 0.081354 0.298658 0.016584 0.017450
5 0.131331 0.196197 0.022411 0.024609
5 0.148588 0.180089 0.021067 0.021924
5 0.160466 0.171812 0.022411 0.022371
5 0.177723 0.148098 0.020170 0.018792
5 0.287987 0.075391 0.018377 0.021029
5 0.343792 0.101342 0.022411 0.019239
5 0.390856 0.030872 0.017929 0.015213
5 0.402062 0.062192 0.021515 0.020582
5 0.433438 0.107383 0.019722 0.017897
5 0.477813 0.076286 0.020619 0.020134
5 0.470417 0.093960 0.018377 0.020582
5 0.510309 0.016107 0.017481 0.015213
5 0.771851 0.209843 0.019722 0.017897
5 0.874720 0.224385 0.021963 0.018345
5 0.642537 0.149441 0.019274 0.017002