5 0.134206 0.359605 0.022095 0.031371
5 0.082038 0.456429 0.024959 0.029822
5 0.185556 0.523044 0.029051 0.027498
5 0.106383 0.504454 0.030278 0.029822
5 0.172463 0.408985 0.019231 0.028660
5 0.185761 0.446747 0.018003 0.025949
5 0.217267 0.421185 0.026187 0.027498
5 0.187602 0.257165 0.033142 0.032533
5 0.229746 0.204880 0.023322 0.032533
5 0.164280 0.365414 0.024959 0.027498
5 0.310761 0.240899 0.029051 0.020914
5 0.335720 0.213981 0.023322 0.022076
5 0.396072 0.215724 0.026187 0.017041
5 0.538666 0.201007 0.024959 0.024787
5 0.557283 0.170023 0.018003 0.017041
5 0.462766 0.244771 0.016367 0.020914
5 0.428601 0.249419 0.019231 0.017041
5 0.524959 0.266266 0.022095 0.027498
5 0.410597 0.362703 0.024959 0.027498
5 0.424509 0.450426 0.019231 0.020914
5 0.799714 0.423896 0.027414 0.027498
5 0.912848 0.410922 0.022095 0.024787
5 0.106997 0.542990 0.015957 0.012393
5 0.096563 0.559450 0.021277 0.018978
5 0.090016 0.584818 0.020458 0.020914
5 0.105974 0.606507 0.022913 0.020914
5 0.135229 0.614059 0.015957 0.017428
5 0.175736 0.624710 0.017594 0.019365
5 0.117021 0.677769 0.023732 0.020139
5 0.130319 0.743416 0.029051 0.025949
5 0.198445 0.760070 0.020458 0.016654
5 0.156506 0.575910 0.014321 0.024787
5 0.174918 0.559063 0.019231 0.018203
5 0.173895 0.581139 0.012275 0.015105
5 0.186375 0.576297 0.015957 0.012393
5 0.186579 0.598373 0.022095 0.020914
5 0.243249 0.500000 0.019231 0.021689
5 0.228723 0.455267 0.022913 0.018203
5 0.277823 0.467467 0.022913 0.023238
5 0.248773 0.523625 0.021277 0.024012
5 0.309943 0.479473 0.016776 0.020139
5 0.337152 0.446553 0.021277 0.022463
5 0.346768 0.420217 0.018412 0.021689
5 0.153232 0.308482 0.015139 0.018203
5 0.163666 0.296088 0.013093 0.017428
5 0.175736 0.305190 0.014321 0.021689
5 0.297054 0.373548 0.013912 0.013555
5 0.310556 0.370062 0.012275 0.013555
5 0.306669 0.386328 0.019231 0.014330
5 0.302987 0.402401 0.015139 0.011619
5 0.312602 0.414020 0.022095 0.019365
5 0.363339 0.388459 0.022913 0.021689
5 0.332447 0.370643 0.015957 0.019365
5 0.346768 0.365802 0.014321 0.014330
5 0.369272 0.459915 0.017594 0.017428
5 0.269231 0.159373 0.013093 0.015105
5 0.279051 0.169442 0.011457 0.017428
5 0.294804 0.159954 0.018412 0.024787
5 0.323241 0.184353 0.020458 0.023238
5 0.358838 0.171572 0.012275 0.013168
5 0.373159 0.174284 0.012275 0.010070
5 0.369681 0.185902 0.014321 0.013168
5 0.386047 0.176801 0.015139 0.018203
5 0.406301 0.181642 0.022913 0.021689
5 0.406301 0.164601 0.021277 0.012393
5 0.393822 0.144462 0.016776 0.020139
5 0.434329 0.155887 0.020049 0.016654
5 0.443535 0.136909 0.013912 0.016654
5 0.475041 0.113478 0.020458 0.024787
5 0.499591 0.113478 0.022095 0.030209
5 0.529869 0.104957 0.022913 0.021689
5 0.363134 0.249613 0.021686 0.020527
5 0.355974 0.265492 0.015548 0.013555
5 0.363748 0.274787 0.017185 0.012781
5 0.362520 0.283501 0.013912 0.010070
5 0.352905 0.292409 0.011047 0.017041
5 0.340630 0.329783 0.016776 0.015105
5 0.345131 0.341596 0.011866 0.013168
5 0.358838 0.322618 0.017185 0.016266
5 0.396072 0.314291 0.009820 0.012006
5 0.408961 0.309450 0.016776 0.015492
5 0.410597 0.319713 0.009411 0.012006
5 0.427782 0.290279 0.014321 0.012006
5 0.428191 0.306158 0.013502 0.015879
5 0.437193 0.302091 0.006137 0.009295
5 0.446195 0.296282 0.015957 0.020139
5 0.514321 0.327072 0.014730 0.018203
5 0.469108 0.414601 0.006956 0.012781
5 0.480155 0.415763 0.013502 0.018978
5 0.534370 0.363478 0.021277 0.018203
5 0.531915 0.344694 0.020458 0.017816
5 0.566285 0.337723 0.016367 0.017041
5 0.555646 0.299961 0.022913 0.019752
5 0.575082 0.353602 0.011047 0.011619
5 0.589403 0.321263 0.019231 0.015879
5 0.569763 0.269171 0.016776 0.017041
5 0.563216 0.251743 0.014321 0.017816
5 0.581833 0.250968 0.015548 0.017041
5 0.609861 0.272463 0.008592 0.008133
5 0.621931 0.269171 0.015548 0.010844
5 0.614975 0.282339 0.014730 0.013943
5 0.609861 0.302479 0.015139 0.015492
5 0.651596 0.293958 0.015139 0.014717
5 0.654051 0.273044 0.020049 0.016266
5 0.582038 0.418474 0.016776 0.023625
5 0.626637 0.392138 0.011866 0.015879
5 0.604542 0.366576 0.020867 0.024400
5 0.642390 0.384198 0.019640 0.023238
5 0.643617 0.416150 0.022095 0.025174
5 0.570172 0.103215 0.009411 0.015105
5 0.611088 0.118319 0.012684 0.015879
5 0.590426 0.125484 0.011457 0.023238
5 0.577332 0.129357 0.012275 0.016266
5 0.595540 0.147560 0.012684 0.017816
5 0.603928 0.151046 0.007365 0.015492
5 0.611702 0.147754 0.008183 0.011232
5 0.618453 0.152014 0.008592 0.013555
5 0.610270 0.162858 0.014321 0.013555
5 0.607610 0.174864 0.012275 0.014330
5 0.617430 0.134779 0.013912 0.015492
5 0.631342 0.143493 0.012275 0.015105
5 0.644845 0.135360 0.013912 0.013555
5 0.643617 0.147947 0.013912 0.010070
5 0.665303 0.136522 0.015548 0.014330
5 0.654051 0.152208 0.011047 0.013168
5 0.647095 0.156855 0.009411 0.009295
5 0.667349 0.158598 0.018822 0.021301
5 0.680646 0.160147 0.011047 0.014330
5 0.671031 0.176414 0.014730 0.013555
5 0.649141 0.167506 0.011866 0.011232
5 0.643003 0.174284 0.012684 0.010844
5 0.628682 0.169636 0.015139 0.014717
5 0.629910 0.181448 0.014321 0.010457
5 0.618044 0.191712 0.011866 0.013168
5 0.728519 0.166925 0.017594 0.014717
5 0.701309 0.178737 0.018003 0.010457
5 0.702741 0.189775 0.013502 0.010844
5 0.604337 0.228699 0.009820 0.009682
5 0.609043 0.219404 0.011047 0.012006
5 0.620704 0.216305 0.011457 0.012781
5 0.630115 0.235283 0.014730 0.014330
5 0.635843 0.207978 0.006547 0.008521
5 0.639525 0.196747 0.009002 0.015492
5 0.651391 0.195585 0.006547 0.013943
5 0.660393 0.192874 0.011457 0.010844
5 0.660188 0.204105 0.006956 0.010844
5 0.647300 0.210689 0.012275 0.017041
5 0.671849 0.200620 0.008183 0.009295
5 0.662848 0.209334 0.009002 0.012006
5 0.670417 0.217273 0.011047 0.014717
5 0.680646 0.214562 0.011047 0.017041
5 0.683920 0.205267 0.011047 0.009295
5 0.683101 0.195778 0.013502 0.012781
5 0.698445 0.208366 0.015548 0.015492
5 0.714607 0.203912 0.013502 0.015879
5 0.730360 0.221921 0.015548 0.015492
5 0.690876 0.225988 0.012684 0.008133
5 0.684738 0.236832 0.010229 0.014330
5 0.695990 0.237994 0.011457 0.014330
5 0.659165 0.240318 0.009820 0.016654
5 0.648732 0.235089 0.010229 0.013168
5 0.709493 0.254841 0.014730 0.013943
5 0.748159 0.244384 0.020049 0.014717
5 0.684534 0.306933 0.018822 0.020527
5 0.678805 0.330751 0.018822 0.019365
5 0.703764 0.338304 0.018003 0.020527
5 0.720949 0.310999 0.015548 0.018590
5 0.735679 0.301704 0.012275 0.016266
5 0.736702 0.279241 0.016776 0.017816
5 0.757774 0.293184 0.018822 0.019365
5 0.762070 0.313517 0.020867 0.019752
5 0.764116 0.437258 0.014321 0.013943
5 0.762889 0.448683 0.014321 0.018978
5 0.766571 0.511813 0.015957 0.018978
5 0.618658 0.495352 0.009820 0.013943
5 0.606997 0.503486 0.015139 0.017041
5 0.586538 0.497483 0.013502 0.018203
5 0.566285 0.462239 0.013912 0.013555
5 0.567512 0.474826 0.013912 0.010844
5 0.539484 0.462820 0.015957 0.020139
5 0.525982 0.449458 0.014321 0.015105
5 0.515344 0.474632 0.015957 0.015105
5 0.514116 0.496902 0.014321 0.013943
5 0.514321 0.507940 0.007365 0.008133
5 0.532324 0.493803 0.017185 0.020914
5 0.447013 0.498451 0.021686 0.028660
5 0.387684 0.508908 0.017594 0.017816
5 0.369476 0.507746 0.016367 0.023238
5 0.355565 0.481216 0.013912 0.020527
5 0.370090 0.477149 0.014321 0.013943
5 0.374182 0.487607 0.017594 0.010844
5 0.325900 0.493222 0.013502 0.015879
5 0.313011 0.518009 0.015548 0.019752
5 0.326718 0.523044 0.011047 0.016654
5 0.355565 0.535631 0.014730 0.015492
5 0.351473 0.560031 0.014730 0.013943
5 0.356792 0.578040 0.011457 0.014330
5 0.363134 0.527498 0.012684 0.014717
5 0.391776 0.539311 0.023322 0.022851
5 0.417349 0.530596 0.018822 0.020914
5 0.252660 0.589466 0.011047 0.013168
5 0.245295 0.598567 0.013502 0.012781
5 0.281097 0.612703 0.016367 0.016266
5 0.305033 0.598373 0.014321 0.017816
5 0.312807 0.621030 0.015139 0.015105
5 0.287439 0.625484 0.011047 0.011619
5 0.282529 0.633230 0.011866 0.010070
5 0.285597 0.642525 0.012275 0.010070
5 0.303191 0.640976 0.018822 0.017041
5 0.300941 0.661309 0.020049 0.018203
5 0.325082 0.655500 0.017594 0.016654
5 0.337561 0.663826 0.014730 0.017041
5 0.375614 0.657049 0.017185 0.020527
5 0.355565 0.624322 0.011457 0.015492
5 0.369885 0.620449 0.011457 0.014717
5 0.382365 0.592758 0.016776 0.011232
5 0.385638 0.602827 0.014321 0.010457
5 0.406097 0.604183 0.014321 0.017041
5 0.421849 0.609411 0.011457 0.013555
5 0.387070 0.620837 0.009820 0.013168
5 0.395254 0.613672 0.012275 0.012006
5 0.394026 0.630713 0.012275 0.016654
5 0.406506 0.627227 0.012684 0.018203
5 0.418781 0.628582 0.010229 0.017816
5 0.452537 0.611541 0.018822 0.016266
5 0.526596 0.591402 0.018003 0.027111
5 0.506547 0.541053 0.014730 0.027111
5 0.547463 0.546476 0.022095 0.025562
5 0.597586 0.576297 0.024959 0.027111
5 0.662234 0.547444 0.013502 0.018978
5 0.675736 0.554028 0.011866 0.014330
5 0.671031 0.577653 0.011457 0.016654
5 0.645049 0.593338 0.013502 0.010844
5 0.566899 0.612897 0.014321 0.020527
5 0.581219 0.620643 0.016776 0.021301
5 0.544599 0.660534 0.016367 0.019752
5 0.617635 0.653563 0.014321 0.015879
5 0.632160 0.645817 0.013912 0.022076
5 0.644435 0.642138 0.009820 0.015492
5 0.655483 0.642912 0.012275 0.016266
5 0.654460 0.627808 0.015957 0.011619
5 0.657529 0.612316 0.013912 0.015492
5 0.645049 0.604764 0.011866 0.012781
5 0.441080 0.941325 0.017185 0.020527
5 0.477700 0.948296 0.015957 0.018203
5 0.504501 0.943842 0.012275 0.008521
5 0.516367 0.943648 0.008183 0.012006
5 0.508592 0.931836 0.018003 0.018590
5 0.458061 0.910534 0.015957 0.019365
5 0.367226 0.913826 0.020867 0.016654
5 0.330401 0.877614 0.017594 0.024012
5 0.343494 0.802866 0.016776 0.021689
5 0.364362 0.791441 0.019231 0.025174
5 0.385638 0.804609 0.020049 0.016654
5 0.389116 0.829783 0.021277 0.021301
5 0.381751 0.872579 0.018822 0.023238
5 0.231178 0.842177 0.022913 0.022851
5 0.275982 0.800542 0.016776 0.016266
5 0.287439 0.778079 0.020049 0.026336
5 0.268412 0.782339 0.015548 0.015492
5 0.253478 0.782146 0.015139 0.022851
5 0.238339 0.778466 0.019231 0.020139
5 0.537029 0.864446 0.011866 0.015492
5 0.483224 0.807514 0.016367 0.020914
5 0.448241 0.798025 0.011866 0.012781
5 0.432283 0.809837 0.015957 0.014717
5 0.424714 0.826104 0.014730 0.017816
5 0.437398 0.827653 0.010638 0.010844
5 0.452128 0.840821 0.017185 0.019365
5 0.466039 0.763943 0.016367 0.018978
5 0.433715 0.745546 0.015548 0.015492
5 0.447422 0.758327 0.013502 0.017041
5 0.434329 0.775949 0.020049 0.018978
5 0.353723 0.742448 0.015139 0.019365
5 0.333265 0.738962 0.014321 0.013168
5 0.331424 0.750387 0.013912 0.012006
5 0.317921 0.752905 0.018822 0.018590
5 0.317921 0.717854 0.018822 0.023625
5 0.291326 0.705267 0.017185 0.017816
5 0.268003 0.708947 0.016367 0.019752
5 0.253682 0.684741 0.012275 0.019365
5 0.269231 0.680674 0.017185 0.018978
5 0.308306 0.684547 0.015957 0.018203
5 0.347791 0.679899 0.014730 0.020527
5 0.499795 0.718048 0.020049 0.023238
5 0.516776 0.708172 0.010638 0.015879
5 0.558101 0.713981 0.012275 0.013555
5 0.547872 0.689775 0.016367 0.016266
5 0.545417 0.704493 0.018003 0.015492
5 0.608224 0.687258 0.022504 0.025174
5 0.539075 0.749419 0.015957 0.017816
5 0.618863 0.748257 0.014321 0.013168
5 0.632160 0.878776 0.018822 0.020914
5 0.600450 0.849535 0.011047 0.015105
5 0.592676 0.862122 0.010229 0.014717
5 0.564034 0.858249 0.012684 0.015492
5 0.555646 0.869287 0.013912 0.015105
5 0.552782 0.884198 0.012275 0.016266
5 0.568944 0.895430 0.015957 0.017816
5 0.581219 0.882649 0.014321 0.014717
5 0.655278 0.920604 0.016776 0.017816
5 0.693331 0.901627 0.019231 0.019365
5 0.619681 0.818552 0.015139 0.019752
5 0.630524 0.832301 0.010638 0.017041
5 0.636457 0.820294 0.015139 0.013168
5 0.641162 0.808288 0.010638 0.007746
5 0.639935 0.799961 0.010638 0.006584
5 0.633797 0.787374 0.018822 0.021689
5 0.662029 0.795120 0.018822 0.013943
5 0.656506 0.810612 0.013502 0.014717
5 0.668167 0.832494 0.017185 0.018978
5 0.749182 0.891944 0.022913 0.015492
5 0.547668 0.957591 0.016776 0.012006
5 0.681874 0.585786 0.017594 0.012006
5 0.697831 0.577266 0.019231 0.018978
5 0.719517 0.582688 0.017594 0.015879
5 0.726064 0.598954 0.016776 0.018203
5 0.743249 0.574748 0.015139 0.018590
5 0.683715 0.599923 0.017185 0.015492
5 0.698036 0.603796 0.013912 0.013168
5 0.698854 0.614446 0.013912 0.012006
5 0.688830 0.617738 0.015139 0.013943
5 0.673486 0.623935 0.017185 0.015492
5 0.670827 0.634392 0.009411 0.008521
5 0.689648 0.633811 0.015139 0.014330
5 0.704787 0.640976 0.011866 0.013168
5 0.705606 0.657436 0.016776 0.015879
5 0.713789 0.673509 0.014321 0.017816
5 0.687193 0.662665 0.013502 0.010844
5 0.690876 0.676607 0.015139 0.018590
5 0.676759 0.671960 0.014730 0.017816
5 0.653846 0.669055 0.012275 0.018203
5 0.640344 0.661890 0.012275 0.013168
5 0.628682 0.666344 0.009411 0.011232
5 0.639525 0.672928 0.007365 0.011232
5 0.629910 0.675833 0.011047 0.013943
5 0.675941 0.689001 0.012275 0.013943
5 0.716858 0.698296 0.014730 0.016266
5 0.616612 0.723664 0.008183 0.018978
5 0.624591 0.722502 0.006956 0.019752
5 0.636252 0.711464 0.016367 0.021689
5 0.660597 0.714756 0.014321 0.014330
5 0.650777 0.722502 0.011047 0.016654
5 0.642594 0.734702 0.011047 0.017041
5 0.633797 0.731991 0.006547 0.013168
5 0.654460 0.761619 0.009411 0.010457
5 0.664689 0.753486 0.014321 0.015879
5 0.664280 0.774012 0.015139 0.019752
5 0.697218 0.757552 0.017185 0.024787
5 0.678805 0.746902 0.009002 0.010457
5 0.674509 0.737219 0.012684 0.012006
5 0.677169 0.724826 0.008183 0.009682
5 0.683511 0.721534 0.006956 0.010844
5 0.685966 0.731410 0.012684 0.009682
5 0.692308 0.714562 0.014730 0.016266
5 0.709697 0.727924 0.012684 0.015105
5 0.741817 0.738575 0.016367 0.018590
5 0.755524 0.742448 0.013502 0.015492
5 0.777005 0.859799 0.019640 0.017041
5 0.779255 0.768590 0.020867 0.020527
5 0.777823 0.744191 0.016367 0.018203
5 0.792349 0.733540 0.012684 0.017041
5 0.803805 0.766073 0.025777 0.025562
5 0.779051 0.709527 0.019640 0.015492
5 0.786620 0.698296 0.017594 0.017816
5 0.774755 0.670604 0.024959 0.021301
5 0.794190 0.654144 0.011457 0.013943
5 0.803396 0.666538 0.012684 0.013943
5 0.816080 0.651627 0.013502 0.014330
5 0.827332 0.665763 0.015548 0.017816
5 0.836538 0.655887 0.015139 0.013555
5 0.845131 0.640782 0.019231 0.018203
5 0.805442 0.615414 0.017594 0.025562
5 0.798691 0.552091 0.013912 0.016654
5 0.845131 0.593532 0.013502 0.015105
5 0.858429 0.582494 0.018003 0.017816
5 0.916939 0.571650 0.012275 0.016266
5 0.931669 0.570294 0.018822 0.013555
5 0.934124 0.586174 0.025368 0.020527
5 0.786825 0.526723 0.017185 0.017816
5 0.805237 0.531177 0.018003 0.022076
5 0.816080 0.486057 0.013502 0.014717
5 0.826105 0.468629 0.019640 0.018590
5 0.841039 0.475407 0.015139 0.015879
5 0.887684 0.482765 0.015139 0.018203
5 0.903846 0.485864 0.017185 0.015105
5 0.906301 0.499419 0.015548 0.011232
5 0.880933 0.507746 0.020458 0.020914
5 0.944967 0.398141 0.017594 0.024012
5 0.941694 0.371030 0.024959 0.019365
5 0.906710 0.349535 0.022095 0.022076
5 0.902823 0.323199 0.011866 0.014330
5 0.914689 0.318745 0.011047 0.021689
5 0.924509 0.317002 0.005319 0.009682
5 0.889116 0.286793 0.018003 0.025949
5 0.854746 0.259489 0.020458 0.020914
5 0.844926 0.286212 0.020458 0.020139
5 0.865385 0.318552 0.017185 0.022076
5 0.831628 0.310418 0.015957 0.018203
5 0.824877 0.327072 0.018822 0.018203
5 0.794599 0.282146 0.020458 0.023625
5 0.782119 0.248451 0.017594 0.018203
5 0.806465 0.220372 0.019640 0.015492
5 0.817308 0.242448 0.024959 0.023238
5 0.205810 0.802866 0.022095 0.032533