5 0.436397 0.081032 0.009959 0.009959
5 0.880036 0.253735 0.023540 0.021277
5 0.429833 0.111363 0.020371 0.022635
5 0.228837 0.791987 0.021277 0.020371
5 0.333409 0.078090 0.016750 0.021277
5 0.426890 0.082843 0.009959 0.010865
5 0.355591 0.407877 0.017655 0.013581
5 0.411272 0.376641 0.017655 0.018108
5 0.430059 0.402445 0.016297 0.016297
5 0.439565 0.395654 0.015392 0.016297
5 0.423721 0.427569 0.016297 0.015844
5 0.422137 0.443640 0.016750 0.019013
5 0.439792 0.443640 0.016750 0.018108
5 0.461747 0.437755 0.017202 0.019013
5 0.406745 0.467180 0.018560 0.019013
5 0.354685 0.514260 0.016750 0.017202
5 0.503848 0.445450 0.019919 0.019919
5 0.517202 0.444319 0.014939 0.017655
5 0.373699 0.383658 0.015844 0.012223
5 0.373472 0.394070 0.015392 0.010412
5 0.343142 0.365097 0.018108 0.018560
5 0.361249 0.366455 0.017202 0.019466
5 0.562698 0.264147 0.017202 0.017655
5 0.596424 0.203712 0.020371 0.017202
5 0.673382 0.181530 0.016750 0.016297
5 0.697148 0.148257 0.016297 0.016750
5 0.756904 0.178588 0.017202 0.016750
5 0.827071 0.182435 0.018108 0.016297
5 0.815301 0.200996 0.015392 0.014486
5 0.814622 0.219783 0.018560 0.014939
5 0.820507 0.233590 0.017655 0.015392
5 0.802626 0.253056 0.019919 0.015392
5 0.842010 0.245134 0.017202 0.016750
5 0.847895 0.257356 0.018108 0.015844
5 0.854006 0.281802 0.026709 0.021277
5 0.910367 0.271390 0.018108 0.018560
5 0.928022 0.297872 0.020824 0.020824
5 0.868493 0.313264 0.022182 0.018108
5 0.825939 0.336125 0.018560 0.015844
5 0.837257 0.343821 0.018560 0.018560
5 0.813038 0.366908 0.020824 0.018560
5 0.933907 0.338615 0.018108 0.014486
5 0.921005 0.380263 0.017655 0.017202
5 0.764147 0.402671 0.019013 0.015844
5 0.969443 0.411951 0.017655 0.019013
5 0.986872 0.452014 0.016297 0.016750
5 0.917836 0.459937 0.014033 0.017202
5 0.780896 0.483477 0.016297 0.022635
5 0.813264 0.533047 0.023993 0.021277
5 0.851517 0.539384 0.018108 0.020371
5 0.874604 0.531915 0.016297 0.018108
5 0.897691 0.583975 0.017202 0.019919
5 0.972159 0.555002 0.020371 0.019013
5 0.986646 0.537800 0.019466 0.020824
5 0.922363 0.599819 0.015844 0.017202
5 0.935491 0.597329 0.017655 0.021277
5 0.881394 0.639203 0.019013 0.018108
5 0.880489 0.669986 0.019919 0.020824
5 0.906971 0.656179 0.022182 0.021277
5 0.840426 0.718877 0.014939 0.017202
5 0.850158 0.715708 0.016297 0.018108
5 0.801041 0.713445 0.018560 0.017202
5 0.765957 0.722273 0.018108 0.017655
5 0.615890 0.726573 0.019466 0.018108
5 0.612947 0.835446 0.019013 0.016750
5 0.541648 0.855364 0.024898 0.019466
5 0.299683 0.836804 0.020824 0.017655
5 0.396560 0.871661 0.022635 0.020371
5 0.317791 0.923721 0.020824 0.020371
5 0.335220 0.932322 0.023087 0.017655
5 0.466048 0.935944 0.023993 0.020371
5 0.551154 0.890448 0.017655 0.019013
5 0.523540 0.969896 0.020371 0.021277
5 0.154368 0.801494 0.022635 0.022182
5 0.231553 0.771842 0.016750 0.014486
5 0.287687 0.730874 0.016750 0.017655
5 0.301947 0.770937 0.022635 0.022635
5 0.342915 0.774785 0.020371 0.021277
5 0.363739 0.794251 0.020371 0.017655
5 0.381394 0.773880 0.020371 0.018560
5 0.051607 0.577411 0.022635 0.020371
5 0.046175 0.591218 0.018108 0.016297
5 0.115437 0.556813 0.020824 0.019919
5 0.185378 0.531236 0.016750 0.018560
5 0.196469 0.561793 0.020824 0.021729
5 0.206428 0.613173 0.022635 0.020371
5 0.263920 0.669986 0.021729 0.020824
5 0.019692 0.420100 0.016750 0.017202
5 0.044138 0.474876 0.017655 0.016297
5 0.024219 0.504301 0.017655 0.015392
5 0.030330 0.516750 0.017202 0.016750
5 0.071978 0.428022 0.017202 0.018560
5 0.150294 0.459258 0.018108 0.015844
5 0.143730 0.470575 0.017655 0.017655
5 0.174966 0.414441 0.020371 0.023087
5 0.207334 0.394296 0.023540 0.026256
5 0.212766 0.430964 0.022635 0.020824
5 0.262110 0.461747 0.018108 0.016297
5 0.288818 0.433001 0.019919 0.019466
5 0.280444 0.387732 0.019466 0.018560
5 0.128565 0.282028 0.021729 0.018108
5 0.175645 0.287008 0.021729 0.019013
5 0.181077 0.368719 0.021729 0.018560
5 0.218651 0.309190 0.019919 0.019013
5 0.250113 0.260978 0.017655 0.016750
5 0.251471 0.319375 0.020371 0.019466
5 0.292440 0.260978 0.019013 0.018560
5 0.258035 0.103893 0.019013 0.015844
5 0.269579 0.110910 0.017655 0.018108
5 0.232684 0.190584 0.018108 0.017202
5 0.241965 0.205070 0.014939 0.019919
5 0.270484 0.188773 0.017655 0.016297
5 0.269353 0.213219 0.018108 0.020824
5 0.294703 0.182209 0.018108 0.017655
5 0.296514 0.150973 0.016297 0.016750
5 0.307605 0.134676 0.016750 0.020371
5 0.331372 0.219783 0.022635 0.019466
5 0.280217 0.065867 0.018108 0.020371
5 0.288592 0.057718 0.014939 0.012223
5 0.317112 0.079448 0.016750 0.014033
5 0.361476 0.040742 0.020371 0.019013
5 0.379584 0.055229 0.014939 0.012675
5 0.381847 0.103893 0.018560 0.019466
5 0.414667 0.071752 0.015392 0.015844
5 0.424627 0.045496 0.019013 0.019466
5 0.433454 0.031915 0.014939 0.014939
5 0.471933 0.080579 0.022182 0.020824
5 0.435491 0.064735 0.017202 0.016297
5 0.427343 0.071752 0.012675 0.014033
5 0.437076 0.093708 0.011317 0.015392
5 0.447488 0.092123 0.014033 0.015844
5 0.506111 0.075147 0.018108 0.018108
5 0.554550 0.055908 0.016297 0.016750
5 0.541195 0.078995 0.015844 0.015844
5 0.535084 0.086917 0.015392 0.014486
5 0.585333 0.081938 0.019013 0.015392
5 0.823902 0.135582 0.017202 0.015844
5 0.801720 0.143504 0.012675 0.010865
5 0.639656 0.641014 0.019919 0.019919
5 0.745813 0.597782 0.019466 0.017655
5 0.086691 0.246718 0.019466 0.027162
5 0.017429 0.466274 0.022182 0.026256
5 0.080579 0.710502 0.020824 0.024898
5 0.055455 0.700543 0.016750 0.028520
5 0.036895 0.353780 0.013128 0.013128
5 0.042553 0.366455 0.017202 0.014033
5 0.799457 0.130602 0.020824 0.014939