5 0.327105 0.231024 0.027515 0.022188
5 0.261807 0.237057 0.031622 0.023355
5 0.175770 0.220319 0.024641 0.028805
5 0.210062 0.187622 0.027515 0.023355
5 0.269815 0.151032 0.020534 0.021020
5 0.313142 0.125535 0.027515 0.029973
5 0.349487 0.098871 0.026283 0.021020
5 0.453388 0.087193 0.022177 0.023355
5 0.580903 0.085831 0.019302 0.018295
5 0.680082 0.167964 0.022177 0.026080
5 0.762423 0.416115 0.027515 0.027248
5 0.885216 0.357337 0.031622 0.032698
5 0.864066 0.529194 0.030390 0.022188
5 0.608624 0.495524 0.024641 0.027248
5 0.645175 0.534644 0.034497 0.022188
5 0.659548 0.665239 0.030390 0.023355
5 0.350924 0.627676 0.017659 0.026080
5 0.137988 0.540288 0.028747 0.038926
5 0.189322 0.520047 0.016427 0.027248
5 0.250719 0.447450 0.023409 0.022188
5 0.214374 0.393733 0.030390 0.022188
5 0.283573 0.458933 0.017659 0.024912
5 0.436550 0.388867 0.032854 0.024912
5 0.108008 0.301285 0.026283 0.027248
5 0.055852 0.418256 0.017248 0.026080
5 0.069405 0.412223 0.020534 0.017127
5 0.070637 0.400934 0.022998 0.018684
5 0.103491 0.356559 0.022998 0.017906
5 0.106776 0.375633 0.022998 0.017127
5 0.836550 0.638381 0.016427 0.015570
5 0.846817 0.625146 0.019713 0.014792
5 0.593018 0.140327 0.018070 0.012067
5 0.593840 0.124951 0.019713 0.018684
5 0.541273 0.081355 0.018070 0.019463
5 0.554415 0.082133 0.016427 0.014792
5 0.556879 0.096146 0.018070 0.016349