5 0.049931 0.337974 0.022904 0.025103
5 0.161246 0.242355 0.022904 0.027385
5 0.141548 0.336376 0.022904 0.017344
5 0.140403 0.357827 0.025195 0.021908
5 0.138800 0.380648 0.028401 0.023733
5 0.253321 0.286171 0.017407 0.021908
5 0.272103 0.282748 0.021988 0.026016
5 0.283326 0.159516 0.020614 0.018713
5 0.312414 0.121406 0.023820 0.027385
5 0.446175 0.148334 0.022904 0.022821
5 0.245992 0.393656 0.023820 0.026016
5 0.147503 0.465541 0.021988 0.021908
5 0.115437 0.514149 0.022904 0.018713
5 0.114292 0.541990 0.025195 0.026016
5 0.167430 0.549749 0.030692 0.020539
5 0.160788 0.593793 0.028401 0.023733
5 0.234311 0.571657 0.020614 0.018713
5 0.301191 0.526244 0.020614 0.022821
5 0.318140 0.547010 0.026111 0.015062
5 0.360055 0.573254 0.029317 0.017344
5 0.267522 0.713373 0.027485 0.016431
5 0.240495 0.745322 0.028401 0.021908
5 0.197893 0.660885 0.023820 0.022821
5 0.172698 0.633957 0.023820 0.016431
5 0.124370 0.648106 0.025195 0.016431
5 0.145671 0.672296 0.021988 0.021908
5 0.164224 0.692150 0.019698 0.026016
5 0.144526 0.704473 0.019698 0.018713
5 0.248969 0.808079 0.018781 0.025103
5 0.213697 0.803514 0.018781 0.020539
5 0.448465 0.803743 0.027485 0.023733
5 0.405405 0.840256 0.021988 0.022821
5 0.330738 0.860566 0.022904 0.019626
5 0.380669 0.846189 0.022904 0.016431
5 0.394869 0.860794 0.029317 0.017344
5 0.450985 0.557736 0.018781 0.027385
5 0.468850 0.554085 0.019698 0.021908
5 0.501374 0.431766 0.026111 0.028298
5 0.551077 0.339115 0.022904 0.022821
5 0.553825 0.507759 0.021988 0.018713
5 0.558177 0.479918 0.019698 0.026016
5 0.570087 0.445687 0.026111 0.020539
5 0.574897 0.413510 0.021988 0.023733
5 0.591617 0.409402 0.014201 0.022821
5 0.606276 0.538339 0.019698 0.018713
5 0.610628 0.576677 0.023820 0.019626
5 0.633761 0.616385 0.019698 0.020539
5 0.618644 0.708352 0.020614 0.023733
5 0.661246 0.733683 0.020614 0.025103
5 0.673843 0.686445 0.021988 0.021908
5 0.714613 0.612962 0.021988 0.022821
5 0.693541 0.649475 0.021988 0.023733
5 0.627119 0.652214 0.021988 0.022821
5 0.640174 0.638065 0.026111 0.016431
5 0.658727 0.509585 0.023820 0.025103
5 0.625057 0.468279 0.019698 0.022821
5 0.641319 0.450251 0.017407 0.019626
5 0.668117 0.430169 0.018781 0.020539
5 0.692396 0.449795 0.019698 0.014149
5 0.696977 0.395482 0.019698 0.020539
5 0.722629 0.370151 0.020614 0.021908
5 0.723546 0.396166 0.025195 0.021908
5 0.702474 0.418530 0.013284 0.016431
5 0.711635 0.439069 0.018781 0.022821
5 0.737975 0.433136 0.022904 0.021908
5 0.768667 0.395253 0.027485 0.021908
5 0.775538 0.337745 0.023820 0.027385
5 0.826157 0.357599 0.020614 0.018713
5 0.812643 0.380192 0.021988 0.022821
5 0.891434 0.518941 0.023820 0.028298
5 0.924187 0.513008 0.019698 0.027385
5 0.752176 0.528298 0.029317 0.025103
5 0.710032 0.489046 0.028401 0.020539
5 0.773935 0.575993 0.031608 0.027385
5 0.844022 0.671839 0.025195 0.027385
5 0.825699 0.719306 0.030692 0.028298
5 0.780806 0.753994 0.026111 0.032862
5 0.569629 0.844820 0.025195 0.029210
5 0.616812 0.831812 0.018781 0.020539
5 0.654375 0.827020 0.026111 0.021908
5 0.639945 0.851666 0.028401 0.027385
5 0.817453 0.787768 0.020614 0.021908
5 0.842419 0.783660 0.021988 0.032862
5 0.907925 0.753309 0.021988 0.020539
5 0.785845 0.869238 0.031608 0.030580
5 0.715071 0.128937 0.022904 0.025103
5 0.790884 0.134414 0.037105 0.031492
5 0.700641 0.207440 0.025195 0.025103
5 0.772332 0.240758 0.028401 0.020539
5 0.824324 0.434277 0.025195 0.026016
5 0.802336 0.424464 0.018781 0.021908
5 0.818598 0.411912 0.022904 0.018713
5 0.576500 0.172980 0.025195 0.021908
5 0.603069 0.190096 0.019698 0.015062
5 0.585433 0.223414 0.017407 0.014149
5 0.588181 0.241214 0.022904 0.018713
5 0.635593 0.246463 0.015117 0.022821
5 0.654146 0.237791 0.023820 0.029210
5 0.703619 0.259471 0.021988 0.014149
5 0.741869 0.277042 0.019698 0.022821
5 0.724920 0.308079 0.020614 0.028298
5 0.707513 0.278183 0.018781 0.018713
5 0.478699 0.874258 0.021988 0.018713
5 0.478241 0.895025 0.023820 0.016431
5 0.692167 0.842081 0.016491 0.032862
5 0.711635 0.845048 0.020614 0.025103
5 0.845396 0.817663 0.015117 0.020539
5 0.863720 0.809904 0.018781 0.025103
5 0.148191 0.765176 0.018781 0.013236
5 0.156207 0.775673 0.017407 0.013236
5 0.181631 0.760383 0.015117 0.021908
5 0.200183 0.771794 0.021988 0.022821
5 0.277142 0.862392 0.022904 0.025103
5 0.299359 0.862163 0.015117 0.022821
5 0.305543 0.095390 0.021988 0.016431
5 0.404489 0.072798 0.019240 0.026928
5 0.449382 0.064126 0.018323 0.026016
5 0.511681 0.032405 0.019240 0.025559
5 0.550389 0.063898 0.024279 0.021908
5 0.661704 0.266545 0.016949 0.016431
5 0.669262 0.279325 0.015575 0.018257
5 0.684608 0.285258 0.014201 0.019169
5 0.658497 0.657691 0.015117 0.020995
5 0.674530 0.657234 0.016949 0.022821
5 0.358223 0.906892 0.021988 0.022821
5 0.408383 0.960292 0.019698 0.020995
5 0.442739 0.924464 0.020614 0.019626
5 0.553825 0.926061 0.022904 0.024646
5 0.620018 0.921269 0.023362 0.019626
5 0.503436 0.937015 0.021072 0.015518
5 0.505039 0.958238 0.023362 0.016887
5 0.468621 0.927659 0.018323 0.017800
5 0.476638 0.942720 0.017865 0.016887
5 0.460376 0.950251 0.019240 0.018257
5 0.406551 0.018713 0.018781 0.023733