6 0.102637 0.350676 0.021028 0.015541
6 0.253171 0.148649 0.019693 0.015541
6 0.238818 0.123142 0.017023 0.016554
6 0.257343 0.110473 0.016689 0.016216
6 0.325267 0.124831 0.019693 0.018581
6 0.349299 0.124324 0.018358 0.020270
6 0.318925 0.098649 0.017023 0.015541
6 0.326268 0.075169 0.015020 0.015878
6 0.334446 0.096622 0.018024 0.016216
6 0.353138 0.097466 0.018024 0.013851
6 0.367156 0.077872 0.016021 0.016554
6 0.377170 0.054054 0.014019 0.013514
6 0.398531 0.045777 0.009346 0.011824
6 0.406876 0.087331 0.016689 0.016554
6 0.467623 0.073311 0.014686 0.020270
6 0.584613 0.106081 0.019693 0.022297
6 0.604306 0.116892 0.015688 0.018919
6 0.453939 0.202365 0.016689 0.014865
6 0.428238 0.232939 0.018024 0.015878
6 0.357143 0.240034 0.020027 0.015203
6 0.224132 0.184797 0.017690 0.012162
6 0.203438 0.209291 0.019025 0.017905
6 0.268024 0.202365 0.018024 0.010135
6 0.262016 0.210304 0.016021 0.011149
6 0.261348 0.224155 0.018024 0.015878
6 0.239987 0.242061 0.016689 0.010473
6 0.231809 0.248142 0.013017 0.013851
6 0.218625 0.249324 0.014019 0.015541
6 0.528538 0.242568 0.016355 0.016892
6 0.554740 0.251182 0.016021 0.014527
6 0.582443 0.234966 0.016689 0.011824
6 0.634846 0.120608 0.018024 0.017568
6 0.778204 0.168750 0.014352 0.017905
6 0.639686 0.199493 0.019025 0.015878
6 0.623665 0.214189 0.011682 0.017568
6 0.668892 0.311318 0.018692 0.014527
6 0.611816 0.298986 0.016689 0.016216
6 0.620160 0.314020 0.018024 0.015203
6 0.608478 0.320439 0.014686 0.013851
6 0.570928 0.327872 0.018358 0.013176
6 0.449599 0.314358 0.017356 0.013851
6 0.460113 0.331250 0.017690 0.013176
6 0.422897 0.355912 0.023364 0.017905
6 0.440921 0.382095 0.018024 0.018243
6 0.464286 0.382432 0.014019 0.012838
6 0.474633 0.388345 0.012684 0.011824
6 0.476802 0.358953 0.007009 0.007095
6 0.486649 0.365372 0.012684 0.012500
6 0.490487 0.355068 0.010347 0.004730
6 0.493825 0.363514 0.008344 0.008784
6 0.498999 0.360980 0.010013 0.012500
6 0.511515 0.357770 0.013017 0.013514
6 0.554740 0.342736 0.012684 0.015878
6 0.577103 0.340709 0.013351 0.013851
6 0.591956 0.351689 0.017690 0.014865
6 0.622497 0.373818 0.018024 0.013851
6 0.597296 0.384966 0.013017 0.014527
6 0.573598 0.367568 0.013017 0.014865
6 0.537884 0.367736 0.012350 0.013176
6 0.562750 0.369932 0.007343 0.010135
6 0.546061 0.369595 0.011348 0.012162
6 0.520694 0.374324 0.014686 0.014865
6 0.567924 0.377196 0.009012 0.009122
6 0.567089 0.383784 0.010013 0.010135
6 0.575100 0.380912 0.011348 0.011149
6 0.508845 0.416723 0.009680 0.008446
6 0.512183 0.424324 0.011682 0.010135
6 0.525367 0.434966 0.012684 0.014527
6 0.718291 0.404899 0.014019 0.017230
6 0.744660 0.409459 0.014686 0.014189
6 0.470294 0.445608 0.014686 0.013514
6 0.484813 0.448480 0.012350 0.010473
6 0.505841 0.460642 0.016355 0.015878
6 0.455607 0.466892 0.013351 0.008108
6 0.459112 0.472635 0.013017 0.010811
6 0.516522 0.505743 0.018358 0.013514
6 0.905040 0.315878 0.013685 0.013514
6 0.912717 0.345946 0.014352 0.010811
6 0.917891 0.357264 0.012684 0.014527
6 0.936582 0.389527 0.016021 0.018919
6 0.867991 0.534122 0.017690 0.020270
6 0.805741 0.567061 0.020027 0.012500
6 0.733812 0.561486 0.017690 0.017568
6 0.672397 0.584291 0.019025 0.016554
6 0.689252 0.613851 0.023364 0.021622
6 0.663051 0.627196 0.015688 0.012500
6 0.651535 0.637500 0.016021 0.014189
6 0.640020 0.658108 0.021028 0.013514
6 0.561749 0.549155 0.018024 0.015878
6 0.510347 0.600000 0.016689 0.012162
6 0.521529 0.670101 0.014352 0.013851
6 0.458611 0.642399 0.014686 0.008446
6 0.442423 0.650845 0.015688 0.015203
6 0.486482 0.684628 0.019025 0.015878
6 0.467957 0.536993 0.013351 0.011824
6 0.451435 0.542736 0.013017 0.011824
6 0.444092 0.538007 0.017023 0.014527
6 0.440254 0.527196 0.013351 0.007095
6 0.436081 0.522128 0.010347 0.009797
6 0.428905 0.544088 0.016021 0.012500
6 0.430908 0.554561 0.013351 0.014527
6 0.420394 0.562500 0.015020 0.014189
6 0.693091 0.721453 0.015688 0.015203
6 0.607644 0.839020 0.019693 0.015878
6 0.599967 0.756757 0.013685 0.012838
6 0.608979 0.753716 0.009680 0.014189
6 0.623331 0.740709 0.015688 0.011824
6 0.610314 0.717568 0.013017 0.014189
6 0.535381 0.753209 0.015354 0.015203
6 0.559579 0.788345 0.017690 0.017905
6 0.512684 0.762331 0.016021 0.011824
6 0.459112 0.775169 0.020360 0.018581
6 0.480140 0.805574 0.018358 0.016554
6 0.390521 0.779223 0.017356 0.013851
6 0.367824 0.731250 0.017356 0.014527
6 0.355140 0.726351 0.016021 0.013514
6 0.360648 0.698818 0.014352 0.013176
6 0.332944 0.711486 0.011015 0.007432
6 0.332109 0.718412 0.011348 0.010473
6 0.339953 0.716385 0.009012 0.012500
6 0.311415 0.772804 0.016689 0.013851
6 0.305407 0.763851 0.016021 0.012162
6 0.276368 0.765709 0.012016 0.012500
6 0.266021 0.757939 0.014019 0.011824
6 0.273698 0.696284 0.016689 0.013514
6 0.236983 0.724493 0.017356 0.018581
6 0.222130 0.723649 0.019693 0.016892
6 0.223131 0.697297 0.018358 0.017568
6 0.217290 0.672635 0.014019 0.016216
6 0.201769 0.667568 0.012350 0.013514
6 0.206108 0.673818 0.013685 0.013176
6 0.193925 0.608108 0.014686 0.018243
6 0.361315 0.631588 0.019693 0.015203
6 0.355808 0.605743 0.013351 0.008784
6 0.364820 0.611655 0.012684 0.011149
6 0.135013 0.596453 0.015020 0.017230
6 0.125834 0.569426 0.016689 0.013851
6 0.151869 0.564189 0.022029 0.015541
6 0.131175 0.533784 0.018024 0.014865
6 0.075434 0.566047 0.016689 0.014527
6 0.109980 0.490372 0.019025 0.015203
6 0.154706 0.472973 0.017023 0.014189
6 0.379506 0.510980 0.013351 0.010473
6 0.381676 0.526182 0.013685 0.015203
6 0.306075 0.444088 0.018692 0.013176
6 0.256676 0.442736 0.020027 0.016554
6 0.205774 0.411993 0.017023 0.013851
6 0.191255 0.450000 0.013351 0.014865
6 0.178405 0.443750 0.016355 0.017905
6 0.165053 0.432939 0.014352 0.009797
6 0.128505 0.402196 0.018692 0.017230
6 0.145694 0.361149 0.015688 0.012162
6 0.088451 0.376520 0.017356 0.017905
6 0.136348 0.276520 0.017690 0.016554
6 0.236148 0.341216 0.021028 0.019595
6 0.142690 0.337838 0.018358 0.016892
6 0.188251 0.323649 0.021362 0.017568
6 0.203605 0.293074 0.016021 0.016554
6 0.218959 0.297297 0.007343 0.013514
6 0.222296 0.291723 0.014686 0.009122
6 0.221963 0.271622 0.018024 0.016892
6 0.345461 0.283446 0.018692 0.016892