6 0.445523 0.158282 0.014641 0.016085
6 0.384236 0.171287 0.014641 0.015400
6 0.361253 0.195756 0.017705 0.015058
6 0.333844 0.195243 0.016003 0.014031
6 0.343207 0.230322 0.014981 0.013005
6 0.257406 0.200890 0.015662 0.015058
6 0.295880 0.196954 0.011576 0.013347
6 0.302520 0.205510 0.011236 0.012663
6 0.295029 0.231348 0.011917 0.011636
6 0.303882 0.224675 0.009874 0.011294
6 0.313926 0.237166 0.012257 0.009582
6 0.254682 0.256845 0.017705 0.014716
6 0.234253 0.260951 0.017705 0.013347
6 0.291794 0.275154 0.012938 0.013005
6 0.311542 0.270192 0.012938 0.010609
6 0.305414 0.284394 0.012938 0.013689
6 0.313415 0.285763 0.009193 0.012320
6 0.322097 0.286790 0.012938 0.014374
6 0.297753 0.294148 0.011236 0.012663
6 0.296221 0.302533 0.014300 0.011636
6 0.277324 0.303730 0.012598 0.014031
6 0.278345 0.330767 0.013279 0.012663
6 0.254341 0.347707 0.013619 0.013005
6 0.298604 0.331451 0.013619 0.014716
6 0.320735 0.328542 0.012257 0.013689
6 0.318352 0.349247 0.016343 0.013347
6 0.382363 0.347536 0.017705 0.013347
6 0.399047 0.339665 0.012257 0.011294
6 0.394280 0.316906 0.016343 0.014374
6 0.417092 0.290726 0.015662 0.014031
6 0.440926 0.285421 0.013619 0.013005
6 0.443309 0.274812 0.012938 0.013005
6 0.437692 0.218172 0.009874 0.011294
6 0.544433 0.179671 0.017024 0.019849
6 0.550051 0.336585 0.017365 0.016085
6 0.586653 0.166153 0.018386 0.016085
6 0.620020 0.161533 0.014981 0.013689
6 0.620872 0.174880 0.007831 0.007529
6 0.692543 0.177276 0.016343 0.015743
6 0.693054 0.200034 0.013279 0.016085
6 0.626830 0.325633 0.012938 0.013347
6 0.638407 0.335216 0.012938 0.016085
6 0.798945 0.198836 0.014641 0.017796
6 0.818863 0.204825 0.013619 0.014031
6 0.809159 0.250171 0.013960 0.017112
6 0.906537 0.396646 0.012598 0.015743
6 0.908580 0.414271 0.014641 0.013347
6 0.860232 0.397331 0.014641 0.013689
6 0.853422 0.408453 0.014641 0.011978
6 0.863296 0.416667 0.011236 0.013347
6 0.842867 0.473135 0.013279 0.011294
6 0.836908 0.476386 0.010895 0.014374
6 0.852741 0.494695 0.012598 0.017454
6 0.828737 0.507871 0.014300 0.013689
6 0.813415 0.497091 0.014981 0.013347
6 0.693395 0.385524 0.018046 0.014716
6 0.671774 0.413758 0.019067 0.015743
6 0.616956 0.384326 0.016343 0.013689
6 0.610146 0.346680 0.013619 0.012320
6 0.569118 0.429329 0.017365 0.014716
6 0.607252 0.488364 0.011917 0.013005
6 0.619680 0.487680 0.014300 0.017112
6 0.581716 0.522245 0.014641 0.012320
6 0.644876 0.530972 0.014981 0.011294
6 0.592612 0.570842 0.014641 0.016427
6 0.585802 0.576831 0.016684 0.009240
6 0.658665 0.566051 0.011917 0.014374
6 0.649983 0.567077 0.014981 0.011636
6 0.640790 0.587269 0.014300 0.015743
6 0.618488 0.607290 0.016684 0.016769
6 0.651345 0.619952 0.014981 0.014031
6 0.677903 0.600787 0.010895 0.011294
6 0.684031 0.605236 0.009534 0.017454
6 0.719101 0.551335 0.011576 0.018480
6 0.742424 0.528234 0.015322 0.016769
6 0.758427 0.537303 0.017365 0.017112
6 0.792646 0.531314 0.015662 0.016769
6 0.863807 0.593258 0.017024 0.016769
6 0.895131 0.562628 0.016343 0.017796
6 0.906708 0.579227 0.012938 0.014031
6 0.906367 0.598563 0.012257 0.006845
6 0.906878 0.606092 0.013279 0.013005
6 0.752469 0.653149 0.016343 0.014716
6 0.709227 0.629877 0.010895 0.013347
6 0.704971 0.618925 0.008512 0.010609
6 0.701226 0.608145 0.013279 0.012320
6 0.692373 0.626283 0.015322 0.008898
6 0.696118 0.632272 0.008512 0.006502
6 0.693905 0.638946 0.010895 0.009582
6 0.705993 0.652293 0.010555 0.013689
6 0.700034 0.657084 0.010895 0.011636
6 0.687266 0.661191 0.013960 0.008214
6 0.684542 0.665298 0.012598 0.008898
6 0.670752 0.674025 0.012938 0.011294
6 0.686585 0.678816 0.010555 0.011294
6 0.698161 0.675394 0.012598 0.014031
6 0.717909 0.689425 0.012598 0.012663
6 0.521450 0.670260 0.016684 0.019507
6 0.559074 0.682580 0.014300 0.016769
6 0.549200 0.706537 0.010895 0.014031
6 0.541199 0.711841 0.010555 0.010267
6 0.548859 0.716804 0.009534 0.009925
6 0.555839 0.713552 0.011917 0.011636
6 0.545284 0.723477 0.011236 0.012320
6 0.574566 0.716290 0.013279 0.013689
6 0.563160 0.736653 0.012257 0.014716
6 0.541369 0.738877 0.013619 0.014374
6 0.526387 0.746749 0.013619 0.013689
6 0.546816 0.771047 0.012257 0.017112
6 0.592271 0.753422 0.012598 0.012663
6 0.607423 0.717659 0.010895 0.010951
6 0.644195 0.703114 0.012257 0.010609
6 0.674838 0.696783 0.009534 0.010267
6 0.711781 0.705852 0.009874 0.010609
6 0.816820 0.696441 0.011576 0.011636
6 0.836057 0.700034 0.013960 0.015400
6 0.807286 0.729124 0.012938 0.014031
6 0.816309 0.742813 0.012598 0.011978
6 0.799796 0.755476 0.014300 0.012663
6 0.827034 0.762834 0.012938 0.012320
6 0.687606 0.725873 0.011236 0.012320
6 0.680456 0.727413 0.011236 0.016085
6 0.675689 0.724504 0.011236 0.008214
6 0.674157 0.729466 0.008853 0.011294
6 0.668710 0.733060 0.009534 0.008214
6 0.666326 0.725702 0.012257 0.009925
6 0.671093 0.719028 0.014981 0.013005
6 0.651856 0.717659 0.008512 0.009582
6 0.653388 0.733402 0.012257 0.008898
6 0.665134 0.744524 0.011236 0.010609
6 0.657303 0.739733 0.007150 0.009240
6 0.652537 0.742471 0.011917 0.010609
6 0.636874 0.751882 0.013279 0.012320
6 0.653388 0.753251 0.009534 0.011636
6 0.649472 0.759411 0.009874 0.009582
6 0.614402 0.762149 0.016684 0.011636
6 0.618148 0.770534 0.010555 0.011978
6 0.598570 0.785763 0.011576 0.015743
6 0.592271 0.802704 0.011917 0.012663
6 0.594484 0.819986 0.010215 0.011636
6 0.576268 0.797570 0.008512 0.009240
6 0.575928 0.803901 0.008512 0.009582
6 0.582908 0.806126 0.008853 0.007871
6 0.573885 0.822724 0.013960 0.010951
6 0.551413 0.812971 0.009874 0.011978
6 0.559074 0.806810 0.007491 0.010609
6 0.564351 0.803559 0.007150 0.005476
6 0.562138 0.796372 0.011576 0.008898
6 0.773578 0.811944 0.011576 0.014031
6 0.782942 0.821869 0.011236 0.012663
6 0.800987 0.819644 0.013960 0.014374
6 0.769663 0.844456 0.011236 0.014716
6 0.549200 0.830767 0.009534 0.016085
6 0.540347 0.828029 0.010895 0.010609
6 0.534219 0.837440 0.013619 0.013005
6 0.504256 0.829740 0.012257 0.011978
6 0.519067 0.837269 0.013279 0.012663
6 0.510725 0.836585 0.012938 0.008556
6 0.507661 0.843600 0.010215 0.010267
6 0.495574 0.858145 0.011236 0.011294
6 0.496425 0.842060 0.007491 0.008556
6 0.491488 0.846167 0.010555 0.009925
6 0.482465 0.847878 0.011576 0.011294
6 0.475826 0.854209 0.011917 0.010951
6 0.467314 0.859685 0.015322 0.014374
6 0.457099 0.869610 0.010555 0.014374
6 0.450289 0.864990 0.012598 0.011294
6 0.439394 0.863963 0.009874 0.012663
6 0.431903 0.862423 0.008512 0.010951
6 0.430712 0.877481 0.011576 0.010267
6 0.423732 0.874230 0.013279 0.011294
6 0.412155 0.873032 0.011236 0.011636
6 0.405686 0.877139 0.009193 0.008898
6 0.397174 0.869952 0.011917 0.010951
6 0.387300 0.880048 0.007150 0.011294
6 0.394791 0.885866 0.011236 0.012663
6 0.435308 0.903833 0.016003 0.011636
6 0.541709 0.939254 0.012257 0.016085
6 0.576098 0.916838 0.013619 0.011636
6 0.605380 0.915127 0.014300 0.011636
6 0.628533 0.875086 0.015662 0.015058
6 0.645046 0.874059 0.011236 0.010951
6 0.654239 0.876112 0.010555 0.013689
6 0.666837 0.862081 0.012598 0.015058
6 0.711781 0.860541 0.016003 0.016085
6 0.751788 0.855921 0.011576 0.012320
6 0.643684 0.905886 0.011236 0.013689
6 0.630405 0.903833 0.012598 0.011636
6 0.633810 0.912560 0.011917 0.010609
6 0.621893 0.928987 0.013960 0.011978
6 0.378788 0.883984 0.009193 0.012320
6 0.375043 0.890486 0.009874 0.010951
6 0.369595 0.883299 0.011236 0.013689
6 0.357167 0.886721 0.013619 0.013005
6 0.346272 0.876112 0.013619 0.015058
6 0.339122 0.875257 0.010895 0.013347
6 0.331461 0.876112 0.009874 0.011636
6 0.337589 0.886208 0.008512 0.014031
6 0.329928 0.888433 0.010895 0.012320
6 0.321757 0.879192 0.009534 0.012320
6 0.316479 0.880390 0.008512 0.009925
6 0.311202 0.881417 0.011576 0.011978
6 0.305243 0.885181 0.012598 0.009240
6 0.289922 0.889117 0.009874 0.010951
6 0.284814 0.874230 0.016003 0.011978
6 0.260300 0.878679 0.012598 0.013347
6 0.266258 0.885524 0.008853 0.009240
6 0.267790 0.892197 0.011236 0.013005
6 0.223868 0.841034 0.013279 0.014031
6 0.227954 0.870294 0.011236 0.014374
6 0.244297 0.857290 0.012598 0.009582
6 0.239019 0.853012 0.008172 0.007871
6 0.243446 0.848220 0.010895 0.009240
6 0.208376 0.807666 0.013619 0.013005
6 0.187266 0.819131 0.010215 0.010609
6 0.185904 0.827002 0.012257 0.007187
6 0.182499 0.831451 0.008172 0.009925
6 0.176711 0.830938 0.006810 0.009582
6 0.167348 0.817420 0.011236 0.011978
6 0.160368 0.806468 0.012938 0.009925
6 0.151685 0.803730 0.010555 0.011294
6 0.146408 0.798939 0.008853 0.011978
6 0.213994 0.723306 0.020089 0.015400
6 0.150494 0.708590 0.022472 0.017454
6 0.144025 0.613279 0.020429 0.019165
6 0.108274 0.620979 0.015662 0.015400
6 0.423391 0.583162 0.017365 0.013005
6 0.086483 0.521218 0.011576 0.008898
6 0.085972 0.527892 0.010555 0.011978
6 0.089036 0.550479 0.011917 0.014031
6 0.087674 0.561088 0.012598 0.009925
6 0.211951 0.494011 0.015322 0.013347
6 0.223698 0.490075 0.015662 0.014374
6 0.295199 0.505647 0.014300 0.014716
6 0.311202 0.467146 0.013619 0.011636
6 0.257065 0.456194 0.010215 0.011636
6 0.248723 0.449008 0.011236 0.010951
6 0.238679 0.462012 0.013619 0.014374
6 0.225060 0.458419 0.014981 0.014031
6 0.409091 0.482375 0.012598 0.011978
6 0.414028 0.460301 0.011576 0.013005
6 0.452503 0.535421 0.010895 0.016085
6 0.450630 0.546886 0.011236 0.013689
6 0.456929 0.556297 0.009534 0.012663
6 0.502554 0.361225 0.013619 0.013347
6 0.486721 0.375257 0.016684 0.014716
6 0.500170 0.387235 0.014300 0.014716
6 0.479571 0.457392 0.014641 0.014031
6 0.466122 0.462355 0.014300 0.016427
6 0.398195 0.417522 0.013279 0.011636
6 0.322097 0.415811 0.021791 0.015058
6 0.273068 0.417693 0.014300 0.009240
6 0.273749 0.426420 0.014981 0.013689
6 0.304052 0.386721 0.011576 0.013689
6 0.321416 0.382786 0.013619 0.013347
6 0.314777 0.376283 0.015322 0.012663
6 0.299285 0.368070 0.012938 0.009240
6 0.300987 0.362594 0.010215 0.010609
6 0.259959 0.385866 0.013960 0.010609
6 0.250426 0.376968 0.013279 0.012663
6 0.147429 0.380561 0.017024 0.015058
6 0.609976 0.945072 0.009874 0.010609