6 0.592105 0.784801 0.009003 0.008981
6 0.227839 0.227288 0.013850 0.013126
6 0.264370 0.220207 0.012812 0.011399
6 0.271814 0.225561 0.009695 0.011744
6 0.267486 0.252332 0.012119 0.009326
6 0.272853 0.246978 0.011773 0.010363
6 0.285492 0.259758 0.010734 0.011054
6 0.313885 0.248705 0.012812 0.011744
6 0.303497 0.214335 0.015582 0.015544
6 0.332237 0.209499 0.014889 0.012781
6 0.348338 0.183592 0.010388 0.015544
6 0.229917 0.282383 0.013850 0.012781
6 0.212431 0.289983 0.014197 0.012090
6 0.268006 0.295682 0.016620 0.014508
6 0.285145 0.290674 0.011427 0.010708
6 0.282895 0.304491 0.009003 0.009326
6 0.289993 0.304663 0.010042 0.011054
6 0.300727 0.305009 0.011427 0.013126
6 0.276835 0.316580 0.009349 0.005181
6 0.275623 0.320725 0.011773 0.007254
6 0.255367 0.327461 0.014197 0.013126
6 0.260561 0.353368 0.012812 0.012435
6 0.280125 0.349914 0.011773 0.013817
6 0.301939 0.346632 0.013850 0.011399
6 0.241170 0.371157 0.013504 0.011399
6 0.300381 0.363903 0.011427 0.009326
6 0.393525 0.298273 0.014197 0.015544
6 0.409972 0.224180 0.011773 0.010363
6 0.410145 0.166667 0.023199 0.015544
6 0.418975 0.281693 0.009695 0.012090
6 0.416032 0.289637 0.013504 0.012090
6 0.374307 0.327807 0.013850 0.015199
6 0.380540 0.350259 0.015928 0.011744
6 0.366517 0.357513 0.012119 0.011054
6 0.508310 0.174784 0.015928 0.015199
6 0.532029 0.328670 0.016274 0.014853
6 0.485803 0.360104 0.016620 0.013472
6 0.474204 0.375130 0.016274 0.012435
6 0.486496 0.383592 0.011080 0.012090
6 0.286877 0.383247 0.010734 0.007945
6 0.285145 0.388946 0.014889 0.010363
6 0.300381 0.393955 0.009349 0.010017
6 0.307479 0.399482 0.010388 0.012090
6 0.548650 0.157513 0.016274 0.017271
6 0.584314 0.149741 0.014889 0.013472
6 0.657029 0.156477 0.019737 0.014508
6 0.656683 0.178238 0.014197 0.015199
6 0.766794 0.167185 0.017659 0.016580
6 0.787050 0.171330 0.015928 0.017271
6 0.782895 0.216062 0.017313 0.015544
6 0.606302 0.313472 0.015928 0.012781
6 0.591586 0.334370 0.013504 0.013126
6 0.618767 0.317444 0.016620 0.013817
6 0.602320 0.368912 0.016274 0.014508
6 0.678324 0.364940 0.019391 0.019689
6 0.872922 0.277375 0.011773 0.013126
6 0.898373 0.314680 0.012812 0.012435
6 0.905298 0.323143 0.015582 0.015544
6 0.850416 0.357513 0.018006 0.012435
6 0.843317 0.367876 0.018352 0.014508
6 0.853878 0.375475 0.011773 0.013126
6 0.897161 0.350432 0.011773 0.012781
6 0.911184 0.350777 0.012812 0.013472
6 0.900796 0.368739 0.014889 0.012090
6 0.843663 0.435406 0.013504 0.014162
6 0.833795 0.439206 0.013850 0.011399
6 0.853705 0.456131 0.014197 0.016235
6 0.829813 0.470639 0.014889 0.013472
6 0.813539 0.462003 0.010042 0.008636
6 0.932306 0.412263 0.012812 0.014853
6 0.867729 0.269775 0.011773 0.011054
6 0.858033 0.262003 0.015235 0.012090
6 0.659107 0.391710 0.017659 0.014508
6 0.560076 0.421416 0.014889 0.013817
6 0.605609 0.473057 0.010388 0.007945
6 0.616343 0.471330 0.013850 0.013472
6 0.583968 0.510881 0.016967 0.013817
6 0.644737 0.512781 0.011773 0.009326
6 0.744287 0.501036 0.015582 0.015544
6 0.762812 0.506908 0.016620 0.012781
6 0.792590 0.497927 0.017313 0.015544
6 0.724723 0.528325 0.013158 0.016926
6 0.664993 0.546287 0.012119 0.012781
6 0.656510 0.548014 0.013158 0.010708
6 0.598684 0.557168 0.013158 0.009672
6 0.592452 0.563558 0.020083 0.013472
6 0.626731 0.590501 0.017313 0.016235
6 0.647853 0.570121 0.015235 0.016235
6 0.661184 0.599655 0.013504 0.012435
6 0.685769 0.576684 0.009349 0.011399
6 0.693040 0.582729 0.010042 0.015199
6 0.710007 0.583592 0.013504 0.012781
6 0.715374 0.594473 0.014543 0.012435
6 0.875866 0.551986 0.019044 0.013817
6 0.900796 0.518135 0.016274 0.011744
6 0.913781 0.534715 0.012465 0.015889
6 0.919668 0.554231 0.012465 0.008636
6 0.919321 0.559758 0.013850 0.011399
6 0.722645 0.602763 0.011773 0.011054
6 0.704986 0.600864 0.008310 0.006563
6 0.706891 0.605699 0.011427 0.007254
6 0.707064 0.611572 0.011080 0.010708
6 0.769564 0.621416 0.013504 0.015199
6 0.720395 0.625389 0.012119 0.010708
6 0.716240 0.632124 0.015582 0.013126
6 0.703947 0.636615 0.009695 0.011744
6 0.701697 0.642832 0.012119 0.011054
6 0.688366 0.652850 0.014543 0.014508
6 0.704294 0.655440 0.011773 0.012090
6 0.715028 0.649914 0.011773 0.012781
6 0.736842 0.663731 0.014543 0.012090
6 0.731475 0.680656 0.014889 0.013472
6 0.695291 0.674957 0.013158 0.015889
6 0.663781 0.683765 0.013850 0.011399
6 0.574792 0.671157 0.015235 0.012435
6 0.538089 0.661658 0.018006 0.013472
6 0.711565 0.701036 0.008310 0.010017
6 0.704467 0.705872 0.007964 0.010708
6 0.699100 0.703109 0.006233 0.005872
6 0.697542 0.706736 0.010734 0.007599
6 0.692175 0.709845 0.009695 0.006908
6 0.689751 0.704318 0.012465 0.008290
6 0.691655 0.696373 0.013504 0.010363
6 0.673996 0.697237 0.011427 0.010017
6 0.678324 0.712435 0.010388 0.010017
6 0.680575 0.720380 0.010042 0.009326
6 0.674688 0.722625 0.010734 0.007599
6 0.689404 0.722798 0.011773 0.010708
6 0.677805 0.733506 0.010734 0.011399
6 0.672611 0.740933 0.010734 0.013126
6 0.660145 0.733161 0.012812 0.011399
6 0.628116 0.701554 0.012465 0.010363
6 0.596434 0.702073 0.012119 0.011399
6 0.585526 0.725216 0.012465 0.012781
6 0.569079 0.696718 0.010734 0.010363
6 0.562327 0.703972 0.011080 0.009672
6 0.575658 0.702763 0.010042 0.010017
6 0.568906 0.707599 0.010388 0.007945
6 0.566482 0.715717 0.009695 0.011744
6 0.563193 0.730397 0.010734 0.012090
6 0.550727 0.739033 0.013504 0.010708
6 0.574965 0.761313 0.014197 0.011744
6 0.615305 0.738860 0.013158 0.011744
6 0.641447 0.745423 0.010734 0.011744
6 0.644044 0.755268 0.010388 0.011399
6 0.626039 0.769775 0.012465 0.010017
6 0.623442 0.788774 0.009349 0.011399
6 0.839335 0.663903 0.016620 0.021416
6 0.858380 0.661658 0.013158 0.014162
6 0.831025 0.691710 0.015928 0.014162
6 0.841932 0.705354 0.014197 0.012435
6 0.827562 0.719516 0.015928 0.013126
6 0.853532 0.726252 0.013850 0.012781
6 0.807652 0.781347 0.013504 0.011744
6 0.814404 0.788601 0.011773 0.008290
6 0.859245 0.761658 0.012812 0.011054
6 0.855090 0.772021 0.011427 0.011744
6 0.833276 0.782211 0.012119 0.013472
6 0.803497 0.810535 0.012812 0.012781
6 0.787916 0.825389 0.012812 0.012090
6 0.804017 0.830052 0.013850 0.012435
6 0.748615 0.831779 0.018006 0.011054
6 0.704467 0.838860 0.012119 0.016926
6 0.663954 0.856649 0.014889 0.016580
6 0.683864 0.855786 0.011773 0.015544
6 0.693733 0.856131 0.007271 0.014162
6 0.685076 0.883765 0.010042 0.012090
6 0.672091 0.885147 0.012465 0.012090
6 0.676593 0.896028 0.013158 0.014508
6 0.645429 0.899136 0.015928 0.014508
6 0.619633 0.905009 0.013504 0.012435
6 0.664474 0.910708 0.012465 0.012090
6 0.626212 0.805354 0.014889 0.014162
6 0.607514 0.811226 0.015582 0.014162
6 0.614266 0.792919 0.009003 0.010708
6 0.607860 0.791192 0.010042 0.010017
6 0.608553 0.783592 0.012812 0.010017
6 0.595395 0.792055 0.008657 0.008981
6 0.591586 0.797064 0.010734 0.009326
6 0.583622 0.802245 0.012119 0.012090
6 0.582064 0.819689 0.009695 0.012435
6 0.575831 0.820725 0.009003 0.011054
6 0.567694 0.831606 0.011427 0.014853
6 0.551593 0.832124 0.011080 0.013817
6 0.543975 0.838342 0.009003 0.010363
6 0.545533 0.831952 0.007271 0.010017
6 0.538608 0.825216 0.012812 0.011054
6 0.655471 0.928843 0.011773 0.010363
6 0.585526 0.927288 0.013158 0.014162
6 0.531337 0.852677 0.011427 0.010017
6 0.532548 0.837997 0.010388 0.009672
6 0.526662 0.842487 0.008310 0.011744
6 0.517313 0.842832 0.010388 0.011744
6 0.512292 0.849914 0.010042 0.010017
6 0.502943 0.857513 0.012119 0.012781
6 0.494633 0.866149 0.009349 0.009326
6 0.485284 0.865112 0.010734 0.012090
6 0.477666 0.865285 0.010042 0.011054
6 0.470222 0.864421 0.011080 0.011399
6 0.467971 0.879447 0.008657 0.013126
6 0.476627 0.905354 0.007964 0.013126
6 0.463470 0.875475 0.010734 0.011399
6 0.450658 0.875820 0.010042 0.011399
6 0.446157 0.879620 0.011427 0.012090
6 0.435942 0.873921 0.009003 0.011054
6 0.434730 0.888428 0.007271 0.012435
6 0.427458 0.883420 0.007271 0.008636
6 0.417071 0.895855 0.009349 0.011399
6 0.417936 0.888256 0.009695 0.009326
6 0.408414 0.889637 0.011427 0.012090
6 0.395949 0.894646 0.012119 0.014508
6 0.385042 0.883765 0.009003 0.012090
6 0.376558 0.896200 0.006579 0.010708
6 0.369979 0.897755 0.007964 0.009672
6 0.377943 0.885665 0.007964 0.013126
6 0.370325 0.887737 0.008657 0.012435
6 0.360803 0.890674 0.008310 0.011399
6 0.356475 0.893955 0.007964 0.013126
6 0.350762 0.893610 0.007618 0.010363
6 0.345048 0.897755 0.011427 0.013126
6 0.331371 0.903972 0.009695 0.012435
6 0.321157 0.888946 0.010734 0.013472
6 0.301766 0.895164 0.009349 0.010708
6 0.307306 0.900864 0.009349 0.010363
6 0.309037 0.910881 0.007271 0.009672
6 0.267659 0.891364 0.011773 0.013472
6 0.261773 0.863212 0.011773 0.013817
6 0.283587 0.876166 0.011080 0.012090
6 0.277181 0.872712 0.007271 0.010017
6 0.280298 0.866321 0.010734 0.010363
6 0.243248 0.830570 0.012812 0.014162
6 0.225069 0.842832 0.010388 0.008290
6 0.222645 0.851641 0.009695 0.009326
6 0.218144 0.856822 0.008310 0.010708
6 0.213123 0.857340 0.007964 0.008290
6 0.219183 0.849396 0.008310 0.009672
6 0.203082 0.844732 0.009349 0.010708
6 0.193733 0.835233 0.008657 0.013126
6 0.185076 0.830052 0.007271 0.007599
6 0.178670 0.827288 0.007618 0.007599
6 0.237361 0.744214 0.014889 0.015544
6 0.177285 0.735924 0.018006 0.018998
6 0.158068 0.645250 0.020429 0.017271
6 0.124654 0.655613 0.017313 0.013817
6 0.093490 0.560449 0.014543 0.012781
6 0.094010 0.568394 0.014197 0.010708
6 0.097472 0.590155 0.010734 0.010708
6 0.099204 0.600173 0.012119 0.008636
6 0.214855 0.521416 0.014197 0.010708
6 0.224030 0.516408 0.013158 0.012435
6 0.295880 0.524352 0.015582 0.011744
6 0.308172 0.484629 0.013158 0.011054
6 0.235976 0.487219 0.012812 0.009326
6 0.222819 0.484111 0.013504 0.010708
6 0.242382 0.472884 0.011773 0.011054
6 0.250693 0.481347 0.015928 0.010708
6 0.137465 0.415026 0.015235 0.014162
6 0.238747 0.403627 0.011427 0.012781
6 0.248269 0.409154 0.011773 0.011399
6 0.292936 0.406218 0.013158 0.011744
6 0.314924 0.434024 0.013504 0.014853
6 0.265062 0.439724 0.013504 0.011744
6 0.264889 0.447496 0.011773 0.010017
6 0.387292 0.426943 0.012119 0.013126
6 0.409280 0.469603 0.013158 0.014853
6 0.406683 0.490328 0.012812 0.012090
6 0.476627 0.455268 0.012812 0.011054
6 0.460007 0.462522 0.014889 0.012435
6 0.454640 0.538860 0.013850 0.011744
6 0.453774 0.550777 0.011427 0.010017
6 0.462258 0.558377 0.013850 0.010708
6 0.431440 0.588946 0.014543 0.014508
6 0.909280 0.639378 0.022161 0.020725