7 0.156699 0.587737 0.106972 0.108117
7 0.076384 0.482902 0.095352 0.117444
7 0.683869 0.760104 0.102529 0.103282
7 0.821770 0.378756 0.132946 0.142660
7 0.344156 0.295337 0.106630 0.102936
7 0.662850 0.263903 0.098086 0.097409
7 0.227785 0.838687 0.109706 0.107772
7 0.663363 0.349396 0.101846 0.099136
7 0.168660 0.261658 0.104238 0.119862
7 0.358339 0.559758 0.115174 0.118480
7 0.429768 0.388601 0.089200 0.092573
7 0.791866 0.660794 0.077239 0.079447
7 0.653623 0.458549 0.098086 0.095682
7 0.841593 0.610017 0.079631 0.095337
7 0.647984 0.531952 0.086124 0.082902
7 0.283493 0.251295 0.113807 0.094991
7 0.718900 0.643005 0.093985 0.088774
7 0.221463 0.676166 0.089542 0.090846
7 0.359535 0.156649 0.088859 0.094301
7 0.311688 0.172712 0.095010 0.097409
7 0.390294 0.661831 0.106630 0.089119
7 0.766063 0.718653 0.080314 0.079793
7 0.721634 0.568048 0.122010 0.084629
7 0.336979 0.913299 0.078606 0.066321
7 0.411312 0.938342 0.050923 0.044560
7 0.494190 0.934715 0.090226 0.053886