7 0.561975 0.253413 0.110644 0.089604
7 0.670518 0.276164 0.124650 0.110606
7 0.674895 0.353168 0.101891 0.086104
7 0.836835 0.375919 0.135154 0.138607
7 0.664391 0.466048 0.087885 0.077354
7 0.649510 0.536927 0.065126 0.072104
7 0.577731 0.477424 0.072129 0.086104
7 0.362395 0.162233 0.063725 0.089954
7 0.306373 0.176409 0.100140 0.110606
7 0.175945 0.283164 0.112395 0.124606
7 0.085784 0.510676 0.110644 0.110606
7 0.162815 0.602555 0.110644 0.108855
7 0.300245 0.476549 0.101891 0.098355
7 0.301120 0.391670 0.110644 0.103605
7 0.346639 0.300665 0.086134 0.082604
7 0.293242 0.270039 0.091387 0.101855
7 0.363270 0.571929 0.098389 0.110606
7 0.470938 0.874694 0.110644 0.128106
7 0.688901 0.753938 0.108894 0.093105
7 0.729167 0.641057 0.091387 0.073854
7 0.713410 0.567553 0.084384 0.070354
7 0.421919 0.383794 0.082633 0.091355
7 0.448179 0.435422 0.068627 0.072104
7 0.468312 0.487049 0.091387 0.052853
7 0.461310 0.522051 0.094888 0.070354
7 0.421919 0.530802 0.065126 0.066853
7 0.478817 0.341792 0.045868 0.063353
7 0.505077 0.342667 0.056373 0.054603
7 0.538340 0.335667 0.056373 0.058103
7 0.586485 0.341792 0.061625 0.063353
7 0.232843 0.682184 0.100140 0.082604
7 0.225840 0.743437 0.079132 0.096605
7 0.294993 0.731887 0.080882 0.101505
7 0.236520 0.835492 0.117997 0.077004
7 0.799195 0.482674 0.063375 0.075604
7 0.487920 0.402345 0.050770 0.047252
7 0.574755 0.401645 0.052171 0.040252
7 0.532038 0.422296 0.039566 0.039552
7 0.529937 0.390795 0.033964 0.043752
7 0.731968 0.440847 0.057073 0.050053
7 0.761380 0.480749 0.052871 0.057053
7 0.722514 0.480749 0.036765 0.034652
7 0.711660 0.511201 0.036064 0.028351
7 0.761029 0.524501 0.054972 0.032552
7 0.444853 0.588204 0.052871 0.043752
7 0.427696 0.619006 0.053571 0.038152
7 0.483018 0.632657 0.080182 0.050053
7 0.502626 0.685159 0.078782 0.061253
7 0.497024 0.748512 0.057773 0.073154
7 0.364321 0.719811 0.052871 0.073154
7 0.385329 0.660658 0.052871 0.057053
7 0.424895 0.657508 0.046569 0.043752
7 0.416141 0.692510 0.037465 0.042352
7 0.450105 0.691810 0.035364 0.046552
7 0.405987 0.753763 0.039566 0.061253
7 0.445903 0.758313 0.060574 0.068953
7 0.518732 0.927721 0.077381 0.046552
7 0.650385 0.884319 0.070378 0.046552
7 0.688200 0.854568 0.092787 0.057053
7 0.744923 0.815366 0.092787 0.068253
7 0.799895 0.765313 0.069678 0.074554
7 0.778887 0.706860 0.082283 0.065453
7 0.730917 0.726111 0.054972 0.066153
7 0.804797 0.656808 0.064076 0.075954
7 0.798494 0.604305 0.054272 0.047952
7 0.848915 0.608855 0.069678 0.078054
7 0.813901 0.557753 0.072479 0.068253
7 0.766282 0.562303 0.030462 0.039552
7 0.354692 0.908120 0.081933 0.068953
7 0.429797 0.938922 0.052171 0.041652