7 0.827351 0.588785 0.137114 0.131560
7 0.603195 0.159238 0.105887 0.101366
7 0.830402 0.454170 0.120962 0.121136
7 0.733309 0.381380 0.107681 0.106398
7 0.153266 0.528217 0.104092 0.110352
7 0.396088 0.752157 0.124551 0.105320
7 0.674982 0.452372 0.092247 0.095255
7 0.297918 0.318116 0.135678 0.108555
7 0.363604 0.204709 0.111989 0.110352
7 0.812994 0.790978 0.098349 0.121136
7 0.096016 0.651510 0.087940 0.116822
7 0.311737 0.202013 0.086504 0.106398
7 0.621141 0.528397 0.108758 0.121495
7 0.645011 0.690870 0.124192 0.117182
7 0.779971 0.302301 0.089017 0.099928
7 0.692929 0.259885 0.086504 0.096334
7 0.452441 0.369159 0.103015 0.084831
7 0.231156 0.649533 0.101938 0.107836
7 0.743360 0.526779 0.114142 0.127606
7 0.417624 0.284148 0.060660 0.060029
7 0.669777 0.351186 0.100503 0.102804
7 0.241206 0.500359 0.102656 0.093458
7 0.593862 0.322430 0.084350 0.087707
7 0.534996 0.526420 0.102297 0.101006
7 0.664214 0.797628 0.103733 0.117901
7 0.205133 0.817398 0.111630 0.112150
7 0.521536 0.661035 0.097631 0.093458
7 0.395011 0.649173 0.129576 0.117901
7 0.780330 0.729871 0.055276 0.067937
7 0.601759 0.461359 0.104451 0.083753
7 0.270459 0.870597 0.058507 0.043134
7 0.318557 0.905643 0.050610 0.050683
7 0.341888 0.856758 0.058507 0.044213