8 0.375665 0.587754 0.006385 0.004984
8 0.339837 0.597366 0.003547 0.004272
8 0.336999 0.593272 0.004966 0.006052
8 0.420894 0.636703 0.005321 0.006052
8 0.402980 0.633143 0.004966 0.006764
8 0.392338 0.624600 0.005676 0.005340
8 0.377616 0.608758 0.005321 0.004984
8 0.385775 0.616234 0.006031 0.004984
8 0.380277 0.631363 0.007095 0.005340
8 0.780773 0.780705 0.007095 0.006408
8 0.945193 0.396938 0.006031 0.007832
8 0.354558 0.070310 0.006740 0.006764
8 0.473217 0.054646 0.006385 0.007476
8 0.433132 0.138661 0.004966 0.008188
8 0.468251 0.124244 0.007095 0.007832
8 0.477120 0.119260 0.006385 0.006408
8 0.507982 0.072446 0.007095 0.008188
8 0.534764 0.124956 0.007449 0.007120
8 0.558354 0.089712 0.007804 0.008544
8 0.590635 0.090424 0.007095 0.007832
8 0.569883 0.107868 0.007449 0.006408
8 0.577332 0.104308 0.007449 0.008544
8 0.608372 0.083660 0.005676 0.006408
8 0.616708 0.081346 0.006031 0.006052
8 0.599681 0.119972 0.007449 0.007120
8 0.609968 0.108046 0.008159 0.008188
8 0.620610 0.093450 0.008159 0.008900
8 0.593473 0.190993 0.007804 0.008188
8 0.643136 0.105910 0.007095 0.008900
8 0.651472 0.125845 0.007449 0.006764
8 0.655729 0.117658 0.007449 0.006764
8 0.648812 0.168387 0.006385 0.007120
8 0.681625 0.127803 0.006031 0.007120
8 0.661582 0.128337 0.005676 0.006764
8 0.680915 0.100214 0.007449 0.006764
8 0.645796 0.193485 0.006740 0.006052
8 0.639056 0.215913 0.008159 0.007476
8 0.628237 0.194553 0.006385 0.007476
8 0.627882 0.213599 0.004966 0.007120
8 0.699007 0.207903 0.006740 0.007120
8 0.714615 0.095230 0.006031 0.006764
8 0.780064 0.198291 0.007804 0.006408
8 0.775807 0.207725 0.006385 0.006764
8 0.816247 0.200249 0.007095 0.006764
8 0.803476 0.215735 0.007095 0.007120
8 0.699007 0.244749 0.006740 0.006052
8 0.819085 0.216091 0.007804 0.007120
8 0.699184 0.251335 0.005676 0.005696
8 0.714970 0.351727 0.008159 0.006408
8 0.719759 0.302421 0.007804 0.006052
8 0.723838 0.325561 0.008868 0.006052
8 0.724725 0.331613 0.007804 0.006052
8 0.901561 0.297437 0.006740 0.005340
8 0.906527 0.315771 0.006740 0.007120
8 0.709294 0.423460 0.007449 0.007476
8 0.936857 0.370239 0.006385 0.006408
8 0.648812 0.445176 0.009223 0.008188
8 0.586023 0.432894 0.008514 0.009968
8 0.549840 0.448736 0.007095 0.007476
8 0.546293 0.349591 0.006385 0.006408
8 0.514367 0.352617 0.007804 0.006052
8 0.526428 0.344607 0.006385 0.007120
8 0.483150 0.278569 0.005676 0.006052
8 0.507449 0.223211 0.007449 0.006408
8 0.504257 0.262905 0.006031 0.006764
8 0.503193 0.290851 0.006740 0.006408
8 0.555694 0.247597 0.006740 0.006052
8 0.525364 0.292631 0.007095 0.007120
8 0.542923 0.258455 0.006740 0.006408
8 0.308088 0.229085 0.005321 0.006052
8 0.607130 0.547348 0.006031 0.006052
8 0.614757 0.558740 0.007804 0.007476
8 0.584250 0.581702 0.007095 0.007832
8 0.645442 0.572268 0.007449 0.006052
8 0.555694 0.564614 0.006740 0.006408
8 0.665484 0.578676 0.007804 0.006764
8 0.628769 0.584550 0.007449 0.004984
8 0.552146 0.579032 0.006740 0.006052
8 0.652891 0.600748 0.008159 0.008188
8 0.617950 0.609648 0.006385 0.005340
8 0.639411 0.604664 0.006740 0.006764
8 0.630897 0.615522 0.007449 0.006408
8 0.563143 0.583304 0.004612 0.006764
8 0.575381 0.601994 0.005676 0.006408
8 0.560837 0.611072 0.007095 0.006764
8 0.448741 0.585084 0.006385 0.006052
8 0.588152 0.613920 0.006385 0.007476
8 0.531749 0.594874 0.007095 0.007120
8 0.596311 0.616412 0.005676 0.006764
8 0.586201 0.626913 0.007449 0.006408
8 0.692444 0.642755 0.007804 0.007476
8 0.825647 0.653257 0.006740 0.007120
8 0.697056 0.650231 0.007804 0.006052
8 0.735899 0.650053 0.006740 0.007120
8 0.464881 0.536846 0.008159 0.006408
8 0.474282 0.627981 0.007804 0.007120
8 0.512238 0.562656 0.006385 0.004628
8 0.594360 0.657529 0.005321 0.007832
8 0.513303 0.579922 0.007804 0.006408
8 0.508691 0.597366 0.005676 0.004984
8 0.500887 0.624244 0.006385 0.006052
8 0.481554 0.655927 0.008159 0.006764
8 0.505144 0.635457 0.007095 0.006408
8 0.520043 0.643289 0.007804 0.006408
8 0.499468 0.652545 0.006385 0.007120
8 0.520929 0.655215 0.008159 0.007476
8 0.523058 0.665717 0.008159 0.007120
8 0.563852 0.637949 0.006740 0.006408
8 0.554807 0.649697 0.007095 0.004984
8 0.555694 0.683873 0.006740 0.005696
8 0.565626 0.674973 0.006031 0.006408
8 0.648989 0.699359 0.007449 0.007476
8 0.372295 0.622642 0.007449 0.007120
8 0.670983 0.704699 0.007449 0.007476
8 0.444661 0.672125 0.006031 0.005696
8 0.375488 0.580278 0.007449 0.006408
8 0.427634 0.640085 0.005321 0.005696
8 0.404399 0.619616 0.006385 0.006052
8 0.432068 0.617124 0.007095 0.005340
8 0.372827 0.602706 0.006385 0.006408
8 0.348705 0.569598 0.005676 0.006408
8 0.369103 0.537558 0.006740 0.006408
8 0.441291 0.632965 0.005676 0.004984
8 0.404221 0.607512 0.006031 0.005340
8 0.335225 0.611072 0.006385 0.006764
8 0.303299 0.597544 0.007095 0.006052
8 0.324583 0.589712 0.005676 0.005340
8 0.331323 0.589178 0.006385 0.007120
8 0.280596 0.586508 0.005676 0.006052
8 0.263391 0.511214 0.007449 0.006408
8 0.213551 0.483090 0.009223 0.007120
8 0.229514 0.407796 0.007804 0.006764
8 0.937389 0.496262 0.008159 0.006408
8 0.912912 0.637949 0.006740 0.007832
8 0.896595 0.678889 0.007449 0.007832
8 0.892515 0.707547 0.009223 0.008188
8 0.788578 0.770737 0.005676 0.006408
8 0.754700 0.803667 0.006031 0.005340
8 0.733239 0.813279 0.007095 0.006052
8 0.595424 0.797971 0.006031 0.005340
8 0.594360 0.857067 0.008159 0.007476
8 0.730578 0.848879 0.006740 0.006052
8 0.322277 0.715379 0.006031 0.005340
8 0.297091 0.726415 0.006031 0.004628
8 0.428343 0.453542 0.006740 0.007120
8 0.294253 0.416518 0.006740 0.006408
8 0.445371 0.396760 0.008159 0.006764
8 0.274743 0.389106 0.006031 0.005696
8 0.240688 0.333037 0.005321 0.006052
8 0.273856 0.294589 0.005676 0.005340
8 0.290706 0.251157 0.006031 0.006052
8 0.121674 0.348523 0.006385 0.005696
8 0.158389 0.259879 0.006031 0.005696
8 0.109613 0.309897 0.007095 0.007476
8 0.272082 0.276255 0.005676 0.004984
8 0.266584 0.283019 0.006740 0.007120
8 0.438631 0.135101 0.005321 0.006764
8 0.374424 0.629583 0.005321 0.006764
8 0.399078 0.630473 0.003547 0.007832
8 0.394466 0.631007 0.004257 0.008188
8 0.389855 0.630473 0.003547 0.007120
8 0.414686 0.635457 0.004966 0.008544
8 0.409365 0.634923 0.003547 0.009612
8 0.605357 0.684585 0.005321 0.008544
8 0.600213 0.683873 0.004966 0.007120
8 0.549840 0.637237 0.005676 0.006408
8 0.554984 0.638305 0.003902 0.007832
8 0.617950 0.603062 0.007804 0.004984
8 0.566868 0.590246 0.007095 0.006408
8 0.533877 0.345675 0.003547 0.005696
8 0.538844 0.343361 0.005676 0.006052
8 0.532281 0.340157 0.006031 0.006764
8 0.711955 0.283375 0.009933 0.008544
8 0.711600 0.275721 0.007804 0.006764
8 0.706456 0.268245 0.010997 0.008900
8 0.709117 0.259523 0.006385 0.006408
8 0.598617 0.097366 0.008868 0.007476
8 0.629479 0.098256 0.008868 0.008544
8 0.682157 0.071556 0.005676 0.006408
8 0.862717 0.211819 0.004257 0.006408
8 0.857219 0.211997 0.005321 0.006052
8 0.900497 0.272339 0.006740 0.007832