8 0.860735 0.754854 0.013528 0.013870
8 0.362470 0.120839 0.012487 0.011442
8 0.455602 0.114078 0.010753 0.008322
8 0.457856 0.124653 0.011100 0.010055
8 0.490808 0.127601 0.012487 0.012483
8 0.500694 0.207004 0.010753 0.012483
8 0.473812 0.205444 0.013181 0.009362
8 0.466875 0.192614 0.009712 0.008669
8 0.472598 0.224168 0.010753 0.011442
8 0.432709 0.203883 0.008672 0.006935
8 0.426986 0.207871 0.005550 0.006588
8 0.394034 0.245666 0.011793 0.010055
8 0.380680 0.258669 0.014915 0.009709
8 0.343045 0.277739 0.010406 0.009015
8 0.511967 0.248613 0.009018 0.008322
8 0.532085 0.241852 0.007631 0.007282
8 0.543704 0.251214 0.010059 0.009362
8 0.537634 0.272538 0.008325 0.006935
8 0.587582 0.253467 0.009712 0.007628
8 0.576309 0.267164 0.007284 0.005895
8 0.581165 0.275312 0.008672 0.008322
8 0.569025 0.277046 0.007978 0.009015
8 0.607353 0.193135 0.009712 0.009709
8 0.607874 0.138350 0.005897 0.009015
8 0.638398 0.150312 0.010753 0.010055
8 0.619494 0.196949 0.010406 0.013176
8 0.620187 0.254334 0.007631 0.008669
8 0.622962 0.266644 0.007631 0.008322
8 0.618800 0.279993 0.009712 0.008669
8 0.652099 0.278953 0.006243 0.007975
8 0.652272 0.282074 0.006590 0.004508
8 0.651058 0.289008 0.006937 0.007975
8 0.639091 0.296290 0.007284 0.007975
8 0.631981 0.303051 0.007631 0.008322
8 0.617412 0.301491 0.009712 0.006588
8 0.531564 0.315014 0.007978 0.010749
8 0.645508 0.309639 0.009018 0.009709
8 0.654180 0.304785 0.009018 0.005548
8 0.674471 0.296983 0.005897 0.007975
8 0.682449 0.302878 0.005897 0.006588
8 0.663545 0.308079 0.004856 0.007282
8 0.667534 0.309119 0.004509 0.004508
8 0.671349 0.312240 0.005897 0.006588
8 0.660597 0.327843 0.007978 0.007282
8 0.684010 0.322642 0.006937 0.005895
8 0.689039 0.319175 0.006590 0.008669
8 0.695803 0.314840 0.009018 0.009015
8 0.698578 0.323509 0.006243 0.005548
8 0.703781 0.322816 0.008325 0.005548
8 0.770552 0.202323 0.009365 0.007282
8 0.801249 0.228849 0.006937 0.007628
8 0.811308 0.250000 0.006243 0.006935
8 0.816857 0.252254 0.006937 0.005201
8 0.796393 0.266990 0.004162 0.005548
8 0.614291 0.330791 0.011793 0.008322
8 0.595734 0.335818 0.007978 0.006588
8 0.604405 0.345874 0.009365 0.007282
8 0.552203 0.354369 0.009018 0.009015
8 0.602844 0.366678 0.008325 0.010055
8 0.636490 0.364945 0.007631 0.007975
8 0.556365 0.408807 0.010406 0.008322
8 0.606660 0.439840 0.010406 0.007975
8 0.623656 0.432559 0.009018 0.008669
8 0.659903 0.427358 0.007284 0.008669
8 0.660770 0.417996 0.008325 0.007975
8 0.666840 0.415569 0.007284 0.008669
8 0.681061 0.432039 0.007284 0.008322
8 0.671523 0.435333 0.009018 0.007975
8 0.676726 0.454057 0.006937 0.009362
8 0.690080 0.411755 0.009365 0.007282
8 0.694762 0.395458 0.009712 0.010749
8 0.696670 0.384709 0.007284 0.007282
8 0.704301 0.381588 0.007284 0.007282
8 0.683663 0.377601 0.007631 0.008322
8 0.678460 0.371186 0.007631 0.009362
8 0.688866 0.361997 0.009018 0.008322
8 0.677766 0.353849 0.010406 0.010055
8 0.679327 0.349168 0.007978 0.006935
8 0.669615 0.345354 0.007284 0.007628
8 0.676552 0.337032 0.007978 0.006241
8 0.706903 0.335125 0.006243 0.003814
8 0.707596 0.341540 0.007631 0.006935
8 0.720604 0.348648 0.007978 0.005895
8 0.716094 0.358530 0.006590 0.009015
8 0.710371 0.355929 0.008325 0.006588
8 0.720430 0.366852 0.004162 0.005548
8 0.732050 0.358703 0.007978 0.007282
8 0.740895 0.362517 0.004856 0.006588
8 0.727888 0.370666 0.007284 0.004854
8 0.731530 0.375173 0.007631 0.006241
8 0.740548 0.373960 0.005550 0.007282
8 0.753382 0.368239 0.007631 0.006241
8 0.751994 0.378294 0.005550 0.006935
8 0.746792 0.377601 0.006937 0.004854
8 0.735519 0.378814 0.006590 0.006588
8 0.742803 0.382455 0.005897 0.005548
8 0.738987 0.386789 0.005897 0.005895
8 0.729102 0.383322 0.007631 0.007282
8 0.722511 0.384189 0.005550 0.007628
8 0.726153 0.389043 0.005897 0.006935
8 0.714187 0.394764 0.006937 0.006588
8 0.735519 0.395978 0.005897 0.005548
8 0.724766 0.404820 0.007978 0.006588
8 0.757197 0.396151 0.007631 0.006588
8 0.761533 0.388870 0.004509 0.006588
8 0.765002 0.387309 0.007284 0.003467
8 0.765002 0.383842 0.006590 0.006241
8 0.773326 0.382282 0.007284 0.006588
8 0.784773 0.393377 0.005203 0.005201
8 0.778182 0.392337 0.005203 0.004508
8 0.780784 0.394071 0.004856 0.003121
8 0.779743 0.396845 0.004856 0.006588
8 0.779223 0.404126 0.005897 0.006588
8 0.770898 0.399445 0.006590 0.006241
8 0.760839 0.417996 0.007284 0.007282
8 0.751301 0.418516 0.006937 0.006935
8 0.748352 0.414182 0.007284 0.007282
8 0.722164 0.430999 0.007631 0.008322
8 0.787374 0.454230 0.009018 0.008322
8 0.801075 0.424757 0.007284 0.008322
8 0.802810 0.412968 0.009365 0.010402
8 0.822060 0.420596 0.008325 0.009015
8 0.851023 0.406900 0.007978 0.007282
8 0.833680 0.433252 0.008672 0.007975
8 0.859174 0.428051 0.008325 0.010055
8 0.581512 0.481969 0.008672 0.007628
8 0.874783 0.352809 0.004856 0.005201
8 0.879119 0.354716 0.009365 0.005548
8 0.903226 0.368585 0.006937 0.006241
8 0.899931 0.403779 0.005897 0.007282
8 0.906001 0.405340 0.007631 0.009015
8 0.890912 0.410888 0.007284 0.007628
8 0.909816 0.460298 0.006937 0.006588
8 0.921263 0.467233 0.006937 0.006588
8 0.915366 0.469487 0.006937 0.006241
8 0.918661 0.477635 0.005897 0.005201
8 0.925772 0.477115 0.006243 0.006241
8 0.922650 0.482316 0.007631 0.006935
8 0.935657 0.479196 0.005203 0.006935
8 0.923691 0.514043 0.007631 0.007282
8 0.786507 0.516123 0.008672 0.006588
8 0.917100 0.522365 0.006243 0.005895
8 0.922650 0.525312 0.005550 0.004854
8 0.927159 0.525139 0.002775 0.005201
8 0.924384 0.531900 0.005550 0.006241
8 0.926292 0.540915 0.006590 0.006935
8 0.925078 0.576283 0.007631 0.008322
8 0.918835 0.613037 0.006243 0.005548
8 0.907562 0.613384 0.006590 0.007628
8 0.916753 0.618585 0.007631 0.006935
8 0.908776 0.645978 0.006937 0.006935
8 0.903573 0.646498 0.006243 0.006588
8 0.886576 0.682212 0.009018 0.008669
8 0.898023 0.684813 0.007631 0.009015
8 0.890045 0.700416 0.006937 0.006935
8 0.653833 0.693828 0.010406 0.007628
8 0.790669 0.754681 0.011446 0.007975
8 0.874436 0.728155 0.004856 0.004161
8 0.875650 0.733183 0.005897 0.003814
8 0.866459 0.743412 0.006937 0.005548
8 0.849116 0.769591 0.005550 0.005201
8 0.845647 0.772365 0.005550 0.003814
8 0.849289 0.775139 0.005203 0.003814
8 0.841485 0.782767 0.004856 0.007975
8 0.837149 0.782074 0.006590 0.006588
8 0.832119 0.791956 0.005550 0.006241
8 0.824142 0.792996 0.008325 0.006241
8 0.826396 0.801838 0.006590 0.005201
8 0.801769 0.820215 0.006590 0.005201
8 0.786160 0.832004 0.007978 0.005895
8 0.793965 0.837552 0.006937 0.006588
8 0.751301 0.817961 0.006937 0.010402
8 0.778703 0.852288 0.006243 0.009015
8 0.755463 0.854542 0.008325 0.010749
8 0.536247 0.807212 0.009712 0.009015
8 0.515435 0.820388 0.011793 0.011096
8 0.485779 0.834951 0.011446 0.008322
8 0.466701 0.835472 0.007978 0.008669
8 0.499480 0.906553 0.012487 0.008669
8 0.499653 0.915915 0.012834 0.007282
8 0.547520 0.915915 0.007284 0.007282
8 0.541797 0.918863 0.010406 0.008322
8 0.555324 0.933426 0.010406 0.009709
8 0.567118 0.932212 0.008325 0.010055
8 0.615678 0.915742 0.006243 0.007628
8 0.626084 0.917822 0.007631 0.011096
8 0.634929 0.921637 0.006590 0.007628
8 0.657128 0.909847 0.011446 0.009015
8 0.688866 0.870492 0.011100 0.010749
8 0.700139 0.891123 0.007978 0.011096
8 0.713146 0.878121 0.007631 0.006588
8 0.722685 0.872399 0.008672 0.009015
8 0.751474 0.872746 0.007284 0.006935
8 0.758932 0.871359 0.009018 0.009709
8 0.499306 0.941574 0.005897 0.006588
8 0.493236 0.942614 0.008325 0.007282
8 0.465314 0.940187 0.009365 0.008669
8 0.468262 0.946602 0.006243 0.006935
8 0.464620 0.950069 0.010059 0.007628
8 0.440340 0.947122 0.007978 0.007975
8 0.447797 0.958218 0.009712 0.006588
8 0.407041 0.940361 0.006590 0.005548
8 0.398196 0.920250 0.009018 0.007628
8 0.402879 0.902219 0.009365 0.007628
8 0.382588 0.929265 0.009712 0.006241
8 0.372875 0.935160 0.009712 0.010402
8 0.362990 0.912448 0.011446 0.010055
8 0.336802 0.927531 0.008325 0.007628
8 0.327784 0.907420 0.006937 0.008322
8 0.318939 0.915742 0.008672 0.008322
8 0.308880 0.900139 0.009365 0.008322
8 0.326570 0.884362 0.007978 0.007975
8 0.352931 0.875520 0.007284 0.006241
8 0.374436 0.863904 0.010059 0.010055
8 0.391779 0.846394 0.007284 0.008322
8 0.399237 0.840846 0.008325 0.008322
8 0.376518 0.824549 0.009365 0.011789
8 0.365245 0.829750 0.003469 0.006935
8 0.370447 0.830444 0.004856 0.006241
8 0.360562 0.819175 0.006590 0.006588
8 0.351890 0.832524 0.005897 0.005548
8 0.339750 0.832524 0.007978 0.008322
8 0.333507 0.822295 0.008672 0.008669
8 0.323101 0.830444 0.007978 0.008322
8 0.344953 0.818135 0.005897 0.007282
8 0.346514 0.821602 0.007631 0.004508
8 0.371661 0.782940 0.005897 0.006935
8 0.339924 0.785194 0.009712 0.007282
8 0.345994 0.794209 0.006590 0.007282
8 0.343219 0.800277 0.007978 0.004854
8 0.322928 0.804438 0.008325 0.009015
8 0.302463 0.809813 0.006937 0.005895
8 0.302636 0.802358 0.008672 0.006241
8 0.296046 0.798024 0.007284 0.005895
8 0.283212 0.808773 0.007978 0.006588
8 0.283039 0.797677 0.005550 0.006588
8 0.276795 0.791262 0.007631 0.006935
8 0.270378 0.799411 0.010059 0.007975
8 0.257371 0.789875 0.009018 0.008322
8 0.259452 0.780513 0.006937 0.008322
8 0.244017 0.782074 0.006590 0.008669
8 0.219043 0.814840 0.007284 0.006935
8 0.243496 0.773232 0.006243 0.006935
8 0.237600 0.767684 0.007631 0.007628
8 0.231009 0.770458 0.005550 0.006241
8 0.226674 0.772191 0.005897 0.006241
8 0.439993 0.763523 0.012140 0.010402
8 0.444676 0.730583 0.011100 0.009015
8 0.535380 0.703190 0.008672 0.011096
8 0.473639 0.681519 0.009365 0.009362
8 0.437738 0.708391 0.009712 0.008322
8 0.417967 0.747226 0.009018 0.009709
8 0.390219 0.742718 0.011100 0.011096
8 0.417794 0.735437 0.007284 0.009015
8 0.412938 0.731796 0.006590 0.007975
8 0.407735 0.728155 0.007284 0.005548
8 0.411204 0.701110 0.007284 0.007628
8 0.403052 0.698162 0.007631 0.007282
8 0.395248 0.711165 0.007978 0.007628
8 0.387444 0.721914 0.006937 0.008322
8 0.368019 0.722781 0.011100 0.011442
8 0.343566 0.740811 0.007978 0.007975
8 0.330905 0.743585 0.007631 0.008669
8 0.316511 0.723474 0.010059 0.008669
8 0.347381 0.716886 0.008672 0.008669
8 0.373916 0.700936 0.006243 0.005895
8 0.381200 0.696429 0.006937 0.007282
8 0.404787 0.686373 0.006937 0.007975
8 0.407735 0.671117 0.007284 0.008669
8 0.401145 0.657247 0.005897 0.007975
8 0.413111 0.642164 0.008325 0.008322
8 0.404093 0.641297 0.006243 0.007975
8 0.390565 0.630028 0.009018 0.008322
8 0.479535 0.660888 0.007978 0.009015
8 0.471904 0.648232 0.007284 0.007975
8 0.461152 0.644938 0.007978 0.008322
8 0.478668 0.633669 0.011100 0.010055
8 0.458897 0.616852 0.010406 0.009709
8 0.441034 0.606796 0.010059 0.009015
8 0.378078 0.669903 0.009018 0.009015
8 0.354318 0.687587 0.009365 0.008322
8 0.330212 0.658287 0.009018 0.008669
8 0.304891 0.670943 0.009018 0.009015
8 0.304891 0.705964 0.009018 0.008322
8 0.257024 0.686893 0.010406 0.006935
8 0.254769 0.701110 0.009365 0.006935
8 0.262747 0.707351 0.005897 0.006935
8 0.261707 0.735784 0.008672 0.008322
8 0.249566 0.724515 0.008672 0.007282
8 0.250434 0.748786 0.009712 0.012136
8 0.231877 0.757975 0.005897 0.004161
8 0.228061 0.762656 0.005897 0.005895
8 0.222164 0.756068 0.005203 0.003814
8 0.236906 0.691054 0.006937 0.006241
8 0.240201 0.678225 0.007978 0.007628
8 0.244364 0.633495 0.006590 0.006241
8 0.272286 0.631935 0.007631 0.007975
8 0.272806 0.619972 0.008672 0.009015
8 0.316857 0.609223 0.007978 0.005548
8 0.347208 0.618585 0.009018 0.010402
8 0.330212 0.606103 0.009018 0.009015
8 0.212626 0.753988 0.004856 0.006588
8 0.208117 0.755028 0.006937 0.007975
8 0.199445 0.746359 0.007631 0.007975
8 0.195109 0.739598 0.005897 0.006241
8 0.192161 0.734050 0.006937 0.006935
8 0.187825 0.731969 0.007978 0.005548
8 0.182449 0.737691 0.010406 0.005895
8 0.181755 0.731103 0.006937 0.006588
8 0.166840 0.729022 0.005550 0.007975
8 0.157995 0.719660 0.010059 0.010055
8 0.135623 0.724168 0.006243 0.005895
8 0.139958 0.736824 0.008672 0.009709
8 0.141519 0.748613 0.007631 0.006241
8 0.141172 0.709951 0.007631 0.006588
8 0.137357 0.704750 0.010406 0.009362
8 0.132501 0.699723 0.006937 0.004854
8 0.129379 0.694001 0.006243 0.005895
8 0.129899 0.689840 0.006590 0.005895
8 0.122095 0.690881 0.006243 0.005201
8 0.114638 0.706831 0.007978 0.007282
8 0.111342 0.692614 0.006243 0.005201
8 0.108394 0.697816 0.005203 0.005895
8 0.095560 0.698509 0.005203 0.006588
8 0.109261 0.681692 0.009712 0.007628
8 0.102671 0.678051 0.004856 0.004508
8 0.092959 0.680479 0.006243 0.007282
8 0.087582 0.686373 0.010059 0.007975
8 0.082900 0.677184 0.008325 0.009015
8 0.076483 0.669036 0.007978 0.006588
8 0.089490 0.620666 0.007631 0.005548
8 0.067811 0.619626 0.005203 0.009015
8 0.177766 0.675624 0.008672 0.008669
8 0.197711 0.644417 0.007631 0.007975
8 0.214013 0.652046 0.009018 0.007282
8 0.214360 0.645804 0.006937 0.009362
8 0.219910 0.634189 0.005550 0.006935
8 0.212105 0.617545 0.007284 0.008322
8 0.198058 0.606796 0.008325 0.009015
8 0.195456 0.626387 0.007284 0.008669
8 0.189386 0.624480 0.005550 0.006241
8 0.340791 0.588766 0.010059 0.008322
8 0.364031 0.557906 0.008672 0.009015
8 0.388831 0.555305 0.008325 0.010055
8 0.407388 0.538835 0.006590 0.009015
8 0.414499 0.579924 0.006243 0.007282
8 0.448665 0.559293 0.009365 0.011096
8 0.464794 0.568655 0.008325 0.007628
8 0.463753 0.539355 0.006937 0.007975
8 0.445716 0.494799 0.007631 0.008322
8 0.419702 0.516297 0.008325 0.009015
8 0.395942 0.503121 0.010753 0.008322
8 0.543011 0.544730 0.009365 0.009015
8 0.560354 0.548544 0.009365 0.007628
8 0.504683 0.497226 0.009712 0.010402
8 0.565210 0.534847 0.007978 0.009362
8 0.582379 0.534674 0.007631 0.010402
8 0.589490 0.522191 0.006590 0.008322
8 0.616892 0.487344 0.009365 0.007282
8 0.643080 0.509362 0.010406 0.010402
8 0.423691 0.412101 0.008672 0.008669
8 0.335068 0.445735 0.008325 0.007975
8 0.272806 0.404300 0.010059 0.010402
8 0.319632 0.366678 0.009365 0.010055
8 0.356053 0.384189 0.007978 0.006241
8 0.387444 0.367372 0.008325 0.008669
8 0.420222 0.344660 0.010059 0.009015
8 0.456816 0.340499 0.007631 0.009709
8 0.368193 0.324723 0.009365 0.008669
8 0.334721 0.332004 0.009712 0.009362
8 0.370968 0.305479 0.007978 0.006935
8 0.339750 0.289528 0.010753 0.007628
8 0.209851 0.591193 0.009712 0.009709
8 0.185224 0.584258 0.012487 0.009709
8 0.168401 0.576803 0.007978 0.009362
8 0.185744 0.571775 0.005897 0.006935
8 0.180368 0.565187 0.006937 0.004854
8 0.182102 0.560333 0.005550 0.005548
8 0.164065 0.550624 0.005550 0.006241
8 0.157995 0.550451 0.008672 0.005895
8 0.174818 0.535888 0.007631 0.007282
8 0.159556 0.532420 0.006937 0.004508
8 0.150884 0.534501 0.004856 0.007282
8 0.156608 0.523058 0.008672 0.005201
8 0.165973 0.519591 0.005203 0.006588
8 0.186958 0.514390 0.006243 0.006588
8 0.164586 0.505548 0.009365 0.009015
8 0.153833 0.505548 0.010059 0.009015
8 0.160423 0.493932 0.008672 0.007975
8 0.223205 0.495146 0.008672 0.007628
8 0.222685 0.470874 0.009712 0.009015
8 0.231877 0.464632 0.007978 0.008322
8 0.186958 0.464806 0.008325 0.008669
8 0.155047 0.478329 0.006243 0.007975
8 0.141519 0.477115 0.004856 0.007628
8 0.145508 0.463419 0.007284 0.006588
8 0.153139 0.459951 0.007284 0.007282
8 0.128165 0.454404 0.009365 0.007282
8 0.139091 0.453190 0.011100 0.008322
8 0.137010 0.445735 0.006243 0.007282
8 0.071106 0.450069 0.008325 0.009015
8 0.054977 0.455097 0.009365 0.007975
8 0.061394 0.480236 0.008325 0.008322
8 0.041970 0.484223 0.006937 0.006588
8 0.049254 0.490465 0.007631 0.007975
8 0.057579 0.498093 0.009018 0.006588
8 0.061221 0.502254 0.005897 0.005201
8 0.041797 0.503814 0.006590 0.007628
8 0.043358 0.514563 0.005550 0.006241
8 0.042317 0.524792 0.004162 0.007975
8 0.044398 0.543516 0.006243 0.006588
8 0.044225 0.554612 0.006590 0.004508
8 0.050815 0.599861 0.005897 0.007628
8 0.073881 0.566921 0.009712 0.007628
8 0.066250 0.553745 0.006243 0.006935
8 0.066077 0.548717 0.006590 0.007282
8 0.056191 0.524445 0.009712 0.006588
8 0.049428 0.513696 0.008672 0.007975
8 0.106313 0.326456 0.007978 0.005895
8 0.111169 0.332871 0.007284 0.005548
8 0.105446 0.339979 0.008325 0.005895
8 0.075095 0.388696 0.009365 0.006935
8 0.074575 0.403779 0.009018 0.007975
8 0.057579 0.422850 0.007631 0.009362
8 0.079778 0.416609 0.011793 0.010055
8 0.118280 0.380201 0.006243 0.006588
8 0.127992 0.384189 0.006937 0.009015
8 0.123136 0.387136 0.006243 0.005895
8 0.114984 0.386616 0.009365 0.005548
8 0.108741 0.401699 0.012140 0.009362
8 0.126778 0.410888 0.008672 0.009709
8 0.136837 0.416782 0.007284 0.009015
8 0.114984 0.421637 0.007978 0.007628
8 0.124003 0.428398 0.008672 0.008669
8 0.145508 0.438974 0.010059 0.007628
8 0.128685 0.286928 0.009712 0.011442
8 0.135969 0.262656 0.009018 0.011442
8 0.149670 0.257628 0.010059 0.009709
8 0.118973 0.286581 0.009712 0.008669
8 0.134582 0.246533 0.011100 0.008322
8 0.149150 0.244105 0.009712 0.007628
8 0.134929 0.236824 0.007631 0.007628
8 0.168054 0.226595 0.010059 0.010055
8 0.174644 0.211859 0.010753 0.008322
8 0.189039 0.193308 0.007631 0.008669
8 0.204128 0.170250 0.010059 0.009709