8 0.922430 0.370856 0.010977 0.009472
8 0.918039 0.357377 0.010977 0.009472
8 0.937431 0.356831 0.007318 0.009107
8 0.904866 0.324954 0.009513 0.010200
8 0.849616 0.314208 0.009513 0.009107
8 0.878339 0.294900 0.007684 0.009107
8 0.850348 0.301639 0.008782 0.006557
8 0.821808 0.256466 0.010245 0.009472
8 0.807355 0.262659 0.009147 0.009472
8 0.802415 0.244262 0.009513 0.008379
8 0.796926 0.228415 0.008782 0.008743
8 0.761617 0.185246 0.009147 0.008379
8 0.728321 0.134791 0.009879 0.010929
8 0.772411 0.251913 0.009513 0.010565
8 0.739846 0.255373 0.008050 0.010200
8 0.749543 0.250091 0.008416 0.009836
8 0.711306 0.227140 0.009513 0.009107
8 0.641969 0.261202 0.007684 0.008743
8 0.594768 0.448634 0.008416 0.009107
8 0.586901 0.458106 0.007318 0.008379
8 0.685693 0.370492 0.010245 0.008015
8 0.637029 0.403643 0.013172 0.012386
8 0.599524 0.394353 0.011343 0.013479
8 0.620015 0.276685 0.010611 0.009836
8 0.585437 0.262295 0.008050 0.008015
8 0.450970 0.152095 0.009147 0.009107
8 0.434138 0.201275 0.011343 0.011293
8 0.505123 0.688889 0.007684 0.009472
8 0.497073 0.687614 0.006952 0.007650
8 0.488840 0.729144 0.006586 0.006193
8 0.479144 0.725865 0.006952 0.007650
8 0.481339 0.732605 0.006220 0.005100
8 0.563300 0.693807 0.009879 0.009836
8 0.529638 0.722040 0.009147 0.008743
8 0.540066 0.718761 0.008782 0.008015
8 0.541164 0.733698 0.010245 0.008743
8 0.521039 0.765756 0.011709 0.009472
8 0.571167 0.704918 0.010245 0.008743
8 0.521954 0.785792 0.010611 0.010200
8 0.644713 0.702004 0.010977 0.011658
8 0.507867 0.813661 0.007318 0.009107
8 0.517746 0.811293 0.010245 0.010200
8 0.702891 0.866302 0.011709 0.011658
8 0.532382 0.896357 0.010245 0.009107
8 0.454629 0.749545 0.010611 0.009836
8 0.453348 0.732969 0.008782 0.008743
8 0.447311 0.714936 0.009879 0.009107
8 0.432492 0.775956 0.010977 0.009472
8 0.383278 0.807832 0.009879 0.010565
8 0.348152 0.724954 0.009879 0.009472
8 0.373948 0.697450 0.012441 0.012022
8 0.344127 0.678871 0.011343 0.011293
8 0.444201 0.673224 0.009513 0.010200
8 0.412001 0.722951 0.010977 0.009836
8 0.421332 0.699271 0.010611 0.012022
8 0.471826 0.704918 0.009879 0.009472
8 0.476765 0.670674 0.010977 0.010200
8 0.460666 0.681239 0.010245 0.010929
8 0.727223 0.767213 0.009879 0.010200
8 0.807720 0.814754 0.010611 0.009107
8 0.720454 0.883060 0.009513 0.010200
8 0.469813 0.606193 0.008782 0.010200
8 0.511709 0.588342 0.011343 0.012386
8 0.541895 0.555009 0.011709 0.013479
8 0.619283 0.569035 0.009879 0.010200
8 0.671423 0.557195 0.011709 0.010565
8 0.800220 0.476138 0.009513 0.010200
8 0.425906 0.489617 0.011709 0.013115
8 0.323637 0.441530 0.010611 0.012386
8 0.302049 0.459563 0.009879 0.010565
8 0.345042 0.337341 0.015368 0.012386
8 0.140871 0.337158 0.012441 0.010565
8 0.403037 0.319672 0.011343 0.012022
8 0.527808 0.406557 0.011343 0.012386
8 0.438163 0.345719 0.011343 0.011658
8 0.556165 0.431512 0.012441 0.011293
8 0.538785 0.417668 0.011343 0.010565
8 0.458836 0.359745 0.011709 0.011293
8 0.475302 0.369763 0.012441 0.011658
8 0.916758 0.697450 0.010611 0.009836
8 0.904501 0.727869 0.008782 0.008743
8 0.876692 0.769581 0.008782 0.009836
8 0.864069 0.787067 0.008416 0.008379
8 0.539517 0.959563 0.011343 0.007286
8 0.447311 0.353734 0.009879 0.011658
8 0.588181 0.451548 0.006220 0.006922
8 0.925540 0.341348 0.008416 0.010200
8 0.917490 0.344809 0.007684 0.007650