9 0.264643 0.372587 0.028217 0.027027
9 0.206712 0.290862 0.022659 0.024024
9 0.087644 0.288503 0.023942 0.022737
9 0.156050 0.190691 0.019667 0.025311
9 0.231509 0.188760 0.018384 0.032604
9 0.416845 0.390605 0.019667 0.022737
9 0.539974 0.366366 0.015391 0.019734
9 0.586575 0.339983 0.032493 0.029601
9 0.654339 0.138782 0.026935 0.031317
9 0.770415 0.131703 0.019667 0.028314
9 0.459812 0.076362 0.026935 0.019734
9 0.419624 0.034749 0.022659 0.024024
9 0.459812 0.050193 0.020949 0.015444
9 0.494228 0.028958 0.019667 0.018447
9 0.522018 0.037323 0.023942 0.024024
9 0.158187 0.676748 0.023942 0.027027
9 0.413211 0.616045 0.020949 0.024024
9 0.563489 0.427928 0.019667 0.021021
9 0.702864 0.283355 0.019667 0.021021
9 0.755237 0.239168 0.022659 0.022737
9 0.800342 0.328400 0.028217 0.022737
9 0.722531 0.324110 0.028217 0.022737
9 0.674006 0.611755 0.020949 0.024024
9 0.763788 0.558988 0.022659 0.017160
9 0.805259 0.527671 0.018384 0.017160
9 0.789012 0.576577 0.014109 0.012870
9 0.916631 0.620335 0.023942 0.015444
9 0.726165 0.737666 0.020949 0.027027
9 0.452544 0.679322 0.020949 0.021021
9 0.514750 0.775847 0.023942 0.027027
9 0.457247 0.790433 0.018384 0.025311
9 0.549380 0.817460 0.019667 0.022737
9 0.523087 0.839339 0.018384 0.027027
9 0.448268 0.843200 0.020949 0.014157
9 0.551945 0.857357 0.019667 0.014157
9 0.464729 0.919562 0.019667 0.022737
9 0.307396 0.927928 0.023942 0.028314
9 0.404233 0.948520 0.014109 0.024024
9 0.743266 0.470184 0.014109 0.014586
9 0.731509 0.482625 0.012826 0.014586
9 0.610945 0.523381 0.010261 0.018018
9 0.623343 0.525311 0.011971 0.015873
9 0.590637 0.935221 0.013254 0.014586
9 0.599615 0.950879 0.014109 0.014157
9 0.582300 0.951308 0.012826 0.015873
9 0.464515 0.955598 0.010688 0.019305
9 0.481189 0.954097 0.013254 0.018018
9 0.513681 0.969326 0.011543 0.011583
9 0.506199 0.960532 0.009406 0.012870
9 0.499786 0.963106 0.007696 0.014586
9 0.511757 0.953882 0.010261 0.013299