9 0.326262 0.912139 0.016971 0.016978
9 0.281502 0.848472 0.015698 0.016978
9 0.244591 0.799024 0.018244 0.019949
9 0.184769 0.827886 0.019941 0.018251
9 0.186678 0.747666 0.021213 0.024194
9 0.167798 0.717954 0.022486 0.024194
9 0.063640 0.663200 0.021213 0.022496
9 0.064701 0.608447 0.019941 0.019949
9 0.021213 0.607598 0.021213 0.024194
9 0.210225 0.627122 0.022486 0.026740
9 0.242469 0.606749 0.022486 0.030985
9 0.279593 0.584253 0.016971 0.022496
9 0.295078 0.607598 0.019941 0.018251
9 0.361264 0.581282 0.022486 0.019949
9 0.319262 0.801995 0.019941 0.022496
9 0.348112 0.773769 0.018244 0.016978
9 0.384175 0.848048 0.019941 0.021222
9 0.420874 0.785441 0.016971 0.026740
9 0.455664 0.772284 0.021213 0.022496
9 0.479635 0.797750 0.026729 0.028438
9 0.471786 0.849533 0.016971 0.024194
9 0.478787 0.886885 0.022486 0.030985
9 0.805473 0.693973 0.022486 0.029711
9 0.724650 0.688031 0.025456 0.021222
9 0.770895 0.640280 0.021213 0.024194
9 0.732499 0.653650 0.024183 0.016978
9 0.700679 0.620756 0.022486 0.022496
9 0.670980 0.612479 0.022486 0.016978
9 0.682860 0.542445 0.026729 0.021222
9 0.752864 0.479414 0.022486 0.019949
9 0.631311 0.409380 0.025456 0.018251
9 0.693891 0.423812 0.028426 0.024194
9 0.596945 0.456919 0.021213 0.022496
9 0.603946 0.492148 0.026729 0.019949
9 0.561519 0.507640 0.018244 0.016978
9 0.549639 0.521222 0.019941 0.021222
9 0.593127 0.541808 0.016971 0.028438
9 0.489393 0.581919 0.018244 0.021222
9 0.450361 0.534593 0.014001 0.019949
9 0.432966 0.557088 0.015698 0.022496
9 0.396054 0.532683 0.018244 0.021222
9 0.374417 0.508277 0.019941 0.018251
9 0.394145 0.490874 0.016971 0.019949
9 0.411752 0.478141 0.018244 0.022496
9 0.237590 0.514219 0.021213 0.026740
9 0.203012 0.513582 0.019941 0.016978
9 0.162283 0.512097 0.019941 0.019949
9 0.064701 0.425509 0.015698 0.023345
9 0.101824 0.328311 0.017819 0.015705
9 0.103521 0.359083 0.016971 0.016978
9 0.104370 0.378396 0.008485 0.018251
9 0.115401 0.375000 0.013577 0.010611
9 0.143403 0.380093 0.016971 0.014856
9 0.182011 0.381579 0.017819 0.013582
9 0.187739 0.421689 0.014001 0.014856
9 0.160373 0.439516 0.016971 0.014856
9 0.218074 0.377334 0.013577 0.016129
9 0.266653 0.401528 0.019092 0.017827
9 0.361476 0.407895 0.017819 0.017827
9 0.331566 0.341681 0.019092 0.016129
9 0.214892 0.345076 0.014849 0.016978
9 0.149555 0.332131 0.014001 0.018251
9 0.176496 0.333829 0.012728 0.015705
9 0.189860 0.325764 0.014001 0.019100
9 0.192193 0.307725 0.016122 0.012733
9 0.179041 0.298599 0.009334 0.014856
9 0.247560 0.251910 0.010607 0.015705
9 0.158888 0.279924 0.014001 0.018251
9 0.131523 0.268676 0.017819 0.021222
9 0.148706 0.248090 0.014001 0.014007
9 0.397539 0.280136 0.012728 0.016129
9 0.423420 0.277801 0.016122 0.014007
9 0.455876 0.310059 0.014849 0.010611
9 0.455028 0.325764 0.014001 0.014856
9 0.759440 0.291171 0.024608 0.017827
9 0.706619 0.303268 0.018244 0.015705
9 0.729741 0.310272 0.016122 0.017827
9 0.816080 0.361842 0.018244 0.014856
9 0.819898 0.382428 0.019941 0.016978
9 0.723589 0.401104 0.011455 0.020374
9 0.711498 0.404711 0.013577 0.015705
9 0.631099 0.437606 0.018244 0.017827
9 0.663343 0.502971 0.014849 0.016129
9 0.683496 0.498302 0.011880 0.016129
9 0.700042 0.501486 0.013577 0.014007
9 0.715104 0.518251 0.014001 0.017827
9 0.736529 0.531409 0.012728 0.016129
9 0.723801 0.579372 0.016122 0.016129
9 0.785108 0.562394 0.015698 0.016978
9 0.874841 0.567699 0.021213 0.022496
9 0.561519 0.717317 0.014001 0.011885
9 0.534578 0.720501 0.011880 0.014007
9 0.525032 0.693336 0.011455 0.015705
9 0.516334 0.705433 0.012728 0.013582
9 0.476241 0.674873 0.015698 0.011885
9 0.476453 0.691214 0.016122 0.014856
9 0.403903 0.634338 0.016971 0.015705
9 0.435723 0.665323 0.017819 0.014856
9 0.413449 0.690153 0.014849 0.013582
9 0.379932 0.658107 0.014849 0.014856
9 0.335808 0.656409 0.014849 0.014007
9 0.347900 0.613964 0.011880 0.011460
9 0.356173 0.623939 0.014001 0.011885
9 0.324565 0.670416 0.011880 0.014007
9 0.204285 0.545416 0.015698 0.016978
9 0.188587 0.530136 0.014001 0.016129
9 0.135342 0.508277 0.012728 0.014007
9 0.142554 0.516553 0.008485 0.016129
9 0.358507 0.691002 0.013577 0.016978
9 0.362961 0.710102 0.010607 0.012733
9 0.380781 0.704160 0.014001 0.016129
9 0.373144 0.732810 0.011455 0.015705
9 0.385660 0.726655 0.012728 0.013582
9 0.393721 0.739813 0.011880 0.012733
9 0.404115 0.724745 0.011455 0.014007
9 0.420450 0.725594 0.012728 0.011460
9 0.421935 0.740450 0.014849 0.014007
9 0.473908 0.735569 0.016971 0.021222
9 0.467756 0.710314 0.015698 0.015705
9 0.430632 0.696520 0.013577 0.012733
9 0.430844 0.707555 0.015698 0.007640
9 0.585914 0.739389 0.012728 0.013582
9 0.597157 0.733234 0.011455 0.014007
9 0.613067 0.754244 0.016122 0.013582
9 0.547518 0.605051 0.014001 0.019100
9 0.619644 0.532470 0.015698 0.014007
9 0.623674 0.518676 0.017819 0.009338
9 0.760925 0.534805 0.010607 0.012733
9 0.791472 0.533107 0.011455 0.016978
9 0.751803 0.548599 0.013577 0.014007
9 0.767077 0.611418 0.013577 0.014856
9 0.775774 0.596774 0.014001 0.012733
9 0.810352 0.580433 0.013577 0.014856
9 0.793169 0.584677 0.011455 0.014007
9 0.898812 0.463285 0.019941 0.015705
9 0.880356 0.468803 0.013577 0.015705
9 0.864022 0.454372 0.019092 0.014856
9 0.811625 0.512309 0.011880 0.013582
9 0.804200 0.518888 0.014001 0.010611
9 0.852567 0.702462 0.015698 0.016129
9 0.823929 0.238540 0.013577 0.016978
9 0.712558 0.247029 0.019092 0.020374
9 0.441027 0.820883 0.010607 0.012733
9 0.452906 0.820883 0.011455 0.013582
9 0.525880 0.905985 0.015698 0.018251
9 0.544124 0.890280 0.011455 0.015705
9 0.559822 0.899406 0.015698 0.012733
9 0.633644 0.903014 0.009758 0.014007
9 0.682223 0.903650 0.009334 0.013582
9 0.692406 0.903862 0.009334 0.015705
9 0.662707 0.863752 0.012728 0.016129
9 0.677556 0.852080 0.013577 0.011460
9 0.613280 0.773769 0.019941 0.020374
9 0.701527 0.847623 0.010607 0.020374
9 0.720407 0.830857 0.011880 0.015705
9 0.728468 0.822793 0.012728 0.010611
9 0.735893 0.780136 0.014849 0.016129
9 0.760713 0.772284 0.016122 0.015705
9 0.770259 0.825552 0.015698 0.017827
9 0.406449 0.508701 0.017819 0.015705
9 0.861476 0.689941 0.014001 0.010611
9 0.850021 0.683998 0.014001 0.014007
9 0.727832 0.635187 0.011455 0.011460
9 0.738439 0.627971 0.011455 0.011460
9 0.748197 0.586163 0.009758 0.012733
9 0.754985 0.576401 0.011455 0.012733
9 0.801655 0.606537 0.007213 0.011885
9 0.810140 0.599533 0.014849 0.010611
9 0.568944 0.598896 0.012728 0.009338
9 0.565549 0.589983 0.013577 0.008489
9 0.572762 0.581282 0.011880 0.009762
9 0.207467 0.225170 0.016971 0.015705
9 0.266228 0.202462 0.015698 0.016129
9 0.291472 0.216469 0.020365 0.016978
9 0.351082 0.171053 0.018244 0.017827
9 0.351294 0.112691 0.011880 0.014856
9 0.364658 0.117148 0.011455 0.016129
9 0.402843 0.107810 0.019941 0.013582
9 0.408146 0.085739 0.013577 0.016978
9 0.459695 0.080008 0.014001 0.011460
9 0.455028 0.100594 0.015698 0.012733
9 0.441875 0.146010 0.014849 0.011885
9 0.620492 0.232385 0.014001 0.014856
9 0.592703 0.161927 0.016971 0.014007
9 0.563640 0.125000 0.019092 0.019100
9 0.664404 0.131154 0.021213 0.022071
9 0.741833 0.135823 0.018244 0.016978
9 0.817353 0.166171 0.014849 0.009762
9 0.817353 0.176783 0.010607 0.009762
9 0.732711 0.180815 0.013577 0.011885
9 0.737166 0.193973 0.011455 0.012733
9 0.681162 0.203311 0.014001 0.013582
9 0.630038 0.155348 0.017819 0.011885
9 0.518456 0.166171 0.012728 0.015705
9 0.500424 0.145586 0.015698 0.012733
9 0.715316 0.340407 0.011031 0.013582
9 0.722953 0.329160 0.013577 0.014856
9 0.742045 0.351443 0.009334 0.011885
9 0.750318 0.356961 0.008061 0.016978
9 0.758379 0.351231 0.008061 0.014007
9 0.739287 0.363115 0.012304 0.014007
9 0.365931 0.201188 0.020789 0.019525
9 0.561519 0.056452 0.017395 0.017827
9 0.591006 0.049660 0.017819 0.018676