9 0.474954 0.269055 0.012750 0.016887
9 0.322860 0.489046 0.009107 0.007759
9 0.308743 0.490644 0.010018 0.008215
9 0.349954 0.520082 0.017760 0.013236
9 0.110428 0.683250 0.011384 0.008215
9 0.111794 0.692378 0.010474 0.009128
9 0.670765 0.142629 0.010929 0.013236
9 0.776412 0.126883 0.010929 0.011867
9 0.726548 0.093793 0.015938 0.012323
9 0.674636 0.059105 0.011384 0.018713
9 0.650273 0.063441 0.013661 0.011867
9 0.640255 0.068918 0.009107 0.020082
9 0.623179 0.073254 0.020492 0.016887
9 0.563752 0.451392 0.007286 0.007303
9 0.646175 0.388179 0.009107 0.008672
9 0.600182 0.367412 0.012750 0.010041
9 0.590619 0.376997 0.018215 0.012780
9 0.581056 0.347786 0.011840 0.012780
9 0.580601 0.338202 0.008197 0.010041
9 0.544399 0.230945 0.015027 0.012780
9 0.560565 0.224327 0.013661 0.012323
9 0.609062 0.286855 0.014117 0.011410
9 0.600182 0.295299 0.006375 0.009128
9 0.612022 0.302145 0.011840 0.013692
9 0.650729 0.309904 0.012750 0.016431
9 0.606557 0.477864 0.014572 0.012780
9 0.577641 0.452990 0.012295 0.009585
9 0.640938 0.428800 0.014117 0.010497
9 0.679872 0.376540 0.018215 0.011867
9 0.688752 0.333638 0.011384 0.011867
9 0.548270 0.252853 0.013661 0.011867
9 0.541211 0.285942 0.015027 0.015062
9 0.519353 0.382474 0.009563 0.013692
9 0.508652 0.396166 0.010018 0.011867
9 0.496812 0.396394 0.012750 0.015062
9 0.341302 0.458923 0.015027 0.012323
9 0.414617 0.413966 0.012295 0.013692
9 0.509791 0.449795 0.014117 0.009585
9 0.543033 0.434048 0.009563 0.013692
9 0.548953 0.464172 0.015027 0.013692
9 0.628643 0.400958 0.012295 0.014149
9 0.632286 0.446372 0.015938 0.011867
9 0.636157 0.463943 0.014572 0.015974
9 0.689891 0.471018 0.014572 0.009128
9 0.690118 0.458466 0.015027 0.010497
9 0.723816 0.467595 0.012295 0.008672
9 0.732696 0.465313 0.009107 0.011410
9 0.742486 0.460292 0.006831 0.007759
9 0.753415 0.451848 0.009563 0.012780
9 0.750000 0.436559 0.010018 0.010497
9 0.742259 0.418530 0.010929 0.013692
9 0.776412 0.414879 0.020947 0.024646
9 0.597678 0.586262 0.008652 0.006846
9 0.587887 0.586947 0.008197 0.009128
9 0.628643 0.565952 0.012295 0.009128
9 0.674408 0.517115 0.006375 0.006390
9 0.675774 0.501826 0.008197 0.007759
9 0.666211 0.502282 0.006375 0.009585
9 0.656876 0.502282 0.006831 0.011410
9 0.559654 0.499772 0.007286 0.009128
9 0.580829 0.502738 0.009563 0.009585
9 0.569900 0.484710 0.005920 0.006390
9 0.547814 0.503195 0.010018 0.010497
9 0.557377 0.536741 0.007286 0.011867
9 0.549408 0.535828 0.005920 0.010041
9 0.540528 0.537654 0.009107 0.009128
9 0.543260 0.570288 0.012750 0.010497
9 0.546676 0.553857 0.009563 0.009585
9 0.502960 0.544500 0.012295 0.012780
9 0.655055 0.543816 0.014117 0.015974
9 0.637978 0.538795 0.014572 0.012323
9 0.600865 0.572570 0.014117 0.012323
9 0.609517 0.609083 0.010474 0.016887
9 0.571949 0.603377 0.011840 0.009128
9 0.312842 0.533318 0.009107 0.008672
9 0.328324 0.544728 0.009107 0.009585
9 0.340392 0.481515 0.013206 0.010041
9 0.320128 0.481287 0.008197 0.007759
9 0.273907 0.498403 0.014117 0.010041
9 0.316940 0.551346 0.007286 0.006390
9 0.339481 0.537426 0.009563 0.012323
9 0.423042 0.584665 0.014572 0.010041
9 0.424180 0.576221 0.005920 0.005021
9 0.432149 0.577134 0.010018 0.006846
9 0.442851 0.581926 0.011384 0.006390
9 0.221539 0.848015 0.009563 0.010954
9 0.214253 0.842538 0.009563 0.011867
9 0.222450 0.836604 0.019581 0.013692
9 0.201958 0.837517 0.009563 0.013692
9 0.514344 0.956184 0.019581 0.014605
9 0.073998 0.540164 0.017760 0.026928
9 0.718352 0.308535 0.012295 0.015518
9 0.543716 0.169785 0.013661 0.020082
9 0.135701 0.222958 0.012750 0.014149
9 0.089936 0.591511 0.012295 0.010041
9 0.086066 0.606572 0.016393 0.014605
9 0.107013 0.596759 0.013661 0.013236
9 0.115665 0.585349 0.013661 0.012323
9 0.136612 0.638978 0.017304 0.014605
9 0.170765 0.628024 0.014572 0.013692
9 0.183743 0.609995 0.012295 0.012323
9 0.195583 0.590141 0.011384 0.011867
9 0.202186 0.635326 0.013661 0.014605
9 0.207878 0.651529 0.015027 0.014149
9 0.186248 0.677545 0.015483 0.014149
9 0.126594 0.678457 0.012750 0.012323
9 0.257286 0.626883 0.013661 0.013236
9 0.264800 0.613875 0.012295 0.011867
9 0.272541 0.587175 0.015938 0.014149
9 0.131375 0.589913 0.011384 0.010497
9 0.138434 0.596075 0.010018 0.009128
9 0.148452 0.577818 0.013661 0.012780
9 0.084244 0.639206 0.018215 0.011410
9 0.110200 0.669785 0.014572 0.010497
9 0.109973 0.661114 0.010474 0.010497
9 0.123634 0.694432 0.012295 0.011410
9 0.154372 0.713373 0.015483 0.014605
9 0.181011 0.730488 0.015938 0.014149
9 0.178734 0.767914 0.014117 0.012323
9 0.230647 0.728663 0.013206 0.013236
9 0.264344 0.727293 0.009563 0.011410
9 0.275729 0.725240 0.010474 0.010954
9 0.266393 0.755135 0.014572 0.013236
9 0.215619 0.808763 0.012295 0.010954
9 0.269353 0.828845 0.015027 0.012780
9 0.278689 0.781150 0.012750 0.011410
9 0.310337 0.795299 0.015938 0.014149
9 0.208561 0.890461 0.012750 0.012780
9 0.244308 0.853263 0.010474 0.008672
9 0.244991 0.860338 0.014572 0.010954
9 0.290984 0.894112 0.012750 0.007303
9 0.294399 0.886353 0.014117 0.010954
9 0.303051 0.877453 0.012295 0.009585
9 0.307605 0.885440 0.012295 0.011867
9 0.338570 0.771109 0.014117 0.013236
9 0.370902 0.817207 0.013206 0.012323
9 0.364982 0.771337 0.013206 0.014605
9 0.415073 0.780237 0.009563 0.013236
9 0.425546 0.780237 0.015027 0.014149
9 0.431466 0.751483 0.012295 0.011410
9 0.465392 0.762894 0.012750 0.012323
9 0.454007 0.786855 0.013661 0.011867
9 0.473588 0.790735 0.011840 0.011410
9 0.288479 0.905523 0.012295 0.010954
9 0.283470 0.916248 0.011384 0.011410
9 0.296903 0.918759 0.011840 0.011867
9 0.311703 0.907805 0.011384 0.011867
9 0.310337 0.924236 0.014117 0.013692
9 0.336749 0.938384 0.014117 0.012780
9 0.351321 0.947056 0.014117 0.012780
9 0.363160 0.936787 0.011384 0.012323
9 0.382969 0.918074 0.014572 0.013236
9 0.422359 0.901871 0.013206 0.013692
9 0.407332 0.955728 0.012295 0.013692
9 0.426685 0.954815 0.010929 0.011867
9 0.446494 0.906207 0.015027 0.013236
9 0.443306 0.891146 0.013206 0.012323
9 0.392304 0.976038 0.009563 0.009585
9 0.464026 0.960064 0.012750 0.012323
9 0.469718 0.947969 0.013206 0.011867
9 0.482696 0.954131 0.012750 0.013236
9 0.489071 0.916476 0.012750 0.012780
9 0.542122 0.954359 0.014117 0.010041
9 0.463798 0.888635 0.013206 0.012780
9 0.464481 0.898448 0.013661 0.011410
9 0.535974 0.866728 0.012750 0.013692
9 0.615665 0.848243 0.014572 0.014149
9 0.603825 0.907120 0.015483 0.013236
9 0.556694 0.823825 0.014117 0.015518
9 0.613160 0.786855 0.016849 0.015518
9 0.697177 0.871063 0.014572 0.014149
9 0.722222 0.838430 0.012750 0.014605
9 0.731557 0.844363 0.012295 0.011867
9 0.759335 0.834550 0.013206 0.012323
9 0.800546 0.846645 0.016393 0.013692
9 0.757514 0.904610 0.016849 0.011867
9 0.129554 0.549293 0.014117 0.014149
9 0.172814 0.574623 0.012295 0.010954
9 0.179189 0.531949 0.013206 0.012323
9 0.194672 0.536741 0.012295 0.011867
9 0.220401 0.556139 0.010929 0.010497
9 0.214481 0.562757 0.011840 0.009128
9 0.212887 0.568918 0.013206 0.010497
9 0.240893 0.551803 0.011840 0.012780
9 0.267304 0.559562 0.011840 0.009128
9 0.271403 0.554770 0.011840 0.010497
9 0.103597 0.485395 0.014117 0.010497
9 0.140027 0.493838 0.011384 0.010041
9 0.153233 0.499544 0.011384 0.011410
9 0.151412 0.519169 0.014117 0.013236
9 0.168944 0.500000 0.010929 0.012323
9 0.181694 0.479005 0.014572 0.012323
9 0.188069 0.498631 0.013661 0.013236
9 0.215619 0.475810 0.012295 0.012323
9 0.194672 0.458695 0.013206 0.011867
9 0.122268 0.458238 0.012295 0.011867
9 0.114071 0.457554 0.010474 0.012323
9 0.109517 0.466682 0.011384 0.010497
9 0.103597 0.477408 0.013206 0.010041
9 0.099499 0.463715 0.012295 0.010954
9 0.087204 0.456641 0.012295 0.011410
9 0.158242 0.425377 0.012295 0.010041
9 0.159836 0.434961 0.014572 0.010954
9 0.203097 0.447969 0.011840 0.011410
9 0.214481 0.452077 0.008197 0.011410
9 0.221084 0.451848 0.008652 0.010954
9 0.246812 0.433364 0.012750 0.012323
9 0.242486 0.466682 0.012295 0.012323
9 0.276867 0.463031 0.014572 0.013236
9 0.292577 0.449566 0.010474 0.012780
9 0.340619 0.432907 0.011840 0.010497
9 0.309199 0.460749 0.010018 0.010497
9 0.316485 0.456869 0.010018 0.011867
9 0.237477 0.506846 0.010474 0.008672
9 0.240665 0.519398 0.013206 0.011867
9 0.284153 0.535372 0.009107 0.008215
9 0.291667 0.539251 0.009563 0.008672
9 0.300091 0.539023 0.007286 0.008215
9 0.305783 0.541990 0.007741 0.007759
9 0.308060 0.547695 0.006831 0.006390
9 0.318306 0.542903 0.009107 0.008672
9 0.352459 0.507074 0.011840 0.010954
9 0.362933 0.526472 0.011840 0.013236
9 0.350638 0.531949 0.010018 0.008672
9 0.358834 0.542218 0.010018 0.010954
9 0.370674 0.549521 0.011840 0.010041
9 0.349044 0.547923 0.008652 0.008672
9 0.295993 0.521908 0.008197 0.007759
9 0.341302 0.498631 0.012295 0.012323
9 0.304645 0.485851 0.008197 0.007759
9 0.394809 0.545185 0.010018 0.009585
9 0.382969 0.562985 0.013661 0.011410
9 0.412341 0.544957 0.009563 0.009128
9 0.413251 0.553628 0.011384 0.009128
9 0.412796 0.521451 0.009563 0.010497
9 0.415984 0.509813 0.010474 0.009128
9 0.421448 0.525331 0.011384 0.010954
9 0.450137 0.528754 0.012295 0.010497
9 0.469490 0.543359 0.010018 0.010497
9 0.443306 0.552944 0.010474 0.007759
9 0.445128 0.547695 0.009563 0.008215
9 0.455373 0.558421 0.010018 0.009585
9 0.462204 0.562985 0.010929 0.009585
9 0.493625 0.542218 0.010018 0.009128
9 0.501138 0.521908 0.012295 0.011410
9 0.519126 0.510954 0.010929 0.010497
9 0.525046 0.541305 0.011840 0.011867
9 0.492942 0.554770 0.009563 0.007759
9 0.494080 0.560246 0.010018 0.005933
9 0.460155 0.620493 0.012295 0.012323
9 0.452869 0.651301 0.011384 0.010041
9 0.462659 0.646280 0.010929 0.010041
9 0.469035 0.637608 0.010929 0.011867
9 0.466530 0.608626 0.011384 0.008672
9 0.469035 0.602008 0.010929 0.008215
9 0.478825 0.593793 0.011384 0.010954
9 0.490209 0.599042 0.009563 0.009585
9 0.509563 0.595390 0.010929 0.010497
9 0.498406 0.603377 0.008652 0.008215
9 0.554645 0.617070 0.013661 0.010041
9 0.542805 0.646508 0.014572 0.012323
9 0.442395 0.591739 0.012295 0.010497
9 0.440118 0.575764 0.008652 0.008672
9 0.508424 0.575080 0.009563 0.010041
9 0.517532 0.577134 0.009563 0.010497
9 0.536885 0.579644 0.009107 0.009128
9 0.510474 0.565039 0.008197 0.008215
9 0.515938 0.561844 0.009107 0.008215
9 0.527778 0.562985 0.010018 0.009585
9 0.536202 0.563898 0.008652 0.008672
9 0.573315 0.532177 0.013661 0.010954
9 0.570128 0.558649 0.011840 0.010954
9 0.557377 0.561387 0.010929 0.009128
9 0.612705 0.548608 0.011384 0.011867
9 0.615665 0.531949 0.011840 0.012323
9 0.645492 0.516431 0.012295 0.010497
9 0.657787 0.532862 0.011384 0.010497
9 0.663479 0.522364 0.012750 0.011410
9 0.680783 0.532634 0.012750 0.010954
9 0.684882 0.551118 0.011840 0.011410
9 0.663934 0.568005 0.011840 0.012323
9 0.646630 0.582154 0.010929 0.012323
9 0.623406 0.555911 0.009107 0.010954
9 0.617714 0.582382 0.009563 0.010041
9 0.639344 0.584436 0.009107 0.009585
9 0.635018 0.598585 0.015938 0.013236
9 0.638206 0.631447 0.012295 0.013236
9 0.668944 0.614103 0.011840 0.009585
9 0.678279 0.607942 0.013206 0.011867
9 0.579690 0.613190 0.010018 0.010497
9 0.589481 0.611136 0.009563 0.010954
9 0.596995 0.596531 0.008197 0.008215
9 0.568306 0.639662 0.013661 0.012323
9 0.573543 0.682565 0.010474 0.011410
9 0.645719 0.666819 0.010929 0.010954
9 0.670765 0.670242 0.010929 0.010497
9 0.690346 0.667732 0.011840 0.010041
9 0.680783 0.684162 0.011840 0.011867
9 0.699909 0.654496 0.012750 0.013692
9 0.682377 0.641716 0.013206 0.012780
9 0.456056 0.689411 0.014117 0.013236
9 0.464026 0.673209 0.010929 0.010041
9 0.479281 0.676860 0.013206 0.012780
9 0.523224 0.674578 0.014572 0.011867
9 0.485428 0.714742 0.013661 0.013692
9 0.586749 0.712916 0.012295 0.011867
9 0.609062 0.739845 0.013206 0.010041
9 0.281421 0.698083 0.013661 0.012323
9 0.310109 0.736878 0.013661 0.013236
9 0.341758 0.657234 0.013206 0.011867
9 0.306011 0.667960 0.011840 0.013236
9 0.308743 0.681196 0.011840 0.010497
9 0.377732 0.678457 0.014117 0.014149
9 0.375228 0.689868 0.011840 0.011410
9 0.391393 0.693747 0.013206 0.012780
9 0.376821 0.713145 0.014117 0.012323
9 0.314891 0.611593 0.012295 0.011867
9 0.324226 0.581470 0.011840 0.010041
9 0.332423 0.593336 0.011840 0.012780
9 0.344262 0.594934 0.010018 0.009585
9 0.348133 0.605431 0.010474 0.010497
9 0.362705 0.614788 0.014117 0.013692
9 0.368625 0.567549 0.012295 0.009585
9 0.345628 0.579188 0.009107 0.008215
9 0.346539 0.585121 0.010018 0.007303
9 0.332878 0.572341 0.010018 0.008215
9 0.335838 0.567321 0.010474 0.008215
9 0.341530 0.559334 0.010929 0.008672
9 0.318534 0.559105 0.009563 0.008215
9 0.367714 0.444546 0.011384 0.010954
9 0.381603 0.435874 0.010929 0.010041
9 0.385246 0.443861 0.010929 0.009585
9 0.379098 0.473300 0.010474 0.010041
9 0.392760 0.470790 0.010474 0.011410
9 0.386384 0.488133 0.010474 0.009585
9 0.396858 0.482885 0.012295 0.012780
9 0.430100 0.447284 0.014117 0.012780
9 0.417805 0.427659 0.010474 0.009128
9 0.399135 0.423551 0.008652 0.008215
9 0.438525 0.421725 0.012750 0.010954
9 0.408242 0.435646 0.011384 0.008672
9 0.407787 0.430853 0.008652 0.008215
9 0.456512 0.444089 0.011384 0.010954
9 0.463342 0.461890 0.008652 0.010041
9 0.471767 0.463487 0.010018 0.010497
9 0.489071 0.469877 0.012750 0.010497
9 0.457878 0.474213 0.010474 0.010041
9 0.512067 0.459607 0.012295 0.010041
9 0.501821 0.429028 0.010929 0.010041
9 0.513661 0.424692 0.010929 0.010497
9 0.471539 0.447056 0.009563 0.009585
9 0.494536 0.424007 0.010929 0.010954
9 0.284153 0.358284 0.013661 0.011867
9 0.312158 0.379507 0.014117 0.011410
9 0.296903 0.409630 0.011840 0.012323
9 0.362477 0.382930 0.011840 0.010041
9 0.366576 0.357143 0.013661 0.013236
9 0.394126 0.363989 0.014117 0.012323
9 0.372268 0.403925 0.012295 0.011867
9 0.429645 0.411912 0.010474 0.009585
9 0.322177 0.347558 0.014117 0.012323
9 0.326047 0.336376 0.012750 0.012780
9 0.329690 0.411684 0.015483 0.015518
9 0.284608 0.323825 0.014572 0.013236
9 0.313297 0.308991 0.013661 0.013692
9 0.325364 0.280466 0.013206 0.012323
9 0.365893 0.274076 0.013206 0.011410
9 0.381148 0.265860 0.011840 0.011410
9 0.379554 0.282976 0.010474 0.010041
9 0.387750 0.280009 0.010474 0.009585
9 0.425774 0.268142 0.015483 0.012323
9 0.397996 0.307622 0.012750 0.010954
9 0.414845 0.300091 0.012750 0.011410
9 0.405965 0.296668 0.014117 0.013692
9 0.407787 0.314696 0.008652 0.009585
9 0.405965 0.325194 0.011384 0.009585
9 0.417577 0.317663 0.010929 0.011867
9 0.434882 0.346645 0.011840 0.014149
9 0.456512 0.342766 0.008652 0.008215
9 0.475638 0.355089 0.013206 0.010954
9 0.465164 0.329530 0.012295 0.011867
9 0.461521 0.317663 0.012295 0.010954
9 0.465847 0.307622 0.010929 0.010041
9 0.449454 0.300319 0.010929 0.008215
9 0.492942 0.317435 0.012295 0.010497
9 0.495446 0.327020 0.009107 0.009585
9 0.512523 0.296896 0.010474 0.010497
9 0.515710 0.316294 0.010474 0.010954
9 0.539162 0.325422 0.011840 0.011867
9 0.528689 0.295299 0.010929 0.010954
9 0.566485 0.336376 0.010018 0.010041
9 0.566940 0.315609 0.010929 0.009585
9 0.573543 0.309220 0.011384 0.011410
9 0.586293 0.297581 0.011384 0.010041
9 0.529827 0.367640 0.011384 0.010497
9 0.541211 0.369694 0.011384 0.010041
9 0.453780 0.362620 0.014117 0.012323
9 0.162568 0.204929 0.016393 0.014605
9 0.216758 0.205157 0.013661 0.013236
9 0.226776 0.250571 0.013661 0.014605
9 0.261157 0.238247 0.013206 0.015518
9 0.255009 0.259471 0.013661 0.011410
9 0.256375 0.281378 0.014572 0.015062
9 0.222905 0.280009 0.013206 0.012323
9 0.295082 0.207668 0.012750 0.011867
9 0.316029 0.223870 0.015483 0.014149
9 0.344035 0.228435 0.015027 0.015062
9 0.350182 0.200593 0.018215 0.015974
9 0.315118 0.196257 0.012750 0.011867
9 0.260246 0.192606 0.016849 0.014605
9 0.279144 0.101324 0.012750 0.012780
9 0.281421 0.113875 0.011840 0.010497
9 0.242259 0.134642 0.015483 0.013692
9 0.252277 0.154496 0.014572 0.015062
9 0.296903 0.183021 0.012750 0.012780
9 0.331967 0.177545 0.010018 0.011867
9 0.341075 0.178914 0.010929 0.013692
9 0.364071 0.151073 0.012295 0.012780
9 0.736111 0.617526 0.014117 0.011867
9 0.729281 0.650388 0.014117 0.013692
9 0.784153 0.615929 0.012750 0.013236
9 0.686020 0.701278 0.012295 0.010497
9 0.790984 0.681652 0.010929 0.010497
9 0.804645 0.681880 0.011840 0.010954
9 0.821266 0.647421 0.015027 0.014149
9 0.849727 0.649019 0.013661 0.014605
9 0.871129 0.638521 0.011840 0.012780
9 0.893215 0.625970 0.013206 0.014149
9 0.899362 0.607942 0.011840 0.012780
9 0.946038 0.628252 0.015938 0.015062
9 0.917122 0.678457 0.016393 0.015062
9 0.951730 0.641944 0.012750 0.012323
9 0.931922 0.589229 0.012295 0.010954
9 0.942168 0.583752 0.013661 0.011867
9 0.954463 0.587175 0.013661 0.012323
9 0.939435 0.704016 0.009107 0.010497
9 0.933971 0.714514 0.012750 0.010497
9 0.956284 0.670470 0.009107 0.008215
9 0.698087 0.543587 0.011840 0.013692
9 0.717213 0.541762 0.012750 0.011867
9 0.719490 0.565495 0.010929 0.011867
9 0.751366 0.556595 0.012750 0.012323
9 0.777550 0.557508 0.012295 0.011410
9 0.800774 0.544957 0.011384 0.012780
9 0.793716 0.513692 0.013661 0.013236
9 0.816029 0.487677 0.015483 0.015974
9 0.834244 0.547239 0.013661 0.013692
9 0.864526 0.552944 0.013206 0.015062
9 0.746585 0.489959 0.011384 0.011410
9 0.740437 0.507987 0.013661 0.011867
9 0.729281 0.500228 0.011384 0.012780
9 0.718124 0.506618 0.010929 0.010954
9 0.720173 0.519854 0.014117 0.012780
9 0.870446 0.462574 0.013206 0.013236
9 0.900273 0.418759 0.013661 0.013236
9 0.936475 0.415335 0.014117 0.011867
9 0.952186 0.441807 0.013661 0.012780
9 0.964936 0.467823 0.014572 0.012780
9 0.928051 0.489959 0.012750 0.012323
9 0.954463 0.504108 0.014572 0.013236
9 0.122495 0.222273 0.013661 0.018257
9 0.197177 0.154267 0.014572 0.012780
9 0.207195 0.134185 0.012750 0.010954
9 0.164617 0.142857 0.009563 0.009128
9 0.171676 0.139890 0.010018 0.009585
9 0.194672 0.130762 0.012295 0.011410
9 0.154599 0.161798 0.013206 0.009585
9 0.279144 0.078275 0.014572 0.012323
9 0.330373 0.074167 0.013206 0.012323
9 0.345173 0.059790 0.014572 0.011867
9 0.362022 0.067549 0.010018 0.011867
9 0.375000 0.065723 0.013206 0.013692
9 0.400729 0.069603 0.015483 0.013236
9 0.367259 0.088088 0.012295 0.011867
9 0.375000 0.090370 0.009563 0.011867
9 0.448315 0.045413 0.015027 0.015974
9 0.447177 0.099726 0.016393 0.015062
9 0.479508 0.076677 0.014572 0.016431
9 0.510018 0.058421 0.014572 0.015518
9 0.488843 0.115929 0.016849 0.013692
9 0.511384 0.114103 0.011840 0.010954
9 0.510929 0.128708 0.013661 0.011867
9 0.580829 0.039708 0.015027 0.013692
9 0.547131 0.056823 0.015027 0.014149
9 0.525046 0.065267 0.013661 0.012780
9 0.549636 0.077134 0.014572 0.013692
9 0.547131 0.090370 0.013206 0.010954
9 0.561475 0.095162 0.012750 0.012323
9 0.523907 0.123003 0.012295 0.012323
9 0.530965 0.142401 0.011840 0.011867
9 0.556466 0.130078 0.010929 0.010954
9 0.562158 0.122319 0.008652 0.010041
9 0.567623 0.127339 0.011384 0.012780
9 0.571949 0.145824 0.013661 0.014149
9 0.603825 0.082611 0.014572 0.013692
9 0.620902 0.093108 0.011384 0.013692
9 0.665073 0.081241 0.016849 0.015518
9 0.677368 0.115016 0.013206 0.011867
9 0.663479 0.131675 0.013661 0.010497
9 0.642304 0.148106 0.012295 0.012323
9 0.696038 0.068005 0.012295 0.012780
9 0.713570 0.078275 0.011840 0.011410
9 0.652095 0.047010 0.015483 0.013692
9 0.626821 0.037198 0.015938 0.015062
9 0.610200 0.149475 0.010929 0.012323
9 0.636840 0.168188 0.012295 0.010497
9 0.665756 0.158147 0.010929 0.011410
9 0.800546 0.140575 0.014572 0.013692
9 0.778916 0.151757 0.014117 0.014149
9 0.787341 0.123688 0.011840 0.012780
9 0.818078 0.214514 0.015027 0.013692
9 0.845856 0.203104 0.012295 0.012780
9 0.854964 0.189868 0.014117 0.012780
9 0.778461 0.176175 0.013206 0.011867
9 0.782332 0.168188 0.009107 0.010497
9 0.394581 0.180968 0.014117 0.014149
9 0.446721 0.208809 0.014572 0.012323
9 0.484517 0.184619 0.012750 0.013236
9 0.525046 0.177773 0.011840 0.013236
9 0.527322 0.194432 0.011840 0.011867
9 0.494080 0.211775 0.012750 0.011867
9 0.503415 0.241899 0.012295 0.010041
9 0.456056 0.261524 0.014117 0.012780
9 0.512067 0.268599 0.012295 0.011410
9 0.510018 0.205157 0.009107 0.009585
9 0.516166 0.201278 0.008652 0.011867
9 0.562158 0.191237 0.013206 0.011867
9 0.577869 0.198539 0.010018 0.010954
9 0.574681 0.228891 0.014572 0.011410
9 0.616576 0.219991 0.010018 0.010954
9 0.629326 0.206070 0.009107 0.011410
9 0.635474 0.206298 0.009563 0.010954
9 0.586293 0.249201 0.009563 0.010954
9 0.554417 0.267001 0.011384 0.011867
9 0.475638 0.284345 0.014117 0.012780
9 0.629098 0.290963 0.015027 0.013236
9 0.670082 0.294843 0.011384 0.010041
9 0.682149 0.359425 0.011840 0.013236
9 0.604736 0.350297 0.010018 0.011410
9 0.607696 0.359197 0.011384 0.009128
9 0.592668 0.338886 0.013206 0.012323
9 0.459244 0.396851 0.013206 0.012323
9 0.512067 0.407805 0.014117 0.012323
9 0.550319 0.411456 0.012295 0.011410
9 0.536658 0.445459 0.014117 0.011867
9 0.584927 0.406435 0.011384 0.012323
9 0.614754 0.399133 0.012750 0.012323
9 0.608834 0.415335 0.011840 0.011867
9 0.576958 0.413053 0.012750 0.012780
9 0.591075 0.420128 0.012750 0.010497
9 0.698770 0.432679 0.012295 0.011867
9 0.712204 0.405294 0.010929 0.010954
9 0.675319 0.473072 0.011840 0.009585
9 0.671448 0.489959 0.010474 0.008672
9 0.775501 0.304655 0.012750 0.012323
9 0.767760 0.320173 0.012750 0.014149
9 0.811248 0.347330 0.011384 0.012780
9 0.803962 0.358969 0.011384 0.013236
9 0.814891 0.360338 0.011384 0.011410
9 0.841530 0.358056 0.014572 0.014149
9 0.929645 0.338202 0.012295 0.013692
9 0.886612 0.314012 0.014572 0.014605
9 0.883880 0.302145 0.012750 0.011867
9 0.845401 0.287768 0.015027 0.013236
9 0.832423 0.304199 0.011840 0.012323
9 0.835383 0.294158 0.013206 0.012323
9 0.811931 0.318120 0.012750 0.011867
9 0.801230 0.331127 0.012295 0.011410
9 0.699454 0.324509 0.013661 0.013692
9 0.774590 0.239845 0.014572 0.014149
9 0.863843 0.240529 0.011840 0.012780
9 0.650729 0.218393 0.011840 0.012323