9 0.069318 0.515138 0.015000 0.020786
9 0.181591 0.287845 0.015000 0.011749
9 0.204773 0.379801 0.012273 0.012201
9 0.272273 0.416629 0.020000 0.019883
9 0.703182 0.344103 0.011818 0.014912
9 0.697045 0.363308 0.014091 0.016268
9 0.633409 0.372571 0.017727 0.022142
9 0.679545 0.461139 0.019091 0.015816
9 0.657727 0.459105 0.016364 0.015364
9 0.646818 0.445097 0.013636 0.010845
9 0.640000 0.462720 0.013636 0.016268
9 0.615227 0.449164 0.022273 0.012653
9 0.601591 0.434704 0.011364 0.017171
9 0.617045 0.427248 0.013182 0.015816
9 0.586591 0.435608 0.014091 0.016268
9 0.571364 0.431993 0.015455 0.017171
9 0.582045 0.385676 0.011364 0.013104
9 0.554318 0.389291 0.025000 0.014912
9 0.551136 0.415047 0.019545 0.021238
9 0.558409 0.447131 0.025000 0.017623
9 0.507045 0.456846 0.020455 0.015364
9 0.509545 0.438319 0.020909 0.013556
9 0.522273 0.420696 0.016364 0.013556
9 0.516364 0.399684 0.018182 0.012201
9 0.444773 0.425892 0.015909 0.015816
9 0.444773 0.442612 0.014091 0.013104
9 0.462045 0.466109 0.015909 0.015816
9 0.773182 0.460461 0.013636 0.013556
9 0.774773 0.445323 0.013182 0.012201
9 0.785682 0.450294 0.012273 0.013104
9 0.777273 0.429959 0.013636 0.014008
9 0.762727 0.409399 0.021818 0.018075
9 0.785909 0.400362 0.022727 0.017171
9 0.791591 0.419340 0.012273 0.012653
9 0.800227 0.428152 0.013182 0.014008
9 0.808864 0.413918 0.015000 0.014460
9 0.817500 0.426796 0.014091 0.010393
9 0.809091 0.391550 0.021818 0.019431
9 0.847727 0.393357 0.015455 0.014008
9 0.830227 0.392002 0.015909 0.018527
9 0.832045 0.414822 0.015000 0.016268
9 0.865227 0.418211 0.014091 0.014912
9 0.863409 0.430411 0.014091 0.012201
9 0.866136 0.451875 0.015909 0.015364
9 0.924773 0.438771 0.010455 0.011749
9 0.929773 0.452779 0.011364 0.013556
9 0.941136 0.456394 0.014091 0.009941
9 0.931136 0.479440 0.013182 0.016268
9 0.915909 0.484184 0.015455 0.016719
9 0.931364 0.504745 0.013636 0.016268
9 0.921818 0.518527 0.016364 0.018527
9 0.883864 0.502033 0.016818 0.018075
9 0.853182 0.490511 0.020000 0.014912
9 0.850227 0.475825 0.016818 0.015364
9 0.829091 0.472662 0.020000 0.019883
9 0.805682 0.449842 0.017727 0.022142
9 0.790909 0.468821 0.015455 0.016719
9 0.809545 0.471306 0.014545 0.012653
9 0.802045 0.491866 0.019545 0.016719
9 0.764091 0.476728 0.013636 0.011749
9 0.718636 0.456846 0.011818 0.013556
9 0.732273 0.456394 0.012727 0.008134
9 0.725909 0.449616 0.008182 0.008134
9 0.729773 0.433122 0.010455 0.014008
9 0.718182 0.434704 0.010909 0.010845
9 0.709545 0.417307 0.012727 0.012201
9 0.705909 0.440127 0.010909 0.014460
9 0.696591 0.455490 0.012273 0.015364
9 0.709545 0.467239 0.012727 0.009941
9 0.693409 0.472210 0.015909 0.017171
9 0.712273 0.482151 0.017273 0.017171
9 0.745227 0.477180 0.017727 0.017171
9 0.784318 0.487347 0.011364 0.014008
9 0.773864 0.495707 0.012273 0.013556
9 0.793409 0.513104 0.019545 0.015816
9 0.909773 0.560551 0.011364 0.010393
9 0.912500 0.550836 0.009545 0.009038
9 0.870682 0.518527 0.012273 0.012201
9 0.820227 0.516719 0.014091 0.014008
9 0.798636 0.527564 0.008182 0.009489
9 0.800227 0.535924 0.006818 0.007230
9 0.809091 0.533665 0.010000 0.010845
9 0.807045 0.544962 0.015000 0.009941
9 0.793182 0.540443 0.009091 0.009038
9 0.792273 0.549932 0.010909 0.011749
9 0.795227 0.559648 0.009545 0.010393
9 0.806818 0.564392 0.012727 0.010845
9 0.794773 0.571170 0.010455 0.011749
9 0.774318 0.568233 0.018636 0.011297
9 0.769318 0.555581 0.006818 0.014008
9 0.759545 0.561455 0.012727 0.015816
9 0.759091 0.501808 0.017273 0.014912
9 0.738409 0.504067 0.013182 0.015816
9 0.747500 0.516268 0.012273 0.009489
9 0.752273 0.529824 0.013636 0.012201
9 0.728636 0.547673 0.013636 0.010845
9 0.728182 0.535020 0.012727 0.011749
9 0.793182 0.583145 0.010000 0.009489
9 0.802955 0.589019 0.009545 0.010393
9 0.800227 0.597605 0.010455 0.010393
9 0.784091 0.610935 0.009091 0.012653
9 0.775455 0.610258 0.007273 0.012201
9 0.767727 0.613195 0.009091 0.013556
9 0.773182 0.590601 0.015455 0.012653
9 0.727955 0.585856 0.014091 0.014008
9 0.715000 0.579756 0.012727 0.014460
9 0.714545 0.600542 0.010000 0.014460
9 0.699318 0.615680 0.015909 0.016719
9 0.697955 0.636240 0.015909 0.012653
9 0.683182 0.619295 0.013636 0.014008
9 0.676136 0.607546 0.015000 0.011297
9 0.668864 0.594894 0.014091 0.014912
9 0.691591 0.564392 0.017727 0.018075
9 0.679545 0.526661 0.018182 0.020334
9 0.672500 0.563714 0.015000 0.017623
9 0.579545 0.577045 0.013636 0.016268
9 0.838636 0.616584 0.012727 0.011297
9 0.831364 0.629688 0.011818 0.009489
9 0.819091 0.619069 0.014545 0.016268
9 0.738409 0.648215 0.015000 0.012201
9 0.671591 0.646634 0.014091 0.016268
9 0.716818 0.673068 0.012727 0.013104
9 0.722273 0.687302 0.011818 0.016268
9 0.773864 0.757569 0.012273 0.014912
9 0.752955 0.759602 0.007727 0.016268
9 0.736591 0.758925 0.006818 0.011297
9 0.734545 0.776096 0.011818 0.008586
9 0.725682 0.767962 0.010455 0.009489
9 0.725455 0.779033 0.007273 0.007230
9 0.732500 0.788748 0.011364 0.010393
9 0.721818 0.791234 0.008182 0.012653
9 0.712273 0.787167 0.011818 0.012653
9 0.711136 0.701762 0.015000 0.018075
9 0.755227 0.745368 0.010455 0.009489
9 0.770682 0.733168 0.015909 0.014008
9 0.894773 0.753954 0.012273 0.016719
9 0.891591 0.741527 0.015000 0.015364
9 0.781818 0.775192 0.020909 0.019431
9 0.763636 0.821509 0.015455 0.022594
9 0.745000 0.819702 0.011818 0.022594
9 0.683182 0.794171 0.013636 0.021238
9 0.405682 0.931993 0.016818 0.018527
9 0.399545 0.899006 0.020000 0.020334
9 0.375682 0.917985 0.015000 0.015816
9 0.107955 0.592408 0.013182 0.012653
9 0.110682 0.614550 0.010455 0.010845
9 0.121364 0.621780 0.012727 0.010845
9 0.135000 0.630818 0.010000 0.009941
9 0.141818 0.626073 0.013636 0.011297
9 0.122955 0.578626 0.013182 0.012201
9 0.138636 0.571170 0.010909 0.009941
9 0.149091 0.572300 0.010000 0.013104
9 0.161591 0.565974 0.006818 0.008586
9 0.161136 0.572752 0.009545 0.007682
9 0.152045 0.549932 0.011364 0.011749
9 0.173636 0.575689 0.010000 0.009941
9 0.173409 0.588342 0.010455 0.011749
9 0.187273 0.584727 0.011818 0.009941
9 0.201136 0.573430 0.011364 0.011749
9 0.180682 0.611839 0.012273 0.012653
9 0.221136 0.597153 0.014091 0.011297
9 0.239773 0.583823 0.011364 0.010845
9 0.247727 0.569363 0.010000 0.009038
9 0.238409 0.554677 0.010455 0.011297
9 0.241136 0.539087 0.011364 0.010845
9 0.212955 0.539991 0.010455 0.010845
9 0.178636 0.546543 0.007273 0.005874
9 0.178182 0.554451 0.009091 0.009941
9 0.191136 0.550384 0.009545 0.010845
9 0.194091 0.539765 0.009091 0.009489
9 0.199091 0.547447 0.007273 0.008586
9 0.262727 0.600994 0.012727 0.012653
9 0.250455 0.627429 0.015455 0.015816
9 0.278636 0.621103 0.012727 0.012201
9 0.285682 0.601672 0.012273 0.012201
9 0.185455 0.697469 0.013636 0.012201
9 0.160227 0.749661 0.011364 0.012653
9 0.178182 0.756891 0.012727 0.015364
9 0.207045 0.742657 0.013182 0.014912
9 0.217273 0.749209 0.012727 0.011749
9 0.238182 0.723452 0.011818 0.011749
9 0.247045 0.718708 0.012273 0.014912
9 0.250909 0.704248 0.011818 0.012201
9 0.241818 0.733845 0.010000 0.012653
9 0.230000 0.762088 0.011818 0.011297
9 0.264318 0.759828 0.014091 0.011297
9 0.243864 0.775418 0.013182 0.011749
9 0.235682 0.792137 0.012273 0.009941
9 0.198409 0.772933 0.014091 0.011297
9 0.180909 0.781292 0.010000 0.009941
9 0.200455 0.815409 0.012727 0.013104
9 0.230455 0.820154 0.015455 0.011749
9 0.251364 0.832580 0.010909 0.013104
9 0.262273 0.862630 0.013636 0.012653
9 0.303636 0.833484 0.010000 0.013104
9 0.315000 0.838229 0.010909 0.011749
9 0.288864 0.858563 0.013182 0.013556
9 0.304545 0.863082 0.010909 0.013556
9 0.308864 0.878446 0.010455 0.009941
9 0.348636 0.821283 0.013636 0.013104
9 0.319545 0.865115 0.014545 0.013104
9 0.323864 0.874831 0.012273 0.012653
9 0.330000 0.891324 0.011818 0.011297
9 0.358182 0.901943 0.011818 0.011749
9 0.401364 0.871667 0.014545 0.018075
9 0.421136 0.863760 0.015909 0.014912
9 0.433636 0.905784 0.013636 0.013104
9 0.461136 0.891324 0.014091 0.013104
9 0.464545 0.865341 0.013636 0.014460
9 0.438636 0.871216 0.013636 0.015364
9 0.450682 0.873927 0.014091 0.016268
9 0.479545 0.942612 0.015455 0.013556
9 0.511591 0.943064 0.014091 0.011749
9 0.547955 0.943064 0.013182 0.012653
9 0.487273 0.829643 0.015455 0.014460
9 0.532045 0.845007 0.012273 0.010845
9 0.529773 0.853141 0.011364 0.010845
9 0.562273 0.866019 0.013636 0.014008
9 0.592727 0.814279 0.013636 0.012653
9 0.635227 0.819024 0.014091 0.012201
9 0.649545 0.804790 0.014545 0.012653
9 0.658864 0.793041 0.010455 0.013556
9 0.634545 0.886353 0.014545 0.014912
9 0.674773 0.936060 0.015000 0.014912
9 0.703864 0.866923 0.011364 0.014008
9 0.705455 0.845233 0.015455 0.014008
9 0.741136 0.860822 0.012273 0.009941
9 0.759318 0.921826 0.014091 0.012653
9 0.767955 0.898328 0.016818 0.015364
9 0.792500 0.854722 0.015000 0.013104
9 0.793182 0.845685 0.011818 0.014008
9 0.812955 0.871893 0.015909 0.013104
9 0.704545 0.898102 0.012727 0.010393
9 0.385455 0.666064 0.015455 0.015364
9 0.354091 0.716222 0.014545 0.013556
9 0.370909 0.741753 0.013636 0.012201
9 0.481591 0.779033 0.014091 0.012653
9 0.502727 0.779485 0.011818 0.010845
9 0.532727 0.732716 0.011818 0.013104
9 0.542955 0.742205 0.012273 0.012201
9 0.623864 0.751243 0.012273 0.011297
9 0.637273 0.748983 0.010909 0.010393
9 0.640227 0.710574 0.011364 0.012201
9 0.073864 0.561907 0.015000 0.014912
9 0.086818 0.536376 0.014545 0.011749
9 0.112727 0.501582 0.010909 0.009941
9 0.141364 0.471984 0.012727 0.012201
9 0.152500 0.489155 0.013182 0.012201
9 0.150000 0.529598 0.007273 0.009941
9 0.158864 0.528016 0.009545 0.010393
9 0.175909 0.507230 0.010000 0.010393
9 0.181818 0.497289 0.010000 0.010393
9 0.177500 0.488477 0.010455 0.009941
9 0.198409 0.479440 0.011364 0.012653
9 0.196591 0.468143 0.015000 0.013556
9 0.212727 0.526887 0.010909 0.009038
9 0.216818 0.521012 0.011818 0.010845
9 0.222273 0.510167 0.010000 0.011749
9 0.236818 0.515364 0.012727 0.012201
9 0.267273 0.530502 0.013636 0.011749
9 0.237955 0.476502 0.011364 0.010393
9 0.234091 0.465883 0.010909 0.009941
9 0.261591 0.467691 0.012273 0.011749
9 0.293182 0.489381 0.012727 0.011749
9 0.305000 0.494352 0.012727 0.011749
9 0.167045 0.397198 0.013182 0.011749
9 0.167955 0.413014 0.013182 0.010845
9 0.227045 0.371216 0.012273 0.010393
9 0.202727 0.400362 0.008182 0.009038
9 0.205909 0.393583 0.010909 0.010845
9 0.210455 0.410303 0.007273 0.009038
9 0.227045 0.408495 0.009545 0.009038
9 0.218864 0.411884 0.007727 0.010393
9 0.227727 0.431767 0.010000 0.012201
9 0.237727 0.438093 0.010909 0.010393
9 0.236591 0.450972 0.009545 0.009941
9 0.270227 0.398328 0.009545 0.011297
9 0.280227 0.401491 0.010455 0.009489
9 0.288864 0.391550 0.013182 0.011297
9 0.299773 0.380027 0.010455 0.011749
9 0.313409 0.401943 0.012273 0.013104
9 0.271818 0.444419 0.012727 0.010393
9 0.283409 0.455038 0.011364 0.010845
9 0.293636 0.450520 0.011818 0.012653
9 0.307727 0.436737 0.011818 0.010393
9 0.324318 0.442838 0.012273 0.011749
9 0.065909 0.455264 0.012727 0.010393
9 0.093182 0.427474 0.017273 0.015364
9 0.132500 0.422729 0.014091 0.012201
9 0.148182 0.456394 0.010000 0.010845
9 0.101591 0.389291 0.014091 0.013104
9 0.106818 0.358789 0.015455 0.013556
9 0.120455 0.338229 0.015455 0.014008
9 0.144091 0.329417 0.010000 0.011749
9 0.163864 0.349526 0.012273 0.009489
9 0.167500 0.337777 0.009545 0.010393
9 0.181136 0.342296 0.009545 0.010393
9 0.200227 0.353818 0.010455 0.010845
9 0.214545 0.340488 0.012727 0.012201
9 0.127727 0.287845 0.012727 0.012653
9 0.155227 0.319250 0.011364 0.012201
9 0.169318 0.314053 0.010455 0.010845
9 0.178182 0.275418 0.010000 0.010393
9 0.199318 0.286263 0.010455 0.013104
9 0.251818 0.311794 0.011818 0.010845
9 0.182955 0.333936 0.010455 0.009941
9 0.184545 0.323317 0.009091 0.008586
9 0.193409 0.333710 0.008636 0.008586
9 0.175227 0.305694 0.009545 0.009489
9 0.179773 0.300271 0.011364 0.009489
9 0.130000 0.267510 0.012727 0.012653
9 0.172500 0.249435 0.013182 0.012653
9 0.178182 0.231586 0.012727 0.012201
9 0.212273 0.221871 0.011818 0.011749
9 0.230909 0.227971 0.011818 0.010393
9 0.197045 0.228423 0.011364 0.007682
9 0.198182 0.221193 0.010909 0.009489
9 0.212045 0.242431 0.013182 0.012201
9 0.210682 0.263443 0.011364 0.010845
9 0.234545 0.248080 0.010909 0.010845
9 0.220227 0.259828 0.008636 0.009038
9 0.225227 0.255987 0.011364 0.011297
9 0.273182 0.248305 0.012727 0.014008
9 0.250682 0.235879 0.011364 0.012653
9 0.259773 0.232942 0.011364 0.012201
9 0.259545 0.223000 0.011818 0.011297
9 0.262045 0.212833 0.012273 0.013556
9 0.282727 0.211478 0.010909 0.012653
9 0.228409 0.199277 0.011364 0.009941
9 0.243182 0.190691 0.013636 0.010845
9 0.291364 0.185947 0.011818 0.012201
9 0.301364 0.193177 0.011818 0.011297
9 0.351591 0.183913 0.011364 0.011749
9 0.360909 0.225712 0.012727 0.013104
9 0.349773 0.250791 0.015000 0.013556
9 0.169318 0.144374 0.013182 0.012201
9 0.158864 0.187528 0.014091 0.014460
9 0.141136 0.232038 0.015000 0.011297
9 0.290909 0.121329 0.012727 0.010393
9 0.291136 0.138726 0.015909 0.012653
9 0.272045 0.147763 0.012273 0.009038
9 0.269091 0.138274 0.010909 0.009941
9 0.346591 0.138500 0.015000 0.013104
9 0.359318 0.117714 0.011364 0.012201
9 0.375682 0.143922 0.008636 0.010393
9 0.382727 0.149571 0.010000 0.010845
9 0.402955 0.146182 0.010455 0.010393
9 0.382727 0.166742 0.011818 0.011749
9 0.454091 0.096475 0.012727 0.014912
9 0.433409 0.104383 0.012273 0.011749
9 0.430909 0.129010 0.010000 0.013104
9 0.481136 0.106191 0.012273 0.012653
9 0.489318 0.074333 0.010455 0.010393
9 0.483409 0.150474 0.013182 0.013556
9 0.498409 0.166968 0.011364 0.012201
9 0.489545 0.199729 0.014545 0.015364
9 0.511818 0.173972 0.011818 0.013556
9 0.540000 0.183913 0.014545 0.015364
9 0.540455 0.216222 0.016364 0.014912
9 0.413409 0.212607 0.014091 0.014008
9 0.395227 0.227067 0.013182 0.013104
9 0.382955 0.263669 0.014091 0.013104
9 0.337273 0.285811 0.011818 0.011297
9 0.424091 0.263895 0.012727 0.013556
9 0.449545 0.245142 0.010909 0.013104
9 0.470227 0.241301 0.013182 0.013556
9 0.471591 0.282422 0.016818 0.013556
9 0.303409 0.303434 0.015000 0.014008
9 0.299318 0.355852 0.013182 0.011297
9 0.351591 0.345007 0.013182 0.014008
9 0.368409 0.305468 0.010455 0.016268
9 0.405000 0.307501 0.015455 0.014912
9 0.393182 0.366019 0.015455 0.015364
9 0.383636 0.378446 0.013636 0.011297
9 0.338636 0.384998 0.011818 0.011749
9 0.351818 0.406462 0.013636 0.011297
9 0.361818 0.395617 0.010909 0.008586
9 0.362727 0.387935 0.011818 0.008586
9 0.340455 0.425892 0.010000 0.008586
9 0.460227 0.380479 0.014091 0.012653
9 0.342273 0.441708 0.010909 0.007682
9 0.338636 0.458879 0.010909 0.009489
9 0.340909 0.451423 0.010000 0.008134
9 0.400000 0.443290 0.015455 0.009941
9 0.404545 0.435156 0.012727 0.010845
9 0.365909 0.492544 0.011818 0.010845
9 0.378864 0.497967 0.012273 0.010845
9 0.367045 0.502485 0.012273 0.012653
9 0.332273 0.548803 0.013636 0.010393
9 0.349091 0.558066 0.013636 0.011749
9 0.366818 0.559422 0.012727 0.011749
9 0.320909 0.571396 0.012727 0.010393
9 0.440455 0.589923 0.008182 0.008586
9 0.447955 0.592860 0.010455 0.010845
9 0.464773 0.615454 0.012273 0.010845
9 0.485000 0.652282 0.011818 0.011297
9 0.478182 0.663805 0.015455 0.012653
9 0.607955 0.024853 0.015000 0.015364
9 0.635227 0.049028 0.014091 0.012201
9 0.652045 0.063488 0.014091 0.012201
9 0.667045 0.060099 0.015000 0.014460
9 0.675455 0.054451 0.011818 0.012201
9 0.680227 0.065974 0.012273 0.011749
9 0.600455 0.100994 0.013636 0.011297
9 0.610000 0.128559 0.016364 0.013104
9 0.578409 0.186399 0.014091 0.011297
9 0.597955 0.181202 0.013182 0.010845
9 0.624773 0.186850 0.011364 0.012201
9 0.637273 0.183009 0.012727 0.011749
9 0.652727 0.163353 0.012727 0.014008
9 0.660455 0.168324 0.011818 0.012201
9 0.695000 0.152282 0.011818 0.013556
9 0.707955 0.162675 0.013182 0.011749
9 0.725682 0.163579 0.013182 0.010845
9 0.727727 0.151830 0.011818 0.010845
9 0.725000 0.138048 0.012727 0.010393
9 0.728864 0.118391 0.014091 0.013556
9 0.696136 0.119521 0.013182 0.013104
9 0.581136 0.196114 0.012273 0.012653
9 0.585455 0.211026 0.014545 0.012653
9 0.594545 0.226164 0.016364 0.014008
9 0.620227 0.217578 0.014091 0.014008
9 0.638864 0.215770 0.013182 0.012201
9 0.648864 0.209444 0.012273 0.012201
9 0.652727 0.197469 0.011818 0.011749
9 0.696136 0.227067 0.014091 0.013104
9 0.651591 0.267736 0.013182 0.012201
9 0.583409 0.291008 0.016818 0.015364
9 0.549091 0.283778 0.014545 0.013556
9 0.525227 0.273610 0.012273 0.012201
9 0.538636 0.263443 0.012727 0.011749
9 0.550909 0.258247 0.012727 0.014008
9 0.555000 0.268866 0.012727 0.013556
9 0.509091 0.289200 0.011818 0.012653
9 0.489318 0.310664 0.012273 0.011297
9 0.493636 0.330999 0.011818 0.011297
9 0.513636 0.314957 0.012727 0.010845
9 0.546136 0.308405 0.016818 0.014008
9 0.557045 0.340488 0.015000 0.013104
9 0.488864 0.374605 0.015000 0.014460
9 0.503182 0.364211 0.014545 0.014460
9 0.776364 0.110709 0.014545 0.014460
9 0.792045 0.115454 0.015909 0.014912
9 0.793636 0.148893 0.014545 0.015816
9 0.747273 0.168098 0.012727 0.013556
9 0.834773 0.144600 0.015909 0.016268
9 0.848409 0.159964 0.015000 0.014460
9 0.876818 0.176683 0.012727 0.011749
9 0.748409 0.223226 0.013182 0.013556
9 0.767273 0.229101 0.014545 0.012653
9 0.777273 0.227067 0.011818 0.012201
9 0.798864 0.234297 0.016818 0.013104
9 0.837273 0.244239 0.014545 0.012201
9 0.866818 0.238138 0.014545 0.011749
9 0.885455 0.217126 0.016364 0.014912
9 0.857955 0.278807 0.014091 0.015364
9 0.905909 0.262540 0.014545 0.015364
9 0.915682 0.280840 0.012273 0.013104
9 0.808409 0.892454 0.009545 0.010845
9 0.842045 0.861500 0.011364 0.010393
9 0.862045 0.826932 0.013182 0.010845
9 0.873636 0.810664 0.010909 0.009941
9 0.734091 0.822865 0.010000 0.009941
9 0.798864 0.818572 0.015000 0.013104
9 0.448182 0.529598 0.011818 0.013556
9 0.471364 0.534568 0.013636 0.010845
9 0.478182 0.552869 0.014545 0.012201
9 0.502500 0.507004 0.012273 0.012653
9 0.525227 0.481925 0.014091 0.013104
9 0.520000 0.523498 0.011818 0.011297
9 0.543864 0.509941 0.013182 0.013104
9 0.537500 0.466787 0.010455 0.011749
9 0.572955 0.478084 0.014091 0.011749
9 0.585909 0.548577 0.014545 0.011749
9 0.624091 0.499096 0.014545 0.012201
9 0.625682 0.477180 0.013182 0.010845
9 0.622273 0.604383 0.013636 0.012201
9 0.644545 0.607998 0.010909 0.010393
9 0.637727 0.617714 0.012727 0.010845
9 0.656818 0.636466 0.011818 0.009489
9 0.654091 0.666516 0.012727 0.011749
9 0.701136 0.595572 0.011364 0.012653
9 0.752955 0.616132 0.010455 0.011297
9 0.644318 0.543606 0.014091 0.013556
9 0.655682 0.357885 0.013182 0.012653
9 0.654545 0.388387 0.011818 0.012201
9 0.671818 0.417307 0.013636 0.014008
9 0.683409 0.389291 0.012273 0.010393
9 0.693182 0.401943 0.011818 0.012201
9 0.661591 0.403977 0.011364 0.009941
9 0.657500 0.411432 0.010455 0.009489
9 0.608864 0.401717 0.013182 0.012653
9 0.594318 0.404880 0.015000 0.013556
9 0.720227 0.379349 0.012273 0.013104
9 0.740000 0.374379 0.017273 0.014912
9 0.765455 0.382964 0.014545 0.013104
9 0.746364 0.348848 0.012727 0.012653
9 0.687955 0.351107 0.010455 0.009941
9 0.728636 0.404880 0.016364 0.014460
9 0.760909 0.333936 0.015455 0.014460
9 0.725909 0.357885 0.012727 0.012653
9 0.714545 0.353592 0.010909 0.013104
9 0.785455 0.323543 0.016364 0.015364
9 0.802955 0.338681 0.014091 0.013104
9 0.826364 0.332580 0.015455 0.013556
9 0.853864 0.339584 0.013182 0.013104
9 0.647955 0.294397 0.014091 0.013104
9 0.633864 0.340940 0.015000 0.016719
9 0.917500 0.305920 0.020455 0.017171
9 0.685000 0.816765 0.011818 0.012201
9 0.706136 0.802305 0.014091 0.012201
9 0.720000 0.812246 0.008182 0.010393
9 0.727500 0.812472 0.007727 0.009038
9 0.754773 0.784230 0.015000 0.013104
9 0.769091 0.784681 0.010909 0.012201
9 0.840000 0.774514 0.010909 0.012653
9 0.792727 0.754180 0.009091 0.009038
9 0.810909 0.737912 0.011818 0.013556
9 0.753409 0.735201 0.011364 0.012653
9 0.708409 0.732038 0.011364 0.009941
9 0.717955 0.749887 0.012273 0.012201
9 0.817955 0.642341 0.011364 0.011297
9 0.845000 0.650700 0.013636 0.013556
9 0.886136 0.663579 0.009545 0.011297
9 0.814091 0.674424 0.010909 0.009489
9 0.777045 0.704700 0.011364 0.010393
9 0.792955 0.716448 0.012273 0.012201
9 0.842500 0.707637 0.013182 0.013556
9 0.904545 0.681428 0.011818 0.011749
9 0.913636 0.720967 0.013636 0.014912
9 0.907955 0.699277 0.011364 0.012201
9 0.742045 0.636240 0.009545 0.009941
9 0.774318 0.638952 0.012273 0.009941
9 0.780455 0.671487 0.012727 0.010845
9 0.806136 0.707863 0.013182 0.011297
9 0.706591 0.664031 0.011364 0.011297
9 0.693182 0.647989 0.014545 0.011749
9 0.840909 0.528242 0.009091 0.010845
9 0.862955 0.572978 0.014091 0.013556
9 0.826591 0.580208 0.012273 0.011749
9 0.820682 0.599638 0.009545 0.010845
9 0.810909 0.583823 0.009091 0.010845
9 0.916136 0.586082 0.012273 0.009941
9 0.929091 0.586308 0.010000 0.009489
9 0.945909 0.580660 0.013636 0.013556
9 0.924545 0.545413 0.010000 0.009038
9 0.919545 0.563714 0.010909 0.013104
9 0.639773 0.486670 0.011364 0.010845
9 0.671591 0.490059 0.011364 0.009489
9 0.678409 0.503841 0.012273 0.013556
9 0.323182 0.085178 0.026364 0.027564
9 0.074773 0.624266 0.015000 0.023046
9 0.082500 0.353592 0.017727 0.018527
9 0.050682 0.504519 0.014091 0.017623
9 0.381136 0.108676 0.017727 0.020334
9 0.403409 0.104609 0.019545 0.017623