9 0.526709 0.257353 0.025804 0.021836
9 0.404934 0.026738 0.014939 0.016043
9 0.360797 0.040775 0.019919 0.014706
9 0.292893 0.075980 0.016297 0.010250
9 0.306926 0.079545 0.009959 0.011141
9 0.198506 0.117870 0.014939 0.010250
9 0.199864 0.130570 0.017655 0.013369
9 0.247850 0.136364 0.017655 0.012478
9 0.263241 0.128119 0.012223 0.016488
9 0.274106 0.124109 0.012223 0.014706
9 0.301494 0.122995 0.015392 0.012478
9 0.300589 0.137032 0.014486 0.014706
9 0.305568 0.152184 0.012675 0.012032
9 0.331598 0.160651 0.016750 0.016488
9 0.360344 0.130125 0.014486 0.020499
9 0.404255 0.131462 0.020824 0.024955
9 0.394296 0.076872 0.014486 0.014706
9 0.395880 0.059269 0.017655 0.012478
9 0.440923 0.047014 0.019013 0.017380
9 0.465143 0.056150 0.013128 0.013369
9 0.462653 0.081328 0.014486 0.019162
9 0.435038 0.069073 0.014486 0.016934
9 0.427343 0.094474 0.017202 0.014260
9 0.482571 0.117870 0.013581 0.019162
9 0.509280 0.049911 0.014486 0.015152
9 0.504980 0.063503 0.018560 0.012923
9 0.517202 0.109626 0.013128 0.016934
9 0.528746 0.104278 0.014486 0.016043
9 0.544138 0.092914 0.016297 0.017380
9 0.543911 0.112299 0.016750 0.015152
9 0.578090 0.101159 0.017202 0.015152
9 0.576053 0.118538 0.019466 0.016043
9 0.509507 0.139037 0.014939 0.014260
9 0.509733 0.156194 0.019919 0.019162
9 0.639656 0.102941 0.015392 0.016043
9 0.614531 0.148619 0.017655 0.018271
9 0.638751 0.149955 0.013581 0.019162
9 0.657990 0.138815 0.014939 0.014706
9 0.669081 0.146613 0.009959 0.013369
9 0.680172 0.148173 0.013128 0.012923
9 0.722273 0.195633 0.016750 0.018717
9 0.724536 0.176025 0.018560 0.016043
9 0.715256 0.132353 0.015392 0.020499
9 0.714577 0.100045 0.016750 0.017380
9 0.696469 0.066399 0.017655 0.015152
9 0.645994 0.056373 0.015392 0.016488
9 0.627433 0.057487 0.015392 0.018717
9 0.619058 0.079768 0.016750 0.018717
9 0.604799 0.079768 0.014486 0.016934
9 0.601403 0.053922 0.013128 0.014260
9 0.588954 0.056373 0.010865 0.012923
9 0.573789 0.060829 0.010412 0.012923
9 0.571299 0.071301 0.012675 0.013369
9 0.556587 0.066845 0.012223 0.016043
9 0.726120 0.070410 0.010865 0.015152
9 0.739022 0.077986 0.011317 0.015152
9 0.740154 0.132576 0.016297 0.020945
9 0.753282 0.126560 0.010865 0.018717
9 0.422816 0.251114 0.019013 0.016488
9 0.430964 0.290553 0.019919 0.021390
9 0.308511 0.190731 0.016750 0.020499
9 0.292440 0.172237 0.015392 0.016488
9 0.284065 0.188725 0.012223 0.016488
9 0.263920 0.160651 0.012675 0.010250
9 0.266410 0.169786 0.012223 0.008913
9 0.262110 0.174911 0.012675 0.010250
9 0.251245 0.170677 0.012675 0.014260
9 0.244681 0.178253 0.008601 0.014260
9 0.233816 0.169786 0.013128 0.012478
9 0.174061 0.193850 0.013128 0.015152
9 0.112947 0.204768 0.017655 0.019162
9 0.090539 0.235740 0.019013 0.019608
9 0.112268 0.253342 0.017202 0.018271
9 0.153010 0.248217 0.017202 0.016043
9 0.113173 0.289661 0.025351 0.021390
9 0.148031 0.291889 0.019919 0.016934
9 0.169760 0.281640 0.010865 0.014260
9 0.185604 0.266488 0.012675 0.013369
9 0.196016 0.258244 0.013581 0.012923
9 0.207560 0.250891 0.014939 0.013369
9 0.202807 0.228610 0.013581 0.016043
9 0.201449 0.194964 0.014486 0.017380
9 0.216388 0.194519 0.016297 0.016488
9 0.260299 0.186720 0.015392 0.013369
9 0.239928 0.200089 0.015392 0.015152
9 0.220688 0.212344 0.014939 0.010250
9 0.219783 0.222148 0.011317 0.007576
9 0.222273 0.230838 0.016297 0.014260
9 0.266410 0.224822 0.017655 0.019162
9 0.050475 0.315062 0.019466 0.019608
9 0.056587 0.350045 0.016297 0.014706
9 0.041874 0.380348 0.018560 0.016488
9 0.049117 0.399733 0.013128 0.015152
9 0.080127 0.379011 0.009959 0.012032
9 0.090991 0.370098 0.012675 0.014706
9 0.090539 0.392825 0.013581 0.016488
9 0.109325 0.380570 0.014939 0.012478
9 0.106157 0.364082 0.013128 0.013369
9 0.113852 0.349822 0.007696 0.012478
9 0.123585 0.350045 0.012675 0.016488
9 0.142598 0.338681 0.013581 0.010695
9 0.140788 0.351604 0.013581 0.015152
9 0.185604 0.335561 0.017202 0.015152
9 0.205976 0.324421 0.012675 0.013369
9 0.187641 0.320187 0.013128 0.011141
9 0.193526 0.314394 0.012223 0.012923
9 0.182662 0.293226 0.013128 0.013369
9 0.187415 0.283868 0.013581 0.010695
9 0.192847 0.296569 0.014486 0.012032
9 0.205523 0.293449 0.010865 0.010250
9 0.203033 0.270276 0.011317 0.012923
9 0.213898 0.265152 0.012223 0.009804
9 0.229063 0.255793 0.016297 0.016934
9 0.215935 0.274955 0.008148 0.009804
9 0.224536 0.280080 0.009959 0.012923
9 0.216388 0.286765 0.010865 0.011141
9 0.225894 0.300134 0.010865 0.014706
9 0.216840 0.297906 0.008148 0.010250
9 0.207560 0.309715 0.014939 0.012478
9 0.244002 0.318182 0.016297 0.015152
9 0.239701 0.337790 0.018560 0.013369
9 0.328656 0.296569 0.014486 0.010250
9 0.324808 0.307709 0.012223 0.011141
9 0.338615 0.312389 0.013581 0.013369
9 0.359891 0.318182 0.019013 0.019608
9 0.336578 0.329768 0.006790 0.010695
9 0.329787 0.336230 0.010412 0.011141
9 0.321186 0.342692 0.012223 0.012478
9 0.308737 0.335339 0.012675 0.010250
9 0.315075 0.323307 0.008148 0.006684
9 0.324355 0.321970 0.009507 0.009358
9 0.241286 0.356952 0.013581 0.012478
9 0.234948 0.361854 0.013581 0.011586
9 0.223404 0.367424 0.010412 0.015597
9 0.234043 0.379011 0.011770 0.014706
9 0.227478 0.396168 0.014939 0.015152
9 0.213898 0.381016 0.011317 0.013369
9 0.201222 0.383467 0.011317 0.017380
9 0.189226 0.377228 0.012675 0.012032
9 0.182888 0.386364 0.012675 0.012478
9 0.193526 0.397282 0.011317 0.012032
9 0.178588 0.404412 0.009507 0.009358
9 0.185604 0.413324 0.009959 0.012032
9 0.154368 0.414884 0.011770 0.016043
9 0.142825 0.415998 0.010412 0.015597
9 0.116116 0.393048 0.012223 0.014260
9 0.117700 0.409982 0.014486 0.014260
9 0.032141 0.407531 0.015392 0.014706
9 0.027614 0.421123 0.011770 0.011586
9 0.036668 0.432709 0.012675 0.013369
9 0.028293 0.440731 0.014033 0.012478
9 0.017202 0.473262 0.016297 0.012478
9 0.036215 0.469920 0.012675 0.014706
9 0.057039 0.475267 0.014486 0.013815
9 0.065414 0.481061 0.012223 0.009358
9 0.068809 0.493093 0.015392 0.013815
9 0.069036 0.512032 0.013128 0.014260
9 0.106157 0.495321 0.014033 0.014706
9 0.128112 0.496881 0.018108 0.016934
9 0.190584 0.458111 0.017202 0.014260
9 0.240607 0.469697 0.018560 0.017825
9 0.223857 0.489305 0.015844 0.012478
9 0.214350 0.500000 0.016750 0.016934
9 0.280896 0.438503 0.014939 0.017825
9 0.296967 0.418226 0.013581 0.014706
9 0.305568 0.394385 0.015392 0.014260
9 0.345405 0.394162 0.012675 0.014706
9 0.403803 0.378788 0.014486 0.014260
9 0.479176 0.418004 0.016750 0.017825
9 0.035763 0.553253 0.015392 0.013815
9 0.086691 0.568627 0.010412 0.015152
9 0.048438 0.593360 0.015392 0.012032
9 0.052965 0.606061 0.017202 0.013369
9 0.118153 0.593806 0.014486 0.016488
9 0.172024 0.604278 0.019013 0.015152
9 0.194206 0.591355 0.015392 0.012478
9 0.196016 0.579100 0.013581 0.009358
9 0.181756 0.570633 0.013128 0.012923
9 0.202580 0.559492 0.012223 0.013815
9 0.226120 0.556595 0.013128 0.011586
9 0.232911 0.547460 0.009507 0.012032
9 0.245586 0.538770 0.013128 0.012478
9 0.247171 0.552362 0.013581 0.012032
9 0.231100 0.575312 0.010412 0.011586
9 0.241059 0.579768 0.009507 0.014260
9 0.258941 0.573307 0.015392 0.012923
9 0.291082 0.559046 0.014486 0.009358
9 0.291987 0.545900 0.012675 0.012478
9 0.297193 0.528298 0.010412 0.012923
9 0.277501 0.491087 0.010865 0.015152
9 0.289498 0.481283 0.012223 0.011586
9 0.291082 0.491533 0.012675 0.008021
9 0.294477 0.500668 0.015844 0.013815
9 0.321412 0.485963 0.014486 0.011141
9 0.336351 0.489305 0.013581 0.012478
9 0.319828 0.500668 0.010412 0.009358
9 0.312359 0.507130 0.008148 0.008021
9 0.319828 0.511809 0.010412 0.006684
9 0.322770 0.520722 0.010865 0.009358
9 0.308963 0.519831 0.009507 0.009358
9 0.315980 0.529857 0.015392 0.009804
9 0.316885 0.540553 0.017202 0.011586
9 0.318470 0.555036 0.016750 0.012923
9 0.337257 0.550134 0.014486 0.016488
9 0.333409 0.503788 0.009507 0.008467
9 0.342689 0.502005 0.008148 0.011141
9 0.333861 0.512701 0.009507 0.008467
9 0.362834 0.501783 0.014033 0.016043
9 0.393164 0.504011 0.015844 0.012478
9 0.348348 0.518271 0.007696 0.008021
9 0.344500 0.523396 0.009054 0.008467
9 0.356496 0.522282 0.010412 0.009804
9 0.344273 0.531194 0.014033 0.011586
9 0.347895 0.569519 0.013128 0.010695
9 0.352875 0.560606 0.011317 0.012478
9 0.362381 0.550357 0.011317 0.014260
9 0.378452 0.545009 0.014486 0.017825
9 0.361476 0.577540 0.012223 0.008913
9 0.362381 0.587121 0.014033 0.011141
9 0.379131 0.608512 0.015844 0.013815
9 0.441376 0.558155 0.012675 0.015597
9 0.487777 0.559492 0.013128 0.014706
9 0.421910 0.551916 0.015392 0.012032
9 0.403576 0.538770 0.012223 0.011586
9 0.394975 0.528743 0.011317 0.007576
9 0.401992 0.520276 0.010865 0.010250
9 0.401992 0.491979 0.012675 0.011586
9 0.397691 0.481283 0.012223 0.009804
9 0.384337 0.487745 0.012675 0.012923
9 0.370077 0.475936 0.012223 0.011586
9 0.357854 0.473930 0.012223 0.012032
9 0.306700 0.453654 0.012223 0.010695
9 0.321639 0.456774 0.009507 0.012478
9 0.326845 0.449866 0.009054 0.010250
9 0.313943 0.443850 0.009507 0.009804
9 0.304210 0.433824 0.009959 0.012923
9 0.312359 0.428030 0.008148 0.010250
9 0.316885 0.421569 0.007243 0.008913
9 0.321412 0.428253 0.009054 0.010695
9 0.328656 0.420900 0.010865 0.012032
9 0.333861 0.410428 0.012223 0.010695
9 0.340878 0.422906 0.009054 0.014260
9 0.346537 0.418672 0.005885 0.012032
9 0.351517 0.424688 0.011317 0.009804
9 0.367813 0.416667 0.011317 0.010695
9 0.383431 0.422460 0.012675 0.012478
9 0.372567 0.428030 0.008148 0.012032
9 0.363060 0.432264 0.009959 0.012478
9 0.355364 0.447638 0.010865 0.011141
9 0.369172 0.451649 0.010412 0.012923
9 0.379357 0.455214 0.009959 0.014706
9 0.389543 0.442513 0.009507 0.010695
9 0.401766 0.447193 0.011317 0.009358
9 0.399276 0.454991 0.007243 0.007130
9 0.392259 0.458556 0.006790 0.010695
9 0.404708 0.459447 0.008148 0.008021
9 0.400860 0.467692 0.014033 0.008467
9 0.390448 0.553253 0.009507 0.009358
9 0.397239 0.559938 0.009507 0.009358
9 0.400181 0.569964 0.010865 0.008021
9 0.407198 0.566622 0.006790 0.009358
9 0.414215 0.572861 0.012675 0.008467
9 0.403803 0.584447 0.009959 0.011141
9 0.414667 0.588458 0.013581 0.013815
9 0.450883 0.578209 0.013581 0.012032
9 0.485287 0.583556 0.013581 0.012032
9 0.096424 0.629902 0.018108 0.015597
9 0.111589 0.687166 0.020371 0.017825
9 0.168855 0.746881 0.013581 0.009804
9 0.208918 0.736631 0.014939 0.015152
9 0.218651 0.719474 0.011770 0.014706
9 0.197601 0.673128 0.014033 0.011141
9 0.201901 0.660651 0.012675 0.012032
9 0.214350 0.651070 0.012223 0.015152
9 0.179267 0.644385 0.015392 0.015152
9 0.284518 0.666444 0.012223 0.012032
9 0.293798 0.677807 0.014486 0.012478
9 0.287687 0.763592 0.012223 0.014706
9 0.248302 0.780303 0.013128 0.009804
9 0.247850 0.792335 0.014033 0.013369
9 0.428248 0.720365 0.018108 0.015597
9 0.424174 0.634581 0.015392 0.017825
9 0.460616 0.647504 0.013128 0.012478
9 0.460616 0.660651 0.012223 0.012923
9 0.276369 0.808378 0.012223 0.012478
9 0.265052 0.818182 0.016750 0.011586
9 0.210955 0.849376 0.018108 0.015152
9 0.327976 0.850936 0.020371 0.017380
9 0.370303 0.869652 0.018108 0.013815
9 0.342463 0.914439 0.016750 0.018717
9 0.382979 0.928253 0.021729 0.020499
9 0.437076 0.895945 0.015844 0.019162
9 0.448846 0.806150 0.019466 0.019608
9 0.437076 0.599376 0.008601 0.008913
9 0.431870 0.608289 0.009054 0.013369
9 0.439565 0.609848 0.007243 0.012032
9 0.448167 0.606283 0.009959 0.010250
9 0.454278 0.617424 0.012223 0.012032
9 0.480081 0.620989 0.014939 0.014706
9 0.465369 0.590686 0.008148 0.006684
9 0.459937 0.596034 0.009054 0.004902
9 0.459937 0.602496 0.008148 0.008913
9 0.474649 0.592914 0.010412 0.007576
9 0.473970 0.602273 0.009959 0.012032
9 0.500226 0.894162 0.015392 0.015597
9 0.513581 0.954768 0.014939 0.015597
9 0.544364 0.960784 0.015844 0.015152
9 0.583975 0.948752 0.020824 0.018717
9 0.617248 0.950980 0.014033 0.015152
9 0.631734 0.922014 0.017655 0.019608
9 0.656179 0.918895 0.017655 0.017825
9 0.646673 0.873663 0.016750 0.014706
9 0.647804 0.857843 0.018108 0.013369
9 0.504753 0.827986 0.011770 0.014260
9 0.516976 0.834893 0.015392 0.011141
9 0.510186 0.842469 0.008148 0.011141
9 0.531462 0.765152 0.017202 0.008913
9 0.526483 0.750000 0.017202 0.015152
9 0.582843 0.715463 0.017655 0.018271
9 0.607967 0.747326 0.019919 0.019608
9 0.654368 0.696524 0.016750 0.012478
9 0.655274 0.712790 0.017655 0.017380
9 0.686736 0.877451 0.018108 0.024064
9 0.729968 0.861185 0.019466 0.022727
9 0.732684 0.896390 0.018560 0.020053
9 0.777275 0.844920 0.023540 0.021390
9 0.804436 0.778520 0.015392 0.017825
9 0.809869 0.799465 0.012675 0.016043
9 0.820507 0.797460 0.011317 0.015597
9 0.860344 0.814840 0.015844 0.013815
9 0.830466 0.780749 0.010412 0.011586
9 0.839973 0.790330 0.010412 0.012032
9 0.838841 0.768271 0.009959 0.011586
9 0.851743 0.774510 0.014939 0.016934
9 0.869398 0.794118 0.015844 0.016934
9 0.872114 0.773619 0.014939 0.016043
9 0.884110 0.761364 0.010865 0.016488
9 0.898370 0.758021 0.014939 0.016934
9 0.845405 0.741533 0.010412 0.015152
9 0.858307 0.742424 0.010865 0.007130
9 0.860570 0.750446 0.012675 0.008021
9 0.878904 0.747772 0.014033 0.008913
9 0.877773 0.737968 0.018108 0.010695
9 0.875509 0.727496 0.013581 0.009358
9 0.865097 0.711898 0.011770 0.012032
9 0.877320 0.711898 0.010865 0.012032
9 0.892033 0.704100 0.012223 0.009804
9 0.904934 0.706328 0.010865 0.009804
9 0.909235 0.716578 0.012223 0.012478
9 0.896560 0.717692 0.010412 0.011141
9 0.543459 0.688057 0.014939 0.014260
9 0.495926 0.604501 0.014939 0.013815
9 0.507922 0.592023 0.016297 0.014706
9 0.517429 0.568627 0.018108 0.014260
9 0.521729 0.606283 0.014939 0.014706
9 0.539837 0.590909 0.012223 0.012478
9 0.551833 0.579991 0.015392 0.012032
9 0.564509 0.564394 0.010865 0.010250
9 0.575826 0.565954 0.009054 0.010695
9 0.569262 0.578209 0.011317 0.012032
9 0.550702 0.611631 0.015844 0.017380
9 0.593029 0.619652 0.018108 0.011141
9 0.583069 0.638815 0.015392 0.017380
9 0.649615 0.643939 0.020824 0.016934
9 0.730874 0.628119 0.014033 0.015597
9 0.752377 0.631239 0.009959 0.012032
9 0.762562 0.631462 0.013128 0.011586
9 0.804436 0.677139 0.018108 0.017380
9 0.850837 0.670677 0.013128 0.019608
9 0.868040 0.665330 0.012223 0.015152
9 0.874151 0.637478 0.013581 0.012032
9 0.886600 0.645945 0.011317 0.015597
9 0.936397 0.644385 0.017655 0.020499
9 0.925079 0.599376 0.014033 0.017825
9 0.935944 0.583556 0.015844 0.014706
9 0.909009 0.565285 0.015392 0.012923
9 0.818244 0.529857 0.019466 0.017825
9 0.725894 0.537433 0.014939 0.015152
9 0.717972 0.553476 0.015392 0.016043
9 0.693300 0.569519 0.015844 0.016934
9 0.619737 0.559492 0.017202 0.016488
9 0.614305 0.530971 0.018108 0.015597
9 0.598914 0.477496 0.019013 0.015597
9 0.541421 0.468137 0.014486 0.017380
9 0.854685 0.465463 0.015392 0.013815
9 0.874151 0.486408 0.016297 0.017380
9 0.920326 0.495766 0.018108 0.022727
9 0.935944 0.472371 0.012223 0.014260
9 0.600272 0.449866 0.021729 0.017380
9 0.835899 0.431150 0.011317 0.012923
9 0.848574 0.444073 0.018560 0.012923
9 0.877773 0.454768 0.023540 0.014706
9 0.862155 0.399733 0.021277 0.024955
9 0.902671 0.405971 0.015392 0.014260
9 0.920779 0.412433 0.015392 0.016488
9 0.898144 0.331105 0.014486 0.016043
9 0.914894 0.337121 0.015392 0.015597
9 0.933228 0.337567 0.015844 0.010250
9 0.931870 0.350267 0.018560 0.013369
9 0.764373 0.139483 0.013128 0.020499
9 0.778407 0.157754 0.015844 0.014260
9 0.786555 0.101159 0.016750 0.015152
9 0.804663 0.113414 0.009507 0.009358
9 0.796062 0.126114 0.010412 0.015152
9 0.811906 0.134135 0.014033 0.011586
9 0.831372 0.145945 0.013128 0.011141
9 0.816206 0.163547 0.012675 0.015152
9 0.816659 0.179367 0.009959 0.012923
9 0.828429 0.183601 0.013581 0.010695
9 0.860570 0.189394 0.012675 0.018717
9 0.874830 0.201426 0.012223 0.017825
9 0.881621 0.219251 0.012223 0.010695
9 0.888864 0.207665 0.012223 0.009804
9 0.922816 0.243984 0.012223 0.016488
9 0.904708 0.254456 0.011317 0.012478
9 0.895880 0.262255 0.011770 0.010250
9 0.889995 0.267825 0.011770 0.015152
9 0.968538 0.425134 0.019466 0.015152
9 0.949751 0.468806 0.014486 0.019608
9 0.961068 0.487745 0.015392 0.020053
9 0.958352 0.539884 0.015392 0.010250
9 0.956089 0.552807 0.015392 0.013815
9 0.975102 0.549242 0.011770 0.015597
9 0.969896 0.606283 0.014939 0.018271
9 0.963332 0.625668 0.015392 0.016934