9 0.231364 0.886823 0.015455 0.014233
9 0.265227 0.912994 0.012273 0.010560
9 0.598182 0.937557 0.014545 0.011938
9 0.888409 0.616621 0.012273 0.011938
9 0.873864 0.670340 0.010455 0.013774
9 0.861364 0.350092 0.016364 0.014233
9 0.510455 0.076905 0.013636 0.014233
9 0.564318 0.143710 0.014091 0.011938
9 0.770227 0.173783 0.010455 0.012397
9 0.298182 0.204316 0.012727 0.010101
9 0.336591 0.212810 0.015909 0.013315
9 0.152045 0.278237 0.013182 0.011938
9 0.096818 0.303030 0.013636 0.011938
9 0.073636 0.576217 0.015455 0.013774
9 0.212045 0.721763 0.012273 0.010101
9 0.326818 0.550964 0.013636 0.011938
9 0.365682 0.548669 0.014091 0.012856
9 0.475909 0.369376 0.012727 0.011478