9 0.344945 0.041043 0.016849 0.017687
9 0.302368 0.069841 0.013661 0.015420
9 0.286658 0.082086 0.013206 0.010884
9 0.268443 0.098639 0.011384 0.013152
9 0.259563 0.107710 0.013661 0.011338
9 0.254098 0.119048 0.013661 0.011338
9 0.244080 0.135147 0.010929 0.014512
9 0.258197 0.132426 0.015483 0.015420
9 0.287113 0.113605 0.012295 0.013152
9 0.296903 0.104308 0.013661 0.014512
9 0.329690 0.108390 0.014572 0.014512
9 0.283470 0.147846 0.016849 0.013605
9 0.291211 0.160771 0.011384 0.016780
9 0.253643 0.165986 0.014572 0.014512
9 0.196721 0.156689 0.015483 0.013152
9 0.206056 0.168027 0.015938 0.013152
9 0.105419 0.209297 0.015027 0.018594
9 0.082650 0.251701 0.014117 0.017234
9 0.119991 0.237188 0.013206 0.014512
9 0.131375 0.251474 0.013206 0.015873
9 0.145492 0.200227 0.016849 0.014966
9 0.169854 0.190476 0.014572 0.016327
9 0.186931 0.210204 0.016849 0.015873
9 0.157104 0.222902 0.019126 0.015873
9 0.168716 0.241950 0.015938 0.019501
9 0.221767 0.224717 0.017304 0.018594
9 0.245219 0.192063 0.015027 0.014059
9 0.252277 0.182313 0.016393 0.012698
9 0.268898 0.181406 0.015027 0.016327
9 0.343352 0.160544 0.016393 0.016327
9 0.362250 0.143084 0.021403 0.014966
9 0.368397 0.125170 0.011840 0.013605
9 0.380920 0.118141 0.008652 0.014059
9 0.390027 0.117460 0.011384 0.012698
9 0.440118 0.105442 0.015938 0.017687
9 0.452869 0.121315 0.017760 0.019501
9 0.356785 0.297732 0.023224 0.015873
9 0.276639 0.237868 0.021403 0.021315
9 0.259791 0.223356 0.015938 0.014966
9 0.177368 0.284807 0.015027 0.017234
9 0.145719 0.315873 0.020036 0.019501
9 0.056466 0.318821 0.011840 0.019048
9 0.068989 0.315420 0.013206 0.016780
9 0.095401 0.346939 0.011384 0.013605
9 0.102914 0.358503 0.011840 0.014966
9 0.118169 0.368934 0.016849 0.020408
9 0.143215 0.357143 0.015027 0.015873
9 0.146630 0.392290 0.016393 0.014512
9 0.122951 0.391610 0.016393 0.014966
9 0.125683 0.409751 0.013661 0.016780
9 0.077413 0.368707 0.013661 0.012698
9 0.071494 0.380045 0.012750 0.014512
9 0.067168 0.393424 0.013206 0.017687
9 0.015255 0.413832 0.008652 0.010431
9 0.025729 0.421542 0.011384 0.014059
9 0.077869 0.427891 0.010018 0.010431
9 0.091075 0.429252 0.011840 0.010431
9 0.090619 0.417687 0.010018 0.009977
9 0.094035 0.402721 0.008652 0.009070
9 0.101093 0.407937 0.009107 0.008617
9 0.103370 0.414059 0.012750 0.008163
9 0.108607 0.422676 0.014117 0.012698
9 0.102231 0.447619 0.013206 0.014512
9 0.137523 0.447619 0.017304 0.017234
9 0.270492 0.362585 0.017304 0.017687
9 0.308060 0.382766 0.022313 0.022676
9 0.346539 0.470975 0.019126 0.023129
9 0.427823 0.450340 0.018670 0.027211
9 0.380920 0.060998 0.015938 0.013152
9 0.404599 0.082313 0.015938 0.023129
9 0.426685 0.066893 0.017304 0.019501
9 0.430556 0.049206 0.014117 0.015873
9 0.448543 0.053061 0.016393 0.019955
9 0.471084 0.054195 0.014117 0.014059
9 0.479736 0.033107 0.016849 0.014512
9 0.502277 0.035374 0.014572 0.017234
9 0.478825 0.017007 0.010474 0.013152
9 0.461976 0.019048 0.011384 0.017234
9 0.512295 0.046939 0.010018 0.013152
9 0.523224 0.044444 0.011840 0.011791
9 0.551002 0.024263 0.017304 0.022222
9 0.569444 0.025397 0.014117 0.016327
9 0.585610 0.020408 0.012750 0.011791
9 0.585155 0.031293 0.016393 0.009070
9 0.629554 0.044218 0.015938 0.013152
9 0.627505 0.053515 0.016393 0.009070
9 0.628643 0.064626 0.016849 0.013152
9 0.677140 0.105896 0.014572 0.016780
9 0.536430 0.394558 0.017304 0.019955
9 0.553051 0.414286 0.019581 0.021315
9 0.505692 0.444444 0.018670 0.021769
9 0.602459 0.445578 0.020036 0.019501
9 0.625228 0.458730 0.014572 0.015873
9 0.687614 0.420181 0.016393 0.018594
9 0.688069 0.372109 0.011840 0.013152
9 0.319217 0.452381 0.012750 0.014966
9 0.274590 0.458730 0.022769 0.017687
9 0.254326 0.467800 0.013206 0.014059
9 0.233607 0.458730 0.010929 0.011338
9 0.236794 0.468027 0.013661 0.011791
9 0.052823 0.487302 0.013661 0.014966
9 0.014117 0.534240 0.014572 0.016327
9 0.016849 0.575283 0.012750 0.015873
9 0.043260 0.571655 0.016393 0.016780
9 0.071721 0.541043 0.015938 0.017234
9 0.070128 0.594785 0.012750 0.013152
9 0.040756 0.659637 0.015027 0.015873
9 0.070355 0.680499 0.015027 0.017687
9 0.078552 0.713832 0.019581 0.019048
9 0.099271 0.723583 0.019126 0.010431
9 0.092213 0.741497 0.015027 0.014512
9 0.109290 0.687528 0.010929 0.010884
9 0.109290 0.673923 0.014572 0.009977
9 0.124545 0.691383 0.014117 0.010431
9 0.129326 0.668254 0.012750 0.014966
9 0.143215 0.672336 0.016849 0.016780
9 0.155738 0.684807 0.012750 0.016327
9 0.179417 0.675737 0.012750 0.011791
9 0.187842 0.663039 0.015027 0.011791
9 0.114982 0.658503 0.015027 0.014512
9 0.114526 0.638776 0.016849 0.021315
9 0.126366 0.613605 0.011384 0.014512
9 0.134791 0.627891 0.011840 0.014059
9 0.098816 0.576871 0.014572 0.016327
9 0.156876 0.587075 0.014117 0.014059
9 0.145036 0.572789 0.014117 0.013605
9 0.145036 0.561224 0.010474 0.011338
9 0.157332 0.548980 0.013206 0.014059
9 0.160064 0.562132 0.016849 0.013152
9 0.070583 0.469161 0.011840 0.014966
9 0.081512 0.459184 0.011840 0.016780
9 0.096084 0.469388 0.011840 0.014512
9 0.104281 0.477324 0.010018 0.013152
9 0.112705 0.481179 0.011384 0.010884
9 0.095628 0.490930 0.016393 0.010431
9 0.133197 0.496145 0.015027 0.014512
9 0.113388 0.506576 0.014572 0.013605
9 0.111111 0.517460 0.014572 0.010884
9 0.127505 0.513379 0.009107 0.009977
9 0.125228 0.523810 0.012750 0.009977
9 0.109290 0.529932 0.011840 0.013152
9 0.106557 0.556463 0.013661 0.013605
9 0.120902 0.543537 0.011384 0.013152
9 0.123862 0.556916 0.011840 0.011791
9 0.132741 0.549887 0.011384 0.011338
9 0.137750 0.519048 0.010474 0.013152
9 0.147086 0.519274 0.011840 0.013605
9 0.157559 0.529932 0.012750 0.014966
9 0.142532 0.527891 0.011840 0.011791
9 0.141621 0.537868 0.008197 0.009977
9 0.187386 0.531746 0.017760 0.014966
9 0.194444 0.552154 0.013661 0.018594
9 0.245674 0.504308 0.015027 0.019955
9 0.243169 0.490249 0.010018 0.010884
9 0.251366 0.490249 0.009107 0.010884
9 0.283925 0.548299 0.015027 0.017234
9 0.261612 0.499546 0.014117 0.011338
9 0.263206 0.484354 0.011840 0.017234
9 0.208789 0.563492 0.016849 0.010431
9 0.210610 0.571882 0.013206 0.010884
9 0.210155 0.587755 0.007741 0.012698
9 0.221995 0.585261 0.013206 0.010431
9 0.227459 0.601814 0.015027 0.016327
9 0.208106 0.600227 0.013661 0.011338
9 0.200820 0.582540 0.014572 0.010431
9 0.200592 0.612018 0.014117 0.011338
9 0.185792 0.613152 0.012750 0.009977
9 0.185337 0.625397 0.017304 0.016327
9 0.201503 0.625850 0.013206 0.019048
9 0.197177 0.642857 0.013661 0.014059
9 0.208561 0.643311 0.010929 0.013152
9 0.243169 0.675737 0.019126 0.022676
9 0.286430 0.650567 0.020036 0.014966
9 0.283925 0.673016 0.019581 0.014512
9 0.287113 0.687755 0.015027 0.011338
9 0.295082 0.599773 0.019126 0.018594
9 0.219945 0.743311 0.013661 0.012698
9 0.292122 0.571429 0.015938 0.016327
9 0.313525 0.520635 0.015027 0.019048
9 0.315346 0.541043 0.013206 0.011791
9 0.317851 0.551474 0.014572 0.011791
9 0.319444 0.564853 0.007741 0.014059
9 0.309654 0.563039 0.010929 0.013152
9 0.309882 0.577098 0.013206 0.014059
9 0.324226 0.579138 0.011840 0.009977
9 0.326047 0.591383 0.012750 0.010884
9 0.336749 0.578458 0.014117 0.014059
9 0.330601 0.540136 0.008197 0.013605
9 0.338570 0.540136 0.008652 0.012698
9 0.343579 0.523356 0.011384 0.014512
9 0.359745 0.517914 0.012750 0.013605
9 0.354281 0.527211 0.010929 0.008617
9 0.354736 0.538095 0.014572 0.010431
9 0.355647 0.553968 0.013661 0.017687
9 0.097905 0.754875 0.009107 0.013152
9 0.110883 0.753061 0.010474 0.012245
9 0.109745 0.769841 0.013661 0.013152
9 0.137067 0.782993 0.012750 0.013152
9 0.125683 0.798866 0.016393 0.014966
9 0.194217 0.846712 0.019581 0.020862
9 0.229053 0.868027 0.010929 0.018141
9 0.242031 0.875283 0.012295 0.018141
9 0.242031 0.824490 0.013206 0.016327
9 0.284153 0.820181 0.011840 0.016780
9 0.288707 0.863719 0.016393 0.015873
9 0.339253 0.895918 0.014572 0.019501
9 0.425091 0.903855 0.019581 0.018141
9 0.190118 0.793651 0.013206 0.015420
9 0.176913 0.778458 0.009563 0.013152
9 0.166667 0.773469 0.009107 0.013152
9 0.157332 0.774830 0.008652 0.015873
9 0.205829 0.755556 0.014572 0.016327
9 0.312386 0.761678 0.010929 0.014059
9 0.319900 0.740136 0.010474 0.013605
9 0.332195 0.758503 0.008652 0.009524
9 0.335838 0.770522 0.009563 0.011791
9 0.328552 0.794331 0.016849 0.015873
9 0.361566 0.818821 0.014572 0.014059
9 0.390483 0.801587 0.015027 0.009524
9 0.389572 0.814286 0.017760 0.011338
9 0.389800 0.829252 0.013661 0.013152
9 0.441029 0.847392 0.016849 0.014966
9 0.442623 0.866893 0.013661 0.014059
9 0.454235 0.767120 0.010474 0.014966
9 0.466758 0.766667 0.010018 0.014059
9 0.522313 0.833333 0.016393 0.015873
9 0.508197 0.878231 0.017304 0.020408
9 0.339026 0.697279 0.009563 0.011338
9 0.348588 0.703628 0.009563 0.010431
9 0.334016 0.709977 0.012295 0.009524
9 0.335838 0.721088 0.009563 0.009977
9 0.353825 0.732653 0.010929 0.012245
9 0.360883 0.728798 0.008652 0.010884
9 0.370902 0.713832 0.014117 0.019955
9 0.329918 0.623356 0.010474 0.013152
9 0.328324 0.638095 0.010018 0.013605
9 0.339253 0.630612 0.008197 0.014966
9 0.347450 0.633333 0.010929 0.017687
9 0.357013 0.603628 0.011840 0.016327
9 0.371357 0.597959 0.011384 0.014966
9 0.400273 0.589796 0.011840 0.012245
9 0.382058 0.610431 0.012750 0.019048
9 0.365209 0.617687 0.009107 0.011791
9 0.366803 0.627891 0.006831 0.010431
9 0.378188 0.628571 0.012295 0.011791
9 0.371812 0.639683 0.009563 0.011338
9 0.383424 0.641950 0.010018 0.011338
9 0.391166 0.649660 0.011840 0.010431
9 0.369991 0.654195 0.012295 0.014966
9 0.377960 0.668481 0.014572 0.011791
9 0.382514 0.679819 0.008197 0.009070
9 0.403689 0.660544 0.013206 0.014966
9 0.413024 0.645805 0.011840 0.016327
9 0.406421 0.626304 0.007741 0.009977
9 0.400501 0.615193 0.009563 0.013152
9 0.408925 0.609297 0.007286 0.013152
9 0.441257 0.611111 0.012750 0.014059
9 0.432377 0.625850 0.013206 0.012698
9 0.431694 0.638095 0.010929 0.013605
9 0.434426 0.651927 0.012750 0.011338
9 0.449909 0.643764 0.008197 0.011338
9 0.455601 0.653741 0.008652 0.014059
9 0.483834 0.658050 0.015027 0.012698
9 0.378415 0.526984 0.009107 0.010884
9 0.390938 0.524490 0.010474 0.010431
9 0.400956 0.528118 0.009563 0.011338
9 0.403233 0.538322 0.008652 0.009977
9 0.392304 0.537415 0.008652 0.009977
9 0.380920 0.543764 0.011384 0.011791
9 0.371129 0.548299 0.009107 0.010884
9 0.374089 0.572109 0.013206 0.017687
9 0.386157 0.567574 0.011840 0.014966
9 0.403689 0.566213 0.013206 0.014966
9 0.411430 0.552154 0.010474 0.013152
9 0.418488 0.556916 0.010929 0.013605
9 0.422359 0.570295 0.015938 0.013152
9 0.437614 0.580499 0.016393 0.019048
9 0.454918 0.590930 0.011840 0.012698
9 0.475865 0.589342 0.013661 0.014966
9 0.495446 0.579138 0.012750 0.019955
9 0.516393 0.587528 0.013661 0.014059
9 0.520947 0.614059 0.007286 0.007256
9 0.522086 0.624717 0.012295 0.010431
9 0.497495 0.619501 0.011384 0.011791
9 0.486339 0.623356 0.010018 0.014059
9 0.485200 0.607937 0.008652 0.011338
9 0.475410 0.606349 0.007286 0.008163
9 0.473816 0.617007 0.010474 0.009524
9 0.465164 0.609297 0.008652 0.013152
9 0.455829 0.609070 0.010018 0.011791
9 0.692168 0.098866 0.014572 0.017234
9 0.714481 0.093424 0.012750 0.011791
9 0.747040 0.149433 0.011384 0.014966
9 0.732013 0.156916 0.014117 0.012698
9 0.694217 0.177778 0.016849 0.017234
9 0.798042 0.133107 0.019581 0.017687
9 0.810792 0.171655 0.020492 0.012245
9 0.801457 0.182993 0.013661 0.012245
9 0.803734 0.209297 0.018215 0.021315
9 0.743852 0.210658 0.015938 0.017687
9 0.700364 0.223810 0.014572 0.015873
9 0.713342 0.222449 0.013206 0.016780
9 0.736339 0.234240 0.016393 0.015873
9 0.764572 0.233787 0.021858 0.014966
9 0.750911 0.304762 0.014572 0.019048
9 0.827413 0.179365 0.012750 0.012245
9 0.882514 0.215646 0.011840 0.014059
9 0.872268 0.231519 0.011384 0.014059
9 0.916211 0.258957 0.012750 0.015420
9 0.928734 0.281406 0.015938 0.017687
9 0.844718 0.272336 0.016393 0.019501
9 0.877277 0.265533 0.013206 0.013152
9 0.877277 0.285714 0.015027 0.013605
9 0.918033 0.311791 0.019126 0.020408
9 0.868397 0.345578 0.010929 0.014512
9 0.882741 0.344444 0.015027 0.013152
9 0.882741 0.373016 0.013206 0.014059
9 0.873862 0.386395 0.013661 0.017234
9 0.844262 0.421769 0.018215 0.021769
9 0.781421 0.418367 0.010929 0.011338
9 0.775273 0.424490 0.008652 0.009977
9 0.698998 0.391610 0.013661 0.013152
9 0.755920 0.434921 0.013661 0.016327
9 0.589936 0.500454 0.009563 0.009524
9 0.599954 0.494331 0.010474 0.012698
9 0.601776 0.508390 0.011384 0.013605
9 0.591302 0.521315 0.014117 0.011338
9 0.559654 0.534694 0.011840 0.014512
9 0.567623 0.558050 0.013206 0.015873
9 0.587204 0.560317 0.015027 0.014966
9 0.567395 0.578685 0.012750 0.013605
9 0.563525 0.600680 0.015938 0.014059
9 0.659381 0.608617 0.018215 0.015420
9 0.708106 0.602041 0.018215 0.017687
9 0.750000 0.608390 0.018215 0.014966
9 0.914845 0.610658 0.016393 0.015873
9 0.939435 0.567800 0.017304 0.018141
9 0.759107 0.554195 0.014572 0.017234
9 0.747495 0.540363 0.013206 0.015873
9 0.708789 0.504308 0.016849 0.017234
9 0.647541 0.523810 0.016393 0.012698
9 0.653461 0.543991 0.018215 0.016780
9 0.610883 0.542630 0.016849 0.014966
9 0.591758 0.536281 0.015027 0.016780
9 0.915528 0.500907 0.012295 0.017687
9 0.932377 0.501587 0.008652 0.009070
9 0.931239 0.511338 0.010929 0.012245
9 0.940801 0.505669 0.009107 0.011791
9 0.979053 0.490703 0.014572 0.013605
9 0.973816 0.464626 0.011384 0.015873
9 0.931466 0.466440 0.005920 0.008617
9 0.934882 0.484127 0.007286 0.012245
9 0.944900 0.483900 0.011840 0.014512
9 0.942168 0.464172 0.013661 0.013152
9 0.917122 0.444898 0.012750 0.018141
9 0.927596 0.435601 0.007286 0.013152
9 0.936475 0.441043 0.010474 0.010431
9 0.959472 0.448980 0.012750 0.014512
9 0.948998 0.423810 0.008197 0.010431
9 0.941485 0.420862 0.009563 0.012698
9 0.931922 0.413152 0.011384 0.014512
9 0.913024 0.409977 0.009107 0.013605
9 0.920993 0.401361 0.009563 0.014512
9 0.926002 0.384580 0.011384 0.016327
9 0.938069 0.380726 0.011840 0.014966
9 0.948998 0.381406 0.009107 0.009977
9 0.940801 0.393651 0.011840 0.011791
9 0.567623 0.633333 0.015027 0.014059
9 0.580601 0.643991 0.012750 0.013605
9 0.595173 0.710884 0.016393 0.020408
9 0.687158 0.663039 0.011840 0.017234
9 0.701958 0.672562 0.015027 0.018141
9 0.724044 0.738776 0.011840 0.013605
9 0.740437 0.743537 0.014572 0.021315
9 0.670537 0.760091 0.019581 0.022676
9 0.768670 0.793878 0.013661 0.015873
9 0.820811 0.826984 0.015938 0.014966
9 0.846767 0.808617 0.020492 0.020862
9 0.867031 0.775283 0.022769 0.018594
9 0.897313 0.753515 0.021403 0.014966
9 0.883652 0.723129 0.016849 0.020408
9 0.900046 0.704082 0.015027 0.016780
9 0.854964 0.661905 0.010474 0.015873
9 0.862022 0.675737 0.013661 0.014512
9 0.895036 0.653968 0.015027 0.016327
9 0.940346 0.634921 0.016393 0.018141
9 0.725182 0.838095 0.021403 0.019048
9 0.657332 0.858957 0.024135 0.019955
9 0.610428 0.876644 0.020492 0.021769
9 0.671903 0.910204 0.026867 0.027211
9 0.702186 0.892517 0.016393 0.019955
9 0.522996 0.947846 0.022313 0.018141
9 0.541894 0.893651 0.020947 0.016780
9 0.540984 0.875510 0.027322 0.019501
9 0.532104 0.649887 0.016849 0.018141
9 0.528689 0.548980 0.018215 0.019501
9 0.293488 0.179592 0.015938 0.014512
9 0.545310 0.617007 0.011384 0.011338
9 0.530282 0.611338 0.012295 0.015420
9 0.533698 0.583673 0.008197 0.008163
9 0.544854 0.568027 0.014117 0.011338
9 0.543260 0.580272 0.010018 0.009524
9 0.547814 0.590930 0.010929 0.010884
9 0.534608 0.595011 0.008197 0.008163