9 0.769577 0.863109 0.022502 0.018312
9 0.564356 0.665922 0.026103 0.022331
9 0.360261 0.587539 0.024752 0.020992
9 0.206571 0.156096 0.017102 0.018312
9 0.212646 0.216615 0.018452 0.016972
9 0.195545 0.227334 0.021152 0.016972
9 0.164041 0.252568 0.010351 0.015632
9 0.155041 0.259937 0.018452 0.022331
9 0.232448 0.112327 0.008551 0.012952
9 0.239649 0.106967 0.010351 0.015632
9 0.250000 0.111434 0.014851 0.016525
9 0.266202 0.105628 0.015752 0.021885
9 0.298155 0.060071 0.017552 0.022778
9 0.355311 0.040866 0.017552 0.020992
9 0.438119 0.059178 0.017552 0.022778
9 0.477723 0.038633 0.022952 0.018312
9 0.518227 0.039973 0.016652 0.020992
9 0.422817 0.113667 0.021152 0.019205
9 0.565932 0.033720 0.017552 0.020992
9 0.592934 0.031487 0.022052 0.020992
9 0.550630 0.087316 0.018452 0.016525
9 0.582133 0.114560 0.013051 0.015632
9 0.731998 0.121259 0.016652 0.021885
9 0.740099 0.156990 0.019352 0.019205
9 0.706796 0.183787 0.015752 0.016525
9 0.640189 0.192720 0.017552 0.017418
9 0.578083 0.175748 0.013951 0.018312
9 0.566382 0.181554 0.016652 0.015632
9 0.554230 0.166369 0.013051 0.014739
9 0.467372 0.187360 0.021152 0.017418
9 0.497075 0.207905 0.021152 0.020098
9 0.136589 0.180214 0.013951 0.014739
9 0.140189 0.195846 0.013951 0.018312
9 0.120837 0.204779 0.019352 0.017418
9 0.092034 0.242296 0.017552 0.013845
9 0.093384 0.261054 0.018452 0.018312
9 0.110036 0.279366 0.022052 0.017418
9 0.238749 0.260161 0.019352 0.018312
9 0.069532 0.284279 0.018452 0.012952
9 0.065932 0.311076 0.013051 0.012952
9 0.061881 0.323135 0.008551 0.012952
9 0.053330 0.321349 0.010351 0.012059
9 0.146040 0.345467 0.013951 0.019205
9 0.127138 0.407548 0.014851 0.016525
9 0.290054 0.305270 0.013051 0.016525
9 0.327408 0.284279 0.013951 0.012952
9 0.325608 0.298124 0.015752 0.016525
9 0.362511 0.262394 0.014851 0.017418
9 0.380063 0.270433 0.016652 0.020098
9 0.282403 0.356186 0.013951 0.016525
9 0.308506 0.351720 0.013051 0.019205
9 0.344509 0.356632 0.017552 0.019205
9 0.340009 0.387003 0.018452 0.019205
9 0.260801 0.432113 0.019352 0.020098
9 0.357111 0.420500 0.019352 0.018312
9 0.380513 0.349040 0.013951 0.015632
9 0.389964 0.356186 0.012151 0.014739
9 0.405266 0.351720 0.014851 0.019205
9 0.054680 0.337204 0.010351 0.010719
9 0.068857 0.375837 0.015302 0.020992
9 0.026103 0.398839 0.018902 0.017865
9 0.042754 0.371371 0.015302 0.010272
9 0.046580 0.358866 0.013051 0.010272
9 0.040954 0.349263 0.007201 0.011612
9 0.093609 0.432336 0.015302 0.015185
9 0.087759 0.451541 0.018002 0.015185
9 0.112961 0.428316 0.007201 0.014292
9 0.120162 0.431889 0.008101 0.016079
9 0.127588 0.428540 0.010351 0.016525
9 0.037579 0.468066 0.021152 0.018758
9 0.042079 0.341670 0.008551 0.010719
9 0.022052 0.424520 0.014401 0.012952
9 0.015977 0.437919 0.010351 0.010272
9 0.013951 0.463153 0.011701 0.010719
9 0.012601 0.485261 0.015302 0.017418
9 0.040054 0.510496 0.018902 0.015185
9 0.048155 0.540866 0.014401 0.014292
9 0.138389 0.504690 0.021152 0.018758
9 0.121962 0.563421 0.015302 0.017418
9 0.060981 0.566101 0.016652 0.016525
9 0.075833 0.575703 0.017552 0.016079
9 0.073807 0.606074 0.016202 0.016079
9 0.038704 0.601161 0.018902 0.017865
9 0.048155 0.632649 0.011701 0.016525
9 0.056031 0.623493 0.009451 0.012506
9 0.063231 0.633095 0.013051 0.016525
9 0.194194 0.534837 0.016652 0.020992
9 0.245725 0.536400 0.014401 0.017865
9 0.333708 0.466726 0.013951 0.017865
9 0.277228 0.568111 0.016202 0.016079
9 0.271377 0.599821 0.016202 0.016079
9 0.261701 0.648950 0.017552 0.017865
9 0.054005 0.692720 0.014401 0.015185
9 0.087084 0.688477 0.013951 0.017418
9 0.109811 0.673515 0.015302 0.018758
9 0.120837 0.705895 0.016652 0.013845
9 0.123762 0.723537 0.015302 0.016079
9 0.137264 0.755695 0.015302 0.015185
9 0.106211 0.772220 0.014401 0.012506
9 0.130738 0.820456 0.010351 0.010719
9 0.183618 0.739616 0.016202 0.017865
9 0.210171 0.738946 0.018002 0.020992
9 0.228623 0.714158 0.015302 0.016079
9 0.271152 0.681108 0.010351 0.012506
9 0.281503 0.679768 0.010351 0.015185
9 0.302430 0.699866 0.019802 0.017865
9 0.331233 0.717285 0.019802 0.015185
9 0.267552 0.719294 0.010351 0.013845
9 0.277678 0.717285 0.011701 0.015185
9 0.280828 0.784725 0.018902 0.019652
9 0.327858 0.770657 0.016652 0.016525
9 0.381638 0.759268 0.018002 0.017865
9 0.373087 0.830505 0.018902 0.020098
9 0.323582 0.839214 0.016202 0.018758
9 0.363186 0.860205 0.014401 0.016079
9 0.386589 0.867351 0.018002 0.016079
9 0.366337 0.887226 0.015302 0.013845
9 0.386589 0.901295 0.015302 0.016079
9 0.351710 0.904198 0.016652 0.017418
9 0.319532 0.900849 0.019802 0.016079
9 0.321557 0.876507 0.013051 0.020098
9 0.309631 0.869808 0.014401 0.016525
9 0.295230 0.853506 0.014401 0.014292
9 0.289154 0.840331 0.013951 0.013845
9 0.276553 0.830505 0.013951 0.010272
9 0.269802 0.839661 0.010351 0.011612
9 0.254500 0.802144 0.013051 0.014292
9 0.244149 0.780259 0.013051 0.012506
9 0.243699 0.792095 0.017552 0.012952
9 0.240549 0.808843 0.013051 0.016079
9 0.205896 0.774230 0.013951 0.017418
9 0.180918 0.781152 0.014401 0.016079
9 0.204545 0.793881 0.016652 0.016525
9 0.179568 0.826038 0.015302 0.012952
9 0.223672 0.834301 0.011701 0.010719
9 0.197120 0.839884 0.012601 0.005806
9 0.256076 0.912908 0.016202 0.014292
9 0.257651 0.892809 0.016652 0.015185
9 0.183618 0.849933 0.018902 0.014292
9 0.200045 0.850826 0.013951 0.011612
9 0.216472 0.854846 0.014401 0.011612
9 0.209721 0.865788 0.015302 0.013845
9 0.216022 0.874721 0.015302 0.009379
9 0.221422 0.884770 0.018902 0.014292
9 0.289604 0.928986 0.013051 0.016079
9 0.299955 0.924967 0.009451 0.010719
9 0.321557 0.925860 0.008551 0.011612
9 0.312106 0.932559 0.008551 0.010719
9 0.337534 0.944618 0.014401 0.016079
9 0.371962 0.954444 0.017552 0.017865
9 0.405941 0.963823 0.016202 0.016079
9 0.410891 0.943725 0.018002 0.014292
9 0.430693 0.940598 0.012601 0.016079
9 0.406166 0.886333 0.008551 0.010272
9 0.412916 0.878741 0.013951 0.012952
9 0.432943 0.901965 0.016202 0.012952
9 0.452745 0.881644 0.016202 0.015185
9 0.448920 0.898169 0.009451 0.012506
9 0.456346 0.895266 0.011701 0.009379
9 0.458371 0.904645 0.013051 0.013845
9 0.467372 0.924967 0.013051 0.012506
9 0.458596 0.937249 0.007201 0.013845
9 0.468497 0.938365 0.012601 0.015185
9 0.464221 0.849933 0.008551 0.014292
9 0.474347 0.854399 0.010801 0.016079
9 0.481998 0.836757 0.011701 0.012952
9 0.489649 0.850380 0.015302 0.015185
9 0.501350 0.889460 0.015302 0.016525
9 0.486499 0.895489 0.010801 0.011612
9 0.480873 0.905092 0.013951 0.012952
9 0.487399 0.920947 0.014401 0.014292
9 0.508551 0.928763 0.015302 0.017418
9 0.507201 0.948861 0.015302 0.016525
9 0.523852 0.912461 0.012601 0.017865
9 0.544554 0.946405 0.011701 0.017865
9 0.544104 0.917820 0.012601 0.015185
9 0.549055 0.858866 0.014401 0.017865
9 0.575158 0.805717 0.016202 0.023225
9 0.634338 0.748102 0.016652 0.025904
9 0.622862 0.834301 0.015302 0.017865
9 0.595410 0.860205 0.014401 0.018758
9 0.579658 0.874498 0.018902 0.018758
9 0.552205 0.888120 0.012601 0.012952
9 0.566607 0.894819 0.015302 0.017418
9 0.563681 0.908888 0.016652 0.010719
9 0.579208 0.942385 0.015302 0.014292
9 0.557606 0.922510 0.012601 0.016525
9 0.585509 0.920947 0.014401 0.014292
9 0.597660 0.916481 0.014401 0.014292
9 0.615662 0.920054 0.018002 0.018758
9 0.692394 0.928763 0.024752 0.021885
9 0.707471 0.901295 0.022502 0.018758
9 0.592934 0.903082 0.013951 0.012506
9 0.600360 0.891693 0.010801 0.013845
9 0.607561 0.880527 0.012601 0.009379
9 0.627363 0.876284 0.019802 0.019652
9 0.630063 0.858419 0.016202 0.012506
9 0.651440 0.854846 0.013951 0.014292
9 0.656616 0.836311 0.015302 0.008486
9 0.644914 0.828272 0.010801 0.012952
9 0.686769 0.832515 0.014401 0.011612
9 0.696895 0.826485 0.013051 0.016525
9 0.685194 0.783162 0.022052 0.025458
9 0.702070 0.716838 0.018902 0.018758
9 0.727948 0.694283 0.021152 0.020098
9 0.761926 0.712595 0.022502 0.024565
9 0.709721 0.744082 0.018002 0.019652
9 0.709721 0.823582 0.012601 0.015185
9 0.725023 0.816883 0.014401 0.015185
9 0.736949 0.798347 0.017552 0.020992
9 0.752025 0.780259 0.015302 0.017865
9 0.757651 0.763064 0.017552 0.017418
9 0.798380 0.741849 0.022502 0.019652
9 0.801530 0.766190 0.010801 0.020098
9 0.814356 0.761501 0.013051 0.014292
9 0.837309 0.767307 0.020252 0.018758
9 0.903240 0.766860 0.018002 0.017865
9 0.790279 0.815766 0.018902 0.020992
9 0.810081 0.820232 0.016202 0.020098
9 0.827633 0.814203 0.018002 0.017865
9 0.547030 0.970076 0.016652 0.014292
9 0.568857 0.976999 0.016202 0.016525
9 0.473672 0.333631 0.019352 0.017865
9 0.466247 0.368691 0.017102 0.015632
9 0.503825 0.370925 0.012151 0.018312
9 0.517777 0.347923 0.014851 0.016079
9 0.559406 0.284055 0.013501 0.016972
9 0.586409 0.268200 0.016202 0.016525
9 0.652565 0.240286 0.017102 0.016972
9 0.650090 0.265520 0.015752 0.015632
9 0.636139 0.280259 0.013951 0.014739
9 0.607561 0.288745 0.011701 0.013845
9 0.602160 0.298794 0.010801 0.008933
9 0.601935 0.306610 0.012151 0.009379
9 0.613411 0.321349 0.012601 0.014739
9 0.585959 0.327825 0.016202 0.016079
9 0.714221 0.238053 0.016202 0.018758
9 0.736724 0.268870 0.009901 0.017865
9 0.747075 0.261054 0.010801 0.016525
9 0.763501 0.258151 0.015752 0.016972
9 0.764176 0.303037 0.012601 0.014739
9 0.538029 0.356186 0.013951 0.014739
9 0.555131 0.352389 0.013951 0.016079
9 0.584383 0.352389 0.013951 0.013399
9 0.567057 0.376731 0.015302 0.018312
9 0.548830 0.374498 0.013051 0.015632
9 0.472322 0.456454 0.012151 0.015185
9 0.502925 0.440375 0.010351 0.013399
9 0.511026 0.451318 0.013051 0.014739
9 0.526553 0.443502 0.013501 0.017865
9 0.553105 0.479902 0.013501 0.014739
9 0.578308 0.461590 0.018002 0.016525
9 0.594959 0.458687 0.013501 0.015185
9 0.602610 0.486601 0.013501 0.016525
9 0.616562 0.474989 0.015302 0.013845
9 0.664041 0.449084 0.013051 0.015632
9 0.685869 0.455784 0.015302 0.013845
9 0.667867 0.477222 0.016202 0.014739
9 0.677768 0.498883 0.017102 0.015185
9 0.687219 0.526351 0.017102 0.018312
9 0.565482 0.499107 0.014851 0.014739
9 0.473447 0.488388 0.017102 0.012952
9 0.479523 0.503796 0.009451 0.015185
9 0.471872 0.501563 0.009451 0.008933
9 0.507651 0.484591 0.009001 0.008933
9 0.518902 0.487941 0.009901 0.008486
9 0.512376 0.493747 0.008551 0.010272
9 0.519577 0.500670 0.012151 0.011612
9 0.535779 0.504466 0.009451 0.009379
9 0.530378 0.512059 0.007651 0.012059
9 0.548605 0.524341 0.018902 0.016079
9 0.582133 0.397946 0.013051 0.013399
9 0.593609 0.387226 0.015302 0.013399
9 0.605536 0.341894 0.009451 0.012059
9 0.615437 0.342787 0.010351 0.010272
9 0.625113 0.332515 0.011701 0.012952
9 0.636139 0.344350 0.014851 0.012506
9 0.623762 0.348370 0.009001 0.008933
9 0.616562 0.355069 0.009901 0.011612
9 0.621062 0.375837 0.009901 0.012952
9 0.617462 0.389683 0.010801 0.012059
9 0.635239 0.386110 0.013051 0.014739
9 0.606661 0.399285 0.011701 0.013399
9 0.603285 0.412461 0.007651 0.012059
9 0.599235 0.430103 0.009451 0.013399
9 0.613411 0.428093 0.013501 0.014739
9 0.616787 0.409781 0.010351 0.012952
9 0.635464 0.409111 0.009901 0.010719
9 0.626238 0.411568 0.005851 0.012059
9 0.650765 0.416481 0.015302 0.021885
9 0.665392 0.396829 0.013051 0.015632
9 0.680468 0.397722 0.013501 0.012059
9 0.676868 0.410898 0.012601 0.015185
9 0.756301 0.338767 0.012151 0.010272
9 0.751800 0.346807 0.009451 0.012059
9 0.754950 0.362439 0.013051 0.014739
9 0.772052 0.350156 0.009451 0.015185
9 0.749550 0.391023 0.009451 0.015632
9 0.761926 0.396159 0.012601 0.013399
9 0.758551 0.414471 0.013051 0.013399
9 0.746175 0.432559 0.015302 0.014739
9 0.732448 0.447521 0.012151 0.011612
9 0.544554 0.541313 0.009901 0.011612
9 0.550630 0.548906 0.009451 0.012506
9 0.527228 0.540643 0.012151 0.014739
9 0.514851 0.555159 0.013501 0.016972
9 0.484248 0.547119 0.013501 0.015185
9 0.758326 0.647387 0.009901 0.010272
9 0.751575 0.653193 0.009001 0.010272
9 0.701620 0.590442 0.016202 0.013399
9 0.709046 0.558508 0.013951 0.013845
9 0.687669 0.548236 0.013501 0.012952
9 0.678443 0.561858 0.010351 0.012506
9 0.735374 0.568334 0.013501 0.012059
9 0.731998 0.551139 0.010351 0.012506
9 0.741674 0.552702 0.009901 0.012059
9 0.751575 0.562751 0.015302 0.013399
9 0.758326 0.549129 0.013501 0.009379
9 0.763276 0.536177 0.015302 0.016525
9 0.739874 0.471192 0.012601 0.009826
9 0.736049 0.489728 0.012151 0.010272
9 0.746850 0.493077 0.010351 0.008933
9 0.743474 0.501563 0.011701 0.010719
9 0.734923 0.507369 0.011701 0.013399
9 0.759901 0.500670 0.010351 0.010719
9 0.747075 0.517418 0.009901 0.012952
9 0.758101 0.513622 0.008551 0.011612
9 0.810756 0.280259 0.014851 0.015632
9 0.824032 0.297231 0.013501 0.015632
9 0.782178 0.334748 0.016202 0.013845
9 0.843159 0.349040 0.021152 0.018312
9 0.822007 0.352389 0.016652 0.018758
9 0.801530 0.355293 0.015302 0.012952
9 0.792304 0.365118 0.013951 0.012952
9 0.779928 0.390130 0.013501 0.015632
9 0.792304 0.389013 0.013951 0.015185
9 0.807381 0.377401 0.018002 0.015185
9 0.833483 0.380080 0.018002 0.015185
9 0.956346 0.444841 0.022502 0.019652
9 0.951845 0.472979 0.018902 0.016972
9 0.951395 0.497767 0.018902 0.013845
9 0.952520 0.513399 0.016652 0.016525
9 0.941269 0.570791 0.012151 0.016972
9 0.954545 0.576373 0.012601 0.018312
9 0.885914 0.501117 0.009451 0.016972
9 0.869487 0.498213 0.013501 0.012952
9 0.870162 0.511612 0.012151 0.015632
9 0.834383 0.447745 0.015302 0.015632
9 0.826958 0.428316 0.013951 0.015185
9 0.808056 0.421170 0.009451 0.012506
9 0.801080 0.429433 0.011701 0.012952
9 0.790729 0.414471 0.012601 0.013399
9 0.803330 0.447075 0.017102 0.016972
9 0.779703 0.482135 0.018452 0.015632
9 0.809856 0.569897 0.014851 0.013399
9 0.795005 0.594685 0.013051 0.016525
9 0.810081 0.612104 0.017102 0.019205
9 0.886364 0.586423 0.013051 0.013399
9 0.879163 0.598928 0.013051 0.008933
9 0.874887 0.607191 0.012601 0.009379
9 0.883213 0.630192 0.014851 0.017865
9 0.918992 0.718178 0.018002 0.018758
9 0.892664 0.710138 0.010351 0.016079
9 0.912466 0.691380 0.012151 0.015185
9 0.928668 0.683341 0.013951 0.012506
9 0.926418 0.694506 0.013951 0.010719
9 0.873762 0.659446 0.015752 0.010272
9 0.872862 0.669719 0.014851 0.010272
9 0.842709 0.670389 0.015752 0.013399
9 0.851260 0.682894 0.013951 0.012506
9 0.834158 0.561411 0.015752 0.008933
9 0.833033 0.570344 0.015302 0.010719
9 0.786679 0.543546 0.017102 0.012506
9 0.788029 0.526798 0.013501 0.010272
9 0.780153 0.517195 0.013051 0.009826
9 0.769802 0.508709 0.010351 0.011612
9 0.778128 0.501563 0.010801 0.010719
9 0.793879 0.504020 0.017102 0.018312