9 0.402708 0.176287 0.022083 0.022010
9 0.306875 0.134344 0.015417 0.012874
9 0.423333 0.145141 0.018333 0.017857
9 0.316250 0.178779 0.014167 0.017857
9 0.287708 0.190407 0.012917 0.016196
9 0.279792 0.175872 0.015417 0.015365
9 0.249792 0.193522 0.016250 0.019103
9 0.181042 0.187500 0.016250 0.021179
9 0.153750 0.204942 0.018333 0.019518
9 0.132500 0.232350 0.016667 0.015365
9 0.200417 0.250208 0.020000 0.017857
9 0.190208 0.279900 0.013750 0.018272
9 0.173958 0.298380 0.013750 0.013704
9 0.159375 0.316030 0.015417 0.016611
9 0.235625 0.296512 0.015417 0.018272
9 0.252500 0.270556 0.016667 0.017857
9 0.312292 0.228821 0.015417 0.015781
9 0.262292 0.184385 0.012083 0.014120
9 0.261042 0.172135 0.010417 0.013704
9 0.250833 0.166736 0.009167 0.011213
9 0.248958 0.155523 0.011250 0.010382
9 0.260833 0.147633 0.010000 0.015365
9 0.270625 0.151786 0.010417 0.012043
9 0.367083 0.221553 0.015833 0.015365
9 0.355208 0.237334 0.015417 0.017857
9 0.344792 0.311669 0.019583 0.021179
9 0.385833 0.320598 0.017500 0.017442
9 0.439792 0.279277 0.014583 0.017857
9 0.447500 0.258929 0.019167 0.014535
9 0.451250 0.198090 0.012500 0.012458
9 0.446458 0.187708 0.013750 0.010797
9 0.462083 0.179194 0.014167 0.013704
9 0.468542 0.138081 0.011250 0.015365
9 0.444583 0.104444 0.014167 0.013704
9 0.440833 0.118978 0.010833 0.011213
9 0.451042 0.119809 0.007083 0.010382
9 0.457292 0.122093 0.010417 0.009967
9 0.482708 0.128738 0.012083 0.014120
9 0.488125 0.116279 0.012917 0.014120
9 0.515208 0.136005 0.016250 0.017857
9 0.547083 0.144934 0.010833 0.014120
9 0.563333 0.142442 0.012500 0.019934
9 0.650417 0.164037 0.018333 0.015781
9 0.604375 0.167151 0.011250 0.012043
9 0.616458 0.179610 0.012917 0.012874
9 0.590833 0.174419 0.010833 0.012458
9 0.562708 0.183347 0.015417 0.016196
9 0.588333 0.191238 0.010000 0.012874
9 0.597708 0.194560 0.010417 0.013704
9 0.573125 0.201827 0.008750 0.010797
9 0.577917 0.207849 0.008333 0.011213
9 0.583958 0.204734 0.011250 0.012458
9 0.492292 0.194145 0.012917 0.012043
9 0.488125 0.206603 0.015417 0.016196
9 0.503958 0.242317 0.014583 0.011213
9 0.502292 0.255191 0.015417 0.013704
9 0.523958 0.250623 0.012917 0.019518
9 0.558750 0.240656 0.014167 0.016196
9 0.590833 0.237749 0.010833 0.014535
9 0.601042 0.234012 0.011250 0.013704
9 0.616875 0.203696 0.012917 0.014535
9 0.643750 0.196636 0.014167 0.014535
9 0.625625 0.219477 0.012917 0.014535
9 0.628125 0.235257 0.015417 0.012874
9 0.658333 0.224460 0.016667 0.013704
9 0.663125 0.241487 0.013750 0.014535
9 0.635208 0.260382 0.012917 0.014120
9 0.589375 0.287375 0.019583 0.016611
9 0.594167 0.311462 0.019167 0.018272
9 0.547708 0.315407 0.015417 0.021179
9 0.482292 0.343023 0.013750 0.017442
9 0.493125 0.365033 0.016250 0.015781
9 0.478750 0.372093 0.012500 0.018272
9 0.438750 0.365033 0.017500 0.015781
9 0.348750 0.392027 0.016667 0.015781
9 0.330417 0.378945 0.016667 0.021179
9 0.311667 0.386420 0.014167 0.014535
9 0.294583 0.363995 0.017500 0.016196
9 0.279792 0.369809 0.013750 0.014535
9 0.259167 0.378738 0.015833 0.018272
9 0.237500 0.351329 0.018333 0.019103
9 0.073125 0.390988 0.019583 0.016196
9 0.067083 0.407807 0.020000 0.015781
9 0.027917 0.446429 0.020000 0.018272
9 0.039583 0.466777 0.017500 0.014120
9 0.149167 0.454111 0.016667 0.012874
9 0.159583 0.468646 0.016667 0.015365
9 0.182292 0.476537 0.019583 0.014535
9 0.206458 0.461379 0.017917 0.016611
9 0.221667 0.416113 0.015833 0.020764
9 0.243542 0.410091 0.017917 0.015365
9 0.288750 0.402616 0.015833 0.012874
9 0.298333 0.425457 0.014167 0.015365
9 0.319375 0.421927 0.012917 0.009136
9 0.319375 0.429402 0.012917 0.008306
9 0.315208 0.437292 0.014583 0.010797
9 0.311458 0.475706 0.015417 0.012874
9 0.567708 0.358389 0.017917 0.022425
9 0.603542 0.343854 0.015417 0.015781
9 0.624167 0.341154 0.014167 0.017857
9 0.653958 0.299003 0.014583 0.021595
9 0.683333 0.284884 0.015833 0.016611
9 0.644375 0.272218 0.016250 0.012043
9 0.649792 0.261628 0.012917 0.010797
9 0.647708 0.250208 0.012917 0.012043
9 0.671458 0.333887 0.017917 0.017442
9 0.686875 0.365449 0.015417 0.016611
9 0.459375 0.407807 0.012917 0.016611
9 0.478958 0.418397 0.014583 0.019518
9 0.452708 0.424003 0.013750 0.015781
9 0.435833 0.463455 0.019167 0.015781
9 0.578542 0.463040 0.012917 0.018272
9 0.594792 0.470723 0.011250 0.016196
9 0.657917 0.463870 0.015833 0.014120
9 0.664583 0.448505 0.014167 0.016611
9 0.571667 0.383513 0.010000 0.008721
9 0.570833 0.391196 0.010000 0.010797
9 0.578750 0.397010 0.009167 0.012458
9 0.131042 0.508513 0.013750 0.019518
9 0.049583 0.522841 0.015833 0.017442
9 0.031667 0.570598 0.015833 0.017442
9 0.086458 0.553156 0.015417 0.012458
9 0.091875 0.567068 0.012917 0.014535
9 0.134167 0.561669 0.015833 0.012043
9 0.136667 0.579942 0.009167 0.015365
9 0.130625 0.572882 0.010417 0.010382
9 0.235208 0.639120 0.024583 0.019934
9 0.124583 0.650332 0.020833 0.017442
9 0.149792 0.686462 0.013750 0.014120
9 0.150417 0.701620 0.012500 0.014535
9 0.088958 0.664037 0.019583 0.020764
9 0.224375 0.670473 0.014583 0.017857
9 0.233958 0.761628 0.019583 0.020764
9 0.199375 0.791736 0.017917 0.019518
9 0.227292 0.798173 0.021250 0.016611
9 0.308958 0.569767 0.022917 0.020764
9 0.310208 0.592608 0.017917 0.019934
9 0.334375 0.491694 0.016250 0.017442
9 0.372708 0.516611 0.012917 0.014120
9 0.391667 0.524709 0.014167 0.015365
9 0.395208 0.502699 0.014583 0.016196
9 0.421458 0.497716 0.015417 0.015365
9 0.387500 0.566445 0.018333 0.016611
9 0.364792 0.625831 0.017917 0.018272
9 0.397500 0.631437 0.016667 0.022841
9 0.477500 0.555233 0.022500 0.019103
9 0.441458 0.505399 0.015417 0.019934
9 0.491667 0.510590 0.018333 0.026993
9 0.495625 0.750415 0.016250 0.015781
9 0.554583 0.648879 0.021667 0.023671
9 0.588333 0.627699 0.017500 0.022841
9 0.598542 0.606728 0.019583 0.016611
9 0.344792 0.816238 0.019583 0.023671
9 0.265000 0.848837 0.017500 0.021595
9 0.308750 0.872924 0.019167 0.019103
9 0.427500 0.874377 0.018333 0.024502
9 0.522083 0.812085 0.020833 0.021179
9 0.595000 0.735880 0.019167 0.023256
9 0.607917 0.647841 0.017500 0.019934
9 0.619375 0.605482 0.014583 0.016611
9 0.653750 0.628322 0.015833 0.018272
9 0.652708 0.643895 0.015417 0.012043
9 0.655417 0.653862 0.017500 0.015365
9 0.674167 0.681686 0.012500 0.014535
9 0.666875 0.704527 0.011250 0.012874
9 0.654583 0.711379 0.012500 0.015781
9 0.690000 0.694352 0.010833 0.010797
9 0.664375 0.763497 0.012083 0.014535
9 0.680208 0.924003 0.015417 0.014120
9 0.635417 0.801080 0.012500 0.019934
9 0.623958 0.795058 0.010417 0.014535
9 0.614375 0.803364 0.012083 0.013704
9 0.610000 0.819767 0.005000 0.006645
9 0.605833 0.812915 0.007500 0.008721
9 0.600625 0.823505 0.012917 0.014120
9 0.592292 0.835756 0.012083 0.011213
9 0.597708 0.855066 0.013750 0.017442
9 0.566458 0.850914 0.012917 0.016611
9 0.575208 0.873547 0.015417 0.015365
9 0.550208 0.864826 0.014583 0.015365
9 0.523958 0.862542 0.012917 0.010797
9 0.520208 0.880814 0.015417 0.018272
9 0.601458 0.530316 0.022917 0.020764
9 0.636667 0.526786 0.018333 0.016196
9 0.664167 0.519518 0.015833 0.016611
9 0.687292 0.489826 0.016250 0.015365
9 0.660625 0.497716 0.013750 0.013704
9 0.627292 0.571013 0.016250 0.018272
9 0.668750 0.561462 0.019167 0.017442
9 0.683750 0.576620 0.017500 0.019518
9 0.730833 0.268272 0.021667 0.020764
9 0.760833 0.296096 0.016667 0.019103
9 0.720417 0.310631 0.019167 0.015781
9 0.715833 0.441860 0.019167 0.022425
9 0.701875 0.510590 0.016250 0.016196
9 0.720208 0.578904 0.011250 0.014120
9 0.730417 0.580772 0.010833 0.012043
9 0.799167 0.519518 0.015833 0.019103
9 0.759375 0.478198 0.010417 0.012043
9 0.740208 0.472591 0.014583 0.018272
9 0.741458 0.376038 0.015417 0.014535
9 0.763750 0.367940 0.012500 0.017442
9 0.826667 0.318106 0.020833 0.020764
9 0.851042 0.343023 0.019583 0.020764
9 0.857083 0.395972 0.017500 0.019518
9 0.771458 0.391196 0.013750 0.017442
9 0.843125 0.411960 0.014583 0.015781
9 0.868750 0.456395 0.014167 0.015781
9 0.897500 0.467193 0.014167 0.017442
9 0.927292 0.547965 0.017917 0.019518
9 0.780208 0.419228 0.010417 0.012874
9 0.789792 0.425042 0.008750 0.012043
9 0.798333 0.442068 0.014167 0.012874
9 0.802500 0.454734 0.015833 0.009967
9 0.806042 0.469269 0.015417 0.017442
9 0.867917 0.543397 0.017500 0.016196
9 0.865208 0.572674 0.017917 0.016611
9 0.861667 0.602990 0.017500 0.022425
9 0.813333 0.673380 0.017500 0.021179
9 0.757708 0.852159 0.022917 0.019103
9 0.811667 0.751869 0.022500 0.022841
9 0.851042 0.761420 0.030417 0.024502
9 0.763958 0.713248 0.017917 0.013704
9 0.756875 0.729236 0.010417 0.016611
9 0.744167 0.725706 0.012500 0.019518
9 0.708750 0.722591 0.017500 0.017442
9 0.720208 0.697051 0.014583 0.016196
9 0.696458 0.689784 0.006250 0.004983
9 0.696875 0.682101 0.008750 0.007890
9 0.702708 0.689784 0.007917 0.009136