10 0.657093 0.164881 0.020432 0.029839
10 0.663647 0.190895 0.021203 0.024484
10 0.661719 0.209832 0.021203 0.021806
10 0.638975 0.180757 0.022745 0.021806
10 0.534888 0.149962 0.017348 0.014537
10 0.534503 0.137337 0.021974 0.019128
10 0.514456 0.143650 0.021974 0.026396
10 0.472436 0.207536 0.025829 0.039403
10 0.862182 0.721691 0.022745 0.030987
10 0.849460 0.694912 0.019661 0.024866
10 0.893215 0.469587 0.037779 0.025631
10 0.890517 0.445486 0.039322 0.030222
10 0.886276 0.417942 0.035466 0.030987
10 0.663647 0.585501 0.024287 0.026396
10 0.684464 0.578041 0.018890 0.033665
10 0.651696 0.570964 0.033539 0.031752
10 0.579992 0.530413 0.021974 0.028692
10 0.562259 0.402066 0.031997 0.036725
10 0.509059 0.447016 0.024287 0.014155
10 0.488628 0.450077 0.021203 0.023336
10 0.475135 0.432288 0.015806 0.034430
10 0.277371 0.271997 0.044333 0.043611
10 0.279298 0.184966 0.046646 0.050880
10 0.475713 0.312357 0.042406 0.043229
10 0.203161 0.256312 0.043948 0.046672
10 0.217425 0.232211 0.041635 0.035195
10 0.175598 0.409334 0.047417 0.046672
10 0.299152 0.452372 0.043177 0.045524
10 0.259252 0.454285 0.042791 0.047054
10 0.169044 0.507460 0.040478 0.043994
10 0.140517 0.526014 0.042020 0.040551
10 0.441403 0.464996 0.039322 0.038638
10 0.486700 0.493305 0.038936 0.041699
10 0.362567 0.513772 0.037394 0.031370
10 0.364495 0.543037 0.044333 0.030222
10 0.378373 0.612854 0.045104 0.042846
10 0.193138 0.687070 0.044719 0.042081
10 0.325752 0.654744 0.045490 0.044759
10 0.330763 0.703902 0.046261 0.044376
10 0.336931 0.802028 0.038551 0.041699
10 0.370470 0.803558 0.026214 0.037108
10 0.390517 0.809296 0.029298 0.033282
10 0.414996 0.834353 0.037394 0.035960
10 0.444295 0.849847 0.038936 0.030222
10 0.470123 0.748470 0.038936 0.037108
10 0.434850 0.697399 0.043177 0.037490
10 0.639553 0.752678 0.043177 0.043229
10 0.678489 0.728003 0.040864 0.042081
10 0.688512 0.672150 0.042406 0.039786
10 0.529491 0.547437 0.037394 0.037490
10 0.480725 0.888676 0.037779 0.035960
10 0.470509 0.912777 0.037394 0.037490
10 0.526214 0.927888 0.031611 0.044759
10 0.507132 0.927123 0.025058 0.046289
10 0.675212 0.915647 0.042020 0.042464
10 0.310524 0.884086 0.043562 0.042081
10 0.340401 0.861897 0.036237 0.040551
10 0.388204 0.884468 0.037779 0.037490
10 0.407093 0.920811 0.042406 0.043611
10 0.434657 0.899579 0.035852 0.037873
10 0.445066 0.875096 0.037394 0.030222
10 0.375482 0.839709 0.038551 0.028309
10 0.373940 0.868018 0.037779 0.034430
10 0.360062 0.741393 0.037008 0.042846
10 0.406515 0.733550 0.039707 0.041699
10 0.380108 0.750956 0.033924 0.038256
10 0.479183 0.798393 0.035466 0.042846
10 0.464726 0.784813 0.038936 0.030222
10 0.463570 0.672724 0.034310 0.038638
10 0.485929 0.681331 0.030455 0.035195
10 0.482074 0.711744 0.035081 0.034047
10 0.271203 0.619549 0.038936 0.043229
10 0.250386 0.610559 0.038936 0.043611
10 0.208558 0.570964 0.041635 0.044759
10 0.200463 0.542464 0.041635 0.035960
10 0.175019 0.557192 0.037779 0.045524
10 0.405744 0.531370 0.038165 0.035960
10 0.414032 0.500765 0.031611 0.033665
10 0.390709 0.504973 0.026600 0.033665
10 0.625482 0.855968 0.036623 0.035578
10 0.608905 0.869166 0.040478 0.033665
10 0.619507 0.900344 0.031611 0.034047
10 0.571126 0.884468 0.033539 0.037490
10 0.583462 0.762242 0.039707 0.036343
10 0.582498 0.729342 0.034695 0.032517
10 0.558597 0.756503 0.027756 0.039403
10 0.565150 0.709832 0.034695 0.033282
10 0.555898 0.681905 0.039322 0.034047
10 0.540093 0.667942 0.035466 0.036725
10 0.522359 0.687452 0.028527 0.031370
10 0.509445 0.739671 0.028913 0.032517
10 0.520046 0.718057 0.032382 0.026779
10 0.525058 0.746557 0.025443 0.035578
10 0.540093 0.742923 0.026985 0.034430
10 0.769468 0.846213 0.044719 0.044376
10 0.798574 0.834545 0.042020 0.050115
10 0.766191 0.725708 0.043562 0.042846
10 0.774287 0.657230 0.041249 0.044376
10 0.740748 0.603481 0.037394 0.036343
10 0.819198 0.629686 0.040864 0.037490
10 0.836739 0.595065 0.041249 0.041699
10 0.788936 0.559679 0.040478 0.039021
10 0.739206 0.549158 0.040478 0.038638
10 0.886469 0.504591 0.038936 0.039021
10 0.845798 0.458110 0.038551 0.037873
10 0.810524 0.482976 0.040478 0.037873
10 0.781226 0.460979 0.039707 0.037490
10 0.753662 0.435157 0.044719 0.044759
10 0.714341 0.403596 0.041635 0.041316
10 0.671935 0.384660 0.037779 0.037873
10 0.648998 0.404170 0.040478 0.042464
10 0.847340 0.329380 0.043177 0.040551
10 0.867386 0.355394 0.037779 0.035195
10 0.858712 0.394032 0.033539 0.035960
10 0.886469 0.383129 0.035081 0.034047
10 0.922899 0.380451 0.038551 0.037873
10 0.797610 0.367062 0.034695 0.041699
10 0.811488 0.375478 0.036237 0.038638
10 0.942753 0.419472 0.038936 0.038638
10 0.947764 0.487184 0.039707 0.036343
10 0.624711 0.484889 0.035081 0.034813
10 0.586353 0.471308 0.030840 0.029074
10 0.578065 0.498661 0.030455 0.029457
10 0.680609 0.614958 0.038165 0.037873
10 0.582691 0.561018 0.032768 0.032517
10 0.608134 0.526396 0.034310 0.031370
10 0.592328 0.418324 0.034310 0.031752
10 0.610447 0.451224 0.031997 0.036343
10 0.567463 0.441469 0.027756 0.032135
10 0.502313 0.364767 0.037779 0.039403
10 0.538551 0.380834 0.030840 0.038638
10 0.522745 0.374904 0.030840 0.039786
10 0.456438 0.426932 0.034695 0.040551
10 0.519661 0.427123 0.026214 0.030987
10 0.511565 0.464422 0.033153 0.026779
10 0.497687 0.427697 0.025443 0.029839
10 0.538358 0.493114 0.032768 0.026779
10 0.537587 0.519702 0.030455 0.033282
10 0.561295 0.521423 0.021588 0.032900
10 0.618736 0.554705 0.030840 0.034430
10 0.643601 0.559487 0.029684 0.035578
10 0.698342 0.591048 0.035852 0.035960
10 0.866615 0.683435 0.038551 0.034047
10 0.906901 0.629686 0.038165 0.037490
10 0.913454 0.677314 0.038165 0.036343
10 0.887240 0.717483 0.031997 0.030987
10 0.858905 0.245792 0.040864 0.046289
10 0.811874 0.245983 0.037008 0.034430
10 0.802043 0.258607 0.035081 0.036725
10 0.674827 0.143267 0.039707 0.033282
10 0.617579 0.126435 0.040093 0.040168
10 0.468581 0.173680 0.030455 0.028309
10 0.527949 0.223795 0.031226 0.030604
10 0.593678 0.241393 0.037779 0.032135
10 0.612760 0.221882 0.030455 0.031370
10 0.758096 0.205624 0.035852 0.024866
10 0.764071 0.230107 0.033924 0.029457
10 0.738628 0.218439 0.027756 0.037490
10 0.447764 0.103864 0.042791 0.039403
10 0.479954 0.118975 0.035466 0.035195
10 0.392830 0.134660 0.035466 0.041316
10 0.422321 0.135042 0.031226 0.034430
10 0.432729 0.124522 0.033539 0.035578
10 0.469160 0.142884 0.029298 0.029457
10 0.570355 0.126817 0.028913 0.031752
10 0.542791 0.124713 0.022359 0.025249
10 0.533539 0.188026 0.030840 0.027161
10 0.558211 0.203137 0.030069 0.028309
10 0.497494 0.204093 0.027371 0.027161
10 0.514649 0.243114 0.031611 0.028692
10 0.498072 0.227238 0.026214 0.031370
10 0.486122 0.233933 0.026214 0.032517
10 0.461449 0.253443 0.030840 0.029457
10 0.404973 0.230872 0.035081 0.039403
10 0.441018 0.166794 0.031611 0.029839
10 0.438126 0.191469 0.034310 0.027161
10 0.430995 0.208493 0.037008 0.027544
10 0.460871 0.238906 0.020432 0.028692
10 0.442367 0.237950 0.026600 0.033665
10 0.430995 0.235654 0.029298 0.028309
10 0.501349 0.133512 0.031226 0.034430
10 0.502313 0.165838 0.023901 0.024866
10 0.558019 0.152066 0.023516 0.022571
10 0.558019 0.172915 0.020432 0.022188
10 0.527178 0.167942 0.027371 0.020658
10 0.593678 0.170620 0.017733 0.025249
10 0.609291 0.175784 0.017348 0.021041
10 0.616037 0.157613 0.033153 0.031370
10 0.639167 0.157804 0.023901 0.026396
10 0.718774 0.204093 0.027371 0.050115
10 0.698535 0.196825 0.013107 0.038638
10 0.683500 0.197207 0.020817 0.037108
10 0.678296 0.171002 0.028142 0.031370
10 0.642830 0.206963 0.025058 0.039021
10 0.617772 0.196060 0.025829 0.023336
10 0.580956 0.219778 0.033153 0.028692
10 0.576330 0.172724 0.017733 0.024101
10 0.579414 0.194338 0.020046 0.019128
10 0.595220 0.200650 0.020817 0.017215