10 0.489765 0.293452 0.041275 0.043195
10 0.699161 0.273569 0.044631 0.043195
10 0.713255 0.311279 0.051342 0.047995
10 0.808054 0.331505 0.050336 0.053480
10 0.875671 0.384813 0.046644 0.049023
10 0.844799 0.457148 0.056711 0.050394
10 0.421644 0.426808 0.047987 0.053480
10 0.424832 0.519198 0.054362 0.054508
10 0.447483 0.621358 0.050000 0.057936
10 0.346980 0.644498 0.052349 0.053480
10 0.393289 0.781111 0.054362 0.054508
10 0.314765 0.794481 0.057718 0.052451
10 0.284060 0.869558 0.047987 0.054508
10 0.288423 0.684265 0.047987 0.053480
10 0.240772 0.610902 0.047987 0.045938
10 0.241779 0.564964 0.050000 0.046623
10 0.318624 0.458348 0.047987 0.050051
10 0.372819 0.489201 0.036913 0.041138
10 0.391779 0.477545 0.040604 0.042509
10 0.087081 0.418409 0.054698 0.047652
10 0.134732 0.303394 0.047987 0.041138
10 0.091946 0.340590 0.042282 0.040110
10 0.107550 0.327734 0.037248 0.047995
10 0.186074 0.732088 0.051342 0.049023
10 0.167114 0.697635 0.050336 0.051423
10 0.720302 0.164038 0.052013 0.052451
10 0.701846 0.113644 0.050000 0.049023