10 0.139936 0.571356 0.075747 0.065736
10 0.319346 0.240463 0.064011 0.063351
10 0.347262 0.308924 0.059388 0.047684
10 0.358997 0.331403 0.050142 0.061308
10 0.370733 0.216962 0.050142 0.061308
10 0.387091 0.241485 0.035917 0.047684
10 0.396515 0.229053 0.035562 0.050068
10 0.434033 0.237057 0.073613 0.056540
10 0.525427 0.154973 0.054410 0.054496
10 0.541785 0.232629 0.054410 0.047684
10 0.547653 0.202316 0.056899 0.045640
10 0.596728 0.173195 0.056899 0.058924
10 0.432966 0.307732 0.052276 0.050068
10 0.516003 0.283038 0.059033 0.036785
10 0.485597 0.329019 0.050142 0.052452
10 0.453947 0.378406 0.047297 0.056540
10 0.513691 0.307732 0.050142 0.050068
10 0.528805 0.339237 0.056899 0.054496
10 0.811166 0.266178 0.059033 0.056880
10 0.896693 0.226839 0.052276 0.054496
10 0.861486 0.307561 0.052276 0.054496
10 0.908428 0.288658 0.047297 0.065736
10 0.738620 0.569142 0.059033 0.056540
10 0.598151 0.621935 0.064011 0.063351
10 0.562767 0.658890 0.077881 0.070504
10 0.418741 0.631982 0.066501 0.060967
10 0.407006 0.562330 0.070768 0.061308
10 0.451636 0.471560 0.071124 0.067779
10 0.499644 0.541042 0.059033 0.058924