11 0.116541 0.288408 0.019139 0.038408
11 0.257006 0.285121 0.023240 0.031142
11 0.401914 0.237197 0.039645 0.024567
11 0.469412 0.433564 0.042720 0.055363
11 0.359706 0.466263 0.039303 0.024567
11 0.191729 0.417474 0.041012 0.029412
11 0.690704 0.180796 0.015721 0.021107
11 0.452495 0.539619 0.036227 0.028028
11 0.521018 0.581661 0.041353 0.022837
11 0.716849 0.519204 0.034518 0.028028
11 0.489747 0.691869 0.049897 0.028028
11 0.857826 0.640657 0.029392 0.021107
11 0.133459 0.238927 0.025632 0.027336