11 0.665741 0.160381 0.022215 0.026504
11 0.550850 0.205403 0.023603 0.022086
11 0.491149 0.208291 0.028462 0.027863
11 0.523950 0.228508 0.025338 0.026843
11 0.557445 0.240741 0.029851 0.028203
11 0.654460 0.270472 0.026033 0.024465
11 0.695071 0.288821 0.023950 0.022426
11 0.677195 0.305641 0.024297 0.022086
11 0.710864 0.312266 0.018743 0.022426
11 0.722492 0.307170 0.017702 0.021747
11 0.694377 0.364934 0.019785 0.024465
11 0.710344 0.367142 0.014925 0.024805
11 0.635023 0.349473 0.024644 0.021407
11 0.580180 0.337411 0.017008 0.013592
11 0.580354 0.348794 0.024991 0.017329
11 0.566470 0.302922 0.024991 0.024125
11 0.532454 0.321101 0.024297 0.017669
11 0.520132 0.325348 0.017702 0.016650
11 0.493579 0.326707 0.027768 0.025484
11 0.442902 0.287802 0.025686 0.020387
11 0.417216 0.257390 0.020132 0.022086
11 0.431621 0.267244 0.019091 0.020048
11 0.543388 0.360856 0.021173 0.021747
11 0.516661 0.383112 0.020479 0.024805
11 0.487157 0.387190 0.023950 0.022086
11 0.354044 0.310398 0.024991 0.022086
11 0.354044 0.369011 0.024991 0.023106
11 0.817251 0.293238 0.023950 0.029901
11 0.807185 0.476894 0.026727 0.024805
11 0.783235 0.473496 0.014925 0.014611
11 0.785144 0.492015 0.024991 0.024465
11 0.763624 0.468909 0.024297 0.022426
11 0.745922 0.450731 0.017355 0.017329
11 0.760500 0.441726 0.023603 0.022426
11 0.720930 0.461094 0.020826 0.020387
11 0.638841 0.476385 0.017702 0.017669
11 0.619924 0.488617 0.020826 0.021747
11 0.590594 0.458036 0.019785 0.016989
11 0.583478 0.426775 0.023603 0.023106
11 0.563520 0.450391 0.019091 0.020048
11 0.523256 0.443935 0.022562 0.016650
11 0.489587 0.443085 0.019091 0.019708
11 0.532801 0.492355 0.022215 0.017669
11 0.573933 0.501529 0.024644 0.023106
11 0.459216 0.489806 0.031239 0.028882
11 0.413398 0.443595 0.024297 0.017329
11 0.451059 0.582909 0.032280 0.024125
11 0.476918 0.555046 0.026380 0.023445
11 0.533322 0.552158 0.030198 0.023785
11 0.564387 0.534149 0.021520 0.028542
11 0.683443 0.591573 0.026380 0.025824
11 0.884068 0.637785 0.027768 0.027863
11 0.860118 0.673462 0.031239 0.031940
11 0.835647 0.697418 0.028115 0.024125
11 0.636411 0.699456 0.019785 0.022766
11 0.596147 0.704383 0.026727 0.022426
11 0.568205 0.717805 0.025686 0.022086
11 0.512322 0.708801 0.023603 0.021067
11 0.466505 0.701325 0.020826 0.017669
11 0.415481 0.679918 0.024297 0.025144
11 0.675981 0.743799 0.020479 0.021747
11 0.722145 0.812606 0.018396 0.020727
11 0.684137 0.846415 0.027768 0.025824
11 0.639882 0.821611 0.026727 0.023785
11 0.588858 0.828916 0.025338 0.023445
11 0.556404 0.766565 0.030545 0.023785
11 0.533669 0.772681 0.024644 0.022426
11 0.484901 0.836901 0.027768 0.027183
11 0.462513 0.903500 0.026033 0.021747
11 0.360812 0.872749 0.027421 0.023445
11 0.383721 0.817703 0.023256 0.022086
11 0.377820 0.806150 0.019091 0.014611
11 0.386498 0.793748 0.028809 0.017669
11 0.442381 0.746687 0.021867 0.022086
11 0.503818 0.732586 0.021867 0.023106
11 0.374523 0.710499 0.022215 0.021067
11 0.360986 0.696228 0.022215 0.017669
11 0.328705 0.685185 0.022909 0.020048
11 0.315342 0.727149 0.025338 0.022426
11 0.312392 0.746857 0.013190 0.016310
11 0.273169 0.862895 0.031239 0.027523
11 0.205311 0.797316 0.013537 0.014611
11 0.195592 0.808699 0.023950 0.021067
11 0.209997 0.820082 0.018049 0.020727
11 0.182923 0.779477 0.022215 0.017669
11 0.162964 0.763337 0.017702 0.016650
11 0.242798 0.744818 0.026727 0.023106
11 0.274731 0.718315 0.025338 0.023106
11 0.263624 0.694699 0.021173 0.022086
11 0.228914 0.659531 0.025338 0.024465
11 0.162096 0.663099 0.025686 0.025484
11 0.133981 0.649847 0.025686 0.026164
11 0.127386 0.722562 0.024297 0.020727
11 0.325755 0.650357 0.022562 0.019028
11 0.377994 0.642881 0.022909 0.026504
11 0.253905 0.627591 0.017702 0.015630
11 0.252516 0.638124 0.019091 0.014271
11 0.105345 0.480972 0.026727 0.026843
11 0.170600 0.539585 0.028115 0.027863
11 0.162096 0.534659 0.015272 0.011893
11 0.152204 0.612300 0.018396 0.020387
11 0.079833 0.599898 0.017355 0.013252
11 0.351267 0.578491 0.025686 0.024125
11 0.331482 0.522596 0.022909 0.021747
11 0.271260 0.511213 0.023256 0.022086
11 0.286880 0.483520 0.024644 0.021747
11 0.307185 0.495583 0.018049 0.021407
11 0.309615 0.481142 0.020826 0.016989
11 0.304582 0.465851 0.022562 0.016310
11 0.328879 0.450051 0.026727 0.023445
11 0.384415 0.443765 0.023256 0.021747
11 0.392051 0.425416 0.020479 0.021747
11 0.340160 0.416072 0.020826 0.018688
11 0.323846 0.418111 0.019438 0.018688
11 0.082437 0.396194 0.026033 0.027183
11 0.064387 0.384472 0.013537 0.012572
11 0.115932 0.286442 0.027768 0.027183
11 0.152725 0.244988 0.028462 0.025824
11 0.234467 0.155963 0.030198 0.023106