12 0.279324 0.196807 0.042687 0.042332
12 0.332591 0.248608 0.041574 0.038990
12 0.217335 0.307278 0.041203 0.038247
12 0.230141 0.356480 0.043059 0.043817
12 0.274313 0.367620 0.039347 0.036391
12 0.271529 0.283884 0.035264 0.037505
12 0.295286 0.311363 0.043430 0.046417
12 0.489792 0.335314 0.041203 0.042332
12 0.487565 0.236354 0.044172 0.041218
12 0.513363 0.251207 0.037120 0.039733
12 0.559577 0.219644 0.041945 0.047159
12 0.592613 0.213702 0.033036 0.033049
12 0.628990 0.215188 0.036006 0.036019
12 0.595212 0.246008 0.033036 0.036019
12 0.115256 0.450056 0.041945 0.042332
12 0.192094 0.549202 0.039718 0.037876
12 0.269859 0.513554 0.040089 0.043075
12 0.324053 0.593390 0.040089 0.044560
12 0.534336 0.528593 0.043430 0.042703
12 0.675390 0.358708 0.038233 0.040104
12 0.640683 0.308578 0.039347 0.025993
12 0.642539 0.333457 0.040831 0.025993
12 0.704900 0.427404 0.039347 0.034905
12 0.670007 0.484404 0.040089 0.041218
12 0.609874 0.515596 0.037862 0.034534
12 0.622494 0.532120 0.040831 0.028221
12 0.619525 0.558114 0.039347 0.031935
12 0.614328 0.613999 0.040831 0.036762
12 0.550854 0.651133 0.048255 0.042703
12 0.548255 0.717973 0.035635 0.041961
12 0.515219 0.712774 0.033408 0.041961
12 0.478656 0.668028 0.036006 0.040847
12 0.448404 0.658931 0.037862 0.038990
12 0.419265 0.644077 0.040460 0.042703
12 0.362287 0.665800 0.036377 0.040104
12 0.377691 0.707204 0.039718 0.037505
12 0.295286 0.650576 0.041203 0.042332
12 0.236080 0.662458 0.034892 0.040104
12 0.206941 0.672113 0.038976 0.039361
12 0.297513 0.740067 0.035264 0.037876
12 0.325167 0.746008 0.031923 0.034163
12 0.339272 0.766431 0.037120 0.033420
12 0.357461 0.803565 0.039347 0.037133
12 0.290646 0.814519 0.040089 0.038990
12 0.238864 0.805607 0.038233 0.038990
12 0.203415 0.784255 0.040089 0.040104
12 0.549183 0.856108 0.044915 0.038247
12 0.494618 0.896769 0.039718 0.040104
12 0.446548 0.915522 0.043801 0.041961
12 0.629733 0.816561 0.044172 0.034905
12 0.658872 0.747122 0.040089 0.036391
12 0.723831 0.734683 0.035635 0.038247
12 0.698218 0.726142 0.029696 0.038990
12 0.674091 0.720572 0.034150 0.033049
12 0.687825 0.838656 0.037120 0.038990
12 0.648293 0.852209 0.036006 0.031935
12 0.612101 0.859079 0.037862 0.033049
12 0.615071 0.887300 0.040089 0.030078
12 0.661470 0.892499 0.047513 0.044189
12 0.816630 0.807278 0.037862 0.048273
12 0.768560 0.828630 0.038233 0.044931
12 0.790089 0.816933 0.038976 0.037133
12 0.829250 0.699592 0.039347 0.036391
12 0.815145 0.665243 0.038604 0.036762
12 0.897179 0.697735 0.043059 0.041589
12 0.750928 0.497586 0.035635 0.033420
12 0.821269 0.504827 0.035264 0.038247
12 0.896251 0.476049 0.037491 0.036391
12 0.871752 0.602488 0.034521 0.036019
12 0.836303 0.618270 0.037120 0.031935
12 0.813103 0.562198 0.039718 0.028221
12 0.819970 0.589306 0.045286 0.028221
12 0.777283 0.554772 0.046028 0.031192
12 0.783408 0.527664 0.032294 0.029707
12 0.750371 0.529707 0.036006 0.028593
12 0.841685 0.648162 0.033779 0.033049
12 0.869339 0.655032 0.032665 0.037133
12 0.924091 0.636651 0.038233 0.033791
12 0.903489 0.651133 0.033408 0.038990
12 0.909428 0.426847 0.041574 0.040475
12 0.878062 0.395655 0.035264 0.036019
12 0.856719 0.379502 0.035635 0.034163
12 0.826652 0.356851 0.036377 0.037133
12 0.854306 0.429818 0.036748 0.036019
12 0.825538 0.442815 0.034150 0.036019
12 0.776355 0.451727 0.027840 0.036019
12 0.798441 0.451727 0.022272 0.038247
12 0.745546 0.342555 0.036006 0.040475
12 0.720304 0.354809 0.033779 0.047159
12 0.775056 0.371519 0.033408 0.032306
12 0.804380 0.381545 0.028211 0.034534
12 0.808834 0.219458 0.048255 0.040847
12 0.805308 0.259747 0.041203 0.033049