12 0.650482 0.565806 0.009249 0.009020
12 0.641618 0.564371 0.011561 0.010250
12 0.428516 0.048790 0.028516 0.030340
12 0.384586 0.074416 0.037765 0.031570
12 0.507900 0.005535 0.028516 0.011070
12 0.577649 0.031365 0.027746 0.032390
12 0.289788 0.129971 0.030829 0.026240
12 0.468979 0.110086 0.019268 0.025010
12 0.485934 0.110291 0.022351 0.025420
12 0.534104 0.147396 0.026204 0.025830
12 0.542197 0.163182 0.028516 0.027880
12 0.574759 0.156212 0.024277 0.020500
12 0.570906 0.172612 0.023507 0.022960
12 0.672062 0.126281 0.029287 0.031980
12 0.735453 0.160517 0.031985 0.031570
12 0.641618 0.145346 0.027746 0.026650
12 0.654913 0.169127 0.031214 0.029110
12 0.617726 0.151907 0.029287 0.028290
12 0.601734 0.203157 0.033526 0.026650
12 0.568401 0.194547 0.024663 0.021730
12 0.527553 0.214022 0.022351 0.022960
12 0.484971 0.183887 0.027360 0.027470
12 0.558960 0.218942 0.025819 0.026240
12 0.579383 0.242517 0.017341 0.023370
12 0.593642 0.240672 0.018882 0.025420
12 0.645472 0.198237 0.024663 0.023370
12 0.650867 0.213817 0.023892 0.020910
12 0.721965 0.232267 0.027360 0.025830
12 0.663776 0.233702 0.023507 0.022960
12 0.665318 0.249692 0.021965 0.018040
12 0.671291 0.259738 0.019268 0.023370
12 0.684971 0.252768 0.020424 0.018450
12 0.685164 0.267323 0.020809 0.021320
12 0.438150 0.198647 0.027746 0.021730
12 0.454528 0.218532 0.023507 0.022960
12 0.440077 0.219352 0.023121 0.022140
12 0.540077 0.260763 0.028902 0.024600
12 0.871676 0.268553 0.032370 0.032800
12 0.831214 0.302378 0.030829 0.029110
12 0.754528 0.280648 0.025434 0.025830
12 0.705202 0.287003 0.027746 0.026240
12 0.741811 0.307093 0.025434 0.026240
12 0.767823 0.324723 0.021965 0.022960
12 0.782081 0.328823 0.019653 0.025420
12 0.799807 0.336408 0.023507 0.025830
12 0.809827 0.350349 0.028902 0.025010
12 0.759152 0.347478 0.026204 0.025010
12 0.732948 0.340918 0.023892 0.024190
12 0.661272 0.324928 0.022351 0.023370
12 0.613102 0.281058 0.022351 0.020090
12 0.683237 0.346248 0.024663 0.020910
12 0.682659 0.363879 0.022736 0.023370
12 0.715414 0.375564 0.021965 0.020500
12 0.629480 0.336613 0.025048 0.019680
12 0.631214 0.353629 0.025434 0.021730
12 0.602697 0.329848 0.023892 0.020910
12 0.593834 0.344198 0.026975 0.021730
12 0.606166 0.353629 0.027746 0.021730
12 0.579191 0.297458 0.020039 0.017630
12 0.571676 0.308938 0.020424 0.021730
12 0.586705 0.310783 0.025819 0.022960
12 0.568208 0.283928 0.018882 0.016810
12 0.547977 0.288848 0.018497 0.016810
12 0.551252 0.312628 0.022736 0.019270
12 0.562620 0.294178 0.020039 0.015170
12 0.539884 0.339688 0.026204 0.024190
12 0.635260 0.394424 0.025819 0.024600
12 0.595183 0.400369 0.024277 0.022550
12 0.618690 0.418409 0.024277 0.026650
12 0.594027 0.423124 0.025819 0.023780
12 0.710019 0.388684 0.021965 0.017220
12 0.731599 0.394014 0.023507 0.025420
12 0.678998 0.382739 0.023121 0.016810
12 0.677649 0.394629 0.025048 0.014350
12 0.679769 0.408774 0.022351 0.019680
12 0.680732 0.427839 0.023507 0.022550
12 0.672254 0.439114 0.021195 0.017220
12 0.624085 0.457975 0.025048 0.024600
12 0.585549 0.483805 0.029672 0.026240
12 0.644509 0.462485 0.021965 0.020500
12 0.658767 0.468430 0.021195 0.020090
12 0.667052 0.459615 0.015414 0.021320
12 0.679576 0.458180 0.015800 0.018450
12 0.682081 0.473145 0.021580 0.018860
12 0.715607 0.436859 0.016956 0.018450
12 0.724855 0.426814 0.019268 0.018040
12 0.731599 0.437269 0.017341 0.019270
12 0.768015 0.417794 0.024663 0.018860
12 0.765703 0.433784 0.023121 0.020500
12 0.833911 0.404879 0.033141 0.025830
12 0.836994 0.427634 0.027746 0.027060
12 0.772254 0.457155 0.022351 0.022960
12 0.759923 0.466585 0.025434 0.021320
12 0.737572 0.455310 0.017726 0.017630
12 0.724085 0.454285 0.020809 0.020500
12 0.793642 0.505330 0.024277 0.025830
12 0.804432 0.519680 0.022736 0.021730
12 0.754913 0.499795 0.020809 0.022140
12 0.731985 0.501025 0.017341 0.018860
12 0.727553 0.465355 0.016185 0.013940
12 0.736416 0.475605 0.023121 0.013120
12 0.721773 0.477655 0.013102 0.013940
12 0.700963 0.486265 0.018497 0.016400
12 0.687091 0.495490 0.018497 0.018450
12 0.700771 0.502255 0.018882 0.018040
12 0.716185 0.496310 0.020424 0.013530
12 0.713680 0.510455 0.013102 0.010660
12 0.718497 0.519065 0.015029 0.015580
12 0.706551 0.519475 0.015800 0.014760
12 0.735453 0.530545 0.018112 0.016400
12 0.649904 0.492620 0.017341 0.017630
12 0.657996 0.484420 0.015800 0.015170
12 0.664547 0.492825 0.014258 0.014760
12 0.658767 0.501435 0.017341 0.011480
12 0.667823 0.507380 0.018497 0.016810
12 0.656647 0.516195 0.013102 0.018860
12 0.665703 0.520500 0.015800 0.015170
12 0.679961 0.520705 0.021965 0.019680
12 0.689595 0.528085 0.015800 0.014760
12 0.699422 0.529725 0.012331 0.018040
12 0.712331 0.530545 0.015800 0.015580
12 0.631214 0.527470 0.023892 0.023370
12 0.649326 0.521525 0.016956 0.015580
12 0.652408 0.533825 0.019268 0.016400
12 0.626975 0.550636 0.017726 0.018860
12 0.567052 0.518450 0.019653 0.019270
12 0.577071 0.531775 0.025819 0.022960
12 0.547977 0.516810 0.024663 0.021730
12 0.545087 0.495900 0.026590 0.019270
12 0.524085 0.477860 0.026975 0.027470
12 0.519846 0.437269 0.024663 0.023370
12 0.525819 0.413694 0.024277 0.020500
12 0.538150 0.387659 0.022736 0.022550
12 0.517534 0.397089 0.020039 0.017630
12 0.522929 0.383354 0.022351 0.021320
12 0.498459 0.384379 0.019653 0.020910
12 0.858382 0.586716 0.031214 0.029520
12 0.830250 0.580566 0.024277 0.027880
12 0.824663 0.627921 0.026204 0.025010
12 0.820424 0.647191 0.026975 0.025010
12 0.783044 0.624026 0.023892 0.026240
12 0.763776 0.597171 0.022351 0.021730
12 0.747206 0.596966 0.020809 0.021320
12 0.737572 0.585486 0.016956 0.017220
12 0.772254 0.562116 0.017726 0.013940
12 0.768208 0.539360 0.021965 0.019270
12 0.781888 0.556581 0.026204 0.026650
12 0.723314 0.607626 0.019268 0.018860
12 0.757033 0.615211 0.017341 0.017630
12 0.758960 0.628126 0.021195 0.018860
12 0.704239 0.608036 0.020424 0.021320
12 0.691908 0.600246 0.012717 0.015580
12 0.682466 0.604756 0.020039 0.018860
12 0.689595 0.584871 0.015800 0.018450
12 0.680539 0.591841 0.012331 0.011070
12 0.678420 0.580361 0.015800 0.014350
12 0.682852 0.569701 0.016185 0.013530
12 0.687476 0.560886 0.013102 0.011480
12 0.674566 0.537515 0.019653 0.016400
12 0.675145 0.556991 0.013873 0.015990
12 0.661850 0.556376 0.011946 0.013120
12 0.657996 0.548380 0.015029 0.015170
12 0.645472 0.547560 0.017726 0.019270
12 0.666089 0.576261 0.014258 0.016810
12 0.653950 0.580771 0.016956 0.017630
12 0.669364 0.590406 0.016956 0.013940
12 0.641811 0.591841 0.018112 0.014350
12 0.575915 0.610906 0.029672 0.024600
12 0.544123 0.612751 0.026204 0.024190
12 0.615222 0.589996 0.039692 0.019680
12 0.600963 0.564781 0.028131 0.022550
12 0.656069 0.608651 0.015800 0.019270
12 0.642967 0.610086 0.014258 0.016400
12 0.633911 0.615621 0.015414 0.016810
12 0.619461 0.615826 0.021195 0.018860
12 0.668979 0.620541 0.019268 0.018450
12 0.697495 0.647601 0.020039 0.017630
12 0.727553 0.546535 0.025434 0.017220
12 0.710790 0.543665 0.018882 0.013940
12 0.750867 0.560066 0.025819 0.031980
12 0.756069 0.547560 0.026204 0.022550
12 0.718304 0.626691 0.025434 0.017630
12 0.719846 0.637146 0.021580 0.013120
12 0.724085 0.648831 0.023121 0.021730
12 0.658382 0.634276 0.021195 0.017220
12 0.670135 0.644321 0.020039 0.020090
12 0.653372 0.645551 0.016570 0.015990
12 0.646243 0.652522 0.019268 0.017630
12 0.637380 0.664002 0.027746 0.017630
12 0.624855 0.654777 0.020424 0.019680
12 0.614644 0.662977 0.017726 0.016400
12 0.632370 0.680607 0.022351 0.020500
12 0.598651 0.649241 0.028902 0.027470
12 0.572832 0.638376 0.023507 0.022140
12 0.702312 0.674662 0.021195 0.020090
12 0.688439 0.684707 0.022736 0.022140
12 0.758189 0.664617 0.021965 0.022140
12 0.777071 0.667692 0.021965 0.025830
12 0.756647 0.684092 0.018112 0.020090
12 0.742775 0.684297 0.019653 0.017220
12 0.721965 0.693317 0.020424 0.019680
12 0.556647 0.668307 0.021965 0.017220
12 0.567052 0.659287 0.021195 0.019680
12 0.805202 0.705412 0.021965 0.027470
12 0.790366 0.711357 0.024663 0.025420
12 0.786705 0.726937 0.025048 0.021320
12 0.795568 0.740877 0.021965 0.015580
12 0.793064 0.756253 0.027746 0.024190
12 0.769557 0.758303 0.027746 0.026650
12 0.705973 0.747847 0.033141 0.029520
12 0.691137 0.724272 0.023507 0.022550
12 0.716378 0.713817 0.023121 0.022140
12 0.745665 0.697212 0.022351 0.018450
12 0.732948 0.703567 0.021580 0.019680
12 0.662042 0.753793 0.023892 0.022550
12 0.635453 0.750923 0.023121 0.020910
12 0.512139 0.696597 0.026204 0.025420
12 0.569750 0.722632 0.025819 0.024190
12 0.628516 0.714227 0.022351 0.019680
12 0.629672 0.732062 0.023121 0.019270
12 0.601927 0.716687 0.020809 0.018860
12 0.612717 0.721402 0.019268 0.021730
12 0.599229 0.736777 0.022351 0.018860
12 0.584971 0.751948 0.036994 0.021320
12 0.594605 0.758713 0.016185 0.014350
12 0.559152 0.766708 0.023121 0.022960
12 0.569750 0.781263 0.021195 0.020910
12 0.500771 0.777368 0.027360 0.024600
12 0.669942 0.772653 0.021965 0.021730
12 0.662042 0.786388 0.024663 0.018040
12 0.656455 0.797253 0.025048 0.018450
12 0.733526 0.792948 0.023507 0.022140
12 0.726975 0.807298 0.028131 0.020500
12 0.601734 0.789873 0.018112 0.020910
12 0.618304 0.787413 0.018882 0.018450
12 0.616185 0.798688 0.020039 0.015580
12 0.629672 0.802788 0.020039 0.020500
12 0.611753 0.811603 0.020424 0.015170
12 0.605780 0.822263 0.023121 0.019270
12 0.585356 0.798483 0.018497 0.021730
12 0.571098 0.801558 0.015414 0.018860
12 0.557996 0.806273 0.023892 0.025010
12 0.549326 0.821443 0.025048 0.020910
12 0.534297 0.833538 0.021195 0.019680
12 0.558767 0.846248 0.023892 0.022960
12 0.541811 0.861009 0.016956 0.017220
12 0.528131 0.864289 0.022736 0.022140
12 0.537765 0.878434 0.028131 0.021730
12 0.588632 0.881099 0.023507 0.022960
12 0.595376 0.896064 0.020809 0.025010
12 0.610790 0.896474 0.015414 0.020910
12 0.580154 0.909389 0.025048 0.024600
12 0.650289 0.865314 0.031985 0.020910
12 0.637958 0.877204 0.021965 0.021730
12 0.659923 0.880689 0.021195 0.019680
12 0.678035 0.888069 0.021195 0.022960
12 0.688054 0.876794 0.025819 0.025010
12 0.689595 0.852604 0.026590 0.023370
12 0.702505 0.838458 0.025434 0.022960
12 0.709634 0.813243 0.022736 0.016810
12 0.710212 0.826363 0.025434 0.019270
12 0.670520 0.841943 0.020809 0.019270
12 0.661464 0.849733 0.025819 0.025010
12 0.669750 0.870029 0.016185 0.019680
12 0.430636 0.822673 0.012717 0.013530
12 0.517726 0.945469 0.031985 0.034440
12 0.562428 0.932964 0.021195 0.022550
12 0.594220 0.937064 0.033141 0.030750
12 0.368401 0.812628 0.026975 0.022140
12 0.377649 0.825338 0.028516 0.027880
12 0.475915 0.750308 0.026204 0.029520
12 0.473025 0.695367 0.025819 0.027060
12 0.420231 0.727552 0.027360 0.025010
12 0.450674 0.742517 0.023507 0.018860
12 0.457225 0.755638 0.018882 0.018040
12 0.458960 0.772038 0.023892 0.022140
12 0.443545 0.758508 0.023892 0.022960
12 0.419268 0.757483 0.023121 0.022550
12 0.412524 0.744567 0.021965 0.020500
12 0.395954 0.740057 0.017341 0.020500
12 0.379191 0.736162 0.019268 0.018450
12 0.364740 0.708897 0.030443 0.027060
12 0.334489 0.686347 0.026204 0.027880
12 0.287861 0.699672 0.031599 0.030750
12 0.311946 0.740877 0.035838 0.026240
12 0.327553 0.731037 0.020039 0.019680
12 0.344701 0.730217 0.022736 0.025420
12 0.357225 0.735957 0.016185 0.020500
12 0.371869 0.750923 0.015414 0.016810
12 0.378613 0.763633 0.028131 0.026650
12 0.314066 0.779828 0.025434 0.025420
12 0.338343 0.753178 0.016185 0.024600
12 0.352794 0.752768 0.018112 0.022960
12 0.266089 0.798278 0.031214 0.033620
12 0.296724 0.815498 0.028516 0.026240
12 0.254335 0.765273 0.023892 0.022550
12 0.255106 0.733292 0.020039 0.019270
12 0.244894 0.743337 0.023507 0.017220
12 0.244701 0.757278 0.020809 0.019680
12 0.226590 0.758098 0.023121 0.024600
12 0.238728 0.727962 0.018112 0.019270
12 0.226012 0.734317 0.017341 0.022960
12 0.208092 0.707052 0.018497 0.023370
12 0.203854 0.685527 0.021580 0.022140
12 0.212524 0.728987 0.025819 0.020500
12 0.213487 0.745592 0.025434 0.021730
12 0.375337 0.652727 0.025434 0.024600
12 0.392871 0.673022 0.022736 0.020090
12 0.392678 0.693112 0.027746 0.026650
12 0.403661 0.685527 0.019653 0.026240
12 0.413680 0.677737 0.020424 0.023780
12 0.431407 0.666872 0.021195 0.025010
12 0.444316 0.660517 0.020809 0.026240
12 0.526012 0.556171 0.024663 0.025830
12 0.293064 0.575031 0.031214 0.030750
12 0.313102 0.550021 0.027360 0.030750
12 0.421195 0.546330 0.026975 0.027470
12 0.355299 0.555146 0.023121 0.020500
12 0.355299 0.572366 0.023892 0.020500
12 0.390173 0.554736 0.015029 0.019680
12 0.402890 0.553096 0.016570 0.019680
12 0.394990 0.571956 0.019268 0.020500
12 0.416956 0.575646 0.021580 0.025420
12 0.431021 0.579951 0.020424 0.020910
12 0.442389 0.600041 0.023121 0.025830
12 0.460308 0.602706 0.021195 0.020500
12 0.467245 0.621566 0.036609 0.026240
12 0.488439 0.634071 0.018112 0.023370
12 0.500385 0.637761 0.015029 0.020090
12 0.520231 0.644321 0.026975 0.041410
12 0.542582 0.647806 0.010019 0.020500
12 0.552987 0.650267 0.011561 0.018860
12 0.299422 0.465355 0.026204 0.027060
12 0.340077 0.537515 0.021965 0.020500
12 0.366667 0.538540 0.018112 0.018450
12 0.387861 0.521730 0.018882 0.023370
12 0.375337 0.530955 0.021580 0.020500
12 0.466667 0.467200 0.023892 0.026650
12 0.480539 0.461255 0.022351 0.022140
12 0.484393 0.498770 0.023121 0.022550
12 0.478227 0.410619 0.023892 0.020910
12 0.473603 0.396269 0.022351 0.019270
12 0.487091 0.389094 0.020809 0.024600
12 0.378998 0.410414 0.028131 0.023780
12 0.358960 0.423124 0.023507 0.024600
12 0.343738 0.431939 0.021580 0.021730
12 0.334875 0.438909 0.021580 0.015990
12 0.334489 0.452030 0.017726 0.019270
12 0.331407 0.479090 0.022351 0.020910
12 0.342582 0.494260 0.024663 0.019270
12 0.339692 0.510455 0.019653 0.018860
12 0.357611 0.502870 0.018497 0.017630
12 0.352216 0.522345 0.019268 0.015580
12 0.367630 0.514350 0.026204 0.025010
12 0.286898 0.404264 0.027360 0.027880
12 0.316763 0.378639 0.026204 0.025010
12 0.386320 0.353219 0.021965 0.020910
12 0.407707 0.373719 0.025434 0.028290
12 0.451445 0.367979 0.027360 0.027470
12 0.374566 0.370849 0.031599 0.025010
12 0.374952 0.388069 0.019268 0.020090
12 0.363198 0.395449 0.023507 0.029110
12 0.342967 0.339278 0.022351 0.017630
12 0.346050 0.323903 0.023121 0.018040
12 0.356262 0.318778 0.024277 0.023370
12 0.354721 0.298278 0.021195 0.018450
12 0.339499 0.295408 0.021580 0.020910
12 0.384586 0.286183 0.023892 0.018860
12 0.386320 0.299713 0.024277 0.017220
12 0.408478 0.299508 0.023121 0.024190
12 0.389981 0.317548 0.023892 0.020910
12 0.403276 0.325133 0.020424 0.019680
12 0.306744 0.282493 0.021580 0.019680
12 0.287283 0.289873 0.024277 0.021320
12 0.288632 0.306273 0.024663 0.020500
12 0.265318 0.311398 0.021965 0.022550
12 0.257033 0.326568 0.022351 0.020090
12 0.245087 0.292948 0.026204 0.028290
12 0.223507 0.324108 0.022351 0.020090
12 0.223121 0.347478 0.028516 0.025010
12 0.228709 0.305043 0.017341 0.022140
12 0.215992 0.285363 0.025819 0.022140
12 0.332948 0.223042 0.027746 0.028700
12 0.297881 0.267938 0.026204 0.023370
12 0.329287 0.268553 0.021965 0.022960
12 0.338728 0.274908 0.020809 0.023370
12 0.364162 0.218737 0.019268 0.019270
12 0.380347 0.251333 0.021580 0.019680
12 0.387283 0.233907 0.014644 0.015990
12 0.395376 0.248462 0.019268 0.020500
12 0.407707 0.239032 0.018497 0.021320
12 0.426204 0.247437 0.022351 0.021730
12 0.430636 0.232267 0.020424 0.018450
12 0.391908 0.199672 0.020039 0.020500
12 0.385549 0.214432 0.025819 0.027060
12 0.404432 0.210127 0.018882 0.018450
12 0.402119 0.224887 0.015029 0.019270
12 0.486127 0.298073 0.022736 0.027060
12 0.476108 0.308118 0.021195 0.023370
12 0.506744 0.306888 0.020039 0.019270
12 0.501156 0.321853 0.021195 0.019680
12 0.500193 0.339278 0.020809 0.024190
12 0.522351 0.343173 0.019653 0.024600
12 0.542967 0.296228 0.046243 0.028290
12 0.375337 0.238622 0.021580 0.018040
12 0.228709 0.237187 0.029672 0.029110
12 0.171484 0.207667 0.026204 0.023370
12 0.220424 0.197622 0.048555 0.022140
12 0.264740 0.156212 0.020809 0.020500
12 0.242775 0.179582 0.019268 0.021320
12 0.081888 0.485445 0.031214 0.027880
12 0.086705 0.456950 0.031599 0.029110
12 0.141233 0.517220 0.033526 0.033210
12 0.100000 0.399344 0.030443 0.031160
12 0.109056 0.324928 0.032370 0.029930
12 0.121773 0.344813 0.028516 0.026240
12 0.141811 0.384174 0.030058 0.027880
12 0.182274 0.345633 0.026204 0.027880
12 0.202119 0.306888 0.021195 0.028290
12 0.216378 0.302378 0.018112 0.022550
12 0.206166 0.379254 0.026975 0.027060
12 0.178035 0.390529 0.026975 0.025830
12 0.173603 0.366134 0.025048 0.022960
12 0.156455 0.626691 0.024663 0.025010
12 0.172447 0.650882 0.024277 0.025830
12 0.150289 0.646166 0.025434 0.016400
12 0.150482 0.661542 0.021965 0.020090
12 0.173218 0.680812 0.035067 0.029930
12 0.176301 0.705822 0.023507 0.022550
12 0.193064 0.694752 0.023121 0.019270
12 0.194027 0.710742 0.018112 0.020090
12 0.197303 0.725502 0.021580 0.020910
12 0.414644 0.223862 0.017726 0.023780
12 0.369942 0.228577 0.020039 0.013530
12 0.226590 0.176097 0.014644 0.020910
12 0.237380 0.162772 0.016185 0.019680
12 0.258960 0.179172 0.023892 0.017220
12 0.255877 0.161132 0.023121 0.017220
12 0.349518 0.450390 0.016185 0.014350
12 0.351252 0.461050 0.025819 0.015170
12 0.347206 0.473350 0.018497 0.014350
12 0.362620 0.481550 0.016956 0.028290
12 0.348940 0.481550 0.017341 0.012710
12 0.749133 0.484625 0.013873 0.009840
12 0.736802 0.485650 0.012331 0.014350
12 0.746050 0.496720 0.011561 0.016810
12 0.715992 0.482780 0.015414 0.011890
12 0.717726 0.507175 0.017341 0.014760
12 0.733719 0.520090 0.013102 0.011070
12 0.724663 0.525010 0.007322 0.020910
12 0.684586 0.543255 0.015800 0.011480
12 0.690944 0.548995 0.019268 0.013940
12 0.638150 0.574006 0.016956 0.012300
12 0.639692 0.581591 0.013873 0.006150
12 0.623314 0.580771 0.011946 0.015170
12 0.629480 0.586921 0.011946 0.011070
12 0.625048 0.603116 0.021580 0.013120
12 0.726590 0.561501 0.012717 0.010250
12 0.734104 0.556171 0.007707 0.007790
12 0.738921 0.562936 0.011946 0.008200
12 0.731985 0.569906 0.016570 0.010660
12 0.743738 0.567651 0.011561 0.009430
12 0.745665 0.576671 0.018497 0.012710
12 0.753372 0.553506 0.008478 0.013120
12 0.768786 0.577696 0.026975 0.019680
12 0.711561 0.553711 0.018112 0.010250
12 0.712139 0.561911 0.017726 0.011070
12 0.719846 0.571751 0.010790 0.007790
12 0.712524 0.580771 0.021580 0.027470
12 0.725819 0.585486 0.011175 0.020500
12 0.517726 0.654572 0.015029 0.020090
12 0.534875 0.646576 0.009249 0.027880
12 0.328324 0.754203 0.010019 0.011070