12 0.603783 0.172730 0.035751 0.037076
12 0.274731 0.646050 0.037140 0.041927
12 0.068900 0.544872 0.048247 0.041927
12 0.533322 0.184338 0.018396 0.028413
12 0.596321 0.198545 0.028462 0.027027
12 0.443943 0.130804 0.038181 0.041234
12 0.347969 0.208073 0.041305 0.040541
12 0.217286 0.285343 0.041652 0.037769
12 0.521520 0.077963 0.038528 0.036729
12 0.603436 0.086452 0.039917 0.040541
12 0.749393 0.176542 0.040958 0.038462
12 0.652204 0.199584 0.034016 0.035343
12 0.637279 0.164934 0.034710 0.033957
12 0.612635 0.219335 0.034710 0.033957
12 0.574627 0.138427 0.028115 0.038462
12 0.545470 0.140159 0.030198 0.034997
12 0.521694 0.156618 0.035404 0.024948
12 0.515620 0.178101 0.029504 0.026334
12 0.559181 0.189189 0.026380 0.027720
12 0.560569 0.224532 0.034016 0.031185
12 0.533322 0.207380 0.030892 0.028760
12 0.476224 0.239258 0.036099 0.035690
12 0.471711 0.177062 0.029157 0.030492
12 0.452621 0.191615 0.034710 0.036036
12 0.414092 0.209806 0.038875 0.035690
12 0.637799 0.281358 0.040611 0.038115
12 0.541826 0.299896 0.036099 0.039848
12 0.517529 0.288981 0.034710 0.036036
12 0.456959 0.295218 0.031586 0.033957
12 0.440993 0.279626 0.029504 0.034650
12 0.404200 0.301629 0.037140 0.036383
12 0.343284 0.277374 0.037487 0.037769
12 0.751302 0.292620 0.038528 0.039155
12 0.783756 0.216389 0.036793 0.039848
12 0.821416 0.215523 0.038528 0.041580
12 0.799549 0.248441 0.036446 0.034650
12 0.862027 0.237526 0.030892 0.030146
12 0.808400 0.285343 0.034710 0.030146
12 0.809268 0.316701 0.036446 0.029799
12 0.829573 0.339224 0.032628 0.031878
12 0.861159 0.333333 0.034016 0.033264
12 0.861680 0.303015 0.036446 0.031532
12 0.860465 0.268884 0.034016 0.032571
12 0.814301 0.378205 0.037487 0.036383
12 0.696980 0.325537 0.033322 0.032225
12 0.703402 0.296951 0.041305 0.023562
12 0.720583 0.322072 0.017355 0.028760
12 0.842416 0.386348 0.034710 0.033264
12 0.853176 0.365385 0.029851 0.025295
12 0.205831 0.355856 0.040958 0.032571
12 0.310309 0.284304 0.035404 0.037076
12 0.367234 0.325191 0.032628 0.039155
12 0.406456 0.367810 0.034016 0.040541
12 0.449670 0.414241 0.040611 0.039155
12 0.469108 0.470028 0.021867 0.037076
12 0.312044 0.343209 0.033322 0.041234
12 0.338077 0.347367 0.027074 0.040541
12 0.622527 0.431739 0.040611 0.039501
12 0.656716 0.471587 0.036793 0.038115
12 0.715030 0.473319 0.036793 0.034650
12 0.691774 0.497401 0.042346 0.039848
12 0.908192 0.337838 0.039222 0.034650
12 0.918952 0.371622 0.041305 0.031532
12 0.904894 0.400381 0.035404 0.025988
12 0.915828 0.422037 0.028115 0.024948
12 0.933356 0.408524 0.025686 0.031878
12 0.867060 0.448371 0.036793 0.037422
12 0.808226 0.478517 0.039917 0.034650
12 0.920167 0.467429 0.034710 0.036036
12 0.931100 0.502079 0.036446 0.036036
12 0.832871 0.522869 0.031586 0.031878
12 0.846407 0.510915 0.030892 0.025988
12 0.845193 0.560291 0.035404 0.031878
12 0.743839 0.549203 0.034016 0.037422
12 0.709129 0.585759 0.034016 0.038462
12 0.666262 0.582467 0.037140 0.038808
12 0.547900 0.512474 0.039222 0.037422
12 0.530545 0.539674 0.039917 0.032918
12 0.556230 0.579695 0.037140 0.034650
12 0.614717 0.527027 0.036793 0.034650
12 0.652551 0.519058 0.033322 0.030492
12 0.592329 0.570686 0.028115 0.037422
12 0.616800 0.553708 0.036793 0.024255
12 0.619403 0.580908 0.034363 0.027374
12 0.778549 0.592862 0.034016 0.038808
12 0.806664 0.579868 0.031239 0.030839
12 0.835474 0.602737 0.031239 0.032225
12 0.809962 0.635308 0.035057 0.030839
12 0.199931 0.384442 0.043735 0.029453
12 0.144221 0.482675 0.041305 0.036729
12 0.187608 0.534304 0.041305 0.036729
12 0.290177 0.446985 0.036099 0.034650
12 0.348664 0.461192 0.038528 0.035343
12 0.389448 0.487353 0.035404 0.039155
12 0.369316 0.481809 0.032628 0.030839
12 0.401944 0.526161 0.038181 0.037076
12 0.363936 0.552668 0.037834 0.038115
12 0.397431 0.592516 0.038181 0.038115
12 0.480562 0.594941 0.037834 0.036036
12 0.291565 0.596154 0.034710 0.037076
12 0.250260 0.597886 0.034710 0.039155
12 0.313086 0.644491 0.034710 0.037422
12 0.328705 0.674290 0.032628 0.033957
12 0.365845 0.696119 0.035404 0.046431
12 0.399861 0.728170 0.034016 0.032225
12 0.395002 0.757796 0.034710 0.034650
12 0.339813 0.740125 0.036793 0.036036
12 0.291045 0.737179 0.030892 0.039155
12 0.264839 0.739778 0.031933 0.047124
12 0.458868 0.678621 0.038181 0.039848
12 0.500000 0.661816 0.041305 0.032571
12 0.504859 0.631843 0.039222 0.030146
12 0.276814 0.474186 0.040611 0.028760
12 0.286185 0.494283 0.040611 0.030839
12 0.187782 0.715870 0.039570 0.034650
12 0.172683 0.741684 0.037834 0.036383
12 0.143179 0.676195 0.041999 0.039155
12 0.125824 0.615558 0.039917 0.030146
12 0.133808 0.638773 0.039917 0.030839
12 0.319681 0.781185 0.033322 0.039848
12 0.358730 0.787769 0.035057 0.032225
12 0.348143 0.821033 0.045817 0.038462
12 0.484554 0.742030 0.043041 0.038462
12 0.530371 0.741337 0.038181 0.045392
12 0.622700 0.686417 0.043041 0.042273
12 0.535404 0.818607 0.040611 0.039848
12 0.489066 0.845634 0.045817 0.043313
12 0.619056 0.855336 0.042694 0.040541
12 0.732037 0.794525 0.040264 0.033957
12 0.726484 0.762128 0.047900 0.038462
12 0.885630 0.739432 0.033669 0.036036
12 0.864110 0.681566 0.053107 0.047124
12 0.720930 0.849965 0.041652 0.045045
12 0.763797 0.842689 0.041305 0.046431
12 0.681708 0.896916 0.036793 0.032225
12 0.484207 0.936764 0.042346 0.042620
12 0.378341 0.905405 0.038181 0.042273
12 0.285665 0.891026 0.033322 0.038462
12 0.186047 0.811677 0.036099 0.037769
12 0.207046 0.849792 0.029504 0.032225
12 0.249740 0.883749 0.028115 0.030839
12 0.314474 0.914068 0.033322 0.034650
12 0.329226 0.897263 0.036446 0.034997
12 0.352308 0.908177 0.023603 0.046431
12 0.717112 0.897609 0.034016 0.029453
12 0.811524 0.719161 0.037487 0.029453
12 0.802152 0.695946 0.038181 0.031532
12 0.812218 0.673077 0.036099 0.025988
12 0.934745 0.542966 0.034710 0.031185
12 0.885283 0.579522 0.032975 0.023216
12 0.884242 0.601525 0.025338 0.021483
12 0.868275 0.610534 0.030198 0.030492
12 0.932142 0.598233 0.030892 0.025988
12 0.921208 0.626992 0.036793 0.029453
12 0.904894 0.609321 0.024991 0.030839
12 0.910101 0.522696 0.032628 0.027374
12 0.902638 0.541580 0.032280 0.027720
12 0.905935 0.564449 0.037487 0.024948