13 0.706572 0.639749 0.013395 0.015063
13 0.644412 0.624477 0.015488 0.015481
13 0.397237 0.824895 0.010046 0.013808
13 0.393051 0.752092 0.020092 0.020502
13 0.428841 0.751464 0.017162 0.021757
13 0.455002 0.765481 0.018418 0.013808
13 0.453956 0.753766 0.015488 0.011297
13 0.410423 0.707950 0.017162 0.012552
13 0.301381 0.714854 0.014232 0.023849
13 0.311009 0.721967 0.007535 0.017992
13 0.320636 0.720502 0.011720 0.017573
13 0.336961 0.742887 0.017581 0.023013
13 0.397865 0.612762 0.017999 0.028033
13 0.530347 0.215690 0.015069 0.012134
13 0.538091 0.227824 0.018836 0.015481
13 0.540184 0.166527 0.013813 0.014226
13 0.391377 0.133264 0.015906 0.019665
13 0.398075 0.155230 0.020929 0.020084
13 0.485350 0.220711 0.012976 0.011297
13 0.587275 0.035774 0.020092 0.019665
13 0.716618 0.131799 0.017581 0.019247
13 0.731687 0.146234 0.022604 0.023849
13 0.853286 0.193515 0.018836 0.020502
13 0.866262 0.182845 0.017999 0.017573
13 0.891168 0.204812 0.014232 0.014644
13 0.903516 0.223222 0.011302 0.018828
13 0.914399 0.227406 0.010465 0.015481
13 0.922771 0.271967 0.013813 0.020921
13 0.939305 0.343933 0.026789 0.020921
13 0.391796 0.649163 0.027627 0.020502
13 0.260151 0.303766 0.031394 0.028452
13 0.304311 0.554393 0.033487 0.032636
13 0.239849 0.751046 0.030138 0.029289
13 0.387610 0.037448 0.029301 0.031381
13 0.433445 0.058787 0.032231 0.028033
13 0.834659 0.563598 0.039347 0.035983
13 0.274592 0.262971 0.030138 0.029707
13 0.392214 0.379079 0.028464 0.026778
13 0.532859 0.532008 0.034324 0.033054
13 0.763499 0.710460 0.033487 0.032636
13 0.608832 0.753556 0.031394 0.030126
13 0.461490 0.537238 0.030557 0.033473
13 0.505023 0.137029 0.024697 0.020502
13 0.683131 0.851255 0.027627 0.027197
13 0.692968 0.737657 0.028045 0.029289
13 0.605902 0.886192 0.033905 0.031799
13 0.932608 0.369038 0.033487 0.034310
13 0.431143 0.536820 0.027627 0.030126
13 0.395563 0.349791 0.026789 0.023431
13 0.619506 0.020921 0.020929 0.014226
13 0.302219 0.290167 0.031812 0.028870
13 0.700293 0.483682 0.036835 0.035983
13 0.319380 0.472385 0.033487 0.035146
13 0.540393 0.613808 0.027627 0.030126
13 0.653202 0.640795 0.023859 0.026360
13 0.664713 0.130544 0.027627 0.026778
13 0.640017 0.798745 0.029301 0.030126
13 0.456467 0.357950 0.028045 0.028870
13 0.136877 0.336192 0.041021 0.037238
13 0.427794 0.503138 0.030975 0.030544
13 0.884261 0.351255 0.028882 0.027197
13 0.375889 0.224686 0.029301 0.028452
13 0.436794 0.280962 0.026371 0.025523
13 0.487652 0.762971 0.026789 0.023849
13 0.509000 0.431381 0.032650 0.032636
13 0.579531 0.602929 0.029720 0.029289
13 0.711804 0.247490 0.027208 0.025523
13 0.154039 0.202929 0.042696 0.042678
13 0.560276 0.114854 0.026371 0.023849
13 0.717036 0.700628 0.029301 0.027197
13 0.464630 0.647071 0.029301 0.028870
13 0.771871 0.615900 0.033487 0.030126
13 0.516743 0.248326 0.025534 0.023849
13 0.770825 0.172803 0.025534 0.025105
13 0.500628 0.716736 0.025952 0.024268
13 0.543533 0.682845 0.032231 0.032636
13 0.537463 0.756067 0.024278 0.022594
13 0.506279 0.329916 0.025534 0.028870
13 0.128506 0.593096 0.039347 0.034728
13 0.786103 0.118410 0.030138 0.027615
13 0.452281 0.417573 0.027208 0.027615
13 0.506069 0.863808 0.032650 0.029707
13 0.203223 0.667782 0.032231 0.028452
13 0.582880 0.850418 0.028882 0.029707
13 0.595437 0.099163 0.023022 0.022594
13 0.668271 0.078661 0.026371 0.025941
13 0.282545 0.711925 0.025115 0.026360
13 0.734826 0.821339 0.030557 0.026778
13 0.714525 0.783264 0.024278 0.022594
13 0.414399 0.771339 0.027627 0.023849
13 0.601925 0.235565 0.029301 0.028452
13 0.240477 0.794561 0.033905 0.030126
13 0.439724 0.594351 0.031394 0.030544
13 0.254918 0.332636 0.031812 0.030962
13 0.330054 0.319247 0.033068 0.031799
13 0.500628 0.816946 0.029301 0.028870
13 0.510046 0.616946 0.025534 0.027197
13 0.525115 0.792887 0.025534 0.025105
13 0.416492 0.830126 0.032650 0.032636
13 0.232943 0.698536 0.030557 0.028033
13 0.820636 0.152092 0.026371 0.026360
13 0.626203 0.641632 0.028464 0.027197
13 0.664713 0.173849 0.025115 0.023013
13 0.903516 0.602301 0.038091 0.033891
13 0.630389 0.046862 0.026789 0.027615
13 0.341147 0.131799 0.030138 0.025941
13 0.803474 0.197908 0.027208 0.025105
13 0.419632 0.092259 0.025534 0.023849
13 0.968606 0.394351 0.033487 0.032218
13 0.445375 0.711715 0.025115 0.025105
13 0.552532 0.834728 0.024278 0.025941
13 0.410004 0.264854 0.027208 0.025105
13 0.456467 0.131590 0.023859 0.022176
13 0.373169 0.168828 0.026371 0.022176
13 0.374634 0.610879 0.029301 0.030126
13 0.668062 0.680753 0.031812 0.028452
13 0.949770 0.319665 0.025115 0.026778
13 0.291126 0.364017 0.030557 0.028452
13 0.643365 0.236611 0.025115 0.028033
13 0.570113 0.017573 0.018418 0.023431
13 0.781289 0.273222 0.027208 0.026778
13 0.421097 0.235565 0.026789 0.021757
13 0.636877 0.186192 0.027208 0.022594
13 0.727920 0.653975 0.030138 0.025941
13 0.341775 0.155230 0.028045 0.023431
13 0.476559 0.406695 0.027208 0.026778
13 0.920260 0.304393 0.027208 0.029707
13 0.481164 0.335356 0.026371 0.025523
13 0.901423 0.257322 0.028045 0.028452
13 0.721850 0.624477 0.027208 0.023849
13 0.390331 0.668619 0.023859 0.021757
13 0.389075 0.105439 0.024697 0.025105
13 0.323148 0.736611 0.018418 0.015481
13 0.581206 0.149163 0.021348 0.021339
13 0.363751 0.106067 0.026789 0.027197
13 0.900167 0.335983 0.029720 0.024268
13 0.697572 0.831172 0.023859 0.023849
13 0.459607 0.256695 0.025952 0.021339
13 0.739221 0.266946 0.027627 0.027615
13 0.633529 0.124268 0.020511 0.018410
13 0.616785 0.119874 0.020511 0.021339
13 0.644621 0.097490 0.021766 0.020921
13 0.428841 0.158996 0.021348 0.022594
13 0.366890 0.755021 0.027208 0.023013
13 0.416492 0.720711 0.021766 0.012971
13 0.463165 0.739749 0.020511 0.017573
13 0.424027 0.365063 0.026789 0.024686
13 0.695061 0.765272 0.021348 0.021757
13 0.445793 0.780544 0.025952 0.023849
13 0.662620 0.241632 0.020929 0.022176
13 0.473420 0.235774 0.020929 0.018828
13 0.547719 0.247908 0.023022 0.023013
13 0.355379 0.737657 0.020092 0.017573
13 0.578275 0.209205 0.025534 0.022594
13 0.483466 0.184728 0.020092 0.019665
13 0.530557 0.198745 0.022185 0.020921
13 0.296986 0.398326 0.024697 0.025941
13 0.521976 0.161715 0.020929 0.016318
13 0.444328 0.176987 0.019674 0.019247
13 0.371494 0.132427 0.024697 0.020502
13 0.549602 0.181799 0.020929 0.018828
13 0.821473 0.186820 0.023022 0.032218
13 0.715571 0.843096 0.017162 0.024268
13 0.454793 0.201046 0.019674 0.018828
13 0.421515 0.693515 0.024278 0.021339
13 0.478024 0.205021 0.021766 0.020084
13 0.588112 0.179079 0.020929 0.020084
13 0.607995 0.175523 0.020511 0.019665