13 0.733680 0.134415 0.029522 0.028298
13 0.360707 0.290886 0.029522 0.024136
13 0.583368 0.337495 0.022453 0.032459
13 0.681497 0.419476 0.024116 0.032459
13 0.782536 0.467333 0.022453 0.024136
13 0.773597 0.622971 0.027027 0.024136
13 0.523909 0.640033 0.028274 0.032459
13 0.459667 0.650645 0.027027 0.025385
13 0.310603 0.625676 0.028274 0.029546
13 0.281081 0.685393 0.034096 0.038285
13 0.294179 0.516438 0.029522 0.028298
13 0.097921 0.496463 0.029522 0.034124
13 0.338254 0.482938 0.027027 0.027050
13 0.368399 0.494382 0.028274 0.024136
13 0.418711 0.507699 0.024116 0.019975
13 0.437838 0.521848 0.022453 0.022472