13 0.138186 0.570888 0.028270 0.026925
13 0.246835 0.592133 0.027004 0.029870
13 0.630591 0.583719 0.036709 0.029870
13 0.544093 0.482751 0.025738 0.032394
13 0.632068 0.416491 0.031224 0.041228
13 0.852532 0.456247 0.024051 0.023980
13 0.887131 0.467606 0.028270 0.023980
13 0.924684 0.465503 0.024051 0.028187
13 0.858228 0.420067 0.018565 0.019773
13 0.872996 0.408919 0.022785 0.031132
13 0.812658 0.156079 0.035443 0.043753
13 0.743038 0.098443 0.043882 0.041228
13 0.645992 0.053639 0.048101 0.036601
13 0.172152 0.209297 0.039662 0.036601
13 0.251688 0.333824 0.034177 0.036601
13 0.319198 0.303534 0.029958 0.032394
13 0.356540 0.340766 0.039662 0.039546
13 0.343038 0.399453 0.043882 0.029870
13 0.295148 0.406184 0.029958 0.025663
13 0.335232 0.437737 0.036709 0.038284
13 0.482911 0.293647 0.034177 0.026925
13 0.495781 0.239167 0.031224 0.034077
13 0.535443 0.253260 0.031224 0.039546
13 0.597679 0.112537 0.028270 0.029870
13 0.673207 0.180480 0.034177 0.026925
13 0.648945 0.175221 0.022785 0.036601