13 0.832069 0.603145 0.022335 0.028931
13 0.756848 0.736268 0.013485 0.021803
13 0.554362 0.869602 0.018963 0.031027
13 0.518121 0.126415 0.013906 0.020545
13 0.495997 0.019287 0.031184 0.024319
13 0.372314 0.877358 0.033291 0.032285
13 0.740413 0.576101 0.028656 0.030189
13 0.320480 0.213417 0.026549 0.029350
13 0.885166 0.610482 0.037505 0.034382
13 0.801938 0.260168 0.029499 0.028092
13 0.869785 0.442348 0.030341 0.031027
13 0.770754 0.191405 0.030341 0.028931
13 0.819427 0.181132 0.030763 0.031027
13 0.345554 0.669602 0.033713 0.033543
13 0.508007 0.042348 0.024020 0.031866
13 0.583228 0.046331 0.032027 0.030608
13 0.364517 0.852201 0.026970 0.023899
13 0.689633 0.115304 0.031606 0.029350
13 0.174463 0.444654 0.030341 0.033962
13 0.276443 0.169392 0.032027 0.032704
13 0.813527 0.288260 0.027391 0.024738
13 0.326591 0.629769 0.037084 0.034382
13 0.224189 0.580922 0.030341 0.033962
13 0.155499 0.575472 0.036241 0.032285
13 0.357564 0.051992 0.030763 0.029350
13 0.384324 0.275681 0.026970 0.026415
13 0.421197 0.464151 0.027391 0.036897
13 0.224821 0.535639 0.031606 0.032285
13 0.597556 0.622013 0.030341 0.033962
13 0.515592 0.435010 0.035820 0.034801
13 0.813738 0.468553 0.032027 0.028092
13 0.179098 0.346960 0.033713 0.031447
13 0.607459 0.232704 0.034977 0.032704
13 0.494311 0.596017 0.030341 0.035639
13 0.387063 0.064990 0.029920 0.028512
13 0.868099 0.225157 0.026970 0.026834
13 0.846186 0.422222 0.030341 0.030189
13 0.224189 0.186164 0.037084 0.036897
13 0.631479 0.475262 0.036662 0.035639
13 0.554572 0.727463 0.037927 0.036059
13 0.479351 0.323480 0.029077 0.029769
13 0.306995 0.092034 0.031606 0.032285
13 0.929836 0.317400 0.023177 0.024319
13 0.767172 0.259958 0.025706 0.027673
13 0.234092 0.449895 0.031606 0.031866
13 0.318795 0.438155 0.037505 0.033543
13 0.675938 0.703564 0.030341 0.032704
13 0.415929 0.816771 0.030341 0.031027
13 0.962073 0.489308 0.036241 0.035220
13 0.414244 0.107128 0.030341 0.028092
13 0.500211 0.800000 0.028656 0.032704
13 0.197008 0.511950 0.029920 0.029350
13 0.564686 0.638155 0.035398 0.031866
13 0.636957 0.671069 0.031606 0.033124
13 0.796249 0.511321 0.032448 0.032285
13 0.344922 0.264570 0.030763 0.026834
13 0.216182 0.624109 0.032027 0.025577
13 0.528656 0.309015 0.022335 0.030189
13 0.127265 0.385954 0.049726 0.038994
13 0.256005 0.324109 0.031606 0.030189
13 0.479140 0.897694 0.034555 0.036059
13 0.573325 0.309853 0.032448 0.028512
13 0.358407 0.796017 0.034977 0.036478
13 0.323852 0.684696 0.031606 0.032704
13 0.521913 0.862474 0.028234 0.031027
13 0.769279 0.714256 0.029077 0.029769
13 0.539823 0.811740 0.030341 0.031027
13 0.932153 0.607338 0.038769 0.037317
13 0.376317 0.751992 0.032870 0.033124
13 0.368732 0.177358 0.026970 0.025996
13 0.695533 0.246541 0.032448 0.027673
13 0.654867 0.607757 0.034555 0.031447
13 0.631268 0.934591 0.042984 0.041929
13 0.902444 0.238365 0.026549 0.023899
13 0.637168 0.254927 0.035398 0.032704
13 0.598399 0.497694 0.032870 0.031027
13 0.766751 0.323899 0.034134 0.030608
13 0.725242 0.633962 0.030341 0.029350
13 0.864307 0.190985 0.029499 0.028092
13 0.744206 0.514465 0.033713 0.028512
13 0.460598 0.845912 0.026970 0.032285
13 0.194269 0.258491 0.038769 0.038155
13 0.692583 0.798952 0.031606 0.031447
13 0.148757 0.542558 0.037084 0.034382
13 0.699115 0.463732 0.035398 0.033543
13 0.409608 0.407966 0.031184 0.033543
13 0.521070 0.687212 0.039191 0.034382
13 0.689633 0.181342 0.029077 0.031447
13 0.473241 0.474633 0.033713 0.033543
13 0.622208 0.406709 0.035820 0.031866
13 0.451117 0.648008 0.039191 0.038155
13 0.320059 0.502306 0.027391 0.032704
13 0.896544 0.289727 0.031606 0.031866
13 0.818163 0.611530 0.021492 0.027254
13 0.518331 0.898532 0.032870 0.029350
13 0.737885 0.224528 0.025284 0.024738
13 0.334808 0.122013 0.026549 0.025996
13 0.828276 0.644864 0.030763 0.031866
13 0.648546 0.308176 0.033713 0.034382
13 0.251370 0.672537 0.031606 0.030189
13 0.740413 0.554927 0.032870 0.026415
13 0.582174 0.120545 0.031606 0.032285
13 0.487779 0.385115 0.030763 0.033124
13 0.369996 0.292243 0.027813 0.030189
13 0.621576 0.726415 0.037084 0.033962
13 0.298778 0.496855 0.025284 0.036897
13 0.761694 0.098952 0.023177 0.030189
13 0.605563 0.866457 0.036241 0.033124
13 0.914876 0.416562 0.026970 0.032285
13 0.281290 0.740042 0.043405 0.040252
13 0.340497 0.171908 0.021913 0.026834
13 0.754109 0.668763 0.030763 0.034382
13 0.585756 0.368973 0.037927 0.022642
13 0.851875 0.601677 0.029077 0.031027
13 0.365782 0.251992 0.030341 0.029350
13 0.287189 0.260587 0.026549 0.027254
13 0.199747 0.436059 0.030341 0.031866
13 0.897387 0.341300 0.021492 0.026834
13 0.500421 0.128721 0.023177 0.025996
13 0.739149 0.096226 0.025284 0.027254
13 0.321113 0.847589 0.020228 0.023061
13 0.774758 0.737736 0.022335 0.028092
13 0.484408 0.040042 0.024863 0.029769
13 0.589971 0.386164 0.033713 0.024319
13 0.898441 0.419287 0.025284 0.028512
13 0.706279 0.783648 0.030341 0.025157
13 0.509060 0.325786 0.026970 0.027673
13 0.775601 0.292662 0.025706 0.021803
13 0.513485 0.824948 0.015592 0.018029
13 0.919933 0.263312 0.021070 0.025157
13 0.201854 0.317400 0.021913 0.019287
13 0.258744 0.652830 0.025284 0.025996
13 0.917404 0.342767 0.026970 0.029769
13 0.703118 0.220545 0.025706 0.024319
13 0.259587 0.635010 0.028656 0.023899
13 0.365992 0.146751 0.024863 0.018449
13 0.305942 0.249686 0.030341 0.026415
13 0.739570 0.750734 0.022756 0.025577
13 0.721871 0.749476 0.022756 0.020545
13 0.572693 0.867296 0.021070 0.028931
13 0.194901 0.328721 0.024863 0.023480
13 0.792878 0.314465 0.024863 0.023480
13 0.719764 0.734382 0.028656 0.021384
13 0.350400 0.224948 0.025706 0.023061
13 0.265908 0.619706 0.029499 0.023480
13 0.944164 0.332914 0.015592 0.016771