13 0.736429 0.325326 0.033647 0.028289
13 0.198744 0.400539 0.033199 0.029636
13 0.524226 0.048720 0.040825 0.030983
13 0.576267 0.411091 0.030956 0.029187
13 0.602961 0.807140 0.030507 0.030983
13 0.725662 0.352717 0.025572 0.033678
13 0.208614 0.426807 0.035891 0.036372
13 0.300808 0.240458 0.037236 0.031881
13 0.836474 0.230579 0.030058 0.029187
13 0.610812 0.153345 0.030058 0.029187
13 0.568416 0.923889 0.037685 0.038168
13 0.488784 0.717782 0.032750 0.029187
13 0.466801 0.747867 0.034545 0.027391
13 0.684388 0.771666 0.027367 0.023799
13 0.405339 0.384823 0.035442 0.035025
13 0.511889 0.405478 0.033199 0.035923
13 0.685061 0.669735 0.033199 0.027391
13 0.602288 0.175348 0.029161 0.025595
13 0.571557 0.838572 0.037685 0.032780
13 0.467699 0.081051 0.041723 0.038168
13 0.329071 0.414683 0.034545 0.029187
13 0.337820 0.211944 0.034096 0.030534
13 0.872364 0.249214 0.033647 0.027840
13 0.642441 0.161428 0.034096 0.031881
13 0.657470 0.798608 0.029161 0.027391
13 0.332885 0.389987 0.034096 0.032780
13 0.878421 0.302874 0.035891 0.036372
13 0.305294 0.204984 0.036339 0.027391
13 0.718484 0.225864 0.039031 0.032330
13 0.361821 0.633363 0.036339 0.034576
13 0.815164 0.679614 0.037685 0.032780
13 0.593091 0.293444 0.026918 0.027391
13 0.844549 0.396273 0.039031 0.030983
13 0.784432 0.704760 0.033647 0.032780
13 0.757963 0.776830 0.029161 0.028738
13 0.829071 0.285361 0.033199 0.032780
13 0.846792 0.514145 0.025572 0.031432
13 0.535891 0.076560 0.031853 0.030983
13 0.448183 0.343511 0.030507 0.026044
13 0.496860 0.220476 0.036339 0.031432
13 0.321220 0.468568 0.036788 0.032780
13 0.549798 0.190391 0.033647 0.032330
13 0.557873 0.762012 0.031853 0.031432
13 0.842979 0.189268 0.037685 0.036372
13 0.522880 0.171307 0.030956 0.028289
13 0.676761 0.103053 0.036339 0.038168
13 0.327950 0.259991 0.030507 0.028738
13 0.766263 0.559048 0.028712 0.032330
13 0.645357 0.912214 0.037236 0.034576
13 0.262450 0.645712 0.027815 0.027840
13 0.440556 0.213965 0.031404 0.027391
13 0.524226 0.280198 0.023777 0.023350
13 0.881786 0.548720 0.030956 0.031432
13 0.202557 0.574764 0.043517 0.037719
13 0.340063 0.726538 0.026918 0.025146
13 0.400404 0.866188 0.042620 0.039515
13 0.641768 0.406376 0.030956 0.026044
13 0.369224 0.743826 0.035891 0.029187
13 0.379094 0.522003 0.025123 0.026493
13 0.222746 0.716210 0.037236 0.032330
13 0.283535 0.682982 0.019740 0.026044
13 0.428892 0.191064 0.033199 0.024697
13 0.574024 0.149529 0.033647 0.033229
13 0.879991 0.511899 0.028264 0.029636
13 0.500673 0.810507 0.033199 0.029636
13 0.912068 0.556803 0.032301 0.029636
13 0.585464 0.884598 0.036788 0.031432
13 0.444145 0.377863 0.037685 0.031881
13 0.720278 0.467670 0.029161 0.030085
13 0.298564 0.768523 0.022880 0.025595
13 0.781965 0.362595 0.028712 0.030983
13 0.693360 0.728783 0.028264 0.028738
13 0.841857 0.341940 0.035442 0.034576
13 0.419919 0.807589 0.034993 0.030085
13 0.704576 0.843960 0.034545 0.033678
13 0.744280 0.572519 0.030507 0.029636
13 0.341857 0.509654 0.029610 0.033229
13 0.450426 0.277952 0.028712 0.024248
13 0.759085 0.820611 0.034096 0.031881
13 0.255271 0.762236 0.028712 0.032780
13 0.734634 0.768074 0.025572 0.030085
13 0.463661 0.295689 0.033647 0.022901
13 0.592418 0.379210 0.024675 0.028289
13 0.679677 0.420296 0.027815 0.020656
13 0.538582 0.830265 0.029161 0.029636
13 0.800135 0.269870 0.030058 0.028738
13 0.174518 0.712618 0.029610 0.030534
13 0.366532 0.674899 0.034096 0.030534
13 0.582548 0.322856 0.030956 0.023350
13 0.675864 0.577458 0.026469 0.025146
13 0.619336 0.486753 0.030956 0.026942
13 0.613279 0.460036 0.026918 0.022003
13 0.249215 0.657162 0.026469 0.022901
13 0.574921 0.379434 0.025572 0.025146
13 0.748991 0.353166 0.029161 0.029187
13 0.829520 0.451055 0.026021 0.027391
13 0.852624 0.443422 0.023777 0.023799
13 0.530731 0.799731 0.025123 0.026044
13 0.662405 0.472384 0.022880 0.022452
13 0.676537 0.791199 0.025123 0.027840
13 0.555182 0.406152 0.022880 0.028289
13 0.615747 0.543556 0.029161 0.025595
13 0.270525 0.741805 0.025123 0.023350
13 0.853522 0.489897 0.028264 0.026942
13 0.340511 0.700494 0.028712 0.019758
13 0.485644 0.278401 0.023777 0.030534
13 0.845895 0.427481 0.026469 0.021554
13 0.639524 0.538168 0.024675 0.026493
13 0.641992 0.575662 0.019740 0.024248
13 0.622028 0.511899 0.024675 0.022452
13 0.261552 0.674001 0.026021 0.024248
13 0.546433 0.790076 0.027815 0.026493
13 0.576940 0.297485 0.023329 0.023799
13 0.340063 0.713965 0.031404 0.017063
13 0.820547 0.440054 0.026021 0.022452
13 0.495738 0.261563 0.026021 0.020207
13 0.622925 0.568702 0.021983 0.022901
13 0.683042 0.443871 0.025572 0.022901
13 0.647600 0.478895 0.020188 0.022901
13 0.649843 0.450382 0.020188 0.024248
13 0.555406 0.290750 0.017945 0.028289
13 0.633468 0.465873 0.017945 0.018410
13 0.269628 0.687696 0.015253 0.019308
13 0.367205 0.506286 0.021086 0.023799
13 0.279946 0.755950 0.019740 0.024697