13 0.041578 0.581492 0.024608 0.028345
13 0.141706 0.658608 0.028850 0.032514
13 0.101188 0.403918 0.031820 0.032514
13 0.194527 0.377032 0.034366 0.029596
13 0.207679 0.449354 0.031820 0.024177
13 0.318625 0.485827 0.028850 0.029596
13 0.494909 0.603168 0.030123 0.024177
13 0.697285 0.792830 0.040305 0.032514
13 0.770471 0.758649 0.037336 0.032514
13 0.767077 0.698624 0.033093 0.028345
13 0.687102 0.179033 0.025880 0.035431
13 0.584854 0.207795 0.031820 0.039600
13 0.377811 0.160484 0.031820 0.032514
13 0.434451 0.052939 0.027153 0.032514