13 0.320436 0.506500 0.021779 0.037140
13 0.740732 0.569174 0.031047 0.024141
13 0.793559 0.246054 0.031974 0.039926
13 0.229379 0.545961 0.034291 0.032498
13 0.803522 0.171773 0.040778 0.042711
13 0.756487 0.183380 0.056070 0.049211
13 0.849861 0.180826 0.043559 0.038533
13 0.161029 0.588672 0.048656 0.046425
13 0.231233 0.461003 0.035218 0.039926
13 0.722196 0.720056 0.028267 0.028784
13 0.478916 0.013231 0.040315 0.026462
13 0.189759 0.267409 0.056070 0.046425
13 0.381835 0.857707 0.046339 0.033890
13 0.593142 0.494661 0.043559 0.048747
13 0.364458 0.803853 0.044949 0.048747
13 0.192076 0.327298 0.059778 0.047354
13 0.883225 0.597029 0.041705 0.042711
13 0.576228 0.035515 0.053290 0.044104
13 0.339898 0.052228 0.037535 0.046890
13 0.753012 0.662256 0.035218 0.042247
13 0.865385 0.434773 0.042169 0.037604
13 0.199722 0.522052 0.031511 0.040390
13 0.499305 0.596100 0.049583 0.055710
13 0.656163 0.605153 0.041705 0.052461
13 0.423540 0.824513 0.062095 0.042711
13 0.384152 0.888115 0.051900 0.037140
13 0.251854 0.330780 0.053290 0.033890
13 0.702039 0.797586 0.031511 0.025998
13 0.174004 0.358171 0.047729 0.052461
13 0.402456 0.111885 0.045876 0.056639
13 0.410334 0.408310 0.054217 0.041318
13 0.572984 0.731198 0.058851 0.050139
13 0.355422 0.672238 0.038925 0.039926
13 0.567655 0.633473 0.037071 0.050604
13 0.520621 0.685469 0.044949 0.050604
13 0.495829 0.048747 0.037998 0.047354
13 0.506024 0.796657 0.043559 0.044568
13 0.810473 0.458682 0.050046 0.049211
13 0.837813 0.406917 0.048193 0.039461
13 0.722660 0.091922 0.033828 0.040854
13 0.684893 0.243733 0.034291 0.039926
13 0.619092 0.862813 0.028730 0.031105
13 0.594069 0.230966 0.038925 0.041318
13 0.678406 0.171773 0.047266 0.050139
13 0.469416 0.844243 0.031511 0.042247
13 0.357275 0.147864 0.036145 0.031105
13 0.724745 0.630687 0.042632 0.042247
13 0.676784 0.694058 0.038462 0.043640
13 0.228221 0.592386 0.050510 0.051068
13 0.277572 0.615599 0.030584 0.034355
13 0.565570 0.311281 0.039388 0.063603
13 0.825765 0.633240 0.040778 0.037140
13 0.694856 0.455200 0.047729 0.053389
13 0.679796 0.113045 0.047266 0.054318
13 0.639018 0.666202 0.026877 0.047354
13 0.486793 0.899025 0.043095 0.046890
13 0.212234 0.637187 0.044486 0.043175
13 0.452502 0.653435 0.062558 0.072888
13 0.743976 0.506732 0.039388 0.044104
13 0.265060 0.167363 0.038925 0.038533
13 0.621640 0.402507 0.051437 0.037140
13 0.690222 0.220056 0.037535 0.034355
13 0.311863 0.440576 0.041705 0.044568
13 0.631140 0.259285 0.037998 0.030176
13 0.596154 0.620938 0.040315 0.051532
13 0.278035 0.268570 0.033364 0.043175
13 0.758109 0.317317 0.037071 0.034819
13 0.325996 0.175952 0.030120 0.034355
13 0.320667 0.130223 0.033364 0.046890
13 0.752549 0.252089 0.040778 0.040854
13 0.880445 0.278552 0.047266 0.039926
13 0.294254 0.097725 0.034291 0.055246
13 0.328313 0.635794 0.050510 0.032962
13 0.309314 0.214949 0.035681 0.031569
13 0.530352 0.901346 0.034754 0.041318
13 0.468953 0.323584 0.032437 0.042711
13 0.513902 0.432683 0.049120 0.043640
13 0.212234 0.193361 0.050973 0.056175
13 0.584569 0.390669 0.032901 0.032962
13 0.145968 0.553389 0.051900 0.049211
13 0.118860 0.394383 0.042169 0.048747
13 0.517377 0.308960 0.035681 0.034819
13 0.727757 0.219591 0.029194 0.038069
13 0.906395 0.403203 0.037998 0.047818
13 0.929796 0.590761 0.044022 0.047818
13 0.547961 0.812210 0.032901 0.045032
13 0.484013 0.381616 0.040315 0.038997
13 0.794949 0.501393 0.048656 0.037140
13 0.420297 0.472377 0.052827 0.045032
13 0.574143 0.118384 0.053753 0.041783
13 0.630445 0.469824 0.045876 0.050139
13 0.639481 0.923630 0.047266 0.043175
13 0.628823 0.720752 0.042632 0.045032
13 0.368165 0.065924 0.042169 0.037140
13 0.344532 0.227484 0.034754 0.034355
13 0.287766 0.752321 0.050973 0.052461
13 0.747683 0.096332 0.034754 0.036676
13 0.955283 0.475162 0.047729 0.059889
13 0.487257 0.131151 0.047729 0.043175
13 0.560936 0.872563 0.023633 0.034819
13 0.526645 0.863278 0.031047 0.030176
13 0.638323 0.307103 0.046803 0.038533
13 0.857507 0.210771 0.044022 0.040854
13 0.895042 0.225859 0.039388 0.033890
13 0.254866 0.686397 0.041705 0.035747
13 0.787535 0.311746 0.025487 0.033890
13 0.379981 0.280176 0.034291 0.029248
13 0.296571 0.503482 0.025023 0.048747
13 0.814411 0.599582 0.031974 0.035747
13 0.885079 0.327762 0.025950 0.035283
13 0.585496 0.868152 0.027340 0.039926
13 0.358202 0.298282 0.037998 0.033890
13 0.328313 0.692897 0.030120 0.030176
13 0.801900 0.283658 0.033828 0.034355
13 0.847312 0.587976 0.027340 0.050604
13 0.921687 0.302925 0.031511 0.028319
13 0.337349 0.271820 0.037071 0.033890
13 0.473123 0.474698 0.031511 0.032033
13 0.782901 0.734680 0.026413 0.029248
13 0.265755 0.652507 0.039388 0.033890
13 0.909639 0.259285 0.030584 0.033890
13 0.738879 0.543408 0.046803 0.029248
13 0.774560 0.705200 0.037535 0.025998
13 0.767841 0.284587 0.038925 0.027855
13 0.168906 0.453575 0.028267 0.036212
13 0.377433 0.748375 0.041242 0.051068
13 0.499537 0.325905 0.029657 0.033426
13 0.714087 0.777855 0.026877 0.026462
13 0.294254 0.254643 0.037998 0.038533
13 0.191149 0.445450 0.026413 0.044104
13 0.510658 0.128366 0.036145 0.043175
13 0.905931 0.336351 0.031511 0.034819
13 0.262048 0.667363 0.036608 0.032033
13 0.741659 0.745357 0.025487 0.029248
13 0.521084 0.830084 0.027340 0.029712
13 0.360287 0.251625 0.032901 0.034355
13 0.822289 0.590529 0.029194 0.030641
13 0.584801 0.370706 0.037998 0.018106
13 0.268767 0.627902 0.031511 0.029248
13 0.754866 0.724234 0.018536 0.039926
13 0.467099 0.041086 0.025950 0.030176