14 0.322066 0.086491 0.017835 0.017298
14 0.613438 0.590198 0.025715 0.023064
14 0.784737 0.763591 0.016591 0.024712
14 0.892990 0.651153 0.016591 0.024712
14 0.902323 0.445222 0.026960 0.027183
14 0.655952 0.105437 0.022812 0.021417
14 0.629822 0.090815 0.021153 0.020181
14 0.440481 0.091227 0.024056 0.023476
14 0.414766 0.139415 0.021568 0.019357
14 0.328702 0.197488 0.021983 0.025124
14 0.338449 0.232702 0.026545 0.024712
14 0.217337 0.483526 0.023227 0.021417
14 0.231232 0.516063 0.028619 0.024712