14 0.949005 0.572347 0.013743 0.019464
14 0.920796 0.567940 0.016637 0.015057
14 0.935443 0.513221 0.024955 0.021667
14 0.948101 0.422328 0.013382 0.019097
14 0.951899 0.492104 0.023146 0.022769
14 0.355696 0.239993 0.022061 0.015791
14 0.568716 0.033052 0.012658 0.011017
14 0.554611 0.031032 0.011935 0.009916
14 0.517902 0.027910 0.007957 0.005141
14 0.537251 0.034154 0.013382 0.013221
14 0.317722 0.829049 0.023508 0.027543
14 0.412477 0.715755 0.025678 0.023503
14 0.430561 0.875872 0.022061 0.025707
14 0.453345 0.896438 0.026401 0.023503
14 0.479747 0.867976 0.022785 0.020198
14 0.479747 0.887440 0.024231 0.021667
14 0.512477 0.871649 0.023870 0.023136
14 0.562929 0.820970 0.018445 0.022402
14 0.584087 0.821337 0.022423 0.023136
14 0.591139 0.761844 0.021338 0.025340
14 0.609946 0.770841 0.024955 0.024238
14 0.659313 0.771943 0.023870 0.024972
14 0.504702 0.724385 0.022785 0.023871
14 0.484087 0.720712 0.022785 0.023871
14 0.464919 0.670033 0.025678 0.026074
14 0.422423 0.604113 0.025316 0.026441
14 0.269982 0.613845 0.030018 0.024605
14 0.153345 0.618803 0.041953 0.038928
14 0.127848 0.583915 0.027848 0.026441
14 0.093309 0.484209 0.026763 0.026074
14 0.247559 0.531399 0.027848 0.023503
14 0.311392 0.559126 0.026040 0.023136
14 0.303617 0.578590 0.027848 0.024605
14 0.663472 0.704554 0.027125 0.021667
14 0.662025 0.725487 0.027125 0.018729
14 0.676311 0.661036 0.029656 0.027910
14 0.673779 0.541866 0.027486 0.024605
14 0.641230 0.599523 0.026040 0.021667
14 0.604521 0.584282 0.016998 0.021300
14 0.622785 0.592178 0.026040 0.026074
14 0.481013 0.515791 0.028933 0.021667
14 0.445750 0.528094 0.028571 0.024238
14 0.384810 0.480536 0.033996 0.026074
14 0.337975 0.460154 0.027125 0.026441
14 0.313924 0.471906 0.031103 0.025707
14 0.736890 0.649467 0.023508 0.026809
14 0.732369 0.537091 0.023870 0.023871
14 0.738698 0.436284 0.024231 0.024972
14 0.694756 0.475946 0.025316 0.024972
14 0.667450 0.480353 0.026401 0.029379
14 0.802893 0.816195 0.024593 0.029012
14 0.537613 0.410026 0.030741 0.024605
14 0.470705 0.307565 0.025678 0.023871
14 0.897107 0.359346 0.026401 0.023871
14 0.874864 0.735586 0.025316 0.024238
14 0.747920 0.235769 0.028210 0.030114
14 0.884810 0.272861 0.024231 0.022035
14 0.866727 0.266434 0.019168 0.022402
14 0.836528 0.254131 0.020976 0.022035
14 0.851899 0.247705 0.020615 0.019464
14 0.794756 0.144142 0.015552 0.016526
14 0.778481 0.134227 0.019892 0.020198
14 0.732550 0.101175 0.022061 0.024605
14 0.678843 0.085935 0.030380 0.033052
14 0.192405 0.345024 0.033273 0.022402
14 0.213201 0.308116 0.027125 0.024972
14 0.236347 0.429490 0.027848 0.024605
14 0.225678 0.392398 0.030380 0.023871
14 0.232369 0.352736 0.028571 0.023871
14 0.245750 0.343739 0.025678 0.028645
14 0.317360 0.437385 0.025678 0.027176
14 0.368897 0.426919 0.033273 0.022402
14 0.351537 0.353838 0.025316 0.026074
14 0.368174 0.346493 0.020253 0.019464
14 0.377758 0.329783 0.024231 0.023503
14 0.363291 0.388726 0.022785 0.019464
14 0.357143 0.400661 0.024955 0.019831
14 0.364557 0.411495 0.016637 0.015791
14 0.318987 0.322806 0.021700 0.022035
14 0.307957 0.313074 0.021338 0.020198
14 0.332188 0.293977 0.025678 0.026074
14 0.274322 0.292692 0.022785 0.024238
14 0.230380 0.246970 0.023870 0.025340
14 0.272514 0.244400 0.026401 0.025340
14 0.299819 0.242931 0.025316 0.029012
14 0.254069 0.214469 0.027848 0.027176
14 0.282459 0.179214 0.026763 0.024238
14 0.279385 0.208961 0.024955 0.022035
14 0.318807 0.187661 0.022061 0.025707
14 0.307414 0.202718 0.024593 0.023503
14 0.355515 0.216306 0.025316 0.019831
14 0.355696 0.174440 0.022785 0.019831
14 0.379747 0.161586 0.025316 0.028645
14 0.368354 0.196291 0.024231 0.018729
14 0.361664 0.258906 0.021700 0.022035
14 0.319892 0.267536 0.027125 0.025340
14 0.339421 0.262578 0.027125 0.030848
14 0.365280 0.234117 0.020976 0.015057
14 0.398192 0.200147 0.020976 0.016159
14 0.399819 0.181785 0.021338 0.019097
14 0.382278 0.187477 0.018807 0.018729
14 0.456781 0.041682 0.023870 0.023871
14 0.511212 0.038377 0.016275 0.013588
14 0.551718 0.049945 0.022061 0.019831
14 0.503617 0.072163 0.020615 0.020933
14 0.471971 0.098788 0.019530 0.018362
14 0.453345 0.082629 0.022785 0.017628
14 0.435805 0.095116 0.021700 0.019097
14 0.456962 0.112927 0.022785 0.017995
14 0.395298 0.135880 0.015190 0.017628
14 0.407957 0.152222 0.025316 0.017995
14 0.420253 0.140837 0.016637 0.013588
14 0.407414 0.135880 0.014828 0.019097
14 0.430380 0.128351 0.018807 0.017260
14 0.420434 0.114212 0.014828 0.016159
14 0.436347 0.113661 0.018445 0.018729
14 0.501085 0.053250 0.014828 0.013955
14 0.477034 0.069960 0.020976 0.020198
14 0.482640 0.082813 0.021338 0.018729
14 0.522785 0.059126 0.022061 0.016159
14 0.528571 0.046456 0.016275 0.018729
14 0.877758 0.702718 0.019530 0.016526
14 0.884087 0.669299 0.022061 0.018729
14 0.886076 0.687661 0.024593 0.019464
14 0.906510 0.652773 0.026401 0.024605
14 0.925859 0.531583 0.024593 0.023871
14 0.926040 0.553066 0.023508 0.015424
14 0.927125 0.497429 0.022785 0.017995
14 0.922423 0.448035 0.021338 0.017628
14 0.920253 0.401028 0.016275 0.020566
14 0.936709 0.402314 0.018807 0.018729
14 0.922966 0.422512 0.020976 0.021667
14 0.931646 0.430224 0.021700 0.025340
14 0.930018 0.459971 0.027848 0.019464
14 0.932550 0.477965 0.025678 0.019464
14 0.291320 0.279838 0.020615 0.025707
14 0.302893 0.294344 0.019892 0.025340