15 0.542837 0.130796 0.041237 0.028673
15 0.356559 0.229381 0.041237 0.033982
15 0.292392 0.267080 0.025240 0.028673
15 0.362780 0.324779 0.043015 0.039292
15 0.436545 0.392212 0.042659 0.048142
15 0.479559 0.466549 0.037682 0.038938
15 0.473338 0.553982 0.035905 0.025487
15 0.582474 0.476106 0.028795 0.030442
15 0.597227 0.460531 0.027017 0.026903
15 0.608781 0.390442 0.043015 0.033982
15 0.693921 0.283009 0.034127 0.028673
15 0.794881 0.246195 0.039104 0.039292
15 0.828119 0.290619 0.025240 0.019823
15 0.840562 0.397522 0.025240 0.023363
15 0.750089 0.496106 0.037682 0.028673
15 0.873089 0.654513 0.037682 0.030442
15 0.775507 0.792743 0.035905 0.044248