15 0.346579 0.077586 0.026261 0.022759
15 0.383379 0.061207 0.021078 0.024483
15 0.601762 0.058621 0.027989 0.026207
15 0.588286 0.132069 0.031444 0.033103
15 0.446614 0.223966 0.038355 0.036207
15 0.309088 0.404483 0.032827 0.022759
15 0.617312 0.347414 0.027989 0.038276
15 0.795612 0.345000 0.050104 0.046552
15 0.851244 0.423276 0.038355 0.039655
15 0.574464 0.497414 0.031444 0.024483
15 0.381652 0.480517 0.027989 0.034828
15 0.332239 0.567414 0.031444 0.031379
15 0.093124 0.483966 0.052177 0.031379
15 0.396164 0.629483 0.036282 0.039655
15 0.658258 0.610000 0.038010 0.044828
15 0.134934 0.599828 0.029371 0.031379
15 0.203179 0.627069 0.029717 0.034828
15 0.129060 0.633793 0.027989 0.021379
15 0.165688 0.683276 0.032827 0.017586
15 0.158950 0.635345 0.019350 0.021034
15 0.175881 0.627069 0.012440 0.021034
15 0.244299 0.680690 0.029717 0.029655
15 0.164824 0.703621 0.024879 0.024483
15 0.250173 0.730862 0.017968 0.017586
15 0.204907 0.761552 0.022806 0.031379
15 0.268141 0.786207 0.029717 0.033103
15 0.340532 0.771897 0.027989 0.027931
15 0.465273 0.847586 0.024534 0.026207
15 0.536282 0.815172 0.026261 0.022759
15 0.561852 0.820345 0.029717 0.026207
15 0.551486 0.908103 0.026261 0.038276
15 0.094333 0.289138 0.023497 0.028621