15 0.583217 0.116469 0.038032 0.042827
15 0.681612 0.113162 0.028262 0.030641
15 0.752617 0.141539 0.030705 0.029596
15 0.756455 0.188196 0.030705 0.033078
15 0.805827 0.175139 0.017795 0.029944
15 0.835834 0.193245 0.023378 0.027159
15 0.396022 0.220578 0.030007 0.029596
15 0.381368 0.202646 0.025820 0.025070
15 0.360258 0.222667 0.036636 0.029596
15 0.320307 0.282208 0.039777 0.028203
15 0.414166 0.302054 0.033496 0.027507
15 0.489532 0.258357 0.025820 0.032033
15 0.497732 0.294394 0.024773 0.027507
15 0.520935 0.287779 0.020935 0.023329
15 0.551989 0.298398 0.025122 0.027159
15 0.545708 0.315286 0.025122 0.021240
15 0.622819 0.346274 0.030007 0.028900
15 0.651605 0.345404 0.031752 0.028552
15 0.651954 0.373259 0.026169 0.025070
15 0.608863 0.380049 0.023029 0.021240
15 0.538381 0.342444 0.030705 0.023329
15 0.518667 0.341574 0.026169 0.022981
15 0.516050 0.353586 0.021633 0.014276
15 0.459525 0.323294 0.027913 0.026811
15 0.434927 0.323990 0.028960 0.024025
15 0.387997 0.339659 0.026518 0.026811
15 0.346127 0.328517 0.028611 0.016365
15 0.340370 0.351671 0.028960 0.023677
15 0.406315 0.366643 0.021982 0.026462
15 0.441731 0.365251 0.025122 0.027855
15 0.456560 0.342270 0.018493 0.018106
15 0.477320 0.346797 0.023029 0.024373
15 0.465806 0.360550 0.025122 0.026114
15 0.510119 0.368384 0.015352 0.015320
15 0.895499 0.281337 0.024075 0.020195
15 0.886427 0.304318 0.024075 0.025766
15 0.907188 0.317549 0.013259 0.011838
15 0.896895 0.325383 0.028960 0.028900
15 0.913817 0.341574 0.025122 0.022981
15 0.915736 0.363336 0.031752 0.026114
15 0.911200 0.393280 0.024773 0.026114
15 0.931786 0.404248 0.026169 0.025070
15 0.926727 0.424269 0.034892 0.031685
15 0.931612 0.452472 0.023029 0.026811
15 0.929693 0.468315 0.015701 0.012535
15 0.938416 0.474582 0.023378 0.020891
15 0.943999 0.494603 0.032449 0.026114
15 0.890265 0.466922 0.016399 0.013928
15 0.827111 0.402681 0.026867 0.029596
15 0.847348 0.404422 0.015701 0.021240
15 0.848395 0.440808 0.030356 0.036212
15 0.860433 0.461177 0.033496 0.027507
15 0.880844 0.495648 0.024075 0.028900
15 0.894452 0.511316 0.016399 0.024721
15 0.903001 0.521414 0.024424 0.016365
15 0.903001 0.544916 0.020237 0.022981
15 0.940509 0.544916 0.028262 0.021588
15 0.930565 0.569986 0.023029 0.019499
15 0.894103 0.565111 0.024075 0.017409
15 0.885555 0.576253 0.023726 0.016713
15 0.794836 0.466226 0.024424 0.022284
15 0.693650 0.400940 0.030705 0.024025
15 0.694173 0.460132 0.028262 0.023329
15 0.701151 0.478064 0.029658 0.023677
15 0.683182 0.544568 0.030705 0.026462
15 0.629798 0.414868 0.017446 0.021240
15 0.629972 0.430884 0.017795 0.021936
15 0.642359 0.416435 0.014655 0.006964
15 0.651256 0.427925 0.025471 0.027855
15 0.642533 0.462744 0.028960 0.022284
15 0.894801 0.598886 0.024773 0.023677
15 0.930740 0.589136 0.019888 0.025766
15 0.925157 0.602890 0.015003 0.014972
15 0.884682 0.620299 0.023378 0.022632
15 0.924808 0.658078 0.019888 0.018106
15 0.912770 0.670091 0.020237 0.026114
15 0.912247 0.690808 0.015701 0.015320
15 0.855897 0.675836 0.030007 0.029944
15 0.675855 0.675662 0.032100 0.030989
15 0.829204 0.705084 0.020586 0.027855
15 0.847348 0.708914 0.024075 0.032033
15 0.880670 0.742862 0.028611 0.029596
15 0.808444 0.751567 0.027216 0.024721
15 0.648639 0.761316 0.035590 0.027507
15 0.800244 0.782033 0.026867 0.027159
15 0.824145 0.783774 0.027913 0.028552
15 0.836008 0.794568 0.019539 0.016713
15 0.833043 0.808670 0.013608 0.015669
15 0.821005 0.819638 0.021633 0.018106
15 0.797976 0.811281 0.019539 0.020891
15 0.757153 0.788475 0.029309 0.019150
15 0.745813 0.799791 0.022680 0.020891
15 0.724180 0.797702 0.030356 0.025070
15 0.721738 0.814415 0.026867 0.022284
15 0.618109 0.828343 0.027565 0.026462
15 0.649163 0.815808 0.025471 0.022981
15 0.661898 0.831999 0.027216 0.021936
15 0.648290 0.842444 0.024424 0.019150
15 0.755234 0.846971 0.024773 0.030989
15 0.741800 0.858113 0.022331 0.024721
15 0.663294 0.869603 0.024424 0.022632
15 0.718423 0.900070 0.020935 0.020891
15 0.641486 0.913997 0.028960 0.031337
15 0.607641 0.922702 0.027565 0.027855
15 0.592987 0.840529 0.027565 0.029944
15 0.572226 0.851497 0.020935 0.017061
15 0.545185 0.842270 0.024773 0.021588
15 0.518493 0.879526 0.023726 0.022981
15 0.558095 0.871692 0.046406 0.029596
15 0.533147 0.946553 0.029309 0.030989
15 0.472261 0.872040 0.029658 0.025418
15 0.360258 0.861943 0.031054 0.021936
15 0.424634 0.889972 0.027913 0.028552
15 0.443301 0.883182 0.024773 0.021240
15 0.465108 0.898503 0.017446 0.020543
15 0.454117 0.912779 0.021284 0.021936
15 0.445220 0.926184 0.023726 0.022284
15 0.350663 0.736943 0.030007 0.024025
15 0.553733 0.664694 0.023726 0.027855
15 0.533496 0.655118 0.027216 0.026811
15 0.518318 0.655989 0.015701 0.016017
15 0.508025 0.672876 0.014655 0.014972
15 0.496162 0.648329 0.023726 0.020195
15 0.489881 0.661212 0.021633 0.018106
15 0.456036 0.665564 0.023029 0.018454
15 0.439288 0.677403 0.022331 0.021240
15 0.445045 0.709436 0.020586 0.025418
15 0.426727 0.708043 0.027216 0.027507
15 0.403350 0.705954 0.023726 0.026114
15 0.382589 0.698816 0.022680 0.013231
15 0.381891 0.711351 0.021284 0.018802
15 0.342289 0.694986 0.031403 0.025070
15 0.367411 0.679492 0.023726 0.021936
15 0.220691 0.651985 0.035241 0.029596
15 0.217376 0.747737 0.031403 0.026811
15 0.387997 0.670787 0.020237 0.017061
15 0.393231 0.656685 0.016050 0.011838
15 0.441905 0.637883 0.017795 0.022284
15 0.469295 0.628308 0.023726 0.021240
15 0.492149 0.617688 0.021982 0.024373
15 0.521982 0.602542 0.030705 0.022632
15 0.545534 0.615425 0.019191 0.016365
15 0.539428 0.626045 0.022331 0.013928
15 0.566469 0.618558 0.025471 0.021936
15 0.576413 0.593489 0.015352 0.015669
15 0.549721 0.565808 0.023378 0.021588
15 0.583391 0.551010 0.023029 0.021240
15 0.603454 0.532208 0.026169 0.024721
15 0.513957 0.548224 0.027216 0.025418
15 0.476971 0.558496 0.022331 0.022284
15 0.449581 0.576602 0.015701 0.016017
15 0.457432 0.594533 0.022331 0.022632
15 0.435799 0.596448 0.018144 0.019499
15 0.404571 0.602194 0.023378 0.019847
15 0.409979 0.640843 0.023029 0.021936
15 0.396895 0.643976 0.017795 0.019150
15 0.384682 0.631093 0.016399 0.014972
15 0.377879 0.646936 0.020935 0.019499
15 0.367760 0.630223 0.021633 0.019499
15 0.344208 0.621344 0.017097 0.017758
15 0.343336 0.636490 0.026518 0.019499
15 0.320307 0.624826 0.016748 0.016365
15 0.321877 0.608635 0.017795 0.019499
15 0.327111 0.591922 0.016399 0.013928
15 0.296930 0.610376 0.032100 0.032730
15 0.288904 0.584784 0.022331 0.020543
15 0.379623 0.611943 0.025820 0.021936
15 0.354501 0.605153 0.016748 0.021588
15 0.366539 0.594185 0.014306 0.017061
15 0.339846 0.586873 0.022331 0.026811
15 0.373692 0.581302 0.016748 0.016365
15 0.356943 0.566678 0.030007 0.021936
15 0.385380 0.556755 0.015003 0.017409
15 0.399686 0.576253 0.013608 0.018802
15 0.412247 0.575383 0.016399 0.019847
15 0.423587 0.574687 0.013259 0.018454
15 0.430740 0.569290 0.018493 0.019499
15 0.444871 0.553099 0.020237 0.014276
15 0.444522 0.525592 0.020935 0.020543
15 0.416609 0.531163 0.018144 0.014276
15 0.401954 0.514624 0.020935 0.015320
15 0.327460 0.509227 0.019888 0.014276
15 0.287334 0.507486 0.019888 0.024721
15 0.260816 0.541435 0.024075 0.025070
15 0.278437 0.549791 0.019539 0.022284
15 0.280007 0.533948 0.017795 0.019150
15 0.294836 0.548398 0.013957 0.011142
15 0.310188 0.555884 0.017446 0.017061
15 0.316818 0.569290 0.016748 0.018802
15 0.332694 0.540390 0.018493 0.014624
15 0.334962 0.552751 0.021633 0.019150
15 0.370377 0.542479 0.048500 0.027855
15 0.381717 0.525766 0.023726 0.028552
15 0.191556 0.555884 0.024424 0.030989
15 0.209002 0.555536 0.022331 0.024025
15 0.314201 0.526288 0.048500 0.040042
15 0.245464 0.495648 0.021982 0.023329
15 0.259246 0.480153 0.017446 0.018802
15 0.252966 0.465529 0.025820 0.024373
15 0.234473 0.428447 0.031403 0.027507
15 0.284892 0.416086 0.033845 0.034123
15 0.402652 0.453343 0.020935 0.022284
15 0.407537 0.427577 0.016050 0.013928
15 0.416260 0.418001 0.015352 0.017061
15 0.390265 0.406859 0.028262 0.030989
15 0.428821 0.441156 0.028611 0.033426
15 0.419749 0.480850 0.024424 0.024373
15 0.434403 0.500522 0.024424 0.021936
15 0.455513 0.492166 0.015003 0.019847
15 0.464585 0.502786 0.015003 0.017409
15 0.471912 0.513405 0.018493 0.021240
15 0.480112 0.497040 0.013259 0.019847
15 0.491452 0.489206 0.016399 0.022284
15 0.474529 0.451602 0.023726 0.027855
15 0.506629 0.466400 0.022331 0.024721
15 0.512387 0.500348 0.016399 0.020891
15 0.511514 0.515843 0.020237 0.021936
15 0.535939 0.495125 0.020935 0.020891
15 0.542742 0.472145 0.019191 0.020891
15 0.529484 0.450905 0.021982 0.020891
15 0.542045 0.446901 0.017795 0.021936
15 0.568562 0.439415 0.021982 0.025070
15 0.582345 0.455432 0.018144 0.021588
15 0.609560 0.463092 0.020237 0.025070
15 0.609560 0.497563 0.020237 0.025766
15 0.633810 0.496692 0.019888 0.019150
15 0.627530 0.477019 0.018493 0.022284
15 0.582694 0.487465 0.015352 0.013928
15 0.591766 0.507486 0.018144 0.017758
15 0.592289 0.493558 0.019888 0.019847
15 0.566643 0.479109 0.018842 0.018802
15 0.565422 0.494777 0.025471 0.027855
15 0.432135 0.393454 0.019191 0.024373
15 0.472435 0.378308 0.016050 0.016365
15 0.480461 0.389972 0.015352 0.015320
15 0.491975 0.399373 0.016050 0.019499
15 0.511689 0.386316 0.021982 0.024025
15 0.522156 0.394499 0.013608 0.011838
15 0.536288 0.403726 0.018144 0.019847
15 0.509595 0.409819 0.024075 0.029248
15 0.552512 0.383357 0.023378 0.020891
15 0.555478 0.396588 0.023029 0.016713
15 0.566294 0.407382 0.023726 0.021588
15 0.177425 0.299269 0.042219 0.033774
15 0.272680 0.780989 0.034543 0.032730
15 0.776518 0.823642 0.023378 0.032382