15 0.559804 0.117488 0.034433 0.033465
15 0.659116 0.104894 0.027909 0.029147
15 0.730337 0.131522 0.032621 0.031306
15 0.735049 0.174523 0.035520 0.040302
15 0.787242 0.157431 0.026821 0.027708
15 0.814607 0.176142 0.022834 0.027708
15 0.474628 0.260525 0.034433 0.029507
15 0.362088 0.208708 0.023197 0.028068
15 0.341247 0.235516 0.030808 0.034905
15 0.379848 0.228140 0.031171 0.031666
15 0.309170 0.292191 0.038420 0.028068
15 0.398333 0.305865 0.027546 0.025189
15 0.485683 0.296150 0.023197 0.021591
15 0.508336 0.288953 0.015585 0.027348
15 0.536970 0.296330 0.022109 0.021950
15 0.533708 0.313782 0.027909 0.022310
15 0.611997 0.340590 0.031533 0.025549
15 0.639362 0.337711 0.030446 0.029867
15 0.525734 0.341850 0.021385 0.021591
15 0.506887 0.341670 0.018485 0.024829
15 0.503806 0.354624 0.015948 0.013314
15 0.449982 0.324577 0.029358 0.025189
15 0.423523 0.329975 0.026459 0.023750
15 0.378398 0.346168 0.030446 0.024469
15 0.335991 0.339691 0.024647 0.017992
15 0.447264 0.345988 0.014498 0.014754
15 0.333998 0.362181 0.029358 0.025549
15 0.398876 0.374595 0.029358 0.025909
15 0.432403 0.367938 0.021747 0.026268
15 0.467017 0.347247 0.022109 0.024469
15 0.456506 0.361821 0.020660 0.024829
15 0.466292 0.381252 0.015585 0.015473
15 0.471729 0.390248 0.015585 0.019791
15 0.485321 0.400324 0.015948 0.023390
15 0.503625 0.371177 0.021385 0.016913
15 0.503262 0.386830 0.027184 0.020871
15 0.516673 0.395646 0.017035 0.016913
15 0.528452 0.401223 0.016673 0.020151
15 0.503081 0.409500 0.026096 0.027348
15 0.545306 0.379453 0.020660 0.016913
15 0.548568 0.394027 0.018485 0.015833
15 0.560529 0.402303 0.027184 0.026628
15 0.602211 0.374595 0.025009 0.023030
15 0.643349 0.365779 0.032621 0.026268
15 0.685212 0.393127 0.026459 0.028427
15 0.624502 0.406261 0.023197 0.020871
15 0.621421 0.425153 0.020660 0.017632
15 0.637187 0.413278 0.012323 0.011155
15 0.649329 0.420295 0.016310 0.018712
15 0.640087 0.426952 0.017398 0.019791
15 0.562704 0.428212 0.018485 0.010795
15 0.569953 0.439187 0.017035 0.016913
15 0.542407 0.445304 0.023559 0.020511
15 0.526096 0.448003 0.018485 0.018712
15 0.470279 0.451241 0.026459 0.024469
15 0.502900 0.465635 0.022834 0.023030
15 0.426785 0.396546 0.027909 0.025189
15 0.384922 0.410399 0.031171 0.026268
15 0.410294 0.420115 0.014498 0.015473
15 0.401957 0.433249 0.016673 0.014394
15 0.426604 0.444045 0.027546 0.026628
15 0.399420 0.459338 0.026821 0.022670
15 0.416636 0.482188 0.023559 0.020151
15 0.433672 0.503059 0.020660 0.021591
15 0.445632 0.529507 0.019935 0.021950
15 0.452881 0.493883 0.015585 0.019072
15 0.470460 0.515473 0.026096 0.018352
15 0.478978 0.496582 0.015585 0.018712
15 0.490939 0.490284 0.014136 0.022670
15 0.510149 0.498201 0.015585 0.021950
15 0.513229 0.514394 0.022472 0.019791
15 0.515042 0.545340 0.024647 0.022670
15 0.535883 0.494782 0.026459 0.022310
15 0.539507 0.468514 0.019210 0.020871
15 0.578652 0.450342 0.015585 0.016913
15 0.608191 0.457539 0.022472 0.029147
15 0.562523 0.472112 0.021747 0.015833
15 0.563066 0.487046 0.015585 0.014034
15 0.567235 0.499280 0.023197 0.016913
15 0.577021 0.484527 0.015223 0.019072
15 0.592425 0.487046 0.018485 0.019791
15 0.587169 0.500900 0.013773 0.014394
15 0.608554 0.490824 0.018847 0.020871
15 0.624502 0.468514 0.017398 0.017992
15 0.629213 0.485786 0.020297 0.017272
15 0.640812 0.455919 0.022472 0.025909
15 0.689199 0.447103 0.022109 0.020511
15 0.699891 0.467254 0.027546 0.025549
15 0.685212 0.536344 0.026459 0.029867
15 0.602755 0.524109 0.023922 0.024109
15 0.584451 0.543361 0.015585 0.019431
15 0.554549 0.563872 0.031896 0.023030
15 0.479703 0.560094 0.025734 0.024109
15 0.282167 0.429291 0.038057 0.033825
15 0.402320 0.521051 0.020297 0.020151
15 0.419717 0.535624 0.014498 0.014754
15 0.446901 0.555955 0.020297 0.017992
15 0.328380 0.519252 0.018847 0.017272
15 0.287604 0.518532 0.026459 0.024469
15 0.252809 0.477150 0.029358 0.020871
15 0.257883 0.493343 0.019935 0.020871
15 0.263320 0.555596 0.021385 0.025189
15 0.282530 0.544261 0.022834 0.019791
15 0.277818 0.561713 0.020660 0.023750
15 0.299928 0.561893 0.019210 0.015473
15 0.307720 0.543181 0.026821 0.017632
15 0.308808 0.526448 0.015223 0.024469
15 0.324574 0.532566 0.024284 0.019431
15 0.337079 0.550378 0.021022 0.017632
15 0.360094 0.546420 0.018485 0.021950
15 0.379485 0.523929 0.015948 0.016553
15 0.389090 0.524649 0.011961 0.012235
15 0.385828 0.534725 0.015585 0.012954
15 0.792497 0.451961 0.023559 0.026628
15 0.880935 0.260885 0.025009 0.024469
15 0.872418 0.284995 0.028271 0.023030
15 0.889090 0.305146 0.034795 0.031666
15 0.901595 0.319719 0.021385 0.017632
15 0.902320 0.340770 0.026459 0.029507
15 0.901414 0.369557 0.028271 0.026628
15 0.921167 0.378374 0.023559 0.018352
15 0.917543 0.401403 0.032983 0.025549
15 0.926423 0.429111 0.026821 0.025549
15 0.924067 0.441526 0.016310 0.020871
15 0.932222 0.452321 0.026821 0.020871
15 0.944183 0.471033 0.030446 0.028068
15 0.882566 0.445844 0.018847 0.015833
15 0.821312 0.383231 0.026096 0.030227
15 0.838710 0.385211 0.022472 0.029147
15 0.842334 0.423174 0.030446 0.030946
15 0.854295 0.439007 0.030446 0.028787
15 0.876223 0.473911 0.026459 0.028068
15 0.893440 0.487046 0.015223 0.019072
15 0.898152 0.495502 0.023197 0.018712
15 0.942552 0.519431 0.022834 0.020511
15 0.901051 0.521231 0.020297 0.020511
15 0.896883 0.542281 0.022834 0.020871
15 0.891990 0.552537 0.022472 0.015473
15 0.897427 0.574487 0.023197 0.024829
15 0.889090 0.596617 0.027546 0.027348
15 0.932765 0.545160 0.021385 0.022310
15 0.932041 0.562792 0.025009 0.020151
15 0.927148 0.576286 0.017398 0.016193
15 0.929503 0.630623 0.019210 0.019072
15 0.920080 0.644476 0.025734 0.025189
15 0.923342 0.664807 0.016310 0.015473
15 0.861906 0.653832 0.026821 0.028068
15 0.684487 0.658690 0.038782 0.038503
15 0.837079 0.686578 0.022834 0.032386
15 0.893440 0.717884 0.026096 0.025909
15 0.857195 0.687837 0.021747 0.029867
15 0.659841 0.748291 0.033708 0.028427
15 0.821493 0.730838 0.022834 0.027348
15 0.814244 0.761425 0.023559 0.029507
15 0.835991 0.758186 0.025734 0.026628
15 0.850671 0.772580 0.018123 0.021591
15 0.848496 0.788053 0.016673 0.016553
15 0.838347 0.798489 0.018123 0.024469
15 0.813338 0.793091 0.021747 0.025189
15 0.802283 0.795610 0.022834 0.018712
15 0.794310 0.808924 0.022109 0.024469
15 0.771475 0.770421 0.023559 0.023030
15 0.760602 0.784095 0.027184 0.019431
15 0.739217 0.780497 0.027909 0.023750
15 0.735593 0.799928 0.022834 0.023030
15 0.772381 0.823498 0.018847 0.019791
15 0.778905 0.835193 0.017398 0.015113
15 0.759696 0.838431 0.023922 0.026628
15 0.737767 0.884491 0.018485 0.019431
15 0.683943 0.855883 0.026096 0.023390
15 0.665821 0.829975 0.021022 0.019072
15 0.662740 0.804606 0.020660 0.022310
15 0.678507 0.816121 0.019572 0.025189
15 0.635194 0.817740 0.029358 0.025549
15 0.664190 0.901763 0.029358 0.025189
15 0.628670 0.912558 0.030808 0.027348
15 0.610910 0.833573 0.027909 0.026988
15 0.590613 0.844189 0.018485 0.019431
15 0.580645 0.866679 0.039145 0.035624
15 0.562341 0.836272 0.022109 0.020151
15 0.540232 0.876574 0.026459 0.021591
15 0.493476 0.869377 0.027909 0.023750
15 0.445814 0.892407 0.026821 0.028068
15 0.465024 0.884671 0.020297 0.021950
15 0.484233 0.894207 0.021022 0.016553
15 0.478434 0.910579 0.019572 0.022670
15 0.458137 0.709428 0.024647 0.024109
15 0.230337 0.762504 0.035158 0.034545
15 0.289960 0.788953 0.044219 0.037064
15 0.383291 0.869557 0.027184 0.028427
15 0.469011 0.926592 0.021747 0.017272
15 0.559442 0.936848 0.025734 0.019791
15 0.366075 0.743613 0.030446 0.028427
15 0.436390 0.709248 0.028271 0.025189
15 0.414824 0.705829 0.019935 0.020511
15 0.389453 0.702951 0.019210 0.014754
15 0.393983 0.716265 0.030446 0.021950
15 0.354657 0.699532 0.029358 0.025909
15 0.379485 0.684779 0.025372 0.021591
15 0.228162 0.665347 0.032983 0.028068
15 0.446901 0.678302 0.023197 0.020871
15 0.464299 0.665887 0.021022 0.019791
15 0.498913 0.660130 0.024284 0.019791
15 0.504349 0.643757 0.019935 0.019431
15 0.517760 0.669306 0.016310 0.020151
15 0.525372 0.652753 0.016310 0.016553
15 0.539326 0.649694 0.020297 0.024829
15 0.560529 0.658870 0.027909 0.028787
15 0.573577 0.614250 0.025009 0.027348
15 0.578652 0.587082 0.016310 0.016193
15 0.529358 0.598237 0.028634 0.022670
15 0.549656 0.610291 0.020660 0.023030
15 0.546756 0.623965 0.020660 0.015113
15 0.499638 0.616229 0.026459 0.022670
15 0.475353 0.627924 0.019935 0.020871
15 0.446176 0.639798 0.022472 0.020151
15 0.441646 0.596438 0.015585 0.020511
15 0.460855 0.596438 0.019210 0.023390
15 0.455056 0.581324 0.012686 0.014754
15 0.418449 0.642137 0.021385 0.021231
15 0.407575 0.647715 0.021385 0.015113
15 0.399058 0.669665 0.023922 0.023750
15 0.386734 0.651134 0.018123 0.020511
15 0.391809 0.636920 0.016673 0.015833
15 0.372780 0.636200 0.021385 0.016553
15 0.352302 0.631342 0.019572 0.016913
15 0.349583 0.645556 0.023559 0.019431
15 0.328561 0.632961 0.015585 0.012954
15 0.328199 0.618748 0.020660 0.019072
15 0.305364 0.619108 0.034433 0.031306
15 0.294128 0.596438 0.025734 0.023390
15 0.330736 0.600216 0.016310 0.018712
15 0.343965 0.592479 0.018847 0.025549
15 0.360275 0.611191 0.021022 0.019791
15 0.371511 0.600576 0.014498 0.012954
15 0.408844 0.605793 0.021022 0.022670
15 0.378942 0.614789 0.022109 0.024109
15 0.394165 0.611731 0.017035 0.017992
15 0.375861 0.585282 0.019572 0.016913
15 0.371693 0.571069 0.015585 0.013674
15 0.355926 0.574847 0.017398 0.024109
15 0.321675 0.578266 0.019935 0.020871
15 0.388184 0.565491 0.015948 0.015473
15 0.388365 0.545880 0.018485 0.015113
15 0.428235 0.556315 0.018485 0.015833
15 0.434578 0.574127 0.023197 0.025549
15 0.415730 0.579525 0.013048 0.016193
15 0.404132 0.576466 0.018123 0.012235
15 0.312613 0.566031 0.018485 0.014394
15 0.337622 0.560993 0.019210 0.017272
15 0.246466 0.508456 0.025372 0.023750
15 0.414643 0.560273 0.013773 0.017272
15 0.192823 0.571968 0.022472 0.024829
15 0.215114 0.571968 0.025009 0.027708
15 0.166908 0.318100 0.043856 0.042461
15 0.231968 0.443685 0.040594 0.030946