15 0.499828 0.087414 0.022719 0.022414
15 0.444406 0.088103 0.017900 0.018276
15 0.356110 0.089655 0.016867 0.015172
15 0.336661 0.096379 0.026162 0.022414
15 0.340448 0.171034 0.024096 0.022759
15 0.378141 0.281552 0.021687 0.020345
15 0.395009 0.307241 0.018933 0.017241
15 0.264028 0.344138 0.025473 0.024828
15 0.382788 0.379655 0.015835 0.014483
15 0.363339 0.397241 0.021687 0.022759
15 0.322375 0.419828 0.024441 0.023103
15 0.351119 0.467586 0.021343 0.022759
15 0.286403 0.531552 0.022719 0.022414
15 0.343718 0.515517 0.013425 0.014483
15 0.357315 0.516379 0.015835 0.014828
15 0.470396 0.352586 0.018244 0.019655
15 0.459208 0.278448 0.026850 0.025172
15 0.507917 0.272759 0.019621 0.016552
15 0.528916 0.307931 0.018933 0.020690
15 0.538382 0.330345 0.019277 0.017931
15 0.511532 0.355517 0.026162 0.020690
15 0.487263 0.336552 0.021687 0.023448
15 0.554045 0.214138 0.017556 0.015862
15 0.575387 0.219483 0.020998 0.018966
15 0.598623 0.241207 0.019966 0.020345
15 0.581239 0.235345 0.019621 0.020345
15 0.662823 0.284138 0.023064 0.020000
15 0.647849 0.282069 0.011704 0.011034
15 0.618417 0.277759 0.016867 0.014828
15 0.600344 0.269483 0.019966 0.016897
15 0.573666 0.273621 0.020310 0.016207
15 0.569019 0.261552 0.013769 0.014138
15 0.555594 0.263966 0.014458 0.014138
15 0.551807 0.311724 0.017212 0.020690
15 0.570224 0.311552 0.011360 0.010690
15 0.590361 0.289828 0.013081 0.013448
15 0.580379 0.298793 0.014458 0.018966
15 0.598795 0.303276 0.015491 0.010690
15 0.622892 0.297241 0.016867 0.016552
15 0.630809 0.286552 0.016179 0.015172
15 0.605336 0.320000 0.016867 0.013103
15 0.600344 0.333621 0.016523 0.012069
15 0.618072 0.342414 0.017556 0.017931
15 0.604819 0.347069 0.017212 0.018276
15 0.590017 0.357414 0.019277 0.018966
15 0.635628 0.318966 0.016867 0.015862
15 0.645611 0.330690 0.016867 0.018621
15 0.663511 0.310862 0.018244 0.016897
15 0.663167 0.330000 0.014802 0.014483
15 0.689329 0.315690 0.024441 0.016897
15 0.683821 0.332069 0.016179 0.021379
15 0.713769 0.364310 0.015491 0.019655
15 0.725301 0.359655 0.011015 0.014483
15 0.683133 0.375000 0.013425 0.017586
15 0.676076 0.360000 0.015835 0.015862
15 0.665060 0.368621 0.013769 0.011034
15 0.659036 0.382241 0.020998 0.016207
15 0.659036 0.400172 0.018244 0.016897
15 0.607573 0.403448 0.014458 0.019310
15 0.630637 0.426379 0.019966 0.023793
15 0.568675 0.416552 0.020654 0.019310
15 0.542341 0.412241 0.018933 0.019655
15 0.675731 0.508793 0.023408 0.020345
15 0.659036 0.606034 0.022375 0.021724
15 0.696213 0.666724 0.018244 0.014828
15 0.715663 0.630345 0.024096 0.022759
15 0.694320 0.683103 0.022031 0.019310
15 0.652668 0.706379 0.021343 0.017586
15 0.623752 0.711034 0.020654 0.016552
15 0.651635 0.733103 0.015835 0.015172
15 0.641824 0.728793 0.014114 0.013448
15 0.632358 0.759828 0.021343 0.020345
15 0.503098 0.752586 0.024441 0.020345
15 0.457143 0.766379 0.020654 0.017586
15 0.388468 0.723966 0.023064 0.020345
15 0.386059 0.770690 0.020310 0.017931
15 0.373494 0.590690 0.019277 0.017931
15 0.363683 0.608621 0.013425 0.013793
15 0.387263 0.628793 0.019966 0.018276
15 0.423236 0.618103 0.018244 0.018276
15 0.442513 0.634483 0.014802 0.012414
15 0.434940 0.663448 0.013425 0.011034
15 0.414286 0.654483 0.014802 0.016552
15 0.393804 0.647586 0.012392 0.014483
15 0.372633 0.644483 0.016867 0.013793
15 0.426162 0.639655 0.019277 0.016552
15 0.428916 0.597414 0.013769 0.012069
15 0.434596 0.586379 0.018244 0.016207
15 0.399139 0.542241 0.018244 0.016207
15 0.380551 0.550517 0.018933 0.014138
15 0.374010 0.519828 0.016179 0.016897
15 0.374182 0.535517 0.016523 0.015172
15 0.384854 0.526379 0.013769 0.013448
15 0.387435 0.535862 0.011360 0.011034
15 0.421687 0.548966 0.015835 0.012414
15 0.421515 0.560690 0.016179 0.011724
15 0.408606 0.561897 0.010327 0.014828
15 0.455250 0.575000 0.013425 0.010000
15 0.462134 0.585345 0.016179 0.012069
15 0.472461 0.597586 0.013425 0.011724
15 0.498279 0.602759 0.014802 0.013103
15 0.488468 0.608448 0.011015 0.010000
15 0.486059 0.621034 0.008950 0.007586
15 0.485542 0.646724 0.020310 0.017586
15 0.498623 0.637759 0.015491 0.014138
15 0.501721 0.625000 0.012737 0.010000
15 0.512392 0.630172 0.014114 0.016207
15 0.538554 0.626724 0.014802 0.018276
15 0.529260 0.634310 0.012048 0.012759
15 0.525473 0.621724 0.009983 0.008276
15 0.335284 0.663966 0.019277 0.017586
15 0.322203 0.691724 0.015835 0.015862
15 0.342169 0.695000 0.019966 0.017586
15 0.325301 0.720690 0.019277 0.018621
15 0.331325 0.707414 0.016179 0.015517
15 0.299484 0.704310 0.017900 0.019655
15 0.282100 0.705690 0.014114 0.012759
15 0.234423 0.705000 0.014458 0.013448
15 0.199312 0.698621 0.014458 0.014483
15 0.194320 0.731379 0.017556 0.015862
15 0.217212 0.759138 0.024096 0.019655
15 0.253701 0.745690 0.019277 0.018276
15 0.255250 0.716897 0.016867 0.010345
15 0.259036 0.729828 0.023064 0.013448
15 0.194492 0.605690 0.019966 0.017586
15 0.171945 0.596207 0.016867 0.016552
15 0.154217 0.606379 0.017212 0.016207
15 0.144406 0.617069 0.012048 0.011379
15 0.064372 0.609828 0.016523 0.016207
15 0.127194 0.662414 0.018244 0.015862
15 0.147504 0.685172 0.017556 0.015862
15 0.168847 0.647414 0.013425 0.012069
15 0.151807 0.645862 0.013769 0.014483
15 0.164200 0.630172 0.015146 0.016207
15 0.145783 0.631207 0.018933 0.015517
15 0.086059 0.588966 0.017900 0.014483
15 0.301549 0.728276 0.017900 0.018621
15 0.285026 0.742931 0.017900 0.013448
15 0.286919 0.728793 0.016867 0.010690
15 0.336145 0.760862 0.017556 0.015517
15 0.306024 0.756552 0.012392 0.012414
15 0.320482 0.763966 0.011015 0.016897
15 0.357831 0.784655 0.020310 0.015517
15 0.361618 0.798793 0.016867 0.015517
15 0.388124 0.799483 0.021687 0.018966
15 0.411015 0.826034 0.020654 0.019655
15 0.392599 0.825517 0.020998 0.020690
15 0.503270 0.838103 0.027539 0.023103
15 0.540792 0.791207 0.021343 0.021724
15 0.576764 0.813966 0.016867 0.017586
15 0.605336 0.781207 0.021687 0.020345
15 0.643029 0.801897 0.028227 0.021724
15 0.637177 0.823621 0.024096 0.021724
15 0.130293 0.581379 0.012737 0.010345
15 0.130981 0.595345 0.015491 0.008621
15 0.176420 0.663448 0.016867 0.016552
15 0.180551 0.675345 0.010671 0.012759
15 0.209294 0.673103 0.010327 0.013793
15 0.196213 0.674655 0.013081 0.012759
15 0.213769 0.684138 0.015835 0.014483
15 0.405680 0.904828 0.027194 0.024828
15 0.484509 0.922069 0.025129 0.028276
15 0.592255 0.899483 0.028571 0.027241
15 0.670052 0.900000 0.020310 0.020000
15 0.680723 0.913793 0.015491 0.014483
15 0.743029 0.855690 0.021687 0.023793
15 0.791910 0.786724 0.029948 0.019655
15 0.733735 0.747759 0.018244 0.018276
15 0.734596 0.722069 0.024096 0.022069
15 0.754217 0.696034 0.023408 0.021724
15 0.751807 0.657414 0.024785 0.023103
15 0.756799 0.554310 0.024441 0.025172
15 0.750086 0.508966 0.019277 0.017931
15 0.777625 0.471034 0.024096 0.017931
15 0.747160 0.441724 0.025129 0.022069
15 0.789673 0.390172 0.021343 0.025172
15 0.821859 0.389655 0.020310 0.020690
15 0.072117 0.427931 0.016867 0.020000
15 0.072117 0.395517 0.019621 0.021379
15 0.113941 0.283793 0.017212 0.020690
15 0.158520 0.236724 0.029948 0.025172
15 0.092599 0.310345 0.020654 0.016552
15 0.061790 0.455000 0.013425 0.016897
15 0.076248 0.465172 0.018244 0.017931
15 0.209811 0.160690 0.016179 0.020690
15 0.253184 0.117069 0.020998 0.017586
15 0.218589 0.143793 0.013769 0.018621
15 0.179862 0.193448 0.018244 0.022759
15 0.166437 0.196034 0.014114 0.018276
15 0.149914 0.207069 0.013425 0.016207
15 0.183993 0.180517 0.012048 0.008621
15 0.090017 0.329828 0.014114 0.012069
15 0.075043 0.341034 0.013769 0.015862
15 0.066265 0.347414 0.009983 0.013448
15 0.081583 0.322414 0.011704 0.008966
15 0.079518 0.484310 0.011015 0.007931
15 0.080895 0.510000 0.017900 0.017931
15 0.068158 0.503621 0.013081 0.012069
15 0.060241 0.521897 0.016523 0.013448
15 0.068330 0.550172 0.013425 0.013448
15 0.095353 0.560862 0.018589 0.014828
15 0.108778 0.568276 0.019277 0.011724
15 0.119621 0.577241 0.017556 0.011724
15 0.115491 0.595862 0.012737 0.011034
15 0.048709 0.469138 0.015491 0.009310
15 0.047332 0.480862 0.014114 0.012069
15 0.053701 0.502069 0.011015 0.011034
15 0.076936 0.365517 0.018933 0.012414
15 0.068847 0.361379 0.017212 0.013793
15 0.128055 0.234828 0.012392 0.015172
15 0.113081 0.249655 0.012737 0.011724
15 0.129604 0.224310 0.009294 0.008621
15 0.126162 0.625862 0.014114 0.014483
15 0.128227 0.608276 0.025129 0.012414
15 0.095181 0.728966 0.008606 0.011034
15 0.106196 0.744828 0.011360 0.011724
15 0.148193 0.783793 0.012048 0.014483
15 0.160585 0.803276 0.013425 0.016897
15 0.162134 0.784138 0.015835 0.021379