16 0.353869 0.285766 0.050605 0.049982
16 0.396040 0.304962 0.046938 0.053604
16 0.453245 0.286128 0.044738 0.048533
16 0.469564 0.243933 0.048772 0.042376
16 0.512101 0.242304 0.044371 0.040565
16 0.559223 0.236509 0.052072 0.042014
16 0.557939 0.278703 0.046571 0.040927
16 0.735424 0.209707 0.050972 0.051431
16 0.683902 0.334842 0.055739 0.053966
16 0.602127 0.379573 0.055006 0.051431
16 0.541988 0.377218 0.050605 0.045998
16 0.499083 0.407823 0.053539 0.042014
16 0.505501 0.447664 0.052439 0.050706
16 0.580675 0.439877 0.046571 0.047447
16 0.558489 0.509960 0.045471 0.044911
16 0.582692 0.482615 0.037404 0.042376
16 0.615695 0.481166 0.036670 0.045273
16 0.608361 0.515393 0.044004 0.043463
16 0.634213 0.538211 0.042904 0.044187
16 0.464430 0.524448 0.057572 0.048533
16 0.423909 0.580587 0.055006 0.046360
16 0.844151 0.332488 0.040337 0.039841
16 0.859369 0.347700 0.048038 0.036943
16 0.858269 0.386816 0.053172 0.046360
16 0.795930 0.540203 0.058306 0.064832
16 0.854969 0.564650 0.043638 0.052155
16 0.913825 0.493843 0.052805 0.050344
16 0.908508 0.629844 0.053172 0.054328
16 0.856252 0.707534 0.046205 0.045998
16 0.806931 0.726548 0.061239 0.051431
16 0.809681 0.771641 0.059406 0.048171
16 0.749542 0.791380 0.052805 0.054328
16 0.580125 0.801883 0.050605 0.044911
16 0.611294 0.840094 0.044004 0.040927
16 0.400807 0.827961 0.050605 0.049982
16 0.444078 0.848606 0.056472 0.039841
16 0.678951 0.899493 0.048038 0.040203
16 0.336817 0.882470 0.039971 0.028613
16 0.260359 0.769105 0.039604 0.033683
16 0.315365 0.779971 0.044738 0.038754
16 0.319399 0.753350 0.052072 0.036943
16 0.309131 0.715321 0.046938 0.039116
16 0.284745 0.721297 0.039237 0.037305
16 0.169234 0.702101 0.045105 0.040203
16 0.277228 0.886816 0.036670 0.034408
16 0.465163 0.931909 0.037770 0.033321
16 0.253392 0.545636 0.049138 0.051793
16 0.221672 0.620790 0.049505 0.039841
16 0.226256 0.649583 0.043271 0.035132
16 0.224789 0.692322 0.033003 0.043100
16 0.251192 0.690511 0.036670 0.035857
16 0.295196 0.484426 0.049872 0.046722