17 0.439891 0.195140 0.038980 0.050780
17 0.496175 0.193870 0.041530 0.048241
17 0.520219 0.281103 0.032058 0.031919
17 0.549180 0.269133 0.022222 0.031919
17 0.582696 0.196409 0.031694 0.029380
17 0.691985 0.196409 0.038980 0.029380
17 0.865756 0.348023 0.022222 0.036634
17 0.509472 0.398259 0.038980 0.031919
17 0.318761 0.349111 0.041530 0.019949
17 0.264663 0.426913 0.034608 0.041349
17 0.281421 0.449583 0.044080 0.029380
17 0.469763 0.523758 0.036794 0.034095
17 0.545537 0.632390 0.038980 0.051143
17 0.511840 0.692057 0.034244 0.026841
17 0.619854 0.724338 0.044080 0.024664
17 0.597086 0.742292 0.026958 0.031556
17 0.533515 0.781828 0.029508 0.029380
17 0.646266 0.824628 0.043716 0.029380
17 0.597086 0.917845 0.036430 0.043888
17 0.532240 0.931085 0.041530 0.026841
17 0.502186 0.883206 0.044080 0.026841
17 0.418215 0.853283 0.039344 0.029380
17 0.381056 0.914400 0.051002 0.041349
17 0.344991 0.828437 0.017486 0.041349
17 0.277960 0.836779 0.032058 0.024664