17 0.641348 0.082785 0.031694 0.036915
17 0.395264 0.114035 0.034244 0.041667
17 0.326958 0.122442 0.036794 0.039474
17 0.324590 0.181469 0.032058 0.027412
17 0.295811 0.459430 0.036430 0.048977
17 0.307832 0.619700 0.032058 0.036915
17 0.271767 0.616045 0.060474 0.044225
17 0.384517 0.495614 0.060838 0.058480
17 0.442077 0.435307 0.046266 0.034357
17 0.523679 0.419773 0.046266 0.031798
17 0.459016 0.490863 0.036430 0.024854
17 0.453005 0.512427 0.044080 0.034357
17 0.583789 0.575110 0.031694 0.034722
17 0.568306 0.624452 0.034244 0.031798
17 0.765027 0.815789 0.048816 0.024854