17 0.386009 0.133658 0.036245 0.029221
17 0.459768 0.187951 0.036607 0.034632
17 0.452519 0.059343 0.034433 0.027778
17 0.507611 0.042208 0.036607 0.026696
17 0.466473 0.037698 0.039870 0.019841
17 0.593875 0.088745 0.038782 0.031746
17 0.615078 0.057540 0.028996 0.024170
17 0.622689 0.067460 0.031171 0.025974
17 0.642080 0.057540 0.031533 0.034271
17 0.658572 0.101912 0.034070 0.037879
17 0.699529 0.112193 0.031171 0.029582
17 0.728162 0.093434 0.031171 0.031746
17 0.638818 0.223485 0.038057 0.033550
17 0.509242 0.258658 0.037695 0.031025
17 0.667452 0.258117 0.030808 0.031385
17 0.715658 0.236652 0.028634 0.033189
17 0.775825 0.152778 0.034433 0.027056
17 0.360819 0.081169 0.032258 0.024531
17 0.362994 0.063312 0.022834 0.021284
17 0.382385 0.054834 0.021747 0.023088
17 0.332186 0.077922 0.020660 0.021645
17 0.321312 0.085498 0.023559 0.018759
17 0.328742 0.106421 0.031896 0.025974
17 0.317144 0.130592 0.031171 0.031025
17 0.803371 0.232143 0.035883 0.031385
17 0.764589 0.289322 0.036607 0.031025
17 0.638456 0.289322 0.026459 0.018038
17 0.633563 0.305375 0.021022 0.023449
17 0.655672 0.308622 0.027546 0.029942
17 0.571765 0.309704 0.025009 0.025613
17 0.529177 0.342532 0.041319 0.025613
17 0.618521 0.345599 0.024284 0.048341
17 0.635556 0.362734 0.023559 0.024892
17 0.661472 0.362915 0.024647 0.030303
17 0.683219 0.349387 0.014498 0.022727
17 0.694455 0.349026 0.014498 0.019120
17 0.700797 0.365079 0.023559 0.022367
17 0.708953 0.353716 0.021747 0.023449
17 0.707684 0.328283 0.025734 0.025974
17 0.719464 0.340548 0.026096 0.023810
17 0.735411 0.353175 0.023197 0.022367
17 0.750634 0.354437 0.025372 0.022006
17 0.739217 0.368687 0.025734 0.027417
17 0.745016 0.325036 0.021385 0.024531
17 0.759152 0.320166 0.017760 0.024170
17 0.778724 0.311869 0.028634 0.019120
17 0.777637 0.324675 0.030808 0.019481
17 0.766763 0.336400 0.023559 0.019841
17 0.782349 0.358947 0.020660 0.025253
17 0.800471 0.358045 0.019935 0.027778
17 0.785248 0.391053 0.032983 0.024531
17 0.789235 0.409271 0.025009 0.024170
17 0.764407 0.415043 0.032621 0.029942
17 0.736680 0.407468 0.030808 0.027056
17 0.633563 0.411436 0.027546 0.019841
17 0.608010 0.422439 0.030083 0.028139
17 0.638456 0.427309 0.028634 0.023449
17 0.694092 0.435065 0.028996 0.028860
17 0.732149 0.439755 0.029721 0.028860
17 0.789960 0.442280 0.026459 0.027417
17 0.606742 0.441919 0.025372 0.028860
17 0.631026 0.446970 0.027546 0.026696
17 0.611816 0.461580 0.031896 0.026335
17 0.597680 0.481962 0.033345 0.035354
17 0.609097 0.541306 0.034433 0.035714
17 0.655672 0.515332 0.034070 0.031385
17 0.652048 0.537698 0.024647 0.026335
17 0.680681 0.455447 0.032621 0.034271
17 0.721819 0.476010 0.027909 0.028499
17 0.694817 0.546356 0.026096 0.030664
17 0.723088 0.537879 0.023922 0.024531
17 0.732149 0.525072 0.021022 0.025613
17 0.740667 0.516053 0.022834 0.022006
17 0.753534 0.499820 0.025372 0.025613
17 0.753353 0.470418 0.029358 0.027417
17 0.767307 0.459235 0.019572 0.020924
17 0.750091 0.543110 0.028634 0.024170
17 0.733237 0.559885 0.025372 0.023810
17 0.768938 0.603535 0.030808 0.028860
17 0.779630 0.566017 0.022472 0.025253
17 0.794491 0.567460 0.016673 0.030303
17 0.807720 0.560967 0.021385 0.017316
17 0.805183 0.551768 0.023559 0.024170
17 0.815513 0.539683 0.023922 0.021645
17 0.839616 0.534452 0.030808 0.027056
17 0.495651 0.497114 0.034433 0.030303
17 0.480246 0.534091 0.023922 0.019120
17 0.485864 0.549062 0.017760 0.025253
17 0.471366 0.551948 0.021385 0.019481
17 0.466473 0.539502 0.021022 0.017677
17 0.463030 0.562229 0.026459 0.023449
17 0.443095 0.575216 0.026459 0.023449
17 0.463755 0.589286 0.021385 0.028499
17 0.481877 0.607684 0.024284 0.025613
17 0.493113 0.618146 0.027909 0.022727
17 0.468829 0.490079 0.019210 0.014069
17 0.469917 0.479076 0.026459 0.015873
17 0.459406 0.474026 0.017035 0.011544
17 0.468829 0.465007 0.025734 0.019481
17 0.456325 0.456530 0.026821 0.015512
17 0.451975 0.485931 0.024647 0.018038
17 0.440558 0.509199 0.027909 0.022006
17 0.439652 0.523449 0.026096 0.019481
17 0.812432 0.645924 0.032258 0.029942
17 0.766038 0.648990 0.022109 0.025974
17 0.747191 0.666847 0.019210 0.018398
17 0.758427 0.676768 0.014860 0.014430
17 0.740848 0.682720 0.023922 0.022727
17 0.730518 0.695527 0.025734 0.021645
17 0.743748 0.705267 0.016673 0.015873
17 0.776368 0.711941 0.033345 0.032828
17 0.731062 0.735390 0.024647 0.025613
17 0.737586 0.754509 0.026096 0.022727
17 0.739580 0.773449 0.025734 0.025253
17 0.729612 0.802128 0.027546 0.025613
17 0.711671 0.794372 0.024284 0.021645
17 0.705872 0.819444 0.022834 0.028499
17 0.675426 0.836400 0.025009 0.025613
17 0.605111 0.814755 0.030083 0.024170
17 0.615078 0.740620 0.033345 0.028860
17 0.618702 0.765512 0.023922 0.033911
17 0.637006 0.765693 0.021385 0.027056
17 0.656760 0.780303 0.025372 0.029582
17 0.686843 0.777778 0.018847 0.023088
17 0.682131 0.790404 0.028271 0.015152
17 0.683943 0.803030 0.027546 0.022367
17 0.708409 0.755411 0.027909 0.020202
17 0.710040 0.734848 0.028271 0.025974
17 0.506162 0.668290 0.030808 0.024892
17 0.462486 0.658369 0.031896 0.025974
17 0.413737 0.668651 0.032258 0.026335
17 0.409387 0.695527 0.027909 0.017316
17 0.410475 0.709596 0.034433 0.025253
17 0.427329 0.777958 0.038420 0.031385
17 0.416093 0.830447 0.028996 0.028139
17 0.510692 0.844697 0.025372 0.022727
17 0.476260 0.859848 0.026096 0.021284
17 0.449982 0.868867 0.025734 0.026335
17 0.476078 0.890512 0.016310 0.022006
17 0.489126 0.898629 0.016310 0.015152
17 0.496557 0.890693 0.022472 0.019481
17 0.388365 0.917027 0.029358 0.028860
17 0.317506 0.903680 0.029721 0.028139
17 0.289960 0.813312 0.036970 0.027778
17 0.252447 0.834957 0.030083 0.032828
17 0.249366 0.772908 0.034070 0.026335
17 0.247735 0.731421 0.028634 0.027778
17 0.225806 0.733586 0.023197 0.026335
17 0.312251 0.719156 0.032983 0.027056
17 0.334360 0.733766 0.024284 0.023088
17 0.355382 0.725108 0.027909 0.025974
17 0.366981 0.713384 0.023559 0.017677
17 0.230518 0.697691 0.028996 0.023088
17 0.252447 0.683442 0.025009 0.028499
17 0.270388 0.679654 0.019572 0.030303
17 0.308626 0.679113 0.027184 0.028499
17 0.327836 0.672078 0.030083 0.028139
17 0.364806 0.640693 0.032258 0.020924
17 0.369337 0.628247 0.027546 0.018398
17 0.375498 0.612915 0.026821 0.020924
17 0.381479 0.597583 0.027184 0.019841
17 0.364444 0.533009 0.026459 0.022006
17 0.370062 0.547980 0.020297 0.013709
17 0.360275 0.562410 0.020297 0.019481
17 0.355201 0.552489 0.026821 0.022006
17 0.338528 0.564394 0.025372 0.020563
17 0.326568 0.555014 0.020297 0.017677
17 0.331098 0.543831 0.027184 0.022727
17 0.320950 0.508478 0.032983 0.033550
17 0.300471 0.532648 0.026821 0.022727
17 0.310620 0.545455 0.031171 0.031025
17 0.286517 0.549784 0.025734 0.025974
17 0.295578 0.564755 0.035883 0.027056
17 0.267126 0.580808 0.029721 0.027417
17 0.283436 0.605700 0.034070 0.033189
17 0.310076 0.596681 0.027909 0.031746
17 0.336716 0.605880 0.033345 0.032828
17 0.327474 0.628968 0.030083 0.028499
17 0.241573 0.603896 0.033708 0.024531
17 0.247553 0.625000 0.028271 0.026335
17 0.208953 0.654040 0.022834 0.025974
17 0.229975 0.648449 0.014860 0.022006
17 0.242479 0.650253 0.013773 0.023449
17 0.253171 0.652056 0.022834 0.028499
17 0.234868 0.560245 0.025372 0.020202
17 0.221276 0.560967 0.017760 0.027417
17 0.205509 0.563131 0.023922 0.030303
17 0.216202 0.506313 0.032258 0.029221
17 0.185212 0.493506 0.028271 0.025974
17 0.068866 0.527958 0.032621 0.030664
17 0.047481 0.556097 0.019572 0.023449
17 0.072309 0.600108 0.027184 0.030664
17 0.081370 0.635823 0.021385 0.029942
17 0.097862 0.645202 0.021022 0.029942
17 0.052736 0.601551 0.022834 0.020563
17 0.054368 0.623196 0.018123 0.021284
17 0.070497 0.673341 0.019210 0.031385
17 0.042588 0.584776 0.015585 0.021645
17 0.121964 0.458333 0.019935 0.021284
17 0.143893 0.456890 0.023922 0.025613
17 0.138094 0.482323 0.023922 0.025974
17 0.230700 0.464827 0.027909 0.027778
17 0.200072 0.451840 0.026096 0.025613
17 0.202428 0.427309 0.030083 0.022727
17 0.177057 0.434524 0.022109 0.019841
17 0.177782 0.419913 0.027909 0.023088
17 0.170714 0.397908 0.028996 0.028139
17 0.207684 0.395924 0.026821 0.026335
17 0.196629 0.378066 0.019935 0.019481
17 0.220551 0.366883 0.026459 0.024531
17 0.205690 0.358405 0.019210 0.020563
17 0.192823 0.350830 0.020297 0.019841
17 0.183762 0.362013 0.025372 0.022006
17 0.363900 0.429834 0.034795 0.032828
17 0.434397 0.402958 0.043856 0.034632
17 0.400870 0.477092 0.024647 0.033550
17 0.421530 0.482684 0.026096 0.037518
17 0.239942 0.307720 0.021747 0.023088
17 0.207684 0.317280 0.031171 0.029942
17 0.223813 0.298160 0.020660 0.023449
17 0.233418 0.287338 0.021747 0.019841
17 0.246285 0.287518 0.017760 0.025253
17 0.242842 0.277417 0.017398 0.021645
17 0.231787 0.270563 0.030808 0.025974
17 0.208953 0.287698 0.027184 0.024170
17 0.184487 0.281746 0.026821 0.022367
17 0.196629 0.250541 0.030808 0.029221
17 0.209315 0.228896 0.020660 0.012626
17 0.208590 0.216450 0.018485 0.022367
17 0.253896 0.223846 0.017035 0.018398
17 0.260420 0.212662 0.016310 0.011183
17 0.277274 0.191739 0.026096 0.024170
17 0.262233 0.201299 0.025734 0.013709
17 0.259696 0.188853 0.017760 0.016234
17 0.240667 0.209235 0.026096 0.017316
17 0.238673 0.187590 0.019935 0.020924
17 0.245922 0.175144 0.024284 0.019120
17 0.219464 0.197150 0.023559 0.016234
17 0.175607 0.177128 0.028634 0.019481
17 0.200797 0.155844 0.025372 0.031746
17 0.222544 0.150613 0.026096 0.022727
17 0.247010 0.149170 0.022109 0.027056
17 0.269119 0.162157 0.022834 0.018398
17 0.282711 0.148629 0.023197 0.022367
17 0.260602 0.142316 0.022472 0.019841
17 0.270750 0.128427 0.024647 0.018759
17 0.247191 0.118146 0.038420 0.030664