17 0.306193 0.301532 0.053584 0.039694
17 0.441545 0.192549 0.034795 0.032730
17 0.494259 0.368210 0.044189 0.044220
17 0.543493 0.355501 0.037578 0.041783
17 0.730341 0.426532 0.039666 0.037604
17 0.803758 0.290042 0.030619 0.039694
17 0.889701 0.416260 0.037578 0.044220
17 0.568720 0.553795 0.046277 0.035167
17 0.478253 0.602019 0.044189 0.062674
17 0.346381 0.544742 0.042102 0.030292
17 0.306367 0.643454 0.058107 0.048747
17 0.207724 0.764972 0.071677 0.053621
17 0.509047 0.665216 0.032707 0.028203
17 0.263918 0.815286 0.028184 0.035167
17 0.542450 0.728238 0.030619 0.026114
17 0.534273 0.776462 0.028184 0.025766
17 0.551670 0.837221 0.044189 0.037256
17 0.665101 0.798224 0.037230 0.042131