17 0.440932 0.200368 0.026622 0.033139
17 0.493012 0.203590 0.029617 0.026695
17 0.585358 0.201135 0.022629 0.021786
17 0.712313 0.196533 0.022962 0.023627
17 0.901997 0.344584 0.018303 0.019024
17 0.556905 0.271402 0.028952 0.022400
17 0.534443 0.279380 0.021298 0.026695
17 0.508486 0.401964 0.031281 0.028230
17 0.310316 0.358546 0.029617 0.026695
17 0.257737 0.435256 0.024958 0.027309
17 0.279700 0.455354 0.032280 0.028843
17 0.480532 0.525621 0.023295 0.023934
17 0.559567 0.627493 0.034276 0.023934
17 0.522296 0.688095 0.029617 0.030991
17 0.633111 0.720927 0.023627 0.018104
17 0.612812 0.730746 0.020300 0.018717
17 0.664393 0.812979 0.033611 0.022400
17 0.542429 0.776925 0.026622 0.020252
17 0.515807 0.871586 0.022629 0.021172
17 0.617970 0.910862 0.027288 0.023627
17 0.542928 0.921602 0.028952 0.022400
17 0.410982 0.849801 0.021963 0.023013
17 0.384692 0.904419 0.026622 0.023627
17 0.348586 0.824793 0.022962 0.015956
17 0.279700 0.838754 0.028952 0.021172