17 0.533430 0.082017 0.034157 0.027638
17 0.550509 0.049533 0.027616 0.020818
17 0.562863 0.061558 0.026163 0.019024
17 0.579760 0.044149 0.027253 0.020101
17 0.667515 0.067121 0.031977 0.026561
17 0.639353 0.093324 0.030887 0.029433
17 0.602108 0.085427 0.037064 0.029433
17 0.727653 0.124013 0.035247 0.031228
17 0.761810 0.196877 0.038881 0.036971
17 0.676235 0.214286 0.035610 0.032304
17 0.597020 0.215004 0.039244 0.033022
17 0.629724 0.245872 0.029797 0.030869
17 0.412972 0.202800 0.035247 0.025844
17 0.333939 0.155240 0.042151 0.035535
17 0.386083 0.073403 0.040334 0.029074
17 0.442951 0.049533 0.042151 0.030151
17 0.475291 0.265793 0.042151 0.032663
17 0.315407 0.077531 0.018895 0.013640
17 0.607558 0.279612 0.031977 0.023690
17 0.602471 0.297380 0.027616 0.027638
17 0.628634 0.297200 0.030523 0.030869
17 0.546693 0.307609 0.035974 0.030151
17 0.727653 0.265075 0.023619 0.024767
17 0.745458 0.264896 0.011991 0.025126
17 0.679506 0.304379 0.029797 0.025844
17 0.718568 0.299533 0.023619 0.026202
17 0.735465 0.295406 0.021802 0.021536
17 0.753452 0.281766 0.026526 0.015793
17 0.755269 0.296303 0.026526 0.020459
17 0.743459 0.308327 0.029797 0.019383
17 0.778706 0.319634 0.029070 0.024767
17 0.761628 0.326992 0.030523 0.023690
17 0.732740 0.324480 0.024346 0.021536
17 0.712573 0.328787 0.023983 0.020101
17 0.721657 0.344580 0.029797 0.024408
17 0.695494 0.316762 0.033430 0.024049
17 0.686592 0.330761 0.023619 0.024767
17 0.681141 0.344580 0.026526 0.021536
17 0.659339 0.332197 0.019985 0.024049
17 0.671148 0.333632 0.018895 0.019742
17 0.639535 0.348349 0.033430 0.025485
17 0.611374 0.352656 0.024346 0.026202
17 0.595749 0.333632 0.036701 0.050610
17 0.503270 0.347631 0.034884 0.024767
17 0.421875 0.420854 0.042151 0.041278
17 0.594658 0.415111 0.029433 0.024767
17 0.616824 0.399497 0.029433 0.026561
17 0.627180 0.415829 0.033430 0.024767
17 0.623547 0.438622 0.031250 0.027997
17 0.682594 0.416188 0.030160 0.028356
17 0.723110 0.415111 0.031250 0.026202
17 0.722020 0.381910 0.031250 0.027997
17 0.748001 0.381730 0.023619 0.029792
17 0.768714 0.360732 0.038154 0.028715
17 0.774164 0.375449 0.031613 0.023690
17 0.781432 0.409368 0.034520 0.027638
17 0.760901 0.428571 0.022529 0.022972
17 0.750545 0.444365 0.035247 0.027997
17 0.670240 0.435391 0.029433 0.027997
17 0.600654 0.435391 0.029070 0.025126
17 0.609375 0.452620 0.026890 0.027279
17 0.593387 0.473977 0.033430 0.030510
17 0.720385 0.454774 0.031613 0.026561
17 0.748001 0.468772 0.025073 0.029433
17 0.741642 0.488514 0.029070 0.020818
17 0.734738 0.499462 0.024709 0.019742
17 0.725291 0.512922 0.030523 0.022972
17 0.756359 0.514178 0.027980 0.026202
17 0.741279 0.532484 0.026890 0.025485
17 0.782340 0.529253 0.021802 0.027638
17 0.843932 0.491924 0.027980 0.030510
17 0.818859 0.504846 0.030887 0.024049
17 0.811410 0.513819 0.032703 0.021177
17 0.810138 0.525126 0.027253 0.021536
17 0.802144 0.532125 0.020712 0.021895
17 0.781250 0.573223 0.025436 0.023690
17 0.830124 0.605707 0.032340 0.034817
17 0.784339 0.615039 0.030887 0.023331
17 0.698583 0.527100 0.030887 0.029792
17 0.655160 0.499282 0.037791 0.031587
17 0.655160 0.522793 0.034157 0.027638
17 0.611192 0.533740 0.042151 0.034458
17 0.499455 0.501974 0.039608 0.030510
17 0.445494 0.467696 0.031977 0.020818
17 0.462754 0.470208 0.035974 0.023690
17 0.453307 0.484386 0.017805 0.018306
17 0.466751 0.484925 0.025799 0.015793
17 0.467297 0.500179 0.020349 0.017588
17 0.449491 0.500000 0.028343 0.025126
17 0.361010 0.454774 0.039608 0.029433
17 0.394440 0.497128 0.028706 0.033740
17 0.416061 0.501615 0.031977 0.036253
17 0.440770 0.518306 0.031250 0.027279
17 0.441134 0.538586 0.031977 0.024767
17 0.454033 0.587581 0.030887 0.030151
17 0.467297 0.575736 0.029070 0.024408
17 0.486737 0.545944 0.025073 0.018665
17 0.470749 0.551508 0.019985 0.019742
17 0.477108 0.560481 0.023983 0.022613
17 0.490916 0.558507 0.023256 0.020818
17 0.473837 0.602118 0.031977 0.026202
17 0.496003 0.615578 0.029797 0.027997
17 0.509266 0.626167 0.035247 0.027638
17 0.368459 0.559404 0.033430 0.020459
17 0.378089 0.575736 0.025073 0.020101
17 0.367914 0.589555 0.019985 0.021895
17 0.361919 0.576095 0.026163 0.022254
17 0.396076 0.617732 0.033430 0.022972
17 0.392805 0.636396 0.034884 0.023690
17 0.384811 0.649139 0.029070 0.019024
17 0.352471 0.633884 0.029797 0.027997
17 0.767260 0.635140 0.022166 0.021177
17 0.784157 0.643216 0.022529 0.024408
17 0.763990 0.652728 0.025073 0.018306
17 0.758358 0.666368 0.023983 0.018306
17 0.771802 0.674444 0.018169 0.022254
17 0.803961 0.676777 0.033067 0.030510
17 0.761628 0.704953 0.023983 0.024408
17 0.736010 0.708543 0.027980 0.026561
17 0.739644 0.727566 0.025073 0.023690
17 0.771076 0.722362 0.029797 0.025485
17 0.774709 0.741206 0.028343 0.024408
17 0.769804 0.770998 0.029433 0.030869
17 0.748365 0.766870 0.022166 0.026202
17 0.747456 0.792175 0.026163 0.023690
17 0.719295 0.813891 0.027980 0.026920
17 0.724382 0.779971 0.023619 0.021536
17 0.721475 0.765973 0.027980 0.020818
17 0.725109 0.753769 0.024346 0.020818
17 0.690407 0.762922 0.032703 0.025485
17 0.673874 0.749641 0.027253 0.024767
17 0.652435 0.752872 0.032340 0.026202
17 0.646257 0.728643 0.037427 0.031587
17 0.645712 0.801328 0.029070 0.030510
17 0.528161 0.674085 0.035247 0.032304
17 0.484557 0.666906 0.035974 0.026561
17 0.437863 0.682161 0.033430 0.025485
17 0.439317 0.708363 0.026890 0.019024
17 0.439135 0.721464 0.026526 0.019383
17 0.468750 0.790380 0.032703 0.029433
17 0.463663 0.840273 0.034157 0.027997
17 0.555959 0.843503 0.029070 0.026561
17 0.525073 0.859835 0.032703 0.024767
17 0.397711 0.731335 0.032340 0.023331
17 0.390443 0.749821 0.033794 0.031587
17 0.370458 0.758256 0.031613 0.027638
17 0.347929 0.748385 0.033067 0.026561
17 0.330850 0.707466 0.030887 0.030869
17 0.354833 0.700467 0.036701 0.027638
17 0.384811 0.667085 0.035610 0.026920
17 0.347020 0.659189 0.025436 0.029792
17 0.327035 0.629935 0.031250 0.026561
17 0.299782 0.641960 0.029797 0.030510
17 0.295967 0.715901 0.023619 0.029074
17 0.283067 0.770818 0.030523 0.024767
17 0.290153 0.805994 0.030160 0.026920
17 0.334484 0.841170 0.030160 0.030510
17 0.305959 0.866475 0.038517 0.036612
17 0.376272 0.927674 0.038154 0.030510
17 0.446403 0.928930 0.034520 0.030151
17 0.504724 0.870782 0.029070 0.033022
17 0.533794 0.883884 0.022529 0.019742
17 0.529433 0.894652 0.021802 0.019742
17 0.542333 0.898421 0.020712 0.019383
17 0.553961 0.887114 0.030160 0.019742
17 0.263445 0.774767 0.026890 0.026920
17 0.262900 0.737437 0.027980 0.027638
17 0.279978 0.720029 0.028706 0.027279
17 0.233103 0.699928 0.031613 0.030869
17 0.255451 0.694544 0.018895 0.025126
17 0.276344 0.689519 0.019985 0.022972
17 0.265262 0.686289 0.017442 0.017947
17 0.264898 0.666188 0.032703 0.024408
17 0.258176 0.646447 0.030160 0.025126
17 0.279615 0.618449 0.033794 0.028715
17 0.214208 0.612168 0.025073 0.034099
17 0.244731 0.602836 0.023619 0.019024
17 0.230560 0.606963 0.023619 0.028715
17 0.305778 0.600682 0.029433 0.025485
17 0.295422 0.585427 0.018169 0.022254
17 0.304324 0.563532 0.020712 0.021536
17 0.321766 0.535894 0.028706 0.033740
17 0.335938 0.569454 0.024346 0.019024
17 0.334302 0.583094 0.025436 0.015434
17 0.346839 0.592606 0.031613 0.024408
17 0.315952 0.568019 0.022166 0.021177
17 0.315589 0.582017 0.031613 0.020459
17 0.217842 0.551687 0.038881 0.028715
17 0.186592 0.544688 0.033794 0.026920
17 0.138081 0.538047 0.037064 0.028715
17 0.075763 0.594939 0.041061 0.034817
17 0.059593 0.625987 0.025436 0.027279
17 0.069404 0.667624 0.021802 0.024408
17 0.089571 0.666009 0.029433 0.031228
17 0.103924 0.698851 0.022529 0.024408
17 0.123365 0.707645 0.020712 0.024767
17 0.223474 0.512742 0.029797 0.032663
17 0.197129 0.502154 0.030887 0.026561
17 0.142078 0.513999 0.029070 0.025126
17 0.119913 0.518665 0.021802 0.021536
17 0.192951 0.478823 0.032703 0.027279
17 0.168968 0.488335 0.026890 0.022613
17 0.166969 0.473798 0.028706 0.021536
17 0.153888 0.452261 0.030160 0.030151
17 0.192587 0.443826 0.025436 0.029074
17 0.179688 0.428033 0.027253 0.028356
17 0.207667 0.406856 0.027253 0.026920
17 0.188590 0.406138 0.023983 0.025485
17 0.171512 0.400215 0.026890 0.024408
17 0.165334 0.418701 0.029070 0.028356
17 0.179869 0.364501 0.040698 0.026202
17 0.215298 0.353912 0.033067 0.027997
17 0.194586 0.349067 0.019985 0.021177
17 0.201126 0.333991 0.020712 0.020459
17 0.194949 0.314788 0.025799 0.025844
17 0.217842 0.332376 0.021439 0.015793
17 0.178052 0.337760 0.029797 0.026561
17 0.155705 0.335966 0.030887 0.030869
17 0.156977 0.301687 0.036337 0.033381
17 0.170240 0.283202 0.025799 0.022254
17 0.168241 0.268844 0.028343 0.022972
17 0.211846 0.272434 0.029797 0.027279
17 0.219295 0.259332 0.024346 0.023331
17 0.231468 0.233848 0.027616 0.026920
17 0.215116 0.247308 0.023983 0.019383
17 0.212391 0.236181 0.022892 0.022254
17 0.198038 0.257358 0.029070 0.021536
17 0.132994 0.233309 0.036337 0.031587
17 0.146984 0.206389 0.026526 0.027279
17 0.169150 0.197416 0.028706 0.032304
17 0.197129 0.197057 0.029433 0.027279
17 0.220022 0.207107 0.026526 0.028715
17 0.229833 0.189878 0.027980 0.024408
17 0.220022 0.168162 0.027253 0.021177
17 0.205850 0.183597 0.027253 0.019742
17 0.196584 0.162778 0.037791 0.027638
17 0.259266 0.161881 0.033067 0.031587
17 0.192042 0.216260 0.025799 0.019024
17 0.187863 0.231335 0.031250 0.021895
17 0.273438 0.136935 0.034520 0.026920
17 0.300327 0.111809 0.031613 0.029792
17 0.265807 0.108758 0.027980 0.020818
17 0.260174 0.122218 0.032703 0.023331
17 0.298510 0.088837 0.028706 0.023331
17 0.099201 0.263101 0.015988 0.036612
17 0.074310 0.695441 0.018532 0.031228
17 0.097384 0.737796 0.019622 0.032663