17 0.433771 0.202417 0.045163 0.033568
17 0.321537 0.312857 0.055949 0.069151
17 0.543647 0.352803 0.047186 0.051695
17 0.493596 0.362706 0.058308 0.044646
17 0.728008 0.435717 0.038423 0.040282
17 0.801146 0.295233 0.038423 0.047331
17 0.883215 0.419100 0.065049 0.064787
17 0.567914 0.562773 0.038423 0.033904
17 0.475902 0.598187 0.045163 0.029540
17 0.353893 0.551695 0.053927 0.042632
17 0.305022 0.651393 0.045163 0.042632
17 0.222615 0.773917 0.027300 0.027190
17 0.512471 0.674555 0.034041 0.044646
17 0.277048 0.816046 0.038423 0.040282
17 0.551399 0.734139 0.045163 0.022826
17 0.536906 0.778449 0.029660 0.036254
17 0.666835 0.799597 0.032019 0.038268
17 0.557971 0.839376 0.049545 0.025176