17 0.528361 0.142457 0.030112 0.029401
17 0.480042 0.156108 0.032213 0.031502
17 0.480217 0.184459 0.035364 0.035002
17 0.565301 0.182184 0.031162 0.038852
17 0.654412 0.174134 0.038515 0.038852
17 0.605042 0.212986 0.028711 0.028351
17 0.654062 0.237487 0.028011 0.037452
17 0.626926 0.250788 0.031863 0.033952
17 0.547619 0.229261 0.025210 0.028701
17 0.561625 0.227161 0.019608 0.031502
17 0.578431 0.229961 0.021709 0.027301
17 0.584559 0.244137 0.028361 0.024151
17 0.507878 0.243262 0.033263 0.028001
17 0.523985 0.257963 0.027661 0.025201
17 0.542542 0.279139 0.026261 0.025551
17 0.568627 0.274414 0.028711 0.032202
17 0.549895 0.301715 0.024160 0.025901
17 0.537990 0.313266 0.024860 0.025201
17 0.519783 0.308365 0.024160 0.025201
17 0.502451 0.323941 0.029412 0.028351
17 0.488095 0.335842 0.030812 0.031152
17 0.490721 0.358943 0.033964 0.034652
17 0.571429 0.330942 0.036415 0.029051
17 0.539916 0.367518 0.034314 0.035702
17 0.707108 0.325691 0.034664 0.031152
17 0.443277 0.266188 0.036415 0.031852
17 0.401611 0.275464 0.032913 0.028701
17 0.367647 0.170809 0.038515 0.027301
17 0.324230 0.219811 0.036415 0.025901
17 0.326506 0.184284 0.033263 0.037452
17 0.298669 0.189184 0.034314 0.035352
17 0.235469 0.238537 0.042367 0.035352
17 0.332458 0.273189 0.041667 0.035352
17 0.262605 0.362968 0.043417 0.042002
17 0.346989 0.358243 0.033613 0.038152
17 0.362745 0.330767 0.035714 0.026601
17 0.374125 0.309590 0.037465 0.035352
17 0.405462 0.323066 0.028011 0.030102
17 0.429622 0.331292 0.030112 0.033252
17 0.396359 0.350543 0.033613 0.031852
17 0.403536 0.385369 0.040966 0.037802
17 0.808648 0.294540 0.030462 0.038852
17 0.800245 0.358418 0.033964 0.036402
17 0.771709 0.390445 0.033613 0.033252
17 0.882703 0.372419 0.034314 0.030102
17 0.895483 0.393420 0.030462 0.032202
17 0.803746 0.484774 0.032563 0.038502
17 0.826155 0.512776 0.024160 0.033602
17 0.803922 0.520651 0.028711 0.028351
17 0.804797 0.556878 0.030462 0.032202
17 0.675420 0.489149 0.032913 0.034652
17 0.611520 0.416871 0.032563 0.035002
17 0.609769 0.441547 0.043768 0.031152
17 0.545343 0.439097 0.035364 0.031852
17 0.485119 0.448547 0.042367 0.032552
17 0.396884 0.429471 0.033263 0.030802
17 0.615371 0.541827 0.036765 0.036402
17 0.496849 0.515401 0.026611 0.021351
17 0.514706 0.524501 0.023810 0.030452
17 0.494398 0.530102 0.026611 0.024151
17 0.457808 0.500700 0.036064 0.026951
17 0.451506 0.478474 0.032563 0.027301
17 0.426821 0.502800 0.033613 0.032552
17 0.870448 0.663633 0.041317 0.042702
17 0.805322 0.634932 0.034314 0.036402
17 0.789041 0.662583 0.030462 0.038502
17 0.790441 0.707735 0.035364 0.037802
17 0.837710 0.738187 0.026261 0.033602
17 0.783263 0.788764 0.028011 0.033952
17 0.762080 0.825866 0.038165 0.035352
17 0.711660 0.828841 0.034664 0.030802
17 0.683298 0.825516 0.031162 0.031152
17 0.625700 0.803640 0.029412 0.024501
17 0.627626 0.781414 0.029762 0.030452
17 0.610294 0.755688 0.032913 0.032202
17 0.599965 0.780364 0.037465 0.031152
17 0.580182 0.713161 0.032913 0.031852
17 0.640056 0.650158 0.034314 0.033952
17 0.622374 0.630382 0.034664 0.034302
17 0.609419 0.586979 0.034664 0.032902
17 0.593137 0.638957 0.035714 0.036752
17 0.561450 0.621806 0.037465 0.034652
17 0.545518 0.596430 0.037115 0.032202
17 0.491597 0.571404 0.045518 0.035352
17 0.516106 0.637557 0.035014 0.035352
17 0.518032 0.682359 0.032563 0.030452
17 0.535189 0.701960 0.033263 0.036052
17 0.512780 0.727161 0.037465 0.030452
17 0.520483 0.753938 0.033263 0.031502
17 0.474440 0.704410 0.031513 0.031152
17 0.477066 0.726811 0.029062 0.027651
17 0.466211 0.643507 0.031162 0.039552
17 0.445728 0.649982 0.025910 0.028001
17 0.439601 0.662408 0.029062 0.022051
17 0.439776 0.676759 0.031513 0.028351
17 0.368522 0.567378 0.036765 0.033602
17 0.407913 0.712986 0.032913 0.026601
17 0.410539 0.638257 0.025560 0.024851
17 0.419468 0.627231 0.031513 0.024501
17 0.421043 0.613231 0.024860 0.020301
17 0.413165 0.605005 0.026611 0.017851
17 0.400560 0.594330 0.029412 0.025901
17 0.370798 0.649807 0.036415 0.032552
17 0.348739 0.669933 0.029412 0.031502
17 0.383228 0.690235 0.026261 0.025901
17 0.363270 0.685159 0.023459 0.019251
17 0.367472 0.697585 0.028361 0.018901
17 0.372199 0.709135 0.031513 0.018201
17 0.372199 0.727861 0.029412 0.025551
17 0.379202 0.748687 0.041317 0.034302
17 0.665791 0.850718 0.032563 0.026951
17 0.657213 0.866818 0.030112 0.029751
17 0.568277 0.880994 0.034314 0.030102
17 0.455707 0.843017 0.036064 0.031152
17 0.524335 0.903570 0.033964 0.033952
17 0.485644 0.914946 0.036415 0.035002
17 0.509454 0.931047 0.035014 0.030102
17 0.372199 0.903395 0.036415 0.030102
17 0.667717 0.918796 0.033613 0.025201
17 0.307073 0.809940 0.039216 0.035002
17 0.279412 0.808715 0.030812 0.029751
17 0.309174 0.781414 0.039916 0.034652
17 0.341737 0.745362 0.037115 0.038852
17 0.308648 0.722786 0.037465 0.036402
17 0.315126 0.669408 0.030112 0.027651
17 0.324405 0.685859 0.035364 0.027651
17 0.334909 0.708610 0.031863 0.035352
17 0.350140 0.702310 0.023109 0.036752
17 0.247374 0.842842 0.047269 0.042002
17 0.226716 0.865418 0.035364 0.035352
17 0.251225 0.881519 0.030462 0.029751
17 0.278186 0.907245 0.026261 0.024501
17 0.381303 0.949422 0.029412 0.024151
17 0.405112 0.950998 0.035014 0.025201
17 0.442402 0.958698 0.029062 0.021701
17 0.469888 0.953973 0.030812 0.029051
17 0.494223 0.963948 0.033263 0.021701
17 0.075280 0.666608 0.033613 0.031852
17 0.123950 0.705985 0.030112 0.031502
17 0.124125 0.745712 0.030462 0.031152
17 0.126576 0.769863 0.036765 0.033252
17 0.201681 0.832517 0.035014 0.026251
17 0.211835 0.851768 0.034314 0.026951
17 0.049195 0.378544 0.027661 0.035352
17 0.036064 0.454323 0.027311 0.037802
17 0.066176 0.486349 0.032913 0.033252
17 0.053571 0.567728 0.034314 0.035002
17 0.099440 0.554603 0.036415 0.034652
17 0.191176 0.493175 0.036415 0.032902
17 0.303571 0.428246 0.033613 0.036052
17 0.322304 0.409870 0.029762 0.037102
17 0.346289 0.423696 0.025910 0.033952
17 0.368522 0.418446 0.031162 0.036052
17 0.317752 0.474274 0.036064 0.026601
17 0.321954 0.497375 0.034664 0.033602
17 0.322304 0.523976 0.030462 0.028701
17 0.321779 0.541652 0.019608 0.016451
17 0.352241 0.515576 0.028011 0.030102
17 0.350840 0.533427 0.028011 0.031502
17 0.375875 0.532377 0.029062 0.038502
17 0.395483 0.539202 0.027661 0.031152
17 0.402836 0.522226 0.030462 0.026601