17 0.739900 0.150409 0.030390 0.028836
17 0.721487 0.121040 0.028602 0.029904
17 0.644083 0.108936 0.035395 0.039160
17 0.645513 0.069064 0.038255 0.027768
17 0.619771 0.087220 0.033965 0.037024
17 0.586521 0.070666 0.034680 0.033820
17 0.563640 0.054824 0.028960 0.032040
17 0.466929 0.041830 0.024312 0.013884
17 0.540758 0.043788 0.023239 0.019224
17 0.375402 0.054290 0.010011 0.008188
17 0.392385 0.058206 0.027529 0.019580
17 0.350733 0.069776 0.024312 0.014952
17 0.328745 0.073514 0.028960 0.016020
17 0.330354 0.105198 0.036468 0.037380
17 0.277798 0.105910 0.030032 0.028836
17 0.275295 0.153079 0.031462 0.032040
17 0.264569 0.169989 0.026457 0.030972
17 0.245799 0.121752 0.021094 0.021360
17 0.228995 0.126735 0.016089 0.012816
17 0.233464 0.137059 0.016446 0.018512
17 0.207008 0.152011 0.025027 0.024920
17 0.226314 0.147561 0.022882 0.026700
17 0.239721 0.152011 0.016089 0.017800
17 0.251341 0.153791 0.018591 0.023496
17 0.240972 0.167141 0.022167 0.022428
17 0.232571 0.178177 0.023954 0.023852
17 0.213622 0.171057 0.018949 0.013172
17 0.200215 0.186187 0.017876 0.016376
17 0.211834 0.181559 0.013944 0.012104
17 0.221487 0.184407 0.011083 0.019936
17 0.228995 0.200427 0.025384 0.019936
17 0.226135 0.216269 0.023239 0.021004
17 0.212370 0.214489 0.012156 0.008188
17 0.210762 0.208259 0.018234 0.017088
17 0.200751 0.212353 0.014659 0.013172
17 0.193422 0.197401 0.021452 0.019580
17 0.186092 0.210217 0.026814 0.021716
17 0.183947 0.224635 0.028245 0.018512
17 0.210404 0.227127 0.021809 0.019936
17 0.194494 0.242435 0.023597 0.024208
17 0.208259 0.250801 0.023954 0.028124
17 0.188416 0.261837 0.020021 0.016732
17 0.205041 0.270559 0.019664 0.017088
17 0.196997 0.281773 0.026457 0.016020
17 0.194137 0.297615 0.025027 0.024208
17 0.246872 0.329299 0.028960 0.029192
17 0.313193 0.317907 0.037898 0.033464
17 0.174115 0.248131 0.028602 0.025632
17 0.163389 0.263439 0.031462 0.031328
17 0.170897 0.282663 0.027887 0.022072
17 0.161244 0.299217 0.027887 0.026700
17 0.169825 0.309897 0.017876 0.022428
17 0.184662 0.317907 0.018949 0.014952
17 0.166428 0.325205 0.016804 0.015308
17 0.105470 0.263795 0.022167 0.027056
17 0.174830 0.330367 0.012156 0.016376
17 0.185556 0.331079 0.016446 0.013528
17 0.189310 0.345141 0.025384 0.021004
17 0.161423 0.349947 0.027529 0.027056
17 0.179657 0.359737 0.013944 0.020292
17 0.162138 0.372731 0.024669 0.024208
17 0.136217 0.406550 0.026457 0.030616
17 0.067394 0.447668 0.034680 0.033108
17 0.076868 0.477394 0.035753 0.034176
17 0.109760 0.482734 0.025027 0.027056
17 0.118699 0.497864 0.024312 0.025276
17 0.144977 0.470274 0.017519 0.017800
17 0.169825 0.467070 0.023597 0.023496
17 0.153915 0.458170 0.017519 0.017800
17 0.137111 0.449626 0.020379 0.026344
17 0.147837 0.441260 0.017519 0.021716
17 0.152842 0.429868 0.014659 0.016020
17 0.170719 0.443396 0.020379 0.022428
17 0.166607 0.425774 0.019306 0.017800
17 0.162674 0.415094 0.015016 0.017800
17 0.166250 0.401566 0.012871 0.017800
17 0.174651 0.394268 0.013228 0.011748
17 0.175903 0.402100 0.015731 0.014596
17 0.177154 0.411890 0.016804 0.017088
17 0.193064 0.397472 0.021452 0.020292
17 0.196639 0.409398 0.023597 0.014952
17 0.196639 0.421858 0.021452 0.020648
17 0.184662 0.422570 0.012513 0.015664
17 0.190025 0.435386 0.025384 0.023496
17 0.219342 0.429868 0.025384 0.030260
17 0.242403 0.413492 0.030032 0.030972
17 0.224884 0.459772 0.020737 0.021716
17 0.206650 0.468850 0.022882 0.023496
17 0.212192 0.486828 0.020379 0.021004
17 0.195030 0.493414 0.024669 0.024208
17 0.180372 0.506586 0.021809 0.024208
17 0.186450 0.516554 0.023954 0.024208
17 0.205935 0.527590 0.024312 0.026344
17 0.232213 0.499288 0.023954 0.023140
17 0.248659 0.478284 0.023954 0.033108
17 0.263139 0.500356 0.021452 0.024564
17 0.277440 0.503560 0.020737 0.023852
17 0.280122 0.521004 0.023239 0.021716
17 0.270647 0.534710 0.020737 0.027056
17 0.292099 0.531862 0.021452 0.024920
17 0.252235 0.525632 0.021809 0.021004
17 0.249732 0.540050 0.026099 0.021360
17 0.230425 0.547882 0.023954 0.027768
17 0.384340 0.429690 0.035038 0.036312
17 0.353593 0.523496 0.029317 0.033820
17 0.385592 0.530438 0.026099 0.029904
17 0.406149 0.513884 0.020021 0.030260
17 0.417769 0.512994 0.013228 0.025632
17 0.431176 0.513172 0.017161 0.030260
17 0.466571 0.468494 0.032892 0.029192
17 0.510547 0.436632 0.033607 0.035244
17 0.421344 0.532930 0.027529 0.025632
17 0.405256 0.552332 0.026814 0.025988
17 0.425456 0.550908 0.022882 0.023140
17 0.454058 0.553756 0.025742 0.026700
17 0.170361 0.571200 0.038970 0.032396
17 0.221309 0.592382 0.050054 0.043432
17 0.165892 0.613208 0.037898 0.036668
17 0.046121 0.594874 0.023597 0.027768
17 0.094387 0.665005 0.032892 0.030616
17 0.081158 0.696867 0.016446 0.023140
17 0.128173 0.724101 0.031105 0.021360
17 0.122095 0.738519 0.035395 0.023852
17 0.368073 0.592738 0.038255 0.030616
17 0.413300 0.570666 0.025742 0.026344
17 0.442796 0.598612 0.031105 0.027412
17 0.434394 0.615344 0.029317 0.028124
17 0.424562 0.657529 0.028960 0.029904
17 0.444405 0.701851 0.032892 0.034532
17 0.389882 0.696689 0.036110 0.030616
17 0.492134 0.586864 0.036110 0.028124
17 0.478727 0.604486 0.030032 0.029904
17 0.585270 0.613386 0.035753 0.037736
17 0.576868 0.741189 0.033250 0.039872
17 0.476225 0.777857 0.040043 0.035600
17 0.399535 0.776433 0.041831 0.037024
17 0.386307 0.741901 0.038255 0.032040
17 0.264569 0.739409 0.035038 0.030616
17 0.182338 0.804557 0.035753 0.032040
17 0.284233 0.837309 0.035038 0.035600
17 0.286199 0.873799 0.026814 0.029548
17 0.258849 0.870417 0.027887 0.029192
17 0.430461 0.895336 0.029317 0.034888
17 0.447801 0.897294 0.027529 0.023852
17 0.526636 0.906372 0.027887 0.032752
17 0.610118 0.865255 0.028960 0.028124
17 0.664641 0.852973 0.023597 0.031328
17 0.690561 0.851371 0.028245 0.029548
17 0.736325 0.714133 0.033965 0.029192
17 0.769575 0.732467 0.018949 0.021004
17 0.803897 0.738341 0.033250 0.031328
17 0.778513 0.744037 0.016804 0.015664
17 0.782267 0.754183 0.019306 0.018868
17 0.775116 0.762193 0.024312 0.019224
17 0.750268 0.774831 0.024669 0.025276
17 0.720415 0.789605 0.033607 0.026344
17 0.731498 0.798505 0.020737 0.018512
17 0.713264 0.820043 0.017161 0.023852
17 0.724169 0.811855 0.024669 0.021716
17 0.789596 0.677999 0.018949 0.023852
17 0.803897 0.678711 0.017519 0.021004
17 0.817662 0.634211 0.025742 0.025988
17 0.781909 0.610182 0.029317 0.027056
17 0.693600 0.597544 0.033607 0.032396
17 0.708974 0.548950 0.021452 0.026344
17 0.725063 0.571556 0.019306 0.025276
17 0.733643 0.563902 0.013586 0.014952
17 0.736503 0.574760 0.013586 0.013172
17 0.742760 0.569242 0.011083 0.012104
17 0.745442 0.583304 0.020737 0.020292
17 0.752950 0.569064 0.015016 0.022428
17 0.765463 0.576896 0.017876 0.021716
17 0.794601 0.570310 0.018949 0.018512
17 0.795495 0.556960 0.020021 0.018156
17 0.817304 0.564970 0.015731 0.015664
17 0.811584 0.577430 0.015016 0.019224
17 0.810690 0.544144 0.021809 0.021716
17 0.800143 0.535956 0.022882 0.018868
17 0.796925 0.522784 0.015016 0.017444
17 0.784412 0.519224 0.014301 0.018868
17 0.777976 0.532396 0.019306 0.017444
17 0.778870 0.544856 0.018234 0.018156
17 0.764927 0.549484 0.019664 0.023140
17 0.751162 0.539872 0.020021 0.022428
17 0.758849 0.521182 0.014659 0.020648
17 0.768144 0.521004 0.013228 0.017444
17 0.774937 0.509790 0.017519 0.023496
17 0.788881 0.492168 0.018949 0.022428
17 0.807294 0.506942 0.020737 0.022072
17 0.881301 0.482022 0.023597 0.026344
17 0.830175 0.431648 0.028602 0.030972
17 0.822667 0.445354 0.027172 0.024920
17 0.810869 0.453720 0.021452 0.025276
17 0.766178 0.471520 0.025742 0.027412
17 0.760100 0.498042 0.017161 0.019936
17 0.734001 0.491990 0.025027 0.025632
17 0.700751 0.494482 0.023597 0.022072
17 0.689310 0.523674 0.017161 0.022072
17 0.677690 0.504806 0.026099 0.024208
17 0.673758 0.484692 0.023954 0.023140
17 0.656418 0.519046 0.025027 0.031328
17 0.621023 0.509078 0.027887 0.025632
17 0.634072 0.526166 0.021809 0.026344
17 0.615481 0.534532 0.029675 0.031684
17 0.608330 0.482556 0.032535 0.028836
17 0.604934 0.454788 0.036468 0.034532
17 0.678048 0.436810 0.026814 0.030616
17 0.693243 0.446956 0.017876 0.019580
17 0.698606 0.461196 0.019306 0.021004
17 0.718627 0.458170 0.020737 0.020648
17 0.708795 0.468494 0.021094 0.022072
17 0.748838 0.451762 0.023239 0.028480
17 0.734537 0.437700 0.023239 0.024564
17 0.743118 0.403702 0.028245 0.026344
17 0.790669 0.419900 0.026814 0.029548
17 0.675009 0.402634 0.030747 0.031328
17 0.692528 0.393912 0.031462 0.038092
17 0.683053 0.353329 0.034680 0.028836
17 0.675903 0.333927 0.033250 0.027056
17 0.727565 0.325205 0.025742 0.034532
17 0.744011 0.325205 0.017876 0.027412
17 0.749374 0.340157 0.021452 0.025988
17 0.767072 0.339089 0.026814 0.028124
17 0.804970 0.374867 0.028960 0.027056
17 0.767608 0.360983 0.025742 0.027768
17 0.747408 0.357957 0.025384 0.029548
17 0.724884 0.356889 0.028245 0.030972