18 0.364555 0.851894 0.038567 0.036969
18 0.402663 0.785258 0.033976 0.032405
18 0.403811 0.853492 0.031680 0.033775
18 0.452938 0.861251 0.059229 0.043816
18 0.454316 0.765404 0.034435 0.033775
18 0.488751 0.792560 0.029844 0.030580
18 0.520202 0.772935 0.021120 0.022364
18 0.519972 0.804199 0.028926 0.029210
18 0.542470 0.850753 0.031680 0.030123
18 0.560376 0.831584 0.027089 0.029210
18 0.579431 0.859653 0.033058 0.032405
18 0.578053 0.900502 0.059688 0.052944
18 0.628329 0.890233 0.042700 0.036057
18 0.643251 0.798266 0.030303 0.031949
18 0.706152 0.808079 0.031221 0.023277
18 0.789256 0.810589 0.033976 0.035600
18 0.730487 0.923323 0.049587 0.043816
18 0.671028 0.866728 0.028007 0.033775
18 0.670799 0.721132 0.033058 0.032862
18 0.678834 0.785258 0.040863 0.051575
18 0.742654 0.746235 0.029844 0.031036
18 0.729339 0.688727 0.027089 0.031949
18 0.751377 0.714742 0.034435 0.033775
18 0.791552 0.720447 0.029385 0.030580
18 0.863407 0.767686 0.037190 0.032862
18 0.704545 0.580785 0.033517 0.030580
18 0.664371 0.595618 0.030303 0.031036
18 0.686180 0.622547 0.053719 0.036513
18 0.699495 0.651301 0.038108 0.031036
18 0.738062 0.655408 0.025253 0.025559
18 0.796832 0.610452 0.034435 0.032405
18 0.760790 0.677088 0.036731 0.047923
18 0.899219 0.770196 0.040863 0.036969
18 0.924702 0.747604 0.033976 0.023733
18 0.927227 0.725011 0.039945 0.031492
18 0.953857 0.684619 0.033517 0.031036
18 0.959366 0.634185 0.045455 0.031492
18 0.693985 0.490187 0.038108 0.036513
18 0.952938 0.470561 0.032599 0.031949
18 0.907484 0.508444 0.033517 0.031036
18 0.921258 0.538795 0.049128 0.035144
18 0.935032 0.566636 0.038108 0.031492
18 0.631772 0.410315 0.033976 0.031949
18 0.651974 0.368097 0.036731 0.035144
18 0.746327 0.303058 0.035354 0.036513
18 0.800735 0.390917 0.033976 0.037882
18 0.835629 0.289822 0.035813 0.033775
18 0.886134 0.314468 0.035813 0.031949
18 0.928834 0.350068 0.039486 0.037426
18 0.908861 0.402328 0.031680 0.043359
18 0.738292 0.141944 0.039486 0.034687
18 0.808081 0.142401 0.035813 0.038339
18 0.837925 0.154952 0.027548 0.031492
18 0.863407 0.167275 0.025253 0.020539
18 0.827594 0.219078 0.030762 0.031949
18 0.868687 0.228206 0.033976 0.031949
18 0.889578 0.265176 0.032599 0.031036
18 0.921028 0.253994 0.033976 0.028754
18 0.350321 0.203788 0.037649 0.034231
18 0.382231 0.232542 0.033517 0.031492
18 0.379017 0.284117 0.029844 0.030580
18 0.337466 0.316979 0.033058 0.035144
18 0.422635 0.291876 0.050046 0.032405
18 0.458907 0.298494 0.028926 0.032862
18 0.496327 0.331584 0.034894 0.033318
18 0.485996 0.194888 0.036272 0.034687
18 0.524564 0.219078 0.032599 0.034687
18 0.553030 0.248745 0.033517 0.025559
18 0.546373 0.285258 0.028466 0.046554
18 0.588613 0.269055 0.033976 0.033318
18 0.438476 0.016887 0.039486 0.026472
18 0.529844 0.034687 0.029385 0.039251
18 0.568871 0.030580 0.034894 0.047467
18 0.496786 0.076906 0.033058 0.030580
18 0.518825 0.110680 0.035813 0.044272
18 0.704316 0.071429 0.033976 0.052487
18 0.748163 0.094249 0.040863 0.057052
18 0.128329 0.509356 0.033517 0.033775
18 0.162994 0.537198 0.033976 0.031036
18 0.225436 0.472159 0.037649 0.047923
18 0.239899 0.549977 0.034435 0.031949
18 0.202938 0.603149 0.040404 0.054313
18 0.285813 0.505933 0.036272 0.040621
18 0.322084 0.461205 0.034435 0.034231
18 0.293618 0.568690 0.038108 0.033775
18 0.315197 0.629849 0.034435 0.032862
18 0.375344 0.539480 0.035354 0.032862
18 0.415060 0.487905 0.035813 0.031949
18 0.416437 0.531492 0.036731 0.045185
18 0.491965 0.573939 0.034435 0.037882
18 0.058310 0.717252 0.033058 0.035144
18 0.158402 0.740529 0.038567 0.035144
18 0.124197 0.821771 0.032599 0.033318
18 0.019743 0.569603 0.038567 0.041077
18 0.035354 0.646052 0.030303 0.036057
18 0.014004 0.467138 0.028008 0.040621
18 0.226584 0.373117 0.038108 0.038795
18 0.023646 0.366499 0.027089 0.032862
18 0.019743 0.412141 0.033058 0.047467
18 0.051653 0.308079 0.030762 0.031036
18 0.069100 0.265404 0.030762 0.032405
18 0.122590 0.197170 0.040404 0.033775
18 0.199725 0.115701 0.035813 0.028754
18 0.325528 0.050205 0.043159 0.038339
18 0.559917 0.392971 0.033517 0.031949
18 0.477732 0.987220 0.036272 0.025560
18 0.645317 0.967823 0.036272 0.023277
18 0.977043 0.383387 0.036731 0.048380
18 0.742424 0.835691 0.031221 0.033775
18 0.718549 0.850525 0.033976 0.047010
18 0.056703 0.410087 0.035354 0.044272