18 0.804358 0.347015 0.038016 0.049440
18 0.636996 0.376866 0.040797 0.038246
18 0.600371 0.323927 0.057487 0.025653
18 0.529671 0.271688 0.044970 0.045243
18 0.511127 0.208489 0.058878 0.029851
18 0.463375 0.280084 0.039407 0.039646
18 0.755911 0.240438 0.042188 0.036847
18 0.769124 0.201493 0.040797 0.035448
18 0.808530 0.203591 0.026889 0.028451
18 0.847242 0.203591 0.033843 0.031250
18 0.901947 0.221549 0.039407 0.038246
18 0.885257 0.296175 0.028280 0.038246
18 0.921187 0.318330 0.049142 0.050840
18 0.942049 0.424207 0.038016 0.034049
18 0.971720 0.399021 0.035234 0.036847
18 0.961984 0.342118 0.032452 0.034049
18 0.984933 0.468050 0.025498 0.028451
18 0.930227 0.576493 0.064441 0.038246
18 0.842374 0.689366 0.035234 0.046642
18 0.880389 0.706623 0.035234 0.029851
18 0.940658 0.724813 0.032452 0.041045
18 0.840983 0.840252 0.049142 0.048041
18 0.466852 0.963853 0.040797 0.072294
18 0.343764 0.943330 0.058878 0.059235
18 0.304126 0.921642 0.032452 0.052239
18 0.787668 0.860541 0.038016 0.032649
18 0.658322 0.689366 0.032452 0.043843
18 0.706073 0.664646 0.051924 0.076493
18 0.528280 0.388993 0.056096 0.070896
18 0.490960 0.427705 0.038016 0.041045
18 0.533148 0.449860 0.035234 0.048041
18 0.741307 0.161147 0.043579 0.039646
18 0.822902 0.138759 0.026889 0.034049
18 0.849328 0.159748 0.032452 0.045243
18 0.681966 0.042910 0.040797 0.043843
18 0.627955 0.126399 0.039407 0.038246
18 0.609875 0.045476 0.033843 0.031250
18 0.576032 0.019823 0.031062 0.036847
18 0.589940 0.073461 0.039407 0.031250
18 0.542188 0.066465 0.047752 0.031250
18 0.531062 0.114506 0.039407 0.039646
18 0.493741 0.057369 0.032452 0.032649
18 0.457812 0.060168 0.036625 0.049440
18 0.427909 0.062267 0.024108 0.036847
18 0.468243 0.108209 0.038016 0.032649
18 0.428141 0.132463 0.031062 0.035448
18 0.397543 0.116604 0.033843 0.027052
18 0.393370 0.170709 0.036625 0.032649
18 0.374131 0.142257 0.029671 0.024254
18 0.353268 0.197295 0.040797 0.032649
18 0.378999 0.236940 0.044970 0.029851
18 0.369263 0.272388 0.031062 0.032649
18 0.331943 0.270989 0.029671 0.035448
18 0.299490 0.282882 0.040797 0.053638
18 0.246175 0.270289 0.040797 0.034049
18 0.383866 0.414412 0.040797 0.036847
18 0.202596 0.859841 0.032452 0.031250
18 0.166667 0.842351 0.036625 0.041045
18 0.127260 0.797808 0.058878 0.045243
18 0.063514 0.709422 0.049142 0.055037
18 0.284191 0.678405 0.043579 0.077892
18 0.203987 0.622435 0.040797 0.050840
18 0.197033 0.576493 0.063051 0.052239
18 0.146500 0.563200 0.029671 0.034049
18 0.024108 0.502799 0.046361 0.029851
18 0.042884 0.465951 0.042188 0.032649
18 0.033843 0.422808 0.054706 0.036847
18 0.035930 0.378265 0.053315 0.043843
18 0.025498 0.611940 0.038016 0.035448
18 0.205378 0.520756 0.046361 0.039646
18 0.308530 0.457556 0.050533 0.055037
18 0.219750 0.402519 0.040797 0.038246
18 0.206073 0.362174 0.047752 0.045243
18 0.234353 0.330924 0.044970 0.039646
18 0.127260 0.289879 0.036625 0.042444
18 0.069077 0.280084 0.049142 0.059235
18 0.184516 0.150653 0.046361 0.052239
18 0.191470 0.112407 0.038016 0.038246
18 0.237830 0.099813 0.038016 0.052239
18 0.293231 0.058069 0.036625 0.053638
18 0.294622 0.111007 0.033843 0.038246
18 0.324988 0.099813 0.024108 0.032649
18 0.346314 0.065765 0.029671 0.029851
18 0.372045 0.024021 0.036625 0.031250
18 0.337506 0.025420 0.024108 0.025653
18 0.352573 0.100513 0.025498 0.028451
18 0.558183 0.712920 0.040797 0.048041
18 0.504868 0.679571 0.043579 0.043843
18 0.527585 0.810401 0.054706 0.036847
18 0.485396 0.857743 0.032452 0.038246
18 0.439731 0.868937 0.039407 0.049440
18 0.466852 0.785914 0.035234 0.038246
18 0.432313 0.811800 0.042188 0.034049
18 0.377608 0.811101 0.044970 0.032649
18 0.389893 0.715718 0.029671 0.036847
18 0.421187 0.622435 0.036625 0.036847
18 0.385953 0.635728 0.033843 0.032649
18 0.365786 0.657882 0.029671 0.025653
18 0.337506 0.676772 0.035234 0.032649
18 0.416319 0.666278 0.029671 0.034049
18 0.446685 0.687267 0.036625 0.036847
18 0.311080 0.742071 0.032452 0.043843
18 0.324988 0.781017 0.029671 0.034049
18 0.363700 0.775420 0.042188 0.028451
18 0.347010 0.750466 0.031062 0.029851
18 0.349560 0.711987 0.025962 0.030317
18 0.008345 0.470149 0.015763 0.029851
18 0.586926 0.971315 0.051924 0.054571
18 0.659944 0.945196 0.047752 0.054571
18 0.745016 0.911381 0.052851 0.039179
18 0.010663 0.568330 0.021326 0.034981