18 0.224654 0.611773 0.041014 0.032524
18 0.220968 0.645213 0.037327 0.034356
18 0.234101 0.674760 0.043318 0.032066
18 0.239631 0.707284 0.035023 0.038479
18 0.312212 0.696519 0.037327 0.033440
18 0.350230 0.744159 0.057143 0.048099
18 0.427880 0.731791 0.037327 0.036189
18 0.420507 0.779432 0.033641 0.031608
18 0.468433 0.761109 0.038249 0.038937
18 0.374194 0.802107 0.046083 0.043976
18 0.121429 0.744617 0.054839 0.040770
18 0.538018 0.656665 0.041935 0.041686
18 0.334562 0.876775 0.041475 0.043060
18 0.432028 0.837609 0.060369 0.043518
18 0.384332 0.891434 0.042396 0.041228
18 0.554147 0.781951 0.032719 0.030234
18 0.577650 0.728126 0.051152 0.053596
18 0.607143 0.802794 0.043779 0.045350
18 0.681797 0.723317 0.031797 0.032982
18 0.682949 0.758360 0.036866 0.040770
18 0.636636 0.723087 0.043779 0.055428
18 0.701152 0.868071 0.037327 0.037563
18 0.223041 0.851809 0.050691 0.037105
18 0.483871 0.919377 0.052535 0.036647
18 0.539862 0.911361 0.040092 0.032524
18 0.577650 0.908612 0.038249 0.037105
18 0.741705 0.894411 0.039171 0.048099
18 0.699078 0.950527 0.034101 0.032066
18 0.409447 0.987403 0.035484 0.025194
18 0.472120 0.986716 0.037327 0.026568
18 0.560369 0.966102 0.034101 0.036647
18 0.626959 0.980760 0.027189 0.021072
18 0.847696 0.772103 0.041935 0.039853
18 0.825576 0.860055 0.044700 0.047183
18 0.907834 0.763857 0.043318 0.039853
18 0.935484 0.720568 0.036866 0.029317
18 0.730415 0.552222 0.040553 0.034356
18 0.914516 0.612002 0.038249 0.032066
18 0.951843 0.658039 0.040092 0.033440
18 0.947465 0.686212 0.032258 0.031150
18 0.967512 0.578104 0.043779 0.043976
18 0.658756 0.625057 0.040092 0.036189
18 0.914286 0.551535 0.064516 0.064132
18 0.993088 0.526569 0.013824 0.021530
18 0.617051 0.390518 0.044240 0.038937
18 0.672350 0.456940 0.035023 0.031608
18 0.710369 0.427393 0.034562 0.035731
18 0.713364 0.456940 0.034101 0.027943
18 0.692627 0.479157 0.028571 0.027485
18 0.767972 0.441823 0.035484 0.032524
18 0.797465 0.470454 0.040092 0.035731
18 0.703687 0.379295 0.054378 0.039395
18 0.875115 0.360055 0.039631 0.035731
18 0.921429 0.375172 0.025346 0.027485
18 0.946313 0.351122 0.041935 0.049931
18 0.961060 0.383188 0.037327 0.027943
18 0.960369 0.418461 0.035945 0.028859
18 0.920507 0.440678 0.033641 0.029317
18 0.929724 0.473202 0.039171 0.035731
18 0.989631 0.448465 0.020738 0.042144
18 0.704608 0.333028 0.058065 0.036647
18 0.761290 0.331654 0.030415 0.035731
18 0.780415 0.251718 0.034562 0.038937
18 0.806221 0.277142 0.034562 0.031150
18 0.862212 0.326844 0.043318 0.038021
18 0.932488 0.316308 0.027189 0.027943
18 0.926498 0.283784 0.036406 0.035273
18 0.913594 0.252634 0.044700 0.046267
18 0.508986 0.266377 0.039171 0.032524
18 0.496544 0.297068 0.033641 0.034356
18 0.504147 0.334173 0.066359 0.050847
18 0.733410 0.205680 0.037327 0.036647
18 0.833410 0.153459 0.040092 0.043060
18 0.873272 0.191022 0.048848 0.046725
18 0.547005 0.171553 0.041475 0.032524
18 0.558065 0.061154 0.038710 0.044434
18 0.660599 0.052680 0.049309 0.053138
18 0.710599 0.102382 0.050691 0.045350
18 0.630184 0.153917 0.067742 0.051306
18 0.778111 0.109940 0.044700 0.048557
18 0.505760 0.071461 0.051152 0.033898
18 0.501843 0.120476 0.035023 0.033898
18 0.476959 0.154604 0.039631 0.033440
18 0.439401 0.126661 0.035484 0.029776
18 0.209447 0.115437 0.056682 0.051306
18 0.314516 0.109253 0.046544 0.045350
18 0.395392 0.062987 0.035945 0.039853
18 0.426728 0.078333 0.034101 0.032066
18 0.411982 0.109940 0.039631 0.040311
18 0.373963 0.132845 0.022581 0.019240
18 0.186175 0.248282 0.046083 0.045809
18 0.064286 0.352726 0.049309 0.039395
18 0.057143 0.409757 0.040553 0.033440
18 0.097696 0.428539 0.047926 0.043518
18 0.061290 0.479386 0.055300 0.033440
18 0.117512 0.469079 0.036866 0.036647
18 0.020737 0.483051 0.039631 0.027027
18 0.070046 0.513284 0.044240 0.038021
18 0.143779 0.550160 0.037788 0.037563
18 0.023963 0.535960 0.040553 0.030234
18 0.091244 0.600321 0.038710 0.037105
18 0.661521 0.962895 0.032719 0.039395
18 0.523963 0.967476 0.034101 0.056803
18 0.050461 0.699496 0.045622 0.046725
18 0.026267 0.595969 0.036866 0.054970
18 0.178341 0.849061 0.037788 0.044434