18 0.256960 0.822955 0.048380 0.038636
18 0.265860 0.897273 0.038795 0.044545
18 0.224099 0.896364 0.043816 0.037273
18 0.326791 0.940682 0.045641 0.054091
18 0.417618 0.886818 0.035600 0.037273
18 0.383615 0.938409 0.032405 0.034091
18 0.414651 0.952955 0.032405 0.045000
18 0.452761 0.958182 0.037426 0.066364
18 0.532405 0.943182 0.036969 0.035455
18 0.560703 0.885455 0.044272 0.039091
18 0.610224 0.904091 0.044728 0.035455
18 0.573026 0.960909 0.030580 0.050000
18 0.709493 0.903864 0.042446 0.045000
18 0.363076 0.741591 0.036969 0.047727
18 0.338202 0.716364 0.048380 0.033636
18 0.130306 0.750682 0.040621 0.035909
18 0.131447 0.778636 0.046554 0.033636
18 0.088088 0.762955 0.037426 0.027727
18 0.419215 0.649545 0.034231 0.030909
18 0.448882 0.685909 0.026928 0.031818
18 0.473300 0.675227 0.039251 0.031364
18 0.497033 0.640682 0.039251 0.032273
18 0.552031 0.691591 0.039708 0.038636
18 0.528298 0.604545 0.030580 0.025455
18 0.615929 0.616136 0.038795 0.032273
18 0.692834 0.637955 0.036513 0.034091
18 0.735052 0.626364 0.036969 0.029091
18 0.798037 0.752727 0.040621 0.039091
18 0.863076 0.767045 0.048380 0.043182
18 0.905523 0.689091 0.041990 0.037273
18 0.806025 0.859091 0.041077 0.047273
18 0.756732 0.883636 0.053857 0.046364
18 0.614788 0.388182 0.037426 0.033636
18 0.622547 0.445227 0.037426 0.034091
18 0.688727 0.494318 0.038339 0.039545
18 0.815609 0.477500 0.037426 0.035909
18 0.733227 0.524773 0.033318 0.035909
18 0.818120 0.561591 0.036057 0.033182
18 0.912825 0.515455 0.031949 0.030000
18 0.885897 0.372045 0.037426 0.036818
18 0.923779 0.390909 0.039251 0.040909
18 0.962574 0.398182 0.034687 0.027273
18 0.942036 0.426136 0.034687 0.028636
18 0.976038 0.473864 0.018713 0.029545
18 0.918074 0.560909 0.027841 0.028182
18 0.937928 0.600455 0.035600 0.031818
18 0.956869 0.633182 0.041534 0.032727
18 0.959836 0.564773 0.048380 0.051364
18 0.977864 0.505455 0.038795 0.039091
18 0.588772 0.542955 0.037426 0.033182
18 0.564811 0.571818 0.037882 0.032727
18 0.476723 0.532045 0.033318 0.029545
18 0.492469 0.566591 0.030123 0.025909
18 0.458238 0.614091 0.028298 0.028182
18 0.580785 0.090682 0.037882 0.040455
18 0.645139 0.116591 0.038795 0.065909
18 0.701734 0.126364 0.032405 0.038182
18 0.675262 0.147500 0.031492 0.032273
18 0.701278 0.174318 0.039708 0.033182
18 0.739617 0.150455 0.036969 0.034545
18 0.809220 0.182045 0.040164 0.037727
18 0.815381 0.211591 0.033318 0.030455
18 0.837517 0.247955 0.033775 0.030455
18 0.789137 0.245000 0.044728 0.050909
18 0.877453 0.286136 0.034231 0.028636
18 0.771565 0.336591 0.032405 0.035909
18 0.874487 0.317955 0.063898 0.043182
18 0.591054 0.246136 0.040164 0.035000
18 0.436102 0.180909 0.039708 0.033636
18 0.220904 0.093182 0.032862 0.022727
18 0.194888 0.126818 0.035600 0.043636
18 0.308991 0.150455 0.034687 0.032727
18 0.321999 0.182273 0.040621 0.035455
18 0.399133 0.121136 0.068005 0.049545
18 0.280237 0.204318 0.057508 0.048636
18 0.089685 0.238864 0.038795 0.027727
18 0.218850 0.296136 0.039708 0.035909
18 0.066180 0.266591 0.029210 0.029545
18 0.051346 0.297045 0.036969 0.036818
18 0.076677 0.330909 0.043816 0.032727
18 0.018713 0.399318 0.030123 0.036818
18 0.198083 0.364318 0.034687 0.031364
18 0.232999 0.346591 0.049749 0.040455
18 0.210178 0.407273 0.031492 0.030909
18 0.251027 0.410227 0.029210 0.032273
18 0.289137 0.410909 0.029667 0.027273
18 0.375171 0.414091 0.031949 0.028182
18 0.478549 0.347273 0.033318 0.032727
18 0.465541 0.387500 0.052944 0.041364
18 0.425377 0.417045 0.031949 0.033182
18 0.350753 0.447045 0.036057 0.034091
18 0.426061 0.363636 0.026016 0.028182
18 0.444774 0.352727 0.026928 0.030000
18 0.303286 0.476818 0.036057 0.032727
18 0.219078 0.451591 0.031036 0.027727
18 0.232086 0.483409 0.036057 0.026818
18 0.113647 0.478636 0.034687 0.036364
18 0.167732 0.471136 0.047010 0.044091
18 0.188042 0.514773 0.035600 0.047727
18 0.237563 0.519091 0.031492 0.031818
18 0.037654 0.505000 0.042446 0.042727
18 0.025331 0.567045 0.038795 0.028636
18 0.052716 0.550227 0.038795 0.026818
18 0.083524 0.546136 0.037426 0.031364
18 0.027613 0.619091 0.042446 0.034545
18 0.029895 0.668182 0.031492 0.041818
18 0.048152 0.711364 0.021451 0.025455
18 0.253994 0.700227 0.040621 0.040455
18 0.274304 0.536364 0.033775 0.036364
18 0.331584 0.550227 0.045185 0.045000
18 0.358969 0.600909 0.029667 0.031818
18 0.381333 0.578636 0.027841 0.020909
18 0.418074 0.564091 0.035600 0.032727
18 0.431082 0.595909 0.031492 0.029091