18 0.871435 0.187075 0.025351 0.026757
18 0.498642 0.889569 0.036668 0.029478
18 0.450656 0.951020 0.030330 0.027211
18 0.351517 0.953061 0.041195 0.032200
18 0.420326 0.960771 0.052060 0.047619
18 0.465143 0.975737 0.020371 0.023129
18 0.502716 0.971202 0.044817 0.040363
18 0.542100 0.973696 0.025804 0.027211
18 0.543685 0.941723 0.016297 0.020408
18 0.569488 0.946485 0.038932 0.042630
18 0.619737 0.934467 0.033499 0.036735
18 0.525577 0.836054 0.038026 0.032200
18 0.665233 0.951020 0.043006 0.028118
18 0.501358 0.748980 0.044817 0.042177
18 0.605478 0.785714 0.036668 0.029478
18 0.644636 0.806803 0.030783 0.032653
18 0.782481 0.755329 0.035763 0.034014
18 0.817338 0.820862 0.043911 0.038095
18 0.743549 0.896372 0.042100 0.043084
18 0.788818 0.878685 0.036668 0.033107
18 0.814169 0.853968 0.035763 0.034467
18 0.863513 0.808163 0.034857 0.031746
18 0.345179 0.595465 0.030330 0.027211
18 0.339973 0.624943 0.034405 0.029025
18 0.324808 0.661905 0.032141 0.028571
18 0.320281 0.692744 0.041195 0.032200
18 0.295383 0.656689 0.033047 0.029025
18 0.377773 0.724263 0.033952 0.034467
18 0.398144 0.687302 0.033952 0.034014
18 0.445677 0.687075 0.030330 0.029025
18 0.464464 0.715646 0.035310 0.030839
18 0.445677 0.624943 0.029425 0.034467
18 0.501811 0.614059 0.034857 0.034467
18 0.540969 0.723356 0.042553 0.037188
18 0.596197 0.692290 0.033499 0.031293
18 0.649842 0.646939 0.032141 0.027664
18 0.652105 0.701361 0.035763 0.036735
18 0.685604 0.646485 0.029425 0.034921
18 0.689000 0.607483 0.030783 0.028571
18 0.729063 0.597959 0.040290 0.043991
18 0.767542 0.619501 0.035763 0.042630
18 0.872114 0.622676 0.034857 0.038095
18 0.914667 0.727891 0.045722 0.038095
18 0.891127 0.761224 0.044817 0.039456
18 0.954504 0.627891 0.042100 0.044898
18 0.966953 0.595918 0.041648 0.029025
18 0.673155 0.470068 0.032594 0.029478
18 0.658443 0.507029 0.034857 0.038095
18 0.760751 0.571655 0.033047 0.029478
18 0.893391 0.564853 0.032141 0.033107
18 0.902218 0.516780 0.036215 0.033107
18 0.939565 0.519501 0.036668 0.028571
18 0.945450 0.551701 0.030330 0.027664
18 0.972838 0.542857 0.032594 0.025397
18 0.941603 0.489569 0.042553 0.034921
18 0.943640 0.445578 0.039384 0.039456
18 0.983703 0.447392 0.029878 0.023129
18 0.833409 0.431746 0.038932 0.036281
18 0.301268 0.456689 0.038479 0.031746
18 0.341331 0.443311 0.031689 0.024943
18 0.386827 0.435374 0.028520 0.026304
18 0.402445 0.483673 0.028972 0.026757
18 0.376641 0.514739 0.029878 0.029025
18 0.343142 0.545125 0.028972 0.028118
18 0.436623 0.500907 0.029425 0.029478
18 0.466274 0.508844 0.028972 0.026304
18 0.432322 0.544218 0.045269 0.042630
18 0.487551 0.575510 0.037121 0.030839
18 0.588728 0.572789 0.037574 0.035374
18 0.619511 0.468707 0.036668 0.035828
18 0.086917 0.722676 0.057039 0.041270
18 0.205749 0.703401 0.036668 0.035374
18 0.186736 0.763492 0.043911 0.050340
18 0.121548 0.788889 0.046627 0.034014
18 0.159348 0.817460 0.042553 0.035828
18 0.183567 0.855102 0.043006 0.027664
18 0.251698 0.853288 0.038026 0.035828
18 0.031010 0.593424 0.048438 0.037642
18 0.062245 0.637642 0.051154 0.035374
18 0.107062 0.530385 0.037574 0.035828
18 0.265052 0.574603 0.061114 0.035374
18 0.034857 0.395465 0.035310 0.031746
18 0.081711 0.397959 0.038479 0.045805
18 0.067451 0.472336 0.050702 0.041270
18 0.036215 0.500907 0.044364 0.029478
18 0.071978 0.339456 0.045269 0.037642
18 0.117474 0.334240 0.034857 0.031746
18 0.149389 0.288435 0.040742 0.038095
18 0.320960 0.268934 0.039837 0.039002
18 0.262562 0.330839 0.038026 0.032200
18 0.298778 0.361224 0.032594 0.033107
18 0.360344 0.408163 0.028972 0.029025
18 0.395880 0.380952 0.050249 0.051701
18 0.177456 0.287075 0.015392 0.015420
18 0.484156 0.335828 0.040290 0.034014
18 0.580127 0.314966 0.037574 0.031293
18 0.468764 0.422222 0.031236 0.034467
18 0.612721 0.397052 0.033047 0.033107
18 0.649163 0.334240 0.033499 0.031746
18 0.665459 0.370975 0.038932 0.033560
18 0.718877 0.335374 0.037121 0.033107
18 0.713898 0.171882 0.036215 0.033560
18 0.747397 0.168027 0.036215 0.034014
18 0.790403 0.173469 0.033499 0.029478
18 0.826618 0.144444 0.028972 0.028571
18 0.859891 0.167574 0.021277 0.019501
18 0.775464 0.210658 0.041648 0.032200
18 0.787460 0.245125 0.031236 0.029478
18 0.822770 0.247166 0.037574 0.049887
18 0.870982 0.292290 0.043459 0.037642
18 0.928248 0.264626 0.025804 0.029478
18 0.579448 0.031066 0.031689 0.047619
18 0.636940 0.057823 0.038026 0.038549
18 0.677003 0.059864 0.031236 0.034467
18 0.668855 0.132200 0.042100 0.039456
18 0.793798 0.126984 0.030330 0.039002
18 0.515165 0.101361 0.038026 0.038549
18 0.495473 0.025624 0.034857 0.051247
18 0.456994 0.052154 0.033952 0.031746
18 0.424627 0.055782 0.037121 0.039002
18 0.365097 0.076644 0.033047 0.035374
18 0.340426 0.129252 0.057039 0.040816
18 0.339973 0.166213 0.038932 0.033107
18 0.413309 0.206803 0.044364 0.039909
18 0.172703 0.165079 0.052965 0.056236