18 0.383745 0.108102 0.072057 0.075147
18 0.346041 0.153023 0.036866 0.048279
18 0.301005 0.168556 0.056556 0.079345
18 0.256389 0.145046 0.035191 0.046599
18 0.197738 0.176322 0.053624 0.049538
18 0.169041 0.220823 0.054881 0.059614
18 0.258902 0.253988 0.036866 0.049538
18 0.293255 0.236146 0.041056 0.042401
18 0.348345 0.289253 0.038123 0.041142
18 0.181818 0.310243 0.041056 0.035264
18 0.130917 0.327666 0.054881 0.052477
18 0.102639 0.359152 0.049434 0.025609
18 0.093632 0.418766 0.073314 0.087741
18 0.186008 0.373426 0.043569 0.050798
18 0.296188 0.381192 0.049434 0.049538
18 0.423754 0.327456 0.048178 0.057935
18 0.505027 0.314022 0.060746 0.045340
18 0.447842 0.255877 0.076246 0.065071
18 0.494135 0.207389 0.042313 0.041142
18 0.475911 0.120697 0.036866 0.032326
18 0.508588 0.082494 0.036866 0.032326
18 0.497905 0.158690 0.038123 0.036944
18 0.492250 0.414358 0.063678 0.070529
18 0.630708 0.418556 0.046502 0.045340
18 0.601592 0.468094 0.045245 0.062133
18 0.501466 0.512175 0.053624 0.068010
18 0.037914 0.477540 0.038123 0.029807
18 0.055928 0.531066 0.038123 0.041142
18 0.144114 0.469563 0.039380 0.048279
18 0.210515 0.469773 0.042313 0.045340
18 0.246753 0.441226 0.041056 0.045340
18 0.289066 0.479639 0.049434 0.056675
18 0.253037 0.501679 0.031001 0.041142
18 0.276079 0.533795 0.043569 0.038203
18 0.310222 0.586482 0.038123 0.049538
18 0.227692 0.573678 0.050691 0.046599
18 0.202974 0.618178 0.038123 0.048279
18 0.242564 0.655542 0.041056 0.052477
18 0.175534 0.714316 0.036866 0.056675
18 0.098869 0.499160 0.070381 0.070529
18 0.078760 0.591940 0.057813 0.086482
18 0.116674 0.746012 0.029744 0.041142
18 0.246753 0.763014 0.035191 0.060873
18 0.249476 0.854744 0.038123 0.043661
18 0.370130 0.805626 0.042313 0.041142
18 0.354629 0.730688 0.048178 0.046599
18 0.346041 0.668346 0.070381 0.066331
18 0.413071 0.657641 0.043569 0.065071
18 0.494973 0.662469 0.054881 0.057935
18 0.464600 0.840890 0.053624 0.063812
18 0.405949 0.849286 0.066192 0.057935
18 0.445748 0.904492 0.049434 0.052477
18 0.607876 0.871117 0.063678 0.053736
18 0.619816 0.825777 0.050691 0.039463
18 0.603687 0.756507 0.041056 0.053736
18 0.660243 0.748741 0.043569 0.054996
18 0.713029 0.770781 0.045245 0.045340
18 0.681399 0.811713 0.038123 0.042401
18 0.735023 0.807725 0.046502 0.036944
18 0.780268 0.858522 0.046502 0.059614
18 0.852953 0.760915 0.067868 0.065071
18 0.552158 0.613980 0.022623 0.034005
18 0.593213 0.562972 0.039380 0.039463
18 0.632593 0.590470 0.039380 0.054996
18 0.593632 0.618178 0.043569 0.050798
18 0.531839 0.124895 0.032258 0.054996
18 0.573314 0.110831 0.028069 0.057935
18 0.610809 0.116499 0.026812 0.038203
18 0.652493 0.127204 0.048178 0.059614
18 0.562631 0.153442 0.035191 0.029807
18 0.610180 0.159110 0.048178 0.041142
18 0.732300 0.148615 0.080436 0.053736
18 0.847298 0.188707 0.050691 0.046599
18 0.718056 0.218724 0.049434 0.063812
18 0.614998 0.206549 0.041056 0.045340
18 0.594470 0.235306 0.036866 0.038203
18 0.546711 0.261545 0.036866 0.045340
18 0.679305 0.249790 0.042313 0.057935
18 0.779640 0.239715 0.036866 0.041142
18 0.808965 0.264274 0.045245 0.050798
18 0.883955 0.267212 0.076246 0.048279
18 0.882698 0.335432 0.045245 0.076406
18 0.840595 0.323258 0.032258 0.043661
18 0.796397 0.314861 0.039380 0.041142
18 0.741517 0.365029 0.053624 0.042401
18 0.671973 0.311923 0.039380 0.057935
18 0.679305 0.416667 0.033934 0.038203
18 0.688521 0.456759 0.046502 0.039463
18 0.738375 0.408270 0.042313 0.038203
18 0.740679 0.452771 0.041056 0.042401
18 0.795769 0.419395 0.052367 0.043661
18 0.821952 0.359992 0.076246 0.038203
18 0.867616 0.409740 0.049434 0.041142
18 0.941977 0.462427 0.056556 0.042401
18 0.872853 0.503568 0.056556 0.050798
18 0.963762 0.535264 0.060746 0.035264
18 0.884374 0.599076 0.035191 0.043661
18 0.847088 0.577036 0.031001 0.042401
18 0.809175 0.649244 0.042313 0.048279
18 0.770423 0.692485 0.063678 0.046599
18 0.708840 0.589001 0.076246 0.066331
18 0.766653 0.583333 0.022623 0.032326
18 0.802262 0.555835 0.045245 0.070529
18 0.746963 0.512594 0.039380 0.049538
18 0.794931 0.477330 0.048178 0.049538
18 0.682656 0.960747 0.050691 0.041562
18 0.571638 0.985097 0.033934 0.024769
18 0.487222 0.977960 0.049434 0.044080
18 0.298492 0.932200 0.069962 0.060034
18 0.190616 0.871746 0.054462 0.053317
18 0.142229 0.822208 0.045664 0.053317
18 0.042522 0.676952 0.043988 0.067590
18 0.073733 0.740134 0.025974 0.058774
18 0.107667 0.719563 0.051948 0.035264
18 0.087558 0.675063 0.061165 0.040302
18 0.285086 0.878463 0.027231 0.024769
18 0.182447 0.819899 0.029744 0.035264
18 0.570800 0.933039 0.050691 0.055835
18 0.485128 0.937448 0.058651 0.031066
18 0.747591 0.066331 0.050691 0.049538