18 0.180227 0.382286 0.032273 0.032535
18 0.242955 0.426570 0.030455 0.031631
18 0.281364 0.469724 0.034545 0.039313
18 0.187045 0.458653 0.059545 0.048803
18 0.269091 0.534794 0.035455 0.032987
18 0.080909 0.558970 0.040000 0.037054
18 0.006136 0.491866 0.012272 0.038409
18 0.019545 0.417533 0.027273 0.035246
18 0.302273 0.409851 0.037273 0.042476
18 0.355227 0.388613 0.031364 0.034343
18 0.365455 0.481473 0.033636 0.032083
18 0.422500 0.455716 0.034091 0.033891
18 0.406364 0.490511 0.040909 0.035698
18 0.449773 0.567781 0.035000 0.032987
18 0.595682 0.436512 0.034091 0.036150
18 0.650455 0.484636 0.031818 0.028468
18 0.687273 0.457072 0.036364 0.033891
18 0.667500 0.585630 0.039545 0.040669
18 0.041591 0.343199 0.037727 0.041121
18 0.080227 0.253050 0.029545 0.028920
18 0.129773 0.216448 0.065000 0.059648
18 0.139318 0.170809 0.027727 0.020786
18 0.163636 0.341618 0.036364 0.034343
18 0.313636 0.267058 0.033636 0.037054
18 0.266818 0.353818 0.050909 0.039765
18 0.434773 0.269092 0.033182 0.032987
18 0.185000 0.128107 0.025455 0.024853
18 0.220227 0.101446 0.029545 0.025757
18 0.300455 0.071170 0.042727 0.045639
18 0.405682 0.027338 0.032273 0.024853
18 0.550227 0.030276 0.038636 0.046995
18 0.498636 0.176005 0.034545 0.036602
18 0.511591 0.213963 0.034091 0.032987
18 0.662727 0.051514 0.033636 0.037054
18 0.684091 0.131044 0.035455 0.032535
18 0.736364 0.107772 0.030909 0.038409
18 0.772045 0.122684 0.036818 0.048351
18 0.690455 0.169453 0.037273 0.044284
18 0.622273 0.230456 0.034545 0.033439
18 0.870000 0.215545 0.051818 0.046995
18 0.894773 0.260958 0.053182 0.042928
18 0.868409 0.300497 0.037727 0.039765
18 0.643864 0.267284 0.035909 0.031179
18 0.658182 0.307501 0.031818 0.032083
18 0.630682 0.338229 0.048636 0.045639
18 0.677727 0.342747 0.032727 0.031179
18 0.549318 0.310212 0.034091 0.030276
18 0.566591 0.353818 0.032273 0.032535
18 0.486364 0.259602 0.029091 0.030276
18 0.518864 0.284455 0.049545 0.040217
18 0.927727 0.330999 0.042727 0.034794
18 0.949318 0.353592 0.033182 0.029372
18 0.962500 0.375960 0.022273 0.027113
18 0.912273 0.405106 0.030909 0.030276
18 0.800227 0.444871 0.037727 0.037506
18 0.940909 0.431089 0.039091 0.034343
18 0.884318 0.472887 0.035000 0.033891
18 0.957500 0.480569 0.060455 0.033891
18 0.805909 0.546091 0.040000 0.035698
18 0.917045 0.520334 0.034091 0.032987
18 0.938636 0.565070 0.039091 0.038409
18 0.894773 0.606869 0.037727 0.037958
18 0.904773 0.683461 0.035000 0.034794
18 0.846364 0.695436 0.031818 0.030728
18 0.845000 0.729553 0.050000 0.034794
18 0.842045 0.763217 0.037727 0.037054
18 0.699773 0.735653 0.035000 0.032535
18 0.593636 0.662223 0.030000 0.029372
18 0.636364 0.669679 0.035455 0.030728
18 0.599091 0.697018 0.055455 0.039313
18 0.595682 0.727745 0.043182 0.030276
18 0.626136 0.749887 0.028636 0.023949
18 0.607045 0.774062 0.026818 0.030728
18 0.539545 0.775870 0.030909 0.030728
18 0.640227 0.778129 0.030455 0.042476
18 0.275227 0.707637 0.035909 0.034343
18 0.210909 0.749661 0.040909 0.040669
18 0.244773 0.770221 0.032273 0.024853
18 0.285227 0.799819 0.065000 0.042476
18 0.246818 0.921600 0.041818 0.031179
18 0.331136 0.716448 0.037727 0.038409
18 0.346591 0.754858 0.032273 0.032083
18 0.382727 0.751920 0.027273 0.023498
18 0.368636 0.777677 0.030909 0.029824
18 0.367500 0.830547 0.025909 0.028920
18 0.391818 0.823317 0.030909 0.031631
18 0.395455 0.855174 0.030909 0.030276
18 0.376364 0.892454 0.045455 0.060551
18 0.424318 0.904880 0.037727 0.042928
18 0.478409 0.828739 0.029545 0.031631
18 0.517500 0.835743 0.052273 0.043832
18 0.530000 0.869182 0.027273 0.028468
18 0.589318 0.831451 0.031364 0.028016
18 0.614091 0.808631 0.030909 0.041121
18 0.645000 0.832580 0.030909 0.030276
18 0.601364 0.908043 0.033636 0.033891
18 0.471818 0.901943 0.027273 0.031631
18 0.684545 0.903299 0.028182 0.036150
18 0.722500 0.924085 0.036818 0.042476
18 0.748409 0.912788 0.028636 0.027113
18 0.763636 0.894487 0.031818 0.043832
18 0.809773 0.873475 0.031364 0.034343
18 0.833636 0.832354 0.038182 0.041573
18 0.017727 0.611387 0.025455 0.037054
18 0.553636 0.918888 0.030000 0.041121
18 0.524318 0.915951 0.034091 0.035246
18 0.492045 0.901717 0.018636 0.043832
18 0.395909 0.979666 0.035455 0.032535
18 0.500909 0.978084 0.035455 0.036602
18 0.961136 0.625847 0.028636 0.056033