18 0.509462 0.499162 0.066863 0.059514
18 0.617746 0.612531 0.039529 0.064962
18 0.557191 0.659681 0.058032 0.057837
18 0.519765 0.714166 0.059714 0.039396
18 0.563288 0.752515 0.044155 0.056580
18 0.715728 0.758801 0.059714 0.046521
18 0.840412 0.684619 0.073591 0.042330
18 0.812447 0.637888 0.037006 0.039396
18 0.759462 0.598072 0.039529 0.039396
18 0.786585 0.555323 0.050883 0.055323
18 0.843987 0.536882 0.035324 0.041073
18 0.883936 0.542330 0.041211 0.041073
18 0.957738 0.552389 0.060976 0.055323
18 0.843987 0.588433 0.041211 0.039396
18 0.950799 0.694677 0.032801 0.048198
18 0.748108 0.828793 0.053827 0.048198
18 0.624895 0.806161 0.039529 0.050712
18 0.679352 0.809095 0.052565 0.050712
18 0.617115 0.915759 0.038267 0.032691
18 0.582843 0.923512 0.026913 0.042330
18 0.510093 0.863370 0.059714 0.049455
18 0.418629 0.876362 0.044155 0.041073
18 0.401388 0.942163 0.029857 0.045264
18 0.429142 0.786253 0.042473 0.045264
18 0.375946 0.787301 0.035324 0.038139
18 0.356812 0.735541 0.048360 0.053646
18 0.416316 0.681894 0.037006 0.045264
18 0.367746 0.678332 0.028175 0.046521
18 0.335366 0.627410 0.042473 0.041073
18 0.328848 0.668902 0.041211 0.039396
18 0.283431 0.623638 0.041211 0.039396
18 0.279226 0.668273 0.041211 0.038139
18 0.283852 0.557418 0.055509 0.045264
18 0.194071 0.620914 0.038267 0.042330
18 0.138141 0.581936 0.048360 0.038139
18 0.124685 0.630972 0.046678 0.033948
18 0.121110 0.683152 0.045416 0.053646
18 0.167998 0.730511 0.050883 0.072087
18 0.227082 0.722339 0.032801 0.044007
18 0.216989 0.774937 0.080740 0.039396
18 0.209840 0.831517 0.035324 0.045264
18 0.150336 0.806370 0.038267 0.036882
18 0.271236 0.858759 0.084945 0.082146
18 0.435450 0.440696 0.046678 0.075021
18 0.329058 0.424141 0.044155 0.045264
18 0.252523 0.450964 0.038267 0.053646
18 0.169050 0.449916 0.039529 0.042330
18 0.157065 0.487008 0.038267 0.035205
18 0.060765 0.471920 0.052565 0.032691
18 0.067283 0.533319 0.059714 0.056580
18 0.076955 0.415130 0.037006 0.044007
18 0.131623 0.403185 0.072330 0.039396
18 0.149495 0.359807 0.048360 0.038139
18 0.148654 0.294216 0.060976 0.067896
18 0.220353 0.249790 0.037006 0.049455
18 0.214045 0.193630 0.035324 0.036882
18 0.261564 0.255868 0.037006 0.033948
18 0.295627 0.283319 0.031119 0.035205
18 0.372161 0.294216 0.031119 0.036882
18 0.297309 0.355826 0.059714 0.055323
18 0.371741 0.358969 0.055509 0.050712
18 0.543734 0.339480 0.039529 0.039396
18 0.553196 0.395222 0.060976 0.077955
18 0.614172 0.469614 0.044155 0.042330
18 0.663793 0.464585 0.044155 0.044007
18 0.651177 0.515717 0.044155 0.052389
18 0.830109 0.440067 0.049622 0.059514
18 0.828638 0.378877 0.052565 0.039396
18 0.936922 0.432104 0.076535 0.057837
18 0.844197 0.297779 0.038267 0.052389
18 0.806560 0.303227 0.039529 0.046521
18 0.752313 0.317058 0.062237 0.048198
18 0.755257 0.369237 0.045416 0.039396
18 0.722876 0.401090 0.076535 0.055323
18 0.685450 0.329003 0.032801 0.041073
18 0.694281 0.268022 0.037006 0.046521
18 0.767031 0.234074 0.037006 0.046521
18 0.788688 0.151090 0.046678 0.042330
18 0.696384 0.164711 0.035324 0.041073
18 0.658747 0.227578 0.034062 0.036882
18 0.573171 0.225692 0.035324 0.044007
18 0.602817 0.258173 0.044155 0.035205
18 0.636880 0.290654 0.038267 0.038139
18 0.603659 0.333194 0.028175 0.041073
18 0.569596 0.304065 0.034062 0.028080
18 0.491379 0.235541 0.048360 0.049455
18 0.654542 0.104568 0.050883 0.064962
18 0.621320 0.124476 0.023970 0.036882
18 0.636880 0.173512 0.060976 0.055323
18 0.580950 0.153395 0.048360 0.041073
18 0.558873 0.106664 0.035324 0.044007
18 0.522708 0.113579 0.031119 0.035205
18 0.459420 0.143546 0.060976 0.046521
18 0.459630 0.188810 0.049622 0.044007
18 0.387090 0.244132 0.038267 0.038139
18 0.380362 0.200754 0.044155 0.039396
18 0.414844 0.080469 0.073591 0.062028
18 0.348823 0.123219 0.069386 0.036882
18 0.311817 0.147737 0.029857 0.029757
18 0.340412 0.179799 0.044155 0.045264
18 0.304247 0.205784 0.025652 0.032691
18 0.280698 0.163873 0.046678 0.045264
18 0.263667 0.210184 0.050463 0.046521
18 0.828007 0.853521 0.047098 0.053227
18 0.891926 0.789187 0.049622 0.051970
18 0.360177 0.025566 0.057611 0.035205