18 0.150939 0.297691 0.038937 0.036490
18 0.089327 0.320554 0.031150 0.029561
18 0.063674 0.342725 0.034814 0.031409
18 0.067109 0.378522 0.034356 0.032794
18 0.116125 0.363510 0.034356 0.030485
18 0.172240 0.336952 0.032982 0.031871
18 0.153000 0.384065 0.036647 0.033718
18 0.097114 0.430716 0.036647 0.031871
18 0.049473 0.440647 0.038479 0.030485
18 0.057032 0.292379 0.025195 0.025866
18 0.233394 0.371824 0.035273 0.029561
18 0.292258 0.324249 0.040311 0.036952
18 0.324095 0.378984 0.036189 0.037413
18 0.043976 0.500693 0.052222 0.034180
18 0.094595 0.542032 0.052680 0.050346
18 0.079478 0.590993 0.049015 0.040185
18 0.024508 0.594457 0.030692 0.025866
18 0.089785 0.637413 0.032066 0.028637
18 0.060925 0.650577 0.034814 0.029099
18 0.122767 0.663048 0.031150 0.030023
18 0.087265 0.681755 0.052680 0.037875
18 0.092304 0.737644 0.038937 0.036952
18 0.124599 0.777367 0.047641 0.038799
18 0.235914 0.720092 0.034814 0.033256
18 0.333486 0.757044 0.044892 0.040647
18 0.164453 0.850346 0.034814 0.030485
18 0.291342 0.852194 0.042144 0.044342
18 0.324553 0.879908 0.037105 0.035104
18 0.438846 0.854042 0.032982 0.030485
18 0.432661 0.898845 0.049015 0.037875
18 0.494274 0.852887 0.052222 0.040185
18 0.533669 0.799307 0.035731 0.030947
18 0.303023 0.935335 0.033440 0.030485
18 0.332112 0.935566 0.040311 0.059584
18 0.551306 0.959122 0.049015 0.061432
18 0.525195 0.694457 0.032524 0.031871
18 0.519469 0.730254 0.043060 0.036952
18 0.517865 0.770670 0.028859 0.029099
18 0.567568 0.762125 0.033898 0.030485
18 0.572836 0.838337 0.038021 0.036028
18 0.620705 0.681755 0.055886 0.036028
18 0.707742 0.732794 0.038479 0.038337
18 0.737059 0.767206 0.041228 0.038799
18 0.814017 0.862125 0.050389 0.053118
18 0.769354 0.899769 0.042602 0.036952
18 0.862345 0.800000 0.062758 0.050808
18 0.500916 0.491455 0.039853 0.038799
18 0.533898 0.636952 0.037105 0.036028
18 0.637884 0.536028 0.039853 0.038337
18 0.649107 0.484758 0.037563 0.033718
18 0.739808 0.503002 0.037563 0.033256
18 0.740037 0.576674 0.054512 0.052194
18 0.751031 0.617090 0.035273 0.034180
18 0.806688 0.596767 0.035731 0.036028
18 0.908841 0.620323 0.043976 0.038799
18 0.931974 0.578522 0.060009 0.062356
18 0.925103 0.499076 0.046267 0.044804
18 0.653917 0.423095 0.043518 0.038799
18 0.704077 0.443649 0.039395 0.037413
18 0.766835 0.390531 0.042144 0.037413
18 0.783326 0.317783 0.043976 0.040647
18 0.904489 0.343880 0.049015 0.047575
18 0.931287 0.400000 0.043060 0.049885
18 0.912964 0.437875 0.057719 0.059122
18 0.514888 0.205312 0.043976 0.037413
18 0.524279 0.347113 0.034356 0.031871
18 0.629409 0.274134 0.039395 0.037413
18 0.673385 0.231640 0.036647 0.037413
18 0.724462 0.249654 0.034356 0.037413
18 0.695373 0.274365 0.039395 0.034180
18 0.670866 0.143880 0.033440 0.029099
18 0.739808 0.156582 0.054970 0.051732
18 0.807833 0.174596 0.034356 0.032333
18 0.823637 0.199769 0.032982 0.031871
18 0.838754 0.227252 0.045809 0.041570
18 0.882043 0.280370 0.038021 0.045266
18 0.560696 0.031178 0.036647 0.041109
18 0.563445 0.065820 0.033898 0.029099
18 0.619102 0.089607 0.045350 0.043418
18 0.657581 0.044111 0.043518 0.047575
18 0.508246 0.065589 0.038021 0.032333
18 0.468392 0.094688 0.034356 0.033256
18 0.495190 0.110393 0.032982 0.035104
18 0.432661 0.116628 0.040770 0.037413
18 0.360513 0.109238 0.046725 0.042956
18 0.310353 0.119861 0.041686 0.043880
18 0.259505 0.149654 0.041686 0.040647
18 0.205451 0.176212 0.045350 0.038337
18 0.129409 0.247113 0.042602 0.034180
18 0.092075 0.229099 0.027485 0.027714
18 0.072377 0.260508 0.026569 0.025866
18 0.445717 0.237644 0.032066 0.035566
18 0.391892 0.318476 0.047183 0.046651
18 0.424645 0.334642 0.051306 0.039261
18 0.433120 0.367436 0.033440 0.030947
18 0.394411 0.378291 0.032982 0.032333
18 0.437242 0.406005 0.033440 0.028637
18 0.525653 0.406005 0.042602 0.038799
18 0.374256 0.411085 0.032066 0.029561
18 0.385708 0.433949 0.030234 0.027252
18 0.360513 0.452425 0.044892 0.032794
18 0.344480 0.509238 0.051306 0.064203
18 0.388914 0.563972 0.034814 0.031409
18 0.367384 0.598614 0.050389 0.046189
18 0.406093 0.596074 0.035273 0.034642
18 0.426706 0.983834 0.067339 0.032332
18 0.211635 0.893764 0.024737 0.024942
18 0.037792 0.315935 0.017865 0.022171