19 0.496911 0.064761 0.045422 0.044863
19 0.626635 0.072902 0.046875 0.039436
19 0.701490 0.105825 0.046148 0.047395
19 0.486737 0.166425 0.041788 0.039797
19 0.439499 0.179631 0.047602 0.032200
19 0.342297 0.131512 0.050145 0.039436
19 0.315225 0.179450 0.043968 0.039797
19 0.490371 0.225217 0.042515 0.040883
19 0.410610 0.344971 0.042151 0.043777
19 0.584302 0.226664 0.035610 0.036541
19 0.621003 0.215991 0.036337 0.039074
19 0.615371 0.251990 0.029433 0.027135
19 0.650618 0.252171 0.030887 0.035456
19 0.621730 0.283104 0.033430 0.032923
19 0.631177 0.260311 0.021802 0.028582
19 0.675327 0.290340 0.036701 0.035094
19 0.668423 0.348770 0.040334 0.039797
19 0.577762 0.351483 0.044331 0.039436
19 0.371730 0.066932 0.034157 0.026773
19 0.401708 0.062048 0.035974 0.035094
19 0.246003 0.203148 0.042151 0.033647
19 0.255814 0.162446 0.027616 0.031838
19 0.261083 0.104740 0.030160 0.019175
19 0.304869 0.080499 0.026163 0.018452
19 0.328125 0.077967 0.036337 0.029305
19 0.233830 0.163531 0.035974 0.038350
19 0.182413 0.255970 0.029797 0.035094
19 0.207849 0.259949 0.033430 0.030029
19 0.239644 0.268813 0.027980 0.031838
19 0.261446 0.280210 0.027253 0.031476
19 0.240371 0.293234 0.029433 0.019175
19 0.305959 0.325253 0.036337 0.035456
19 0.265807 0.311686 0.034520 0.030029
19 0.241642 0.306259 0.031977 0.017004
19 0.243096 0.321816 0.023256 0.023517
19 0.264717 0.340630 0.035974 0.022069
19 0.265807 0.356006 0.035974 0.022431
19 0.187500 0.291787 0.010174 0.010492
19 0.204942 0.298300 0.029070 0.028582
19 0.168968 0.285637 0.031250 0.025687
19 0.167333 0.306440 0.032340 0.023155
19 0.209302 0.323806 0.021076 0.029667
19 0.189499 0.328871 0.030160 0.029667
19 0.230196 0.338821 0.028706 0.022069
19 0.232376 0.357634 0.025073 0.027135
19 0.216933 0.352388 0.018895 0.022431
19 0.199855 0.353111 0.026890 0.020984
19 0.174237 0.348408 0.030160 0.025326
19 0.157340 0.341896 0.030523 0.023878
19 0.770712 0.235528 0.036337 0.039797
19 0.788699 0.165702 0.037427 0.030391
19 0.792696 0.185058 0.030887 0.022793
19 0.812318 0.170224 0.025799 0.022793
19 0.811228 0.211469 0.030160 0.030029
19 0.829942 0.186505 0.026890 0.016281
19 0.831214 0.228473 0.033794 0.024240
19 0.841751 0.250000 0.030887 0.028944
19 0.859920 0.272431 0.037427 0.033285
19 0.894259 0.297938 0.035610 0.030029
19 0.891715 0.323806 0.038517 0.032562
19 0.721294 0.405391 0.043605 0.040883
19 0.810320 0.406476 0.036337 0.032923
19 0.842478 0.416968 0.035974 0.036541
19 0.815952 0.434515 0.035247 0.035456
19 0.771257 0.443741 0.041061 0.035094
19 0.757086 0.472323 0.043241 0.035094
19 0.825581 0.201520 0.023256 0.021708
19 0.842660 0.206585 0.021076 0.018090
19 0.834302 0.218705 0.028343 0.019899
19 0.856468 0.214906 0.023983 0.026049
19 0.900799 0.343343 0.023983 0.026773
19 0.918605 0.322902 0.021076 0.018452
19 0.926781 0.337012 0.014172 0.011939
19 0.920967 0.348770 0.026526 0.021708
19 0.923328 0.366860 0.035610 0.026049
19 0.920058 0.388567 0.036337 0.028944
19 0.938590 0.394899 0.026890 0.032200
19 0.945858 0.412988 0.023983 0.023517
19 0.940952 0.441570 0.035974 0.030753
19 0.955487 0.466172 0.023619 0.022069
19 0.533430 0.379342 0.042151 0.035094
19 0.930778 0.474313 0.038154 0.036179
19 0.950036 0.491498 0.031613 0.024964
19 0.931868 0.516643 0.041788 0.036903
19 0.948401 0.554812 0.034884 0.032923
19 0.931868 0.575615 0.036701 0.036903
19 0.920785 0.650507 0.034157 0.037627
19 0.788154 0.494030 0.030523 0.030029
19 0.779978 0.521708 0.033794 0.032562
19 0.804688 0.508321 0.027253 0.034009
19 0.827943 0.505065 0.033067 0.031838
19 0.825581 0.529486 0.045058 0.032923
19 0.842842 0.570188 0.037427 0.037627
19 0.817951 0.577605 0.023256 0.027135
19 0.810320 0.564761 0.026163 0.027496
19 0.794331 0.560239 0.021076 0.023517
19 0.776890 0.564399 0.028343 0.028220
19 0.794695 0.583032 0.029070 0.030029
19 0.776890 0.585022 0.026163 0.026049
19 0.751817 0.563133 0.027616 0.024240
19 0.749273 0.784732 0.036337 0.043415
19 0.741824 0.743488 0.043241 0.038350
19 0.785974 0.643452 0.037791 0.037265
19 0.772529 0.618307 0.032703 0.032562
19 0.740371 0.573625 0.033794 0.027858
19 0.750182 0.591715 0.030887 0.024240
19 0.739826 0.611433 0.022529 0.026049
19 0.747456 0.617945 0.021802 0.020260
19 0.720385 0.610890 0.031613 0.027135
19 0.733285 0.641823 0.031250 0.028220
19 0.719658 0.654848 0.035974 0.029667
19 0.686955 0.663350 0.035247 0.030753
19 0.668605 0.692475 0.036337 0.026049
19 0.721657 0.688857 0.028343 0.031114
19 0.729469 0.705680 0.031613 0.027858
19 0.700218 0.694284 0.031250 0.031114
19 0.651890 0.734262 0.037791 0.035818
19 0.668060 0.709479 0.027980 0.020984
19 0.680414 0.607815 0.030887 0.030391
19 0.696403 0.567475 0.035247 0.034370
19 0.651163 0.604378 0.036337 0.035818
19 0.615371 0.617945 0.038881 0.036179
19 0.561047 0.609624 0.044331 0.039797
19 0.660974 0.782019 0.043605 0.030753
19 0.662972 0.805716 0.039608 0.028944
19 0.538336 0.795767 0.043968 0.038712
19 0.498001 0.733177 0.041061 0.037265
19 0.454942 0.777315 0.039971 0.038712
19 0.414063 0.760311 0.038881 0.035818
19 0.401344 0.707851 0.038154 0.037988
19 0.422420 0.720333 0.033067 0.036179
19 0.368823 0.749819 0.039971 0.036541
19 0.353743 0.814038 0.036701 0.027496
19 0.369913 0.824891 0.032703 0.028944
19 0.350109 0.774059 0.034520 0.034370
19 0.438227 0.605644 0.045058 0.041245
19 0.386446 0.567294 0.042515 0.036903
19 0.562500 0.504342 0.042878 0.039797
19 0.559411 0.545767 0.039608 0.043777
19 0.489281 0.557525 0.042515 0.044863
19 0.449855 0.475398 0.045058 0.041968
19 0.434411 0.450977 0.040334 0.032200
19 0.441134 0.425109 0.042151 0.031114
19 0.313045 0.394899 0.033067 0.027135
19 0.328670 0.402677 0.035247 0.026049
19 0.337754 0.411903 0.033794 0.023517
19 0.321766 0.432706 0.025799 0.022431
19 0.342842 0.429088 0.022892 0.026049
19 0.325218 0.483177 0.027616 0.028582
19 0.348837 0.486433 0.029070 0.026411
19 0.366642 0.499096 0.026890 0.033647
19 0.345022 0.507598 0.028706 0.023155
19 0.345022 0.531114 0.037427 0.029667
19 0.274891 0.547576 0.040334 0.037988
19 0.288517 0.513929 0.034884 0.027858
19 0.321584 0.496201 0.029797 0.024240
19 0.317224 0.510130 0.034884 0.021708
19 0.311228 0.528944 0.024346 0.028944
19 0.297420 0.538712 0.027980 0.028944
19 0.295240 0.477569 0.022166 0.028220
19 0.279251 0.479197 0.025799 0.030753
19 0.263626 0.485347 0.033067 0.025687
19 0.288517 0.442836 0.026890 0.029667
19 0.248365 0.395984 0.021439 0.021346
19 0.254724 0.418777 0.027616 0.019175
19 0.239644 0.434334 0.029433 0.027135
19 0.263626 0.433249 0.028706 0.026411
19 0.225836 0.456404 0.033067 0.034370
19 0.170422 0.455499 0.036337 0.029667
19 0.131359 0.438495 0.039608 0.035456
19 0.139898 0.464363 0.033430 0.030029
19 0.164608 0.479559 0.028343 0.024964
19 0.150981 0.523517 0.031613 0.035456
19 0.122093 0.524421 0.035610 0.036541
19 0.154797 0.639653 0.036337 0.034732
19 0.241097 0.634588 0.043968 0.041968
19 0.209484 0.383864 0.034520 0.030391
19 0.120458 0.244392 0.032340 0.029305
19 0.125545 0.294863 0.037427 0.037627
19 0.142624 0.308611 0.022166 0.018090
19 0.137536 0.354378 0.033067 0.035818
19 0.098837 0.375543 0.039244 0.034009
19 0.174237 0.374638 0.038881 0.029305
19 0.148619 0.394899 0.034157 0.032923
19 0.125545 0.385673 0.031613 0.035456
19 0.078307 0.593343 0.045422 0.040521
19 0.192587 0.681983 0.050145 0.044863
19 0.232922 0.743849 0.044331 0.047033
19 0.302689 0.767004 0.043605 0.041245
19 0.270894 0.796129 0.050509 0.048842
19 0.312318 0.812229 0.040334 0.033285
19 0.313590 0.829414 0.034884 0.024964
19 0.459666 0.861795 0.042878 0.046310
19 0.429324 0.861614 0.035247 0.035818
19 0.423147 0.879703 0.043241 0.033647