19 0.491538 0.141288 0.050395 0.056962
19 0.581798 0.332651 0.052651 0.052494
19 0.652501 0.293373 0.045130 0.052122
19 0.808575 0.320365 0.050395 0.052494
19 0.723204 0.481199 0.042873 0.054728
19 0.749154 0.515450 0.040617 0.054728
19 0.816096 0.588980 0.050395 0.044676
19 0.788642 0.537416 0.050395 0.054728
19 0.845807 0.666232 0.050395 0.047282
19 0.838285 0.558265 0.035352 0.047282
19 0.798608 0.718913 0.050019 0.049888
19 0.766454 0.759494 0.050395 0.057334
19 0.616585 0.815897 0.057540 0.052494
19 0.570703 0.841586 0.050019 0.045048
19 0.559421 0.646687 0.047762 0.052122
19 0.519932 0.634401 0.047762 0.057334
19 0.438135 0.526433 0.048138 0.052122
19 0.457879 0.550819 0.047762 0.047282
19 0.311771 0.500558 0.052651 0.054728
19 0.365175 0.638124 0.060173 0.049888
19 0.253479 0.646687 0.025574 0.032762
19 0.241256 0.678332 0.045506 0.042442
19 0.272283 0.673492 0.042873 0.042442
19 0.274727 0.711653 0.047762 0.045048
19 0.139526 0.438012 0.050395 0.047282
19 0.137270 0.494415 0.060173 0.052122
19 0.161903 0.542442 0.050019 0.049888
19 0.369876 0.927401 0.055284 0.044676
19 0.122602 0.244043 0.026326 0.032390
19 0.144791 0.224497 0.036856 0.045421
19 0.198759 0.162137 0.039489 0.032390