19 0.374307 0.784477 0.036704 0.036729
19 0.295014 0.778933 0.048476 0.046431
19 0.399411 0.804054 0.040512 0.039848
19 0.329120 0.742377 0.043975 0.037076
19 0.327389 0.764380 0.043283 0.029799
19 0.346953 0.709459 0.033934 0.030146
19 0.363227 0.684165 0.046399 0.033611
19 0.307479 0.672730 0.041551 0.044006
19 0.454640 0.720721 0.048476 0.053361
19 0.363400 0.570166 0.048823 0.044006
19 0.200312 0.664934 0.041898 0.046431
19 0.173996 0.670478 0.052978 0.039501
19 0.153393 0.689882 0.048476 0.032571
19 0.178670 0.700104 0.048476 0.044006
19 0.135215 0.724186 0.048823 0.055440
19 0.161530 0.601005 0.050900 0.050936
19 0.123788 0.579349 0.057825 0.048510
19 0.123788 0.508489 0.052978 0.062024
19 0.236842 0.613479 0.055402 0.044006
19 0.603012 0.603084 0.057825 0.050936
19 0.065616 0.369196 0.041898 0.062024
19 0.106821 0.299550 0.050900 0.037076
19 0.121537 0.264207 0.048476 0.039155
19 0.155644 0.209459 0.043975 0.044006
19 0.209488 0.187630 0.046399 0.059945
19 0.291551 0.127166 0.055402 0.048510
19 0.358899 0.075884 0.052978 0.046431
19 0.416898 0.046258 0.055402 0.041927
19 0.511600 0.073631 0.075831 0.046085
19 0.732860 0.115904 0.052978 0.044006
19 0.659972 0.223146 0.048476 0.048510
19 0.651835 0.284823 0.050900 0.048510
19 0.521988 0.350832 0.037050 0.044006
19 0.655471 0.364692 0.048476 0.057866
19 0.633830 0.425156 0.050900 0.046431
19 0.685076 0.369196 0.048823 0.048857
19 0.768179 0.447852 0.050900 0.050936
19 0.825312 0.538115 0.050900 0.048510