20 0.155134 0.450836 0.016999 0.019767
20 0.054430 0.504815 0.026099 0.022301
20 0.348558 0.075688 0.031250 0.027369
20 0.339887 0.100439 0.027301 0.028552
20 0.360234 0.127471 0.030907 0.031931
20 0.314303 0.126373 0.033139 0.028045
20 0.529361 0.107620 0.030907 0.032100
20 0.571429 0.180351 0.025755 0.029228
20 0.604911 0.198429 0.028503 0.028890
20 0.455786 0.222926 0.024897 0.021794
20 0.477249 0.229008 0.024210 0.024497
20 0.231370 0.191164 0.027301 0.026863
20 0.255323 0.206623 0.031593 0.027369
20 0.182005 0.243538 0.027473 0.022470
20 0.183808 0.260010 0.023180 0.017571
20 0.213084 0.285606 0.024725 0.024159
20 0.264337 0.271161 0.028331 0.024328
20 0.308036 0.250549 0.026786 0.028721
20 0.348987 0.237118 0.026614 0.026863
20 0.365642 0.271668 0.024554 0.024666
20 0.379293 0.288731 0.025412 0.024328
20 0.413805 0.284423 0.024382 0.019767
20 0.425223 0.276736 0.022837 0.023653
20 0.463427 0.238469 0.024038 0.021456
20 0.462397 0.301571 0.025412 0.024666
20 0.408997 0.316439 0.021978 0.019598
20 0.405821 0.334600 0.021806 0.021456
20 0.346240 0.309427 0.021120 0.021118
20 0.316449 0.306048 0.023008 0.020105
20 0.297476 0.288224 0.022837 0.020274
20 0.280992 0.302838 0.023523 0.020781
20 0.246137 0.301487 0.029018 0.022132
20 0.141741 0.289829 0.027301 0.022808
20 0.162517 0.298953 0.020776 0.020781
20 0.182521 0.301825 0.025069 0.023484
20 0.156250 0.308076 0.021978 0.019429
20 0.129722 0.312046 0.027644 0.022977
20 0.211281 0.313904 0.021120 0.016219
20 0.207246 0.322183 0.019918 0.015205
20 0.208019 0.334009 0.020089 0.016219
20 0.226391 0.333164 0.022493 0.019936
20 0.255752 0.334516 0.017685 0.015881
20 0.272579 0.339331 0.020433 0.020443
20 0.246480 0.343301 0.019059 0.016557
20 0.254636 0.349214 0.015453 0.018922
20 0.266140 0.357662 0.021978 0.022639
20 0.320742 0.323450 0.022321 0.019767
20 0.313444 0.357070 0.023180 0.021456
20 0.315247 0.379794 0.018201 0.017571
20 0.328468 0.380892 0.016140 0.017739
20 0.345810 0.379118 0.023695 0.020274
20 0.399811 0.364842 0.023523 0.020781
20 0.449605 0.359689 0.024897 0.023991
20 0.484890 0.375993 0.022665 0.019767
20 0.403073 0.389170 0.025927 0.020781
20 0.250515 0.387228 0.023695 0.019598
20 0.174880 0.350397 0.023867 0.021625
20 0.143887 0.345413 0.025755 0.021456
20 0.137277 0.363913 0.030391 0.023315
20 0.178486 0.373120 0.019746 0.021118
20 0.192823 0.370079 0.017514 0.020781
20 0.206216 0.367883 0.016484 0.019767
20 0.217291 0.375401 0.018716 0.017908
20 0.110749 0.336712 0.026786 0.026356
20 0.095896 0.342710 0.019402 0.020781
20 0.075721 0.393141 0.026099 0.024666
20 0.049536 0.407332 0.030391 0.025342
20 0.043441 0.448471 0.024725 0.023146
20 0.073918 0.448471 0.024554 0.022470
20 0.086281 0.473306 0.024210 0.022132
20 0.103365 0.430563 0.025069 0.021118
20 0.121738 0.428451 0.019231 0.018922
20 0.113582 0.442135 0.019746 0.016219
20 0.100876 0.449907 0.020776 0.019598
20 0.112552 0.454384 0.019746 0.020105
20 0.125601 0.462409 0.020089 0.018584
20 0.155821 0.429127 0.020433 0.016219
20 0.170501 0.394830 0.017514 0.015881
20 0.171789 0.410796 0.022837 0.017739
20 0.165179 0.442558 0.024038 0.019091
20 0.175996 0.428789 0.017514 0.016219
20 0.194196 0.430900 0.018201 0.017064
20 0.214801 0.420341 0.018544 0.019598
20 0.223644 0.394999 0.021463 0.016895
20 0.228365 0.403109 0.017170 0.015543
20 0.243905 0.417638 0.019059 0.017908
20 0.232315 0.421524 0.017857 0.017908
20 0.204756 0.446613 0.019402 0.019429
20 0.219437 0.441798 0.020604 0.019598
20 0.271034 0.414344 0.021463 0.018415
20 0.278932 0.434955 0.021463 0.017402
20 0.273180 0.450076 0.017857 0.015881
20 0.204069 0.480233 0.021463 0.020443
20 0.254722 0.476854 0.021120 0.018077
20 0.274725 0.468407 0.017514 0.016726
20 0.201837 0.502703 0.022150 0.019767
20 0.331817 0.403109 0.018716 0.016895
20 0.346669 0.403193 0.017514 0.021456
20 0.330786 0.426930 0.022150 0.018922
20 0.380237 0.444754 0.021463 0.021456
20 0.329155 0.441798 0.020261 0.017571
20 0.312500 0.449485 0.017857 0.015374
20 0.321686 0.452188 0.012534 0.011657
20 0.317479 0.460297 0.017170 0.011657
20 0.285714 0.467309 0.015110 0.021625
20 0.299279 0.465197 0.015110 0.015036
20 0.311041 0.473644 0.019402 0.014361
20 0.293956 0.483021 0.017170 0.017571
20 0.280134 0.494594 0.020433 0.019091
20 0.310182 0.485217 0.017685 0.015205
20 0.334392 0.476601 0.018716 0.017571
20 0.338084 0.466126 0.018887 0.017571
20 0.344179 0.457594 0.019746 0.019091
20 0.397236 0.481078 0.023180 0.022132
20 0.369849 0.491468 0.018544 0.016219
20 0.376717 0.498986 0.017514 0.018077
20 0.399639 0.502703 0.021120 0.019091
20 0.418870 0.491553 0.015625 0.020105
20 0.431576 0.493918 0.015968 0.021118
20 0.654533 0.161767 0.030563 0.028890
20 0.693252 0.213972 0.029018 0.027876
20 0.626975 0.280368 0.028331 0.027538
20 0.756181 0.272681 0.026099 0.024666
20 0.782452 0.264741 0.027129 0.023653
20 0.830701 0.268964 0.026099 0.027032
20 0.887191 0.282649 0.031250 0.025680
20 0.862809 0.219970 0.024038 0.022977
20 0.793870 0.143774 0.029361 0.028045
20 0.745793 0.169116 0.027644 0.022639
20 0.750859 0.195979 0.026786 0.024328
20 0.772493 0.202737 0.025755 0.025004
20 0.875515 0.183899 0.017857 0.017739
20 0.897751 0.196993 0.016312 0.016219
20 0.881868 0.201554 0.024038 0.022639
20 0.889938 0.214732 0.025755 0.022301
20 0.905391 0.227910 0.018201 0.019598
20 0.500773 0.311539 0.028331 0.023653
20 0.533654 0.339331 0.024038 0.025173
20 0.512620 0.353016 0.023867 0.018753
20 0.555889 0.364504 0.022493 0.018415
20 0.571429 0.340007 0.023695 0.020105
20 0.580701 0.352509 0.025069 0.022470
20 0.638049 0.346680 0.024382 0.023653
20 0.657538 0.337726 0.023867 0.022639
20 0.681490 0.351580 0.026099 0.024328
20 0.682005 0.381399 0.025069 0.023146
20 0.732143 0.360956 0.025755 0.023146
20 0.709993 0.403447 0.023695 0.022977
20 0.745793 0.422115 0.024210 0.024159
20 0.724931 0.434110 0.025412 0.021456
20 0.545673 0.394830 0.023008 0.018922
20 0.475017 0.395506 0.022493 0.019598
20 0.501459 0.399054 0.019059 0.016895
20 0.487036 0.408599 0.021463 0.019767
20 0.410027 0.431576 0.023008 0.018753
20 0.438101 0.419328 0.021120 0.018584
20 0.433808 0.427859 0.015282 0.012671
20 0.509873 0.418652 0.014251 0.015881
20 0.520604 0.422284 0.018544 0.017739
20 0.537002 0.431914 0.021120 0.021456
20 0.576150 0.428282 0.023523 0.016895
20 0.582160 0.440277 0.022837 0.018246
20 0.507212 0.433012 0.019574 0.015205
20 0.474502 0.448471 0.022150 0.020105
20 0.508843 0.446528 0.019402 0.015543
20 0.512878 0.457003 0.016827 0.015205
20 0.530306 0.459875 0.018716 0.016557
20 0.536573 0.470350 0.020261 0.017908
20 0.474159 0.477361 0.021463 0.020105
20 0.486264 0.473222 0.015110 0.015205
20 0.507813 0.477868 0.019402 0.020443
20 0.580615 0.463507 0.023180 0.021794
20 0.614440 0.461733 0.022837 0.021287
20 0.586796 0.485302 0.021463 0.019091
20 0.622510 0.497973 0.023867 0.020443
20 0.644145 0.499916 0.021463 0.017908
20 0.657881 0.484119 0.021120 0.019429
20 0.726992 0.513685 0.024725 0.024835
20 0.606456 0.520443 0.024725 0.021456
20 0.603451 0.539534 0.019746 0.019767
20 0.573231 0.544687 0.021463 0.017908
20 0.517771 0.533705 0.020089 0.017233
20 0.382126 0.532353 0.019402 0.017908
20 0.398523 0.545024 0.024382 0.020612
20 0.425567 0.559470 0.015282 0.015036
20 0.436813 0.552965 0.024382 0.019598
20 0.444368 0.577462 0.019231 0.022977
20 0.456731 0.573239 0.016827 0.016557
20 0.462483 0.579067 0.015968 0.012671
20 0.476047 0.582531 0.014595 0.013516
20 0.459821 0.586248 0.015797 0.012164
20 0.456559 0.597145 0.015797 0.015036
20 0.451150 0.611421 0.019402 0.019598
20 0.464801 0.605508 0.017170 0.016219
20 0.473214 0.595202 0.022665 0.017571
20 0.486264 0.563693 0.017857 0.016388
20 0.496652 0.567241 0.014938 0.017402
20 0.518544 0.558540 0.018544 0.017571
20 0.528159 0.562595 0.015797 0.015205
20 0.540093 0.551360 0.019746 0.017402
20 0.560697 0.559807 0.020089 0.018077
20 0.543527 0.571634 0.018029 0.017064
20 0.560010 0.575688 0.019402 0.018077
20 0.533740 0.591485 0.019059 0.017908
20 0.519746 0.604578 0.019574 0.018077
20 0.501374 0.617165 0.017857 0.017233
20 0.490213 0.624852 0.019231 0.018415
20 0.559323 0.616574 0.022837 0.019429
20 0.585251 0.591570 0.021806 0.018753
20 0.599588 0.567410 0.018887 0.017064
20 0.633929 0.563355 0.024038 0.022808
20 0.614612 0.585572 0.017685 0.018584
20 0.634272 0.588697 0.018887 0.019429
20 0.653760 0.577969 0.021463 0.016895
20 0.685955 0.535817 0.016484 0.019429
20 0.695313 0.531255 0.018029 0.021456
20 0.717891 0.551698 0.020604 0.019429
20 0.704670 0.553641 0.014423 0.019598
20 0.692651 0.550346 0.016827 0.018753
20 0.681576 0.559638 0.018372 0.017064
20 0.670416 0.565636 0.019059 0.016219
20 0.674966 0.577969 0.014423 0.016895
20 0.687500 0.572816 0.017857 0.013685
20 0.688702 0.584812 0.020261 0.015712
20 0.711796 0.580588 0.018716 0.017402
20 0.742874 0.561243 0.021463 0.021625
20 0.722527 0.592414 0.019231 0.019091
20 0.734718 0.595793 0.019918 0.018753
20 0.741844 0.607957 0.021463 0.020443
20 0.759186 0.583967 0.021806 0.023146
20 0.584306 0.631188 0.018544 0.016219
20 0.610491 0.623078 0.017342 0.016219
20 0.610405 0.636594 0.016827 0.017233
20 0.601477 0.639973 0.016484 0.016219
20 0.648609 0.628991 0.018372 0.017571
20 0.710337 0.615982 0.018544 0.019598
20 0.699348 0.618686 0.017857 0.016557
20 0.680460 0.618094 0.014080 0.012671
20 0.677198 0.627471 0.015453 0.014529
20 0.687500 0.626035 0.015797 0.015712
20 0.700120 0.630934 0.020433 0.019429
20 0.718836 0.642423 0.022493 0.018415
20 0.661830 0.644028 0.019746 0.019936
20 0.633242 0.639804 0.020261 0.018584
20 0.624485 0.648589 0.017170 0.015205
20 0.569712 0.642930 0.015797 0.015036
20 0.497596 0.649265 0.016827 0.017233
20 0.471411 0.654925 0.014595 0.016388
20 0.480082 0.653573 0.016140 0.019429
20 0.490556 0.657037 0.017170 0.013854
20 0.568681 0.658980 0.016484 0.019091
20 0.590230 0.654756 0.013908 0.010644
20 0.581387 0.659571 0.017514 0.016557
20 0.599416 0.662443 0.018544 0.017571
20 0.610319 0.666160 0.015282 0.017908
20 0.622253 0.667427 0.016484 0.017064
20 0.656336 0.667005 0.018716 0.016219
20 0.410972 0.653827 0.021120 0.017908
20 0.446858 0.663372 0.022150 0.018077
20 0.782709 0.511404 0.027301 0.025342
20 0.839114 0.528468 0.026786 0.022301
20 0.869248 0.520358 0.028674 0.025004
20 0.808808 0.559723 0.029361 0.025342
20 0.780220 0.562088 0.025069 0.022639
20 0.875601 0.434195 0.026957 0.025342
20 0.777215 0.441291 0.021120 0.021287
20 0.790694 0.435124 0.023352 0.022808
20 0.803486 0.418060 0.027301 0.019091
20 0.809924 0.340345 0.027129 0.020105
20 0.800052 0.353692 0.025584 0.020781
20 0.781937 0.370248 0.023008 0.020105
20 0.792411 0.377260 0.025069 0.023991
20 0.844609 0.347103 0.023695 0.022132
20 0.861435 0.357493 0.029190 0.026694
20 0.816277 0.405727 0.025755 0.022470
20 0.882212 0.401335 0.023695 0.024159
20 0.898523 0.405643 0.026099 0.025342
20 0.734547 0.668694 0.023352 0.022301
20 0.774124 0.681450 0.021463 0.020443
20 0.747081 0.708228 0.026786 0.026018
20 0.713427 0.700372 0.024725 0.020781
20 0.696772 0.687363 0.023008 0.020105
20 0.684753 0.673762 0.019574 0.020274
20 0.666466 0.676212 0.019746 0.018415
20 0.609633 0.700372 0.021120 0.015712
20 0.613496 0.712874 0.023352 0.017739
20 0.627576 0.738554 0.024725 0.021794
20 0.634873 0.690657 0.022837 0.019598
20 0.641484 0.702484 0.017514 0.017233
20 0.656679 0.705778 0.020089 0.019091
20 0.674880 0.730444 0.022837 0.021794
20 0.689389 0.737202 0.025412 0.021118
20 0.653331 0.757391 0.025412 0.023653
20 0.698575 0.776483 0.027301 0.024328
20 0.724245 0.764318 0.016827 0.016219
20 0.732486 0.756969 0.025069 0.020443
20 0.758843 0.795658 0.026957 0.025511
20 0.669214 0.823281 0.027988 0.027707
20 0.597098 0.772090 0.023180 0.016219
20 0.597613 0.784339 0.022837 0.018415
20 0.582589 0.801994 0.022321 0.021963
20 0.606971 0.821254 0.025069 0.025004
20 0.529447 0.782734 0.019746 0.017233
20 0.549021 0.767275 0.021120 0.020781
20 0.560010 0.757645 0.018029 0.014698
20 0.563101 0.770231 0.021120 0.016895
20 0.520519 0.716591 0.021806 0.018077
20 0.478966 0.735428 0.018372 0.018922
20 0.499485 0.734415 0.017857 0.017571
20 0.514337 0.732725 0.019746 0.017233
20 0.510388 0.747170 0.021120 0.020781
20 0.562929 0.706538 0.020089 0.018246
20 0.576322 0.694712 0.019059 0.016557
20 0.559839 0.685251 0.015282 0.015881
20 0.552026 0.688630 0.016827 0.016895
20 0.551425 0.662781 0.018029 0.016895
20 0.544729 0.672749 0.020433 0.017571
20 0.528846 0.676297 0.019231 0.016895
20 0.518716 0.683646 0.017514 0.019091
20 0.510474 0.689306 0.018887 0.016219
20 0.491329 0.686687 0.019402 0.020105
20 0.469609 0.690657 0.022665 0.019598
20 0.464372 0.671313 0.011504 0.013347
20 0.686212 0.930394 0.029018 0.027032
20 0.481456 0.919834 0.025412 0.026525
20 0.461023 0.908177 0.027473 0.024159
20 0.419471 0.903278 0.027473 0.027201
20 0.470896 0.869910 0.024210 0.026018
20 0.490814 0.821507 0.020433 0.020105
20 0.485920 0.805119 0.024382 0.020443
20 0.495021 0.796334 0.014766 0.011995
20 0.493132 0.786957 0.018544 0.017908
20 0.420759 0.780368 0.018716 0.015881
20 0.436384 0.807484 0.019746 0.020105
20 0.459049 0.804528 0.018029 0.016895
20 0.442995 0.822774 0.016484 0.021963
20 0.456387 0.821000 0.016827 0.021118
20 0.459049 0.785606 0.022837 0.022977
20 0.373111 0.838317 0.023008 0.023991
20 0.192136 0.845075 0.025412 0.023653
20 0.215316 0.820240 0.025755 0.025342
20 0.252318 0.802163 0.023180 0.023653
20 0.264681 0.811624 0.024210 0.026356
20 0.285285 0.879034 0.023867 0.025004
20 0.296016 0.903615 0.024725 0.021456
20 0.291037 0.922791 0.025412 0.026018
20 0.350618 0.800726 0.024382 0.022132
20 0.308207 0.769049 0.022665 0.022301
20 0.252490 0.761700 0.022150 0.021456
20 0.160543 0.705356 0.022321 0.017908
20 0.168527 0.710509 0.020433 0.021456
20 0.187758 0.731205 0.022150 0.018922
20 0.190591 0.751732 0.022321 0.020105
20 0.210079 0.747930 0.023180 0.024328
20 0.303400 0.749535 0.023695 0.023146
20 0.344008 0.745565 0.023867 0.026018
20 0.352936 0.733485 0.024554 0.023484
20 0.443338 0.768711 0.023695 0.022977
20 0.357916 0.679591 0.021806 0.019429
20 0.365127 0.692938 0.022493 0.020105
20 0.372854 0.661260 0.022150 0.021625
20 0.398867 0.669201 0.024382 0.022639
20 0.431319 0.667258 0.023352 0.022132
20 0.251030 0.689559 0.025069 0.020443
20 0.232486 0.707974 0.019231 0.019767
20 0.208877 0.697837 0.021463 0.020105
20 0.203297 0.681534 0.020261 0.017571
20 0.218149 0.670806 0.020776 0.018077
20 0.193252 0.662696 0.021120 0.019429
20 0.145261 0.648589 0.024725 0.021625
20 0.384959 0.623501 0.020604 0.020105
20 0.325721 0.628822 0.022665 0.024328
20 0.277902 0.637185 0.020089 0.019767
20 0.267084 0.643774 0.021806 0.020443
20 0.230512 0.616151 0.023180 0.019260
20 0.223300 0.630005 0.021120 0.016557
20 0.216947 0.643859 0.021806 0.019598
20 0.187328 0.634482 0.023008 0.020105
20 0.167497 0.632624 0.023867 0.021794
20 0.290264 0.609140 0.021806 0.015036
20 0.291810 0.599257 0.020776 0.015205
20 0.259358 0.587853 0.014938 0.014698
20 0.270690 0.593343 0.021463 0.016557
20 0.267084 0.579152 0.021806 0.015881
20 0.236178 0.565298 0.021806 0.019598
20 0.207933 0.578223 0.021978 0.020781
20 0.172819 0.575773 0.021806 0.016219
20 0.178228 0.561581 0.022665 0.015205
20 0.175910 0.542575 0.020089 0.019429
20 0.311212 0.552458 0.020089 0.019260
20 0.325893 0.556260 0.021635 0.018753
20 0.053829 0.601200 0.030735 0.024497
20 0.060783 0.551529 0.027473 0.021794
20 0.083190 0.563862 0.022150 0.020443
20 0.112723 0.576787 0.026271 0.023653
20 0.080357 0.519260 0.023695 0.022132
20 0.082589 0.533029 0.018201 0.014529
20 0.115556 0.521625 0.026099 0.022470
20 0.109718 0.534296 0.023008 0.019767
20 0.161659 0.526525 0.020776 0.021794
20 0.229310 0.538520 0.021463 0.019091
20 0.243046 0.525258 0.019059 0.015881
20 0.257212 0.514952 0.019231 0.016895
20 0.264852 0.536239 0.017685 0.017233
20 0.254121 0.536746 0.013393 0.011826
20 0.250343 0.545700 0.019918 0.017908
20 0.315333 0.520949 0.023867 0.019767
20 0.348987 0.514614 0.018372 0.017571
20 0.356113 0.519851 0.017514 0.013516
20 0.353623 0.531847 0.020433 0.017571
20 0.090659 0.728755 0.030563 0.028552