20 0.469822 0.043536 0.030395 0.028144
20 0.487842 0.052551 0.033435 0.030343
20 0.443986 0.055189 0.033435 0.030343
20 0.558185 0.082234 0.029961 0.031662
20 0.498914 0.113456 0.034737 0.030783
20 0.440078 0.083113 0.028224 0.021108
20 0.435736 0.097845 0.031698 0.025945
20 0.395354 0.113017 0.032566 0.029024
20 0.412071 0.151495 0.029527 0.028584
20 0.583587 0.134785 0.033869 0.027704
20 0.640035 0.142480 0.031264 0.031662
20 0.686930 0.147757 0.027790 0.029024
20 0.630265 0.214380 0.029092 0.031223
20 0.660877 0.216799 0.029527 0.029024
20 0.522362 0.202726 0.031264 0.028144
20 0.474598 0.224055 0.036474 0.029464
20 0.437473 0.191953 0.025619 0.026825
20 0.420104 0.195031 0.026487 0.025945
20 0.414025 0.209543 0.022145 0.020668
20 0.343465 0.188434 0.032132 0.027704
20 0.854103 0.277265 0.026921 0.026825
20 0.814373 0.296834 0.033435 0.031662
20 0.870169 0.317062 0.030395 0.027265
20 0.841077 0.332674 0.032132 0.037379
20 0.878419 0.332674 0.026921 0.023307
20 0.868650 0.396218 0.032566 0.030783
20 0.808511 0.383905 0.033000 0.030783
20 0.839123 0.414908 0.029092 0.030343
20 0.769214 0.422823 0.031698 0.030343
20 0.691055 0.383685 0.028224 0.026825
20 0.649805 0.315963 0.029961 0.032102
20 0.641337 0.361697 0.033000 0.034741
20 0.579027 0.319921 0.030829 0.032982
20 0.931611 0.347625 0.029961 0.027704
20 0.771385 0.470976 0.029961 0.025506
20 0.856709 0.494063 0.032132 0.031223
20 0.744030 0.487467 0.029961 0.031223
20 0.688667 0.482850 0.034737 0.028144
20 0.726010 0.563984 0.027790 0.029464
20 0.778550 0.554310 0.021711 0.015391
20 0.773122 0.565523 0.020408 0.021108
20 0.793747 0.567502 0.025185 0.028584
20 0.815241 0.562445 0.022145 0.032542
20 0.914242 0.554749 0.029961 0.027704
20 0.938776 0.563325 0.027790 0.029024
20 0.957664 0.562005 0.023882 0.025506
20 0.947677 0.601583 0.029092 0.031662
20 0.822623 0.627748 0.035172 0.028584
20 0.898611 0.645558 0.036040 0.031662
20 0.781155 0.592348 0.024316 0.025506
20 0.762484 0.583773 0.025185 0.023307
20 0.743595 0.591249 0.025619 0.021548
20 0.751194 0.606860 0.021711 0.016711
20 0.749674 0.617634 0.015198 0.018909
20 0.763569 0.624890 0.025619 0.026385
20 0.719496 0.635004 0.034737 0.032542
20 0.626574 0.551891 0.029527 0.027265
20 0.625054 0.501979 0.029092 0.025945
20 0.607469 0.536500 0.033869 0.029024
20 0.664134 0.654134 0.032566 0.032982
20 0.612245 0.705365 0.033869 0.029903
20 0.638298 0.730651 0.026921 0.028584
20 0.830873 0.722955 0.036908 0.034301
20 0.867130 0.679420 0.033000 0.034301
20 0.561659 0.616095 0.029092 0.030783
20 0.631350 0.826297 0.032132 0.032542
20 0.572297 0.799912 0.030395 0.026385
20 0.570343 0.846966 0.038645 0.036939
20 0.644377 0.898637 0.033869 0.031223
20 0.714069 0.918865 0.032566 0.031223
20 0.660009 0.943712 0.026053 0.029024
20 0.626574 0.933817 0.029527 0.026825
20 0.621146 0.951407 0.029092 0.028584
20 0.570343 0.962181 0.031698 0.029024
20 0.513678 0.952287 0.035606 0.037379
20 0.479592 0.893799 0.032566 0.031223
20 0.460703 0.903694 0.025185 0.027265
20 0.431828 0.943492 0.034303 0.033861
20 0.495441 0.827836 0.030395 0.031223
20 0.495441 0.795075 0.026921 0.024626
20 0.460486 0.817722 0.028224 0.031223
20 0.441164 0.819921 0.024316 0.027704
20 0.356926 0.831794 0.034737 0.034741
20 0.398828 0.800572 0.031698 0.030343
20 0.410117 0.753738 0.025619 0.028144
20 0.429440 0.750220 0.019974 0.028144
20 0.449197 0.746922 0.023013 0.021548
20 0.460703 0.723175 0.023448 0.021548
20 0.447026 0.729332 0.023013 0.018909
20 0.438124 0.737027 0.021711 0.019349
20 0.496309 0.757476 0.027790 0.027704
20 0.518020 0.754398 0.028658 0.030343
20 0.466348 0.680739 0.026053 0.019349
20 0.463743 0.696350 0.022579 0.022427
20 0.491316 0.693052 0.022145 0.025506
20 0.512592 0.701407 0.027356 0.023747
20 0.511290 0.683817 0.025619 0.021988
20 0.408163 0.685796 0.026921 0.025945
20 0.414677 0.716359 0.022579 0.023747
20 0.396874 0.724494 0.025185 0.021548
20 0.393834 0.709323 0.028658 0.025506
20 0.297872 0.686675 0.033000 0.032982
20 0.290925 0.751539 0.035606 0.035180
20 0.305471 0.624670 0.031698 0.031223
20 0.346722 0.567942 0.029961 0.030343
20 0.358880 0.619173 0.029092 0.031662
20 0.393834 0.622252 0.028658 0.026385
20 0.398828 0.654573 0.028224 0.027704
20 0.394703 0.542876 0.024316 0.022427
20 0.401650 0.560026 0.026921 0.025066
20 0.408380 0.528144 0.021277 0.020229
20 0.430743 0.533641 0.021711 0.019789
20 0.419236 0.544415 0.021277 0.023747
20 0.424663 0.557168 0.019974 0.021108
20 0.434216 0.562225 0.014763 0.018909
20 0.459184 0.570361 0.022145 0.025506
20 0.450282 0.545295 0.019974 0.019349
20 0.442249 0.555189 0.020408 0.025066
20 0.470690 0.541777 0.024316 0.029903
20 0.476769 0.641381 0.024316 0.024186
20 0.488710 0.633245 0.023013 0.025506
20 0.506079 0.636983 0.016934 0.019789
20 0.518454 0.631047 0.023448 0.025506
20 0.523448 0.613237 0.023013 0.024186
20 0.527139 0.594767 0.023448 0.017150
20 0.526921 0.578056 0.028224 0.021548
20 0.585323 0.582014 0.029527 0.024186
20 0.562744 0.542876 0.027790 0.027704
20 0.541033 0.548153 0.024316 0.023307
20 0.531481 0.524626 0.026053 0.024626
20 0.511507 0.536060 0.026921 0.024626
20 0.487842 0.517150 0.023882 0.022867
20 0.551238 0.658751 0.024750 0.029903
20 0.539948 0.650396 0.017803 0.021988
20 0.527356 0.654793 0.022145 0.022867
20 0.516717 0.659191 0.024316 0.021988
20 0.282023 0.484609 0.029961 0.033421
20 0.315024 0.494943 0.029961 0.025945
20 0.355840 0.486368 0.028224 0.023747
20 0.382979 0.492084 0.031264 0.030783
20 0.444855 0.506596 0.026487 0.028144
20 0.503908 0.501979 0.029961 0.032102
20 0.524316 0.481310 0.024750 0.026825
20 0.505211 0.451847 0.023882 0.026825
20 0.415111 0.444811 0.029527 0.027704
20 0.372123 0.423923 0.026921 0.024626
20 0.348241 0.427221 0.024316 0.024186
20 0.356057 0.410510 0.020842 0.019789
20 0.338472 0.403254 0.023882 0.021988
20 0.303517 0.401715 0.030395 0.028584
20 0.558402 0.465040 0.024316 0.025066
20 0.580547 0.458004 0.025185 0.026825
20 0.617021 0.467458 0.028658 0.027265
20 0.624620 0.450088 0.023882 0.020668
20 0.640035 0.445251 0.022579 0.025066
20 0.658706 0.432278 0.028658 0.028144
20 0.637647 0.400836 0.025619 0.025945
20 0.630048 0.412049 0.019106 0.021108
20 0.616804 0.409191 0.021277 0.022427
20 0.605297 0.396878 0.023448 0.021548
20 0.582284 0.403034 0.023448 0.025066
20 0.572297 0.397537 0.021711 0.023747
20 0.547981 0.388742 0.026921 0.027265
20 0.515415 0.385004 0.023448 0.020668
20 0.524750 0.397318 0.020408 0.022427
20 0.510204 0.404354 0.021711 0.024186
20 0.490664 0.393360 0.025185 0.021548
20 0.475033 0.409850 0.019106 0.020229
20 0.486539 0.419525 0.022145 0.020229
20 0.491750 0.437115 0.020408 0.021108
20 0.477855 0.443492 0.015198 0.019789
20 0.467000 0.428320 0.018671 0.017590
20 0.460921 0.440193 0.012592 0.018470
20 0.468302 0.447449 0.018671 0.016271
20 0.448545 0.430519 0.022579 0.016711
20 0.445072 0.419085 0.022579 0.018470
20 0.437907 0.408531 0.023882 0.020229
20 0.445289 0.388962 0.023882 0.021548
20 0.437690 0.371812 0.021711 0.020668
20 0.210378 0.308707 0.030829 0.033421
20 0.286149 0.377968 0.031264 0.031223
20 0.325879 0.353342 0.028224 0.029464
20 0.353235 0.339710 0.027356 0.025945
20 0.354972 0.385884 0.017803 0.022427
20 0.368650 0.385664 0.019974 0.024626
20 0.324142 0.312885 0.023013 0.025066
20 0.341728 0.303430 0.023448 0.028144
20 0.354538 0.298813 0.025619 0.024186
20 0.377334 0.276605 0.026921 0.028144
20 0.400782 0.286500 0.026921 0.021548
20 0.399262 0.304969 0.028224 0.023307
20 0.458315 0.295295 0.026487 0.028584
20 0.501737 0.328496 0.026487 0.026385
20 0.463526 0.326077 0.025619 0.022427
20 0.458532 0.341909 0.026053 0.024186
20 0.451585 0.356420 0.021711 0.018030
20 0.501303 0.290677 0.021277 0.022867
20 0.511724 0.301671 0.028224 0.021988
20 0.521059 0.323219 0.026053 0.027265
20 0.540165 0.344987 0.026053 0.027704
20 0.414459 0.240106 0.022145 0.020229
20 0.337820 0.220536 0.028658 0.031223
20 0.429223 0.231750 0.023882 0.029024
20 0.136778 0.193931 0.030395 0.030783
20 0.163917 0.188215 0.029092 0.025506
20 0.175640 0.208883 0.028224 0.027265
20 0.249457 0.099824 0.029961 0.034301
20 0.122232 0.778144 0.028224 0.032102
20 0.152844 0.796614 0.034737 0.032982
20 0.186279 0.802770 0.021711 0.020668
20 0.253582 0.802551 0.032132 0.035180
20 0.242510 0.696130 0.030829 0.031662
20 0.070777 0.598505 0.039948 0.036939
20 0.108554 0.581794 0.032132 0.028144
20 0.182805 0.576737 0.033000 0.032982
20 0.215371 0.596526 0.026921 0.029464
20 0.186930 0.631486 0.029961 0.031662
20 0.152410 0.643360 0.030395 0.029024
20 0.047330 0.510994 0.033000 0.032542
20 0.094876 0.526605 0.029092 0.033861
20 0.106166 0.485048 0.031698 0.034301
20 0.094659 0.418426 0.030395 0.030343