20 0.494079 0.670101 0.019737 0.013591
20 0.462719 0.679307 0.014912 0.008330
20 0.333991 0.198597 0.025000 0.021043
20 0.389474 0.121000 0.021053 0.020167
20 0.411842 0.136344 0.021930 0.020167
20 0.485746 0.142920 0.022368 0.023674
20 0.497807 0.099079 0.023684 0.023674
20 0.531360 0.099737 0.023246 0.020605
20 0.569518 0.124507 0.025877 0.023674
20 0.562500 0.153222 0.020614 0.017975
20 0.571930 0.160675 0.020175 0.017975
20 0.468202 0.229066 0.019737 0.018851
20 0.527851 0.229066 0.017982 0.017975
20 0.613158 0.122534 0.023684 0.019728
20 0.636842 0.110478 0.022807 0.020167
20 0.686842 0.107847 0.023684 0.020167
20 0.705921 0.122753 0.022368 0.021920
20 0.714912 0.152126 0.020175 0.019290
20 0.730044 0.183472 0.024123 0.021482
20 0.796272 0.192679 0.022368 0.017098
20 0.793860 0.210215 0.021053 0.019728
20 0.784211 0.219202 0.017544 0.015783
20 0.713377 0.232573 0.019737 0.018851
20 0.681579 0.239588 0.022807 0.017975
20 0.614254 0.229505 0.021491 0.017975
20 0.846491 0.281675 0.022807 0.020605
20 0.804825 0.292196 0.020175 0.017098
20 0.756579 0.270057 0.021053 0.018413
20 0.848246 0.339106 0.021053 0.024112
20 0.865132 0.358615 0.021491 0.014906
20 0.866447 0.369356 0.018860 0.016221
20 0.910088 0.385796 0.025439 0.022797
20 0.850219 0.391933 0.022368 0.018413
20 0.812281 0.384700 0.019298 0.018851
20 0.811184 0.407058 0.021491 0.017975
20 0.787281 0.342832 0.021053 0.018413
20 0.755921 0.336475 0.019737 0.017098
20 0.757237 0.370452 0.017105 0.015783
20 0.733772 0.372644 0.019298 0.014906
20 0.739474 0.396756 0.015789 0.015783
20 0.754386 0.393906 0.015789 0.016221
20 0.697368 0.353792 0.021053 0.019290
20 0.691009 0.289347 0.020614 0.015783
20 0.685088 0.281236 0.018421 0.014467
20 0.661404 0.315870 0.020175 0.017975
20 0.658991 0.347435 0.017105 0.015344
20 0.649342 0.368040 0.016228 0.010960
20 0.653728 0.375712 0.019737 0.012275
20 0.635526 0.408593 0.018421 0.018413
20 0.614254 0.370452 0.019737 0.015783
20 0.628289 0.356642 0.017982 0.017098
20 0.634430 0.339106 0.013596 0.011837
20 0.642325 0.336475 0.010965 0.010960
20 0.638377 0.328146 0.015351 0.011837
20 0.623026 0.326173 0.017982 0.014906
20 0.626316 0.289566 0.023684 0.017098
20 0.652632 0.498466 0.024561 0.021043
20 0.672149 0.434239 0.020614 0.018851
20 0.682237 0.465366 0.018860 0.018851
20 0.711184 0.444542 0.019737 0.015783
20 0.712500 0.463612 0.017105 0.015344
20 0.739035 0.457913 0.017544 0.016221
20 0.754605 0.442131 0.017982 0.013591
20 0.751535 0.431390 0.017982 0.014906
20 0.737061 0.482025 0.018860 0.017098
20 0.757237 0.507234 0.017982 0.017536
20 0.792763 0.498027 0.020614 0.016659
20 0.814035 0.483341 0.022807 0.016221
20 0.813596 0.457475 0.018421 0.016221
20 0.806360 0.446076 0.017105 0.014467
20 0.833553 0.440158 0.021491 0.019290
20 0.815789 0.501096 0.016667 0.014906
20 0.807018 0.519947 0.018421 0.017536
20 0.827632 0.522139 0.019298 0.016659
20 0.883772 0.516002 0.021053 0.017536
20 0.843640 0.537264 0.018860 0.016221
20 0.829605 0.554143 0.022368 0.017536
20 0.770175 0.563349 0.021930 0.018413
20 0.875439 0.607628 0.026316 0.022797
20 0.793860 0.604559 0.020175 0.018413
20 0.741009 0.613985 0.020614 0.016221
20 0.716009 0.561377 0.020614 0.018851
20 0.715789 0.585927 0.015789 0.015344
20 0.705921 0.603463 0.017105 0.017975
20 0.759430 0.635467 0.016228 0.014467
20 0.759868 0.647523 0.017982 0.014029
20 0.791228 0.645989 0.022807 0.017098
20 0.796272 0.671854 0.018860 0.018851
20 0.776535 0.686979 0.017982 0.015783
20 0.737500 0.674266 0.016228 0.014029
20 0.725000 0.661333 0.015789 0.014467
20 0.704825 0.651249 0.017544 0.017098
20 0.685307 0.622315 0.016228 0.014467
20 0.674781 0.605655 0.017105 0.014467
20 0.643202 0.570583 0.018860 0.014467
20 0.641009 0.586804 0.016228 0.014467
20 0.646711 0.605217 0.011842 0.010960
20 0.647149 0.621219 0.015351 0.012275
20 0.657237 0.625164 0.014474 0.015783
20 0.650658 0.637440 0.013596 0.012275
20 0.630044 0.640728 0.014474 0.012714
20 0.648684 0.649934 0.014035 0.011837
20 0.656360 0.660675 0.012719 0.012275
20 0.719737 0.676019 0.014035 0.013152
20 0.725219 0.688733 0.018860 0.014906
20 0.659868 0.688733 0.014474 0.013152
20 0.971930 0.572994 0.021930 0.021043
20 0.951754 0.575186 0.017544 0.016659
20 0.944298 0.581543 0.016667 0.015344
20 0.945833 0.601929 0.024123 0.021043
20 0.831579 0.691363 0.022807 0.021043
20 0.739254 0.704077 0.017982 0.015783
20 0.780921 0.713941 0.021491 0.017975
20 0.805921 0.721175 0.021491 0.019290
20 0.803289 0.754055 0.021491 0.020167
20 0.796491 0.770934 0.022807 0.022359
20 0.735088 0.750329 0.017544 0.017098
20 0.714254 0.753617 0.017105 0.016659
20 0.696711 0.724901 0.016228 0.011837
20 0.696930 0.711968 0.016667 0.014906
20 0.674781 0.710653 0.017105 0.014029
20 0.651535 0.693775 0.014474 0.014467
20 0.637719 0.714818 0.015789 0.013591
20 0.673465 0.730381 0.014474 0.013152
20 0.683553 0.740903 0.017982 0.015783
20 0.649342 0.760631 0.020614 0.021043
20 0.699781 0.760631 0.020614 0.016659
20 0.683772 0.770276 0.017544 0.014906
20 0.700439 0.776195 0.017544 0.016221
20 0.722149 0.779483 0.018860 0.017536
20 0.689254 0.816309 0.022368 0.021043
20 0.587281 0.741999 0.019298 0.017975
20 0.564693 0.759974 0.017982 0.014467
20 0.563377 0.708023 0.021491 0.019290
20 0.585965 0.567953 0.020175 0.017975
20 0.589474 0.591407 0.016667 0.018413
20 0.572588 0.587681 0.017105 0.014467
20 0.566228 0.593380 0.015789 0.013591
20 0.577193 0.617931 0.015789 0.014467
20 0.585307 0.623411 0.014474 0.013152
20 0.604605 0.612451 0.012719 0.012275
20 0.612500 0.606751 0.014474 0.012275
20 0.600219 0.623192 0.011842 0.011837
20 0.615789 0.622972 0.012281 0.012275
20 0.605044 0.629548 0.010965 0.010522
20 0.601316 0.638317 0.012281 0.008768
20 0.604825 0.646208 0.014912 0.008768
20 0.610307 0.654976 0.011842 0.014029
20 0.607018 0.666374 0.014912 0.013152
20 0.599342 0.652565 0.010965 0.011837
20 0.594079 0.656072 0.010965 0.010083
20 0.584868 0.652126 0.014474 0.012714
20 0.570614 0.646427 0.013158 0.010083
20 0.575877 0.640509 0.013158 0.010522
20 0.562719 0.633932 0.014912 0.012275
20 0.550658 0.628014 0.013596 0.012714
20 0.547807 0.619684 0.009649 0.010960
20 0.555263 0.612889 0.015789 0.012275
20 0.561623 0.618369 0.013596 0.011837
20 0.536623 0.612670 0.016228 0.013591
20 0.527632 0.602587 0.015789 0.011837
20 0.527193 0.628891 0.016667 0.014467
20 0.517544 0.647961 0.015789 0.014906
20 0.534211 0.652126 0.016667 0.014467
20 0.531798 0.666155 0.013596 0.012714
20 0.521053 0.672512 0.014035 0.013152
20 0.581140 0.670978 0.016667 0.013591
20 0.506140 0.624726 0.015789 0.014029
20 0.491009 0.620123 0.014474 0.015344
20 0.472368 0.622753 0.013158 0.011837
20 0.463596 0.612889 0.014035 0.014029
20 0.468860 0.580228 0.014912 0.014467
20 0.481360 0.568610 0.017105 0.014906
20 0.529605 0.533976 0.019737 0.017536
20 0.484211 0.534196 0.018421 0.014467
20 0.451316 0.607847 0.014912 0.014467
20 0.436404 0.616835 0.015789 0.012275
20 0.426316 0.598203 0.016667 0.015344
20 0.413158 0.599518 0.014912 0.012714
20 0.395614 0.601710 0.016667 0.012714
20 0.366228 0.618150 0.020175 0.014906
20 0.368860 0.627576 0.016667 0.012714
20 0.381579 0.652345 0.017544 0.017536
20 0.412281 0.677773 0.015789 0.014906
20 0.425658 0.684349 0.017105 0.015783
20 0.445395 0.651030 0.017105 0.014906
20 0.449342 0.628014 0.013596 0.010960
20 0.460526 0.633275 0.014035 0.012714
20 0.465789 0.662429 0.014035 0.011399
20 0.476974 0.655195 0.013596 0.011837
20 0.490570 0.659579 0.014474 0.011837
20 0.462281 0.688514 0.016667 0.012714
20 0.480921 0.685883 0.016228 0.011837
20 0.522588 0.689171 0.017982 0.014029
20 0.496491 0.693775 0.015789 0.010083
20 0.498246 0.703200 0.013158 0.011399
20 0.508991 0.715256 0.013596 0.013591
20 0.486404 0.725778 0.015789 0.014467
20 0.485088 0.736738 0.014035 0.011837
20 0.519956 0.741122 0.015351 0.017098
20 0.467105 0.742438 0.015789 0.015344
20 0.435526 0.725997 0.017544 0.018413
20 0.417763 0.729724 0.016228 0.016221
20 0.385526 0.701008 0.014035 0.017536
20 0.369956 0.702324 0.018860 0.020167
20 0.377412 0.778387 0.021491 0.019728
20 0.442105 0.804691 0.023684 0.021482
20 0.468421 0.783648 0.016667 0.017975
20 0.484649 0.781017 0.016667 0.013591
20 0.509211 0.766111 0.017544 0.016221
20 0.523465 0.758439 0.017982 0.019290
20 0.531798 0.778387 0.017105 0.016221
20 0.528728 0.802718 0.015351 0.014029
20 0.553509 0.806225 0.021053 0.018413
20 0.532895 0.823104 0.016667 0.015344
20 0.510526 0.818062 0.016667 0.018413
20 0.496491 0.811486 0.016667 0.016659
20 0.483772 0.818062 0.017544 0.015783
20 0.433772 0.837571 0.020175 0.018851
20 0.417325 0.861026 0.021491 0.020167
20 0.452193 0.865191 0.021053 0.020605
20 0.354386 0.823762 0.021930 0.022797
20 0.555482 0.841078 0.018860 0.017098
20 0.550877 0.855327 0.020175 0.017536
20 0.560746 0.870671 0.021491 0.020167
20 0.581579 0.872205 0.016667 0.017975
20 0.597368 0.859491 0.021053 0.017975
20 0.607675 0.878343 0.020614 0.015344
20 0.623684 0.882946 0.024561 0.021920
20 0.611184 0.891495 0.018860 0.018851
20 0.570395 0.896317 0.019737 0.020605
20 0.590789 0.903113 0.018421 0.016659
20 0.448465 0.912758 0.021491 0.019290
20 0.577632 0.916703 0.019298 0.018413
20 0.591447 0.917580 0.016228 0.018413
20 0.167763 0.782113 0.024123 0.023674
20 0.202412 0.765235 0.027632 0.023235
20 0.241667 0.858834 0.020175 0.027181
20 0.266447 0.843270 0.026754 0.021482
20 0.285746 0.812363 0.021491 0.021920
20 0.303509 0.796800 0.021053 0.016221
20 0.312500 0.788032 0.020614 0.020605
20 0.330702 0.880316 0.024561 0.024551
20 0.132018 0.649934 0.017544 0.017975
20 0.145175 0.649934 0.014035 0.017975
20 0.156579 0.649496 0.017544 0.020605
20 0.176535 0.633713 0.018860 0.017975
20 0.183991 0.677115 0.022368 0.021482
20 0.213377 0.689829 0.023246 0.024112
20 0.296491 0.687199 0.020175 0.017975
20 0.333991 0.634152 0.022368 0.020605
20 0.319956 0.612889 0.018860 0.019290
20 0.383553 0.596449 0.017105 0.017975
20 0.340132 0.578255 0.016228 0.014029
20 0.331140 0.574310 0.014912 0.014029
20 0.325877 0.558527 0.018421 0.015783
20 0.284430 0.564007 0.021491 0.017975
20 0.251754 0.561377 0.017544 0.017098
20 0.244298 0.571679 0.018421 0.016659
20 0.182895 0.571460 0.018421 0.017975
20 0.155482 0.560719 0.019737 0.016659
20 0.125439 0.598860 0.018421 0.019290
20 0.089912 0.564007 0.021930 0.020605
20 0.073026 0.523455 0.027632 0.021043
20 0.117982 0.509426 0.017544 0.018413
20 0.127193 0.512495 0.018421 0.015783
20 0.108114 0.470627 0.021491 0.017975
20 0.144518 0.495616 0.015351 0.015344
20 0.157895 0.492766 0.020175 0.020167
20 0.179605 0.557212 0.020614 0.020167
20 0.221491 0.513152 0.017544 0.017975
20 0.215132 0.490355 0.020614 0.017098
20 0.257675 0.523674 0.018860 0.015344
20 0.237061 0.543402 0.017105 0.016221
20 0.288816 0.545156 0.015351 0.014467
20 0.271491 0.478299 0.016667 0.015783
20 0.277412 0.468654 0.019737 0.014906
20 0.311404 0.482683 0.018421 0.018413
20 0.333333 0.471504 0.018421 0.014467
20 0.304167 0.454187 0.017105 0.013152
20 0.325000 0.448049 0.016667 0.014906
20 0.297807 0.437089 0.016667 0.015783
20 0.275658 0.434239 0.017105 0.014467
20 0.137719 0.433143 0.021930 0.018413
20 0.374342 0.540333 0.017105 0.015344
20 0.396272 0.549540 0.017982 0.016221
20 0.414912 0.562911 0.014912 0.014029
20 0.428509 0.564226 0.016667 0.014906
20 0.453947 0.568172 0.015789 0.014029
20 0.436623 0.520605 0.015351 0.014467
20 0.421491 0.523016 0.013158 0.015783
20 0.472368 0.516879 0.018421 0.015783
20 0.467325 0.496274 0.013596 0.012275
20 0.493421 0.489478 0.018421 0.015344
20 0.507675 0.479614 0.017105 0.014906
20 0.514693 0.501754 0.017982 0.015344
20 0.422807 0.484437 0.018421 0.014906
20 0.427193 0.469531 0.017544 0.016659
20 0.361623 0.486848 0.017982 0.016221
20 0.437061 0.452433 0.016228 0.014906
20 0.409211 0.441692 0.015789 0.014467
20 0.371930 0.449364 0.017544 0.014029
20 0.340351 0.444761 0.014035 0.011837
20 0.597588 0.512275 0.023246 0.020605
20 0.557675 0.469312 0.018860 0.018851
20 0.547807 0.443884 0.020175 0.017098
20 0.577851 0.413634 0.016228 0.014467
20 0.566009 0.370671 0.017982 0.014467
20 0.553509 0.392591 0.016667 0.015344
20 0.536623 0.387988 0.010088 0.009645
20 0.528728 0.393906 0.012719 0.012714
20 0.538816 0.397633 0.011842 0.011399
20 0.533553 0.369794 0.013596 0.011837
20 0.513596 0.369575 0.014912 0.014906
20 0.505263 0.376808 0.011404 0.010960
20 0.498026 0.376151 0.011842 0.009645
20 0.492105 0.380973 0.010526 0.010522
20 0.483553 0.382508 0.010965 0.010083
20 0.479386 0.378124 0.013158 0.009206
20 0.475000 0.368260 0.013158 0.009645
20 0.471711 0.362999 0.008333 0.007891
20 0.475658 0.392372 0.014474 0.014029
20 0.487719 0.403332 0.014035 0.012275
20 0.476754 0.407278 0.011404 0.011399
20 0.464693 0.416922 0.014474 0.013152
20 0.454605 0.415826 0.013596 0.012714
20 0.432895 0.428540 0.017544 0.014467
20 0.442105 0.409250 0.014912 0.013591
20 0.439693 0.394125 0.011842 0.012275
20 0.450219 0.397852 0.011842 0.010083
20 0.453947 0.388426 0.012281 0.010522
20 0.442763 0.377685 0.010965 0.010083
20 0.450000 0.377247 0.007895 0.008330
20 0.456798 0.369356 0.010965 0.010960
20 0.417325 0.378781 0.014474 0.012275
20 0.407237 0.391057 0.013596 0.011399
20 0.396491 0.409031 0.015789 0.014906
20 0.385746 0.386892 0.016228 0.011837
20 0.377193 0.412319 0.014912 0.011837
20 0.366886 0.408812 0.011842 0.009206
20 0.362500 0.432047 0.017105 0.014467
20 0.353509 0.407058 0.014035 0.010083
20 0.357456 0.395660 0.016667 0.011837
20 0.339693 0.414950 0.017105 0.013591
20 0.110746 0.380316 0.026754 0.022359
20 0.105263 0.418676 0.021930 0.016659
20 0.164912 0.388645 0.019298 0.017098
20 0.176316 0.405524 0.016667 0.016659
20 0.191886 0.399386 0.019737 0.018413
20 0.170395 0.366725 0.019737 0.016221
20 0.145833 0.352915 0.019737 0.015783
20 0.153070 0.346778 0.017544 0.016659
20 0.157895 0.339325 0.021053 0.014906
20 0.185307 0.336914 0.018860 0.017098
20 0.190132 0.356203 0.020614 0.017098
20 0.211404 0.340640 0.018421 0.016659
20 0.228728 0.334722 0.018860 0.015344
20 0.236623 0.326830 0.015351 0.016221
20 0.246053 0.331653 0.016667 0.018851
20 0.248026 0.399167 0.017105 0.018851
20 0.264474 0.403770 0.018421 0.015783
20 0.267763 0.413634 0.016228 0.014467
20 0.275877 0.418676 0.012281 0.013152
20 0.285307 0.423279 0.015351 0.013591
20 0.290789 0.382727 0.018421 0.016659
20 0.328947 0.392591 0.017544 0.015344
20 0.295614 0.323542 0.015789 0.014029
20 0.303070 0.315432 0.014035 0.015344
20 0.312939 0.313021 0.010965 0.014906
20 0.319737 0.308417 0.014912 0.013591
20 0.325000 0.315651 0.014912 0.011399
20 0.321053 0.326392 0.015789 0.012714
20 0.337281 0.323542 0.012281 0.012275
20 0.333772 0.336037 0.014035 0.017098
20 0.347149 0.340640 0.011842 0.011399
20 0.349123 0.330995 0.014035 0.011399
20 0.363377 0.336694 0.009211 0.007891
20 0.370833 0.335818 0.010965 0.010522
20 0.366667 0.353573 0.015789 0.013591
20 0.359868 0.361683 0.013596 0.011399
20 0.372807 0.374616 0.015789 0.013591
20 0.360965 0.288689 0.017544 0.014467
20 0.384430 0.275975 0.013596 0.013591
20 0.393202 0.262385 0.013596 0.011837
20 0.399781 0.258878 0.015351 0.013591
20 0.412939 0.256466 0.014474 0.015783
20 0.423684 0.256247 0.013158 0.014467
20 0.455921 0.245068 0.019737 0.016659
20 0.413816 0.272030 0.017105 0.014467
20 0.414254 0.295265 0.017105 0.012714
20 0.394298 0.296580 0.015789 0.009206
20 0.390570 0.307541 0.012719 0.013591
20 0.378509 0.307979 0.014912 0.012714
20 0.365351 0.304472 0.014035 0.010083
20 0.350877 0.302937 0.016667 0.009645
20 0.353070 0.309952 0.012281 0.009645
20 0.360526 0.311705 0.011404 0.009645
20 0.366009 0.316309 0.010965 0.009206
20 0.357456 0.321789 0.016667 0.013152
20 0.373684 0.320693 0.012281 0.010960
20 0.383772 0.320693 0.011404 0.010960
20 0.392325 0.320693 0.011842 0.010960
20 0.403289 0.313897 0.010965 0.011399
20 0.402851 0.322665 0.011842 0.010522
20 0.413816 0.322227 0.008333 0.007891
20 0.418202 0.329899 0.010965 0.007453
20 0.418640 0.322665 0.007456 0.007891
20 0.423684 0.319816 0.009649 0.008330
20 0.403509 0.346559 0.011404 0.011837
20 0.412939 0.344805 0.010965 0.010083
20 0.409868 0.359272 0.012719 0.011837
20 0.446491 0.352915 0.012281 0.010522
20 0.444956 0.341517 0.010965 0.009645
20 0.440132 0.332310 0.011842 0.009645
20 0.431140 0.325296 0.013158 0.010522
20 0.419079 0.309952 0.011842 0.012275
20 0.427851 0.302937 0.010965 0.011399
20 0.439035 0.302937 0.011404 0.012275
20 0.445833 0.307321 0.011842 0.012275
20 0.455702 0.313459 0.010526 0.010522
20 0.452851 0.338010 0.011842 0.009645
20 0.451096 0.345682 0.010965 0.008330
20 0.458333 0.348970 0.013158 0.012275
20 0.465351 0.343490 0.010526 0.010960
20 0.491228 0.353135 0.014912 0.012714
20 0.491228 0.337571 0.013158 0.012275
20 0.504825 0.328584 0.012281 0.010960
20 0.537281 0.334283 0.017544 0.014467
20 0.542544 0.320254 0.014035 0.010083
20 0.561623 0.320035 0.016228 0.014906
20 0.595833 0.300307 0.017982 0.019290
20 0.561623 0.287374 0.018860 0.017098
20 0.521930 0.293073 0.014035 0.012714
20 0.538816 0.306883 0.013596 0.013152
20 0.527193 0.307541 0.014035 0.013591
20 0.523904 0.318062 0.016228 0.011837
20 0.505702 0.313897 0.016667 0.013152
20 0.492105 0.318281 0.011404 0.012275
20 0.482018 0.323104 0.012281 0.011399
20 0.469518 0.319377 0.011842 0.011837
20 0.463158 0.311925 0.010526 0.008330
20 0.463377 0.305349 0.012719 0.010083
20 0.448684 0.292854 0.011404 0.010522
20 0.451754 0.297457 0.011404 0.008330
20 0.462281 0.287593 0.014912 0.012275
20 0.474342 0.286059 0.014474 0.014467
20 0.481140 0.310829 0.014035 0.014029
20 0.489912 0.304691 0.016667 0.013152
20 0.531579 0.273783 0.015789 0.015344
20 0.537281 0.280140 0.014912 0.013152
20 0.551316 0.252082 0.016667 0.014906