20 0.220467 0.157174 0.029857 0.030870
20 0.297490 0.183043 0.032453 0.030435
20 0.316746 0.158696 0.032886 0.026957
20 0.318910 0.288696 0.025963 0.027826
20 0.333622 0.302174 0.027694 0.026087
20 0.417352 0.329565 0.030723 0.027826
20 0.505409 0.250217 0.027694 0.025652
20 0.527045 0.213913 0.025097 0.022609
20 0.573561 0.210870 0.025530 0.025217
20 0.575292 0.232391 0.028992 0.023043
20 0.593682 0.270217 0.029424 0.031739
20 0.648421 0.277826 0.028126 0.027826
20 0.392904 0.417391 0.030290 0.031304
20 0.379273 0.481739 0.030723 0.024348
20 0.368239 0.503913 0.031155 0.029565
20 0.405452 0.564565 0.029424 0.028261
20 0.270662 0.568696 0.028992 0.025217
20 0.426871 0.628696 0.033319 0.027826
20 0.527261 0.601957 0.031588 0.030870
20 0.559282 0.543043 0.033319 0.026957
20 0.577888 0.576957 0.030723 0.027826
20 0.618563 0.533913 0.029857 0.027826
20 0.648853 0.587826 0.028992 0.026957
20 0.780398 0.431304 0.035050 0.033043
20 0.538295 0.405652 0.031155 0.026087
20 0.556253 0.454783 0.030723 0.029565
20 0.515145 0.479565 0.032453 0.028696
20 0.451320 0.472609 0.027694 0.023478
20 0.461489 0.441087 0.028992 0.027391
20 0.673085 0.698478 0.030723 0.030000
20 0.622241 0.847391 0.029424 0.029565
20 0.598226 0.853913 0.029857 0.028696
20 0.438555 0.735435 0.032453 0.031739
20 0.355474 0.848478 0.031588 0.030870
20 0.062527 0.678478 0.033319 0.030000
20 0.161618 0.763478 0.035050 0.028696
20 0.252921 0.722609 0.031588 0.029565
20 0.213111 0.632609 0.029857 0.026087
20 0.163133 0.584565 0.026828 0.030870
20 0.229554 0.573913 0.032453 0.028696
20 0.169191 0.417609 0.029424 0.030000
20 0.206404 0.376087 0.030290 0.026087