20 0.658546 0.314216 0.022489 0.028206
20 0.435532 0.404287 0.023238 0.023317
20 0.790292 0.676382 0.017616 0.019932
20 0.776237 0.679203 0.011994 0.021813
20 0.764243 0.682775 0.015742 0.024445
20 0.441717 0.384731 0.024363 0.016548
20 0.436094 0.375329 0.024363 0.017300
20 0.423913 0.371568 0.014993 0.015795
20 0.460457 0.120346 0.041604 0.042873
20 0.460270 0.232042 0.036732 0.035352
20 0.424475 0.248778 0.032609 0.032719
20 0.379498 0.221324 0.035607 0.037984
20 0.407796 0.219819 0.029235 0.036480
20 0.395052 0.201768 0.035232 0.025950
20 0.507496 0.146860 0.042729 0.039489
20 0.490067 0.169237 0.039355 0.028582
20 0.491379 0.194434 0.030735 0.027830
20 0.538231 0.195562 0.026987 0.033095
20 0.514618 0.187100 0.030735 0.023693
20 0.512181 0.207597 0.033358 0.021061
20 0.513868 0.229598 0.031484 0.025950
20 0.543478 0.267582 0.029985 0.020684
20 0.540292 0.283001 0.031109 0.013163
20 0.540667 0.300113 0.031109 0.021813
20 0.498876 0.291275 0.023238 0.034976
20 0.477886 0.291275 0.024738 0.032719
20 0.533546 0.361790 0.031109 0.030086
20 0.479010 0.345807 0.029235 0.031967
20 0.626499 0.339037 0.024363 0.028206
20 0.600450 0.351072 0.024738 0.026702
20 0.595202 0.333020 0.019490 0.026702
20 0.574588 0.337721 0.021739 0.033095
20 0.557721 0.331328 0.024738 0.033847
20 0.589393 0.286950 0.030360 0.026326
20 0.581147 0.264385 0.027361 0.022565
20 0.597826 0.250658 0.032234 0.025197
20 0.616379 0.226213 0.029610 0.031215
20 0.676912 0.229222 0.037481 0.029710
20 0.633808 0.286198 0.028486 0.024069
20 0.621064 0.305378 0.023988 0.025574
20 0.675037 0.321737 0.020240 0.023693
20 0.662856 0.327003 0.015367 0.022941
20 0.640367 0.311583 0.019865 0.025950
20 0.684408 0.351824 0.027736 0.031215
20 0.708771 0.334900 0.024738 0.016171
20 0.712894 0.353516 0.027736 0.019556
20 0.703898 0.263633 0.036732 0.026326
20 0.694528 0.285822 0.028486 0.026326
20 0.718891 0.291651 0.030735 0.021437
20 0.714955 0.305378 0.028861 0.021061
20 0.749625 0.243513 0.030735 0.029710
20 0.739130 0.230726 0.026987 0.026702
20 0.729010 0.208537 0.027736 0.028958
20 0.714393 0.201580 0.021739 0.033847
20 0.692654 0.202708 0.023238 0.031591
20 0.667166 0.191989 0.033733 0.029710
20 0.679160 0.172621 0.035232 0.028582
20 0.719453 0.105679 0.031859 0.030839
20 0.680472 0.119406 0.022114 0.038736
20 0.659858 0.115833 0.025112 0.038360
20 0.609633 0.110004 0.035607 0.035728
20 0.573838 0.111132 0.038231 0.042497
20 0.568778 0.161151 0.035607 0.036480
20 0.598763 0.161903 0.022864 0.031967
20 0.593703 0.189545 0.033733 0.028582
20 0.626312 0.163031 0.029235 0.030463
20 0.622001 0.141971 0.020615 0.020684
20 0.603073 0.141595 0.021739 0.022941
20 0.585082 0.217939 0.029235 0.027454
20 0.575337 0.232606 0.025487 0.031215
20 0.550037 0.232794 0.027361 0.032343
20 0.764805 0.204776 0.027361 0.019180
20 0.784858 0.226025 0.025487 0.033095
20 0.761244 0.226025 0.020990 0.027830
20 0.797789 0.176194 0.023613 0.027454
20 0.813906 0.188605 0.019865 0.023693
20 0.797414 0.203460 0.022864 0.019556
20 0.784483 0.188229 0.020990 0.023693
20 0.744565 0.140654 0.031859 0.030839
20 0.759558 0.154005 0.031859 0.024445
20 0.749438 0.171493 0.020615 0.031591
20 0.729385 0.175066 0.028486 0.031215
20 0.820277 0.251598 0.029610 0.019556
20 0.824775 0.268334 0.028111 0.013163
20 0.836394 0.273787 0.028111 0.018052
20 0.851199 0.255547 0.026987 0.024445
20 0.854010 0.237495 0.027361 0.018428
20 0.816904 0.223580 0.023613 0.020684
20 0.833021 0.204400 0.019115 0.022189
20 0.817091 0.208161 0.014993 0.015419
20 0.847639 0.228093 0.022114 0.027454
20 0.836582 0.221888 0.020240 0.027078
20 0.768178 0.292779 0.025862 0.024445
20 0.884558 0.302557 0.029985 0.030463
20 0.893741 0.332644 0.027361 0.025950
20 0.891679 0.352388 0.032234 0.024069
20 0.844640 0.295600 0.030360 0.019556
20 0.837706 0.308951 0.027736 0.021437
20 0.835082 0.322678 0.025487 0.027830
20 0.809595 0.342610 0.017991 0.023317
20 0.790667 0.340165 0.024363 0.026702
20 0.800600 0.315344 0.021739 0.019932
20 0.796102 0.301241 0.026237 0.018052
20 0.814843 0.291651 0.032234 0.027454
20 0.867504 0.341106 0.023613 0.019556
20 0.861882 0.326062 0.022114 0.015043
20 0.865817 0.311395 0.025487 0.014291
20 0.894490 0.375141 0.025862 0.025950
20 0.874250 0.374953 0.020615 0.018052
20 0.879310 0.391689 0.032234 0.015419
20 0.883433 0.400715 0.039730 0.014667
20 0.884558 0.412185 0.032234 0.009778
20 0.844640 0.387364 0.026612 0.027830
20 0.820277 0.366679 0.029610 0.021813
20 0.818591 0.386047 0.024738 0.022189
20 0.777924 0.374389 0.023613 0.019180
20 0.787106 0.387552 0.023238 0.022189
20 0.764243 0.391689 0.026237 0.027454
20 0.715517 0.404663 0.027736 0.024821
20 0.732196 0.416698 0.025112 0.024069
20 0.795165 0.440015 0.029610 0.028582
20 0.815967 0.416886 0.019490 0.025950
20 0.798351 0.411433 0.027736 0.025574
20 0.831147 0.443024 0.023613 0.030086
20 0.843516 0.413501 0.026612 0.019180
20 0.864130 0.425348 0.017616 0.023317
20 0.856634 0.448477 0.022114 0.019932
20 0.901612 0.425160 0.019115 0.016924
20 0.883808 0.424784 0.017991 0.011659
20 0.888118 0.439451 0.025862 0.014667
20 0.877999 0.449229 0.020615 0.025950
20 0.890742 0.459195 0.020615 0.023317
20 0.886244 0.440391 0.026612 0.014291
20 0.914543 0.441707 0.032984 0.020684
20 0.913981 0.462392 0.026612 0.020684
20 0.921102 0.487025 0.027361 0.027078
20 0.894678 0.486649 0.026237 0.026326
20 0.905172 0.510718 0.038981 0.020308
20 0.886244 0.534411 0.029610 0.033847
20 0.909858 0.534223 0.025862 0.029710
20 0.758246 0.309703 0.027736 0.019932
20 0.776987 0.324182 0.018741 0.024821
20 0.756934 0.350508 0.026612 0.022565
20 0.743253 0.336781 0.017991 0.014667
20 0.760682 0.329635 0.013868 0.015419
20 0.746814 0.321361 0.022114 0.016924
20 0.612444 0.392817 0.026987 0.027454
20 0.624813 0.408800 0.028486 0.026326
20 0.683658 0.415006 0.028486 0.022189
20 0.748501 0.450545 0.029235 0.030839
20 0.847264 0.475555 0.031859 0.027454
20 0.825525 0.493419 0.021364 0.028582
20 0.807346 0.492666 0.018741 0.024821
20 0.822714 0.530086 0.036732 0.030463
20 0.769865 0.492102 0.029985 0.023693
20 0.775675 0.513915 0.030360 0.021437
20 0.784858 0.526138 0.028486 0.022565
20 0.707271 0.436254 0.026237 0.026326
20 0.681972 0.436630 0.027361 0.024069
20 0.642241 0.433434 0.028111 0.025950
20 0.606447 0.434938 0.030735 0.028958
20 0.612444 0.474991 0.026987 0.027830
20 0.638118 0.481572 0.025112 0.028958
20 0.652361 0.458067 0.029610 0.023317
20 0.554160 0.487965 0.037106 0.033471
20 0.601012 0.531215 0.028111 0.031215
20 0.586582 0.522753 0.029985 0.028582
20 0.546852 0.522001 0.033733 0.033847
20 0.702586 0.463520 0.029610 0.023693
20 0.708958 0.499248 0.027361 0.027454
20 0.747564 0.530086 0.027361 0.031967
20 0.724700 0.531967 0.026612 0.025950
20 0.718703 0.553404 0.028111 0.024445
20 0.666229 0.517864 0.027361 0.027830
20 0.688718 0.509590 0.018366 0.022565
20 0.669415 0.478751 0.025487 0.020308
20 0.674850 0.488341 0.028111 0.016924
20 0.670915 0.503009 0.023238 0.014667
20 0.491004 0.459759 0.035982 0.029710
20 0.643366 0.556788 0.029610 0.028206
20 0.683096 0.564310 0.027361 0.028958
20 0.712519 0.618466 0.026237 0.024445
20 0.796289 0.555472 0.030360 0.027830
20 0.860757 0.604739 0.038606 0.038360
20 0.813531 0.620534 0.029610 0.028582
20 0.809783 0.586123 0.029610 0.029710
20 0.799850 0.578601 0.019490 0.020684
20 0.781859 0.576721 0.023238 0.026702
20 0.761432 0.565626 0.023613 0.020308
20 0.743066 0.575216 0.020615 0.024445
20 0.757871 0.581046 0.019490 0.012787
20 0.741004 0.601542 0.020990 0.024445
20 0.762181 0.597217 0.016867 0.025574
20 0.770615 0.606807 0.028486 0.022189
20 0.770427 0.630124 0.028111 0.019932
20 0.783358 0.618842 0.025487 0.028958
20 0.601574 0.581422 0.035232 0.027830
20 0.607196 0.601542 0.032234 0.025197
20 0.645990 0.585370 0.029610 0.025950
20 0.673351 0.590448 0.031109 0.021061
20 0.660795 0.609816 0.025487 0.028206
20 0.683096 0.615081 0.025112 0.025950
20 0.685157 0.643663 0.029235 0.025950
20 0.467016 0.573148 0.038981 0.030086
20 0.454460 0.526514 0.034108 0.024821
20 0.462519 0.544942 0.035982 0.021061
20 0.429535 0.459759 0.032234 0.022189
20 0.432534 0.475931 0.034483 0.022189
20 0.472826 0.421963 0.027361 0.024069
20 0.485195 0.414065 0.020615 0.029334
20 0.503561 0.403159 0.019865 0.014291
20 0.506747 0.419895 0.023238 0.019180
20 0.460645 0.394697 0.026987 0.026702
20 0.410232 0.357653 0.027361 0.024069
20 0.450150 0.351260 0.026987 0.024069
20 0.205397 0.201768 0.037481 0.031215
20 0.218328 0.217751 0.033358 0.032343
20 0.169603 0.244077 0.039355 0.039112
20 0.230322 0.267770 0.036357 0.039112
20 0.279235 0.253855 0.035982 0.030086
20 0.276049 0.279804 0.034108 0.027830
20 0.342579 0.273975 0.032984 0.025950
20 0.347264 0.295412 0.024363 0.021437
20 0.374813 0.275668 0.025487 0.027078
20 0.317466 0.306130 0.027736 0.027078
20 0.291229 0.321173 0.032234 0.030086
20 0.322526 0.327191 0.029610 0.026326
20 0.311657 0.347499 0.031109 0.029334
20 0.275862 0.367995 0.028486 0.030463
20 0.260120 0.357277 0.031484 0.030839
20 0.222264 0.355773 0.035982 0.024069
20 0.225637 0.381534 0.038231 0.023693
20 0.251499 0.402971 0.032984 0.030463
20 0.309970 0.390936 0.026987 0.031215
20 0.332271 0.390372 0.021364 0.033847
20 0.349138 0.365551 0.028111 0.021813
20 0.415667 0.419895 0.029235 0.031967
20 0.364880 0.424972 0.034858 0.034599
20 0.394490 0.400903 0.022864 0.025574
20 0.382684 0.409552 0.023238 0.022565
20 0.369565 0.393945 0.026237 0.027454
20 0.357384 0.383039 0.026612 0.022941
20 0.446964 0.325498 0.025862 0.014667
20 0.446964 0.309515 0.025862 0.016548
20 0.449025 0.290523 0.024738 0.025950
20 0.438531 0.273035 0.020990 0.021061
20 0.415855 0.275103 0.016867 0.016924
20 0.395615 0.283941 0.015367 0.029334
20 0.411919 0.292027 0.016492 0.021437
20 0.430097 0.295412 0.016867 0.022189
20 0.422226 0.313840 0.013868 0.024445
20 0.410607 0.311395 0.014618 0.021061
20 0.403486 0.334336 0.023613 0.019556
20 0.393553 0.316660 0.022489 0.021061
20 0.368066 0.311771 0.021739 0.015795
20 0.374438 0.293719 0.023988 0.014291
20 0.377999 0.327567 0.016867 0.019556
20 0.360945 0.328507 0.020240 0.018428
20 0.365067 0.345995 0.029235 0.021813
20 0.153861 0.287138 0.036357 0.035728
20 0.130622 0.291087 0.038606 0.030839
20 0.130810 0.321737 0.038231 0.033471
20 0.185345 0.408800 0.037856 0.036856
20 0.253936 0.444528 0.037856 0.033095
20 0.231634 0.476307 0.031484 0.034223
20 0.199963 0.486273 0.037856 0.035352
20 0.125187 0.533659 0.037481 0.039112
20 0.093328 0.557917 0.041229 0.038736
20 0.196027 0.541181 0.047976 0.025574
20 0.194903 0.557540 0.039730 0.016924
20 0.198088 0.580105 0.043853 0.030463
20 0.196777 0.614141 0.041229 0.036104
20 0.327024 0.550207 0.041604 0.029334
20 0.326462 0.577473 0.032234 0.031967
20 0.296477 0.576721 0.032234 0.037232
20 0.108133 0.386988 0.037106 0.026326
20 0.119190 0.417450 0.031484 0.032343
20 0.105322 0.406356 0.035232 0.019932
20 0.267054 0.611884 0.035607 0.031591
20 0.266492 0.641030 0.025487 0.034223
20 0.247001 0.633509 0.025487 0.033471
20 0.402736 0.689169 0.034108 0.031215
20 0.380060 0.729222 0.038231 0.030839
20 0.368253 0.764761 0.041604 0.037984
20 0.294040 0.737871 0.037856 0.039865
20 0.436094 0.789018 0.037106 0.036856
20 0.546477 0.651937 0.035232 0.034976
20 0.119190 0.724332 0.035982 0.032343
20 0.128561 0.758556 0.029985 0.034599
20 0.183096 0.820797 0.032609 0.031967
20 0.163043 0.799173 0.027736 0.023317
20 0.163981 0.722640 0.029610 0.034223
20 0.187781 0.699699 0.038981 0.025950
20 0.180660 0.717187 0.029985 0.028582
20 0.352136 0.681083 0.029610 0.028582
20 0.340892 0.700075 0.019865 0.021437
20 0.324400 0.686160 0.022864 0.029710
20 0.307534 0.699323 0.031109 0.031215
20 0.326462 0.715871 0.026987 0.027454
20 0.435907 0.637270 0.028486 0.028206
20 0.417166 0.634449 0.017241 0.039112
20 0.397676 0.633885 0.026987 0.025197
20 0.398801 0.613765 0.032234 0.022565
20 0.397864 0.589131 0.027361 0.026702
20 0.375187 0.593832 0.023238 0.034599
20 0.481822 0.654569 0.031109 0.032719
20 0.502249 0.671493 0.029235 0.027454
20 0.461957 0.679015 0.031109 0.031215
20 0.493816 0.696690 0.023613 0.025950
20 0.473576 0.698571 0.020615 0.025197
20 0.511619 0.737683 0.023238 0.030463
20 0.496439 0.731290 0.025112 0.026702
20 0.479573 0.726401 0.033358 0.028206
20 0.582834 0.743513 0.028486 0.029334
20 0.537294 0.737495 0.019115 0.024821
20 0.555847 0.732230 0.020990 0.019556
20 0.558283 0.753291 0.018366 0.022565
20 0.542541 0.753855 0.013868 0.017676
20 0.216079 0.860286 0.025862 0.023693
20 0.265367 0.865551 0.042729 0.038736
20 0.497001 0.799737 0.034483 0.027454
20 0.493628 0.819857 0.035982 0.028582
20 0.590330 0.802557 0.029235 0.024821
20 0.602699 0.776232 0.028486 0.027078
20 0.661169 0.817601 0.029985 0.033847
20 0.641679 0.825874 0.029985 0.030086
20 0.554723 0.684844 0.020990 0.028582
20 0.571589 0.681271 0.017991 0.031215
20 0.534483 0.809515 0.022489 0.031215
20 0.553223 0.807070 0.020240 0.026326
20 0.560532 0.822302 0.024363 0.025950
20 0.594640 0.824182 0.025112 0.025950
20 0.587144 0.840918 0.022864 0.021061
20 0.574588 0.827379 0.024738 0.021813
20 0.663606 0.853328 0.027361 0.023317
20 0.565780 0.851636 0.026612 0.022189
20 0.517429 0.864235 0.033358 0.025574
20 0.497189 0.889996 0.024363 0.025950
20 0.575712 0.874201 0.026987 0.023693
20 0.642054 0.908236 0.024738 0.020308
20 0.642054 0.889432 0.021739 0.012035
20 0.600262 0.886800 0.024363 0.027078
20 0.622376 0.900903 0.021364 0.025197
20 0.616754 0.921775 0.020615 0.024069
20 0.573838 0.902595 0.023238 0.021813
20 0.538606 0.885671 0.017241 0.024821
20 0.523051 0.881534 0.019115 0.013539
20 0.531297 0.907108 0.018366 0.020308
20 0.517804 0.902971 0.013868 0.024069
20 0.696589 0.855585 0.028861 0.024821
20 0.706147 0.881346 0.021739 0.022189
20 0.677099 0.877209 0.022114 0.028958
20 0.688718 0.886612 0.013118 0.025197
20 0.598576 0.931929 0.020240 0.023317
20 0.600262 0.908612 0.020615 0.019556
20 0.572339 0.921963 0.019490 0.014667
20 0.574588 0.937759 0.019490 0.020684
20 0.548538 0.929297 0.019115 0.023317
20 0.528486 0.946032 0.026987 0.020684
20 0.523426 0.928168 0.025862 0.017300
20 0.471139 0.911057 0.017241 0.028206
20 0.487256 0.912185 0.020990 0.022941
20 0.419040 0.902595 0.030735 0.024821
20 0.434783 0.922339 0.024738 0.028206
20 0.416792 0.924408 0.019490 0.022565
20 0.452399 0.930989 0.018741 0.019932
20 0.437781 0.941519 0.022489 0.022189
20 0.501124 0.934750 0.014243 0.017676
20 0.488943 0.943776 0.016867 0.025197
20 0.507121 0.948665 0.017991 0.020684
20 0.470390 0.951674 0.017991 0.016924
20 0.473201 0.934562 0.016117 0.016548
20 0.297601 0.908988 0.028486 0.024069
20 0.342016 0.913313 0.029610 0.028206
20 0.376312 0.923091 0.023238 0.027454
20 0.398613 0.922903 0.020615 0.019556
20 0.397676 0.941895 0.022489 0.019932
20 0.628748 0.650621 0.027361 0.024069
20 0.642429 0.669989 0.025487 0.025950
20 0.616004 0.659835 0.026612 0.028958
20 0.591267 0.666792 0.029610 0.030839
20 0.610382 0.701203 0.025862 0.024445
20 0.622376 0.695562 0.024363 0.022941
20 0.666417 0.725085 0.024738 0.028582
20 0.651049 0.716435 0.023988 0.031591
20 0.634745 0.722640 0.025112 0.023693
20 0.625000 0.730914 0.027361 0.024445
20 0.626312 0.754607 0.031484 0.024445
20 0.701087 0.741632 0.031859 0.029334
20 0.713268 0.715118 0.026987 0.022941
20 0.690967 0.702520 0.027361 0.027078
20 0.709333 0.695562 0.024363 0.018428
20 0.667166 0.675254 0.020240 0.026702
20 0.684783 0.669613 0.019490 0.021437
20 0.694715 0.677510 0.016867 0.022941
20 0.713643 0.676570 0.018741 0.021813
20 0.725637 0.673185 0.019490 0.018052
20 0.719828 0.645731 0.020615 0.024821
20 0.733508 0.631064 0.024738 0.019556
20 0.742691 0.640090 0.019865 0.014291
20 0.736694 0.656074 0.020615 0.014667
20 0.758996 0.649492 0.023238 0.021813
20 0.775300 0.655134 0.024363 0.021061
20 0.805285 0.657202 0.025862 0.024445
20 0.825712 0.666416 0.019490 0.029334
20 0.814843 0.677886 0.022489 0.019180
20 0.829085 0.697631 0.029235 0.024821
20 0.855322 0.676194 0.032234 0.020308
20 0.856072 0.642535 0.033733 0.022941
20 0.852699 0.660023 0.034483 0.012035
20 0.746814 0.671117 0.024363 0.022941
20 0.749063 0.727905 0.025112 0.017676
20 0.743628 0.716435 0.023238 0.012787
20 0.747189 0.706845 0.022864 0.011659
20 0.739693 0.691989 0.016867 0.014291
20 0.751687 0.688981 0.012369 0.015795
20 0.761994 0.698947 0.018741 0.014667
20 0.774363 0.713426 0.023238 0.020308
20 0.793666 0.694810 0.017616 0.016924
20 0.784858 0.701392 0.017991 0.019556
20 0.789918 0.725273 0.015367 0.018428
20 0.782796 0.732606 0.022114 0.019556
20 0.755810 0.750094 0.025862 0.028206
20 0.776612 0.750282 0.019490 0.023317
20 0.773801 0.773411 0.031859 0.023693
20 0.748688 0.806130 0.028111 0.031215
20 0.728823 0.840354 0.031109 0.027454
20 0.744565 0.863294 0.036357 0.026702
20 0.767241 0.832456 0.032234 0.026702
20 0.770052 0.813652 0.027361 0.017676
20 0.774175 0.803874 0.017616 0.024445
20 0.788793 0.811019 0.016867 0.023693
20 0.802474 0.789583 0.017991 0.022189
20 0.809970 0.816096 0.027736 0.029334
20 0.824963 0.802181 0.020240 0.023317
20 0.833771 0.791087 0.021364 0.020684
20 0.809970 0.723392 0.024738 0.016924
20 0.806597 0.736931 0.018741 0.018428
20 0.912669 0.675066 0.029235 0.042873
20 0.869565 0.712674 0.029985 0.023317
20 0.880810 0.747838 0.023988 0.022189
20 0.805660 0.756487 0.025862 0.016171
20 0.809408 0.771343 0.022864 0.027830
20 0.828523 0.771343 0.018366 0.022565
20 0.825900 0.746145 0.020615 0.030839
20 0.842204 0.740504 0.022489 0.028582
20 0.844828 0.763633 0.021739 0.016924
20 0.857384 0.755359 0.019115 0.017676
20 0.863943 0.728657 0.026987 0.016924