20 0.350194 0.098453 0.009690 0.010445
20 0.328488 0.098839 0.018217 0.013540
20 0.371318 0.084526 0.013178 0.018182
20 0.358721 0.077563 0.015891 0.012766
20 0.343411 0.081431 0.011628 0.011992
20 0.330039 0.084139 0.015116 0.014313
20 0.370349 0.115474 0.013566 0.014313
20 0.373837 0.101934 0.018992 0.014313
20 0.359109 0.103482 0.007364 0.011219
20 0.358140 0.116248 0.011628 0.014313
20 0.353295 0.120116 0.010465 0.015861
20 0.343798 0.112766 0.007752 0.009671
20 0.345930 0.129014 0.015116 0.019729
20 0.333140 0.118956 0.009690 0.011219
20 0.331008 0.134623 0.017829 0.020116
20 0.320543 0.138685 0.015504 0.019729
20 0.287016 0.154739 0.015891 0.015474
20 0.284884 0.143907 0.012403 0.015474
20 0.273837 0.170019 0.012016 0.018956
20 0.269961 0.168859 0.006589 0.018956
20 0.285659 0.169439 0.013178 0.013153
20 0.300194 0.167311 0.011240 0.008897
20 0.309109 0.180851 0.026744 0.025145
20 0.297093 0.190522 0.014341 0.026692
20 0.285853 0.190909 0.011240 0.018956
20 0.288372 0.205029 0.018605 0.017795
20 0.268798 0.205609 0.014341 0.021277
20 0.252713 0.199420 0.016279 0.014313
20 0.253682 0.210445 0.017442 0.020890
20 0.243217 0.219149 0.022093 0.024371
20 0.222674 0.226112 0.024419 0.016634
20 0.390891 0.063443 0.022868 0.022437
20 0.386434 0.077756 0.019380 0.020116
20 0.400388 0.087041 0.020930 0.029400
20 0.414535 0.082398 0.024419 0.024758
20 0.407946 0.065184 0.022093 0.022050
20 0.430233 0.070213 0.023256 0.023598
20 0.434302 0.085880 0.024419 0.020890
20 0.449225 0.075629 0.023256 0.027466
20 0.435659 0.113733 0.021705 0.030174
20 0.448643 0.111412 0.018217 0.028627
20 0.457558 0.108124 0.015891 0.029014
20 0.476357 0.121470 0.020930 0.023211
20 0.486822 0.108897 0.020155 0.023598
20 0.469380 0.102321 0.019380 0.017408
20 0.472093 0.086074 0.026357 0.017408
20 0.477132 0.074662 0.027132 0.024758
20 0.510271 0.090522 0.027519 0.037137
20 0.395155 0.142360 0.034496 0.035590
20 0.276744 0.120890 0.034109 0.028240
20 0.271705 0.240619 0.032558 0.034816
20 0.447868 0.216828 0.037597 0.040619
20 0.526744 0.174855 0.031783 0.040232
20 0.551744 0.195358 0.034496 0.031721
20 0.577132 0.214894 0.033333 0.039845
20 0.598256 0.153772 0.036822 0.034429
20 0.618605 0.114313 0.035659 0.039845
20 0.527713 0.108124 0.019767 0.026692
20 0.540310 0.099613 0.021705 0.023598
20 0.537403 0.119149 0.026744 0.025532
20 0.563760 0.117795 0.025194 0.025919
20 0.555233 0.099613 0.018217 0.023598
20 0.569380 0.095938 0.027907 0.029400
20 0.586822 0.112186 0.034109 0.037137
20 0.656977 0.156286 0.041085 0.045648
20 0.703682 0.205416 0.035271 0.039458
20 0.661047 0.217602 0.033721 0.035977
20 0.660078 0.244101 0.033333 0.038685
20 0.682752 0.228433 0.029845 0.033656
20 0.731395 0.170213 0.044961 0.040232
20 0.743217 0.193230 0.036047 0.034429
20 0.753682 0.222631 0.035271 0.041393
20 0.775000 0.203868 0.033721 0.033269
20 0.806395 0.213926 0.035271 0.038685
20 0.828101 0.251644 0.034496 0.035977
20 0.802907 0.256480 0.024419 0.027079
20 0.792054 0.262669 0.031395 0.022437
20 0.792829 0.276596 0.034496 0.024758
20 0.785465 0.292650 0.024419 0.025919
20 0.804457 0.290329 0.023643 0.023598
20 0.797674 0.308511 0.035659 0.029787
20 0.670543 0.318569 0.036434 0.039845
20 0.460659 0.258994 0.036822 0.027466
20 0.461047 0.280464 0.039922 0.027853
20 0.382558 0.261896 0.040310 0.037911
20 0.424806 0.313733 0.031783 0.031721
20 0.450194 0.322631 0.029845 0.029400
20 0.530039 0.333462 0.039922 0.037137
20 0.715698 0.345841 0.040698 0.040232
20 0.657171 0.348549 0.040698 0.039458
20 0.732171 0.372147 0.043411 0.042553
20 0.849031 0.281818 0.034496 0.036750
20 0.860078 0.298646 0.035659 0.033269
20 0.851744 0.324371 0.036047 0.034429
20 0.863566 0.370793 0.037209 0.042940
20 0.881977 0.397872 0.027519 0.035203
20 0.868411 0.406190 0.029845 0.035590
20 0.850000 0.401354 0.026357 0.032108
20 0.835659 0.420696 0.027132 0.036750
20 0.853682 0.425919 0.025194 0.039458
20 0.740698 0.427466 0.043411 0.042553
20 0.694574 0.461702 0.036434 0.040619
20 0.543798 0.367311 0.041860 0.037524
20 0.536628 0.404062 0.036822 0.037524
20 0.494574 0.414700 0.032558 0.035590
20 0.504457 0.451064 0.035271 0.036364
20 0.861822 0.493037 0.039147 0.043714
20 0.828101 0.513540 0.029070 0.030561
20 0.825388 0.536557 0.041473 0.037911
20 0.850000 0.519923 0.030233 0.037911
20 0.770349 0.470600 0.032171 0.029014
20 0.751163 0.476596 0.024031 0.026306
20 0.771705 0.489362 0.027132 0.026306
20 0.756589 0.499226 0.031783 0.028240
20 0.732558 0.492263 0.019380 0.021277
20 0.716279 0.513346 0.028682 0.032495
20 0.726938 0.521857 0.025969 0.029400
20 0.743411 0.515280 0.021705 0.029400
20 0.758527 0.523791 0.024806 0.034043
20 0.743605 0.534816 0.025194 0.024371
20 0.717829 0.546422 0.025581 0.023598
20 0.698062 0.557060 0.025581 0.028627
20 0.737791 0.551064 0.029845 0.029014
20 0.725775 0.565184 0.028295 0.027079
20 0.714922 0.576209 0.034496 0.029787
20 0.699225 0.596518 0.033333 0.030174
20 0.683721 0.599226 0.027907 0.021663
20 0.682558 0.610251 0.027907 0.021277
20 0.698256 0.629787 0.026744 0.033269
20 0.704070 0.655899 0.039147 0.035203
20 0.661628 0.623404 0.024806 0.032882
20 0.676163 0.627853 0.018992 0.029400
20 0.641860 0.602321 0.034109 0.032495
20 0.638566 0.575822 0.034496 0.029014
20 0.637791 0.529981 0.025969 0.024758
20 0.645349 0.545841 0.025581 0.023985
20 0.619186 0.513153 0.029845 0.030561
20 0.598256 0.495164 0.036822 0.031721
20 0.613372 0.473308 0.039147 0.036750
20 0.594186 0.554739 0.037209 0.030174
20 0.553101 0.579110 0.035659 0.033269
20 0.498256 0.552031 0.033721 0.025532
20 0.470543 0.554545 0.027907 0.029787
20 0.499225 0.571760 0.030233 0.021663
20 0.479651 0.575822 0.022093 0.015087
20 0.590504 0.649130 0.038372 0.037137
20 0.526163 0.611799 0.029845 0.032882
20 0.511240 0.613540 0.023256 0.027079
20 0.493411 0.614120 0.024031 0.022824
20 0.488566 0.627273 0.026744 0.022050
20 0.473643 0.605803 0.021705 0.020890
20 0.445349 0.598453 0.025581 0.028627
20 0.462209 0.612573 0.021318 0.024371
20 0.441667 0.625532 0.029845 0.028627
20 0.737403 0.735590 0.036047 0.038298
20 0.727132 0.752224 0.034884 0.034429
20 0.730620 0.777369 0.040310 0.040619
20 0.686240 0.694778 0.038372 0.030948
20 0.675775 0.714313 0.036822 0.033656
20 0.661047 0.754932 0.034496 0.032882
20 0.658140 0.779497 0.031783 0.031721
20 0.666860 0.812379 0.044574 0.041779
20 0.619767 0.803288 0.037984 0.035203
20 0.618411 0.765377 0.026744 0.029787
20 0.626550 0.777756 0.027519 0.024371
20 0.631008 0.705222 0.030233 0.030948
20 0.645930 0.689555 0.029070 0.032108
20 0.586628 0.688588 0.035271 0.036364
20 0.572674 0.725145 0.032171 0.032882
20 0.547674 0.737718 0.028682 0.032495
20 0.574225 0.773694 0.035271 0.032495
20 0.590504 0.831721 0.036047 0.043327
20 0.564341 0.836944 0.031783 0.039845
20 0.524225 0.827853 0.031395 0.034043
20 0.541473 0.800000 0.028682 0.023985
20 0.535853 0.784526 0.024419 0.022437
20 0.519574 0.789942 0.024419 0.028627
20 0.511434 0.769826 0.026744 0.026306
20 0.496705 0.762669 0.027519 0.031335
20 0.501163 0.737331 0.028682 0.028627
20 0.496899 0.704836 0.028682 0.031721
20 0.475194 0.757253 0.014729 0.019729
20 0.478488 0.806770 0.020543 0.026692
20 0.491860 0.809671 0.021705 0.027853
20 0.448643 0.800774 0.023643 0.027079
20 0.462403 0.814894 0.027907 0.026692
20 0.516667 0.858801 0.028682 0.035590
20 0.494767 0.857834 0.027519 0.031335
20 0.511240 0.898646 0.037209 0.041006
20 0.439922 0.830561 0.022481 0.024758
20 0.447481 0.840812 0.025194 0.025919
20 0.440310 0.730754 0.031783 0.025532
20 0.441860 0.747582 0.024806 0.018956
20 0.447287 0.759961 0.023256 0.022824
20 0.423837 0.755513 0.023643 0.027079
20 0.406783 0.758414 0.024419 0.025919
20 0.400000 0.777176 0.022481 0.022437
20 0.440891 0.775048 0.021318 0.020503
20 0.433527 0.788588 0.017442 0.017408
20 0.404651 0.791876 0.015504 0.015474
20 0.471705 0.860735 0.027132 0.028627
20 0.461240 0.852224 0.023256 0.027853
20 0.446124 0.862089 0.027132 0.028240
20 0.415310 0.856480 0.029845 0.030948
20 0.430039 0.882785 0.029845 0.037137
20 0.448837 0.894391 0.029457 0.035590
20 0.470349 0.890909 0.032946 0.037911
20 0.403295 0.826692 0.025969 0.021663
20 0.400581 0.812379 0.021318 0.017021
20 0.387016 0.800774 0.024419 0.028627
20 0.408140 0.694584 0.027132 0.025919
20 0.385853 0.672340 0.024419 0.024758
20 0.361628 0.675242 0.027907 0.029014
20 0.384302 0.697292 0.023643 0.017408
20 0.386434 0.710832 0.020930 0.014313
20 0.367054 0.724758 0.022481 0.025145
20 0.393798 0.724371 0.027132 0.022050
20 0.416473 0.666731 0.025969 0.028240
20 0.428295 0.646228 0.022481 0.025919
20 0.440698 0.654545 0.023256 0.028627
20 0.365891 0.617408 0.027907 0.027853
20 0.377713 0.590522 0.022868 0.031335
20 0.388178 0.562669 0.029070 0.026692
20 0.401550 0.542747 0.030233 0.036364
20 0.362016 0.527466 0.027132 0.026692
20 0.331008 0.540232 0.031783 0.029014
20 0.357946 0.584526 0.025969 0.030174
20 0.337016 0.585493 0.028295 0.029787
20 0.322093 0.605029 0.024031 0.026306
20 0.317829 0.628433 0.025581 0.028240
20 0.319961 0.652805 0.025969 0.030561
20 0.276163 0.633462 0.027519 0.027466
20 0.294186 0.608511 0.025581 0.027853
20 0.275969 0.607544 0.025581 0.025919
20 0.276357 0.578917 0.024806 0.031335
20 0.259884 0.584720 0.023643 0.028240
20 0.251550 0.615087 0.027907 0.030948
20 0.334884 0.517988 0.024806 0.025532
20 0.334109 0.498259 0.027132 0.028627
20 0.287597 0.492263 0.020155 0.019729
20 0.305814 0.486654 0.034109 0.037911
20 0.338760 0.457060 0.025581 0.029014
20 0.354457 0.456093 0.022093 0.034043
20 0.359884 0.438685 0.021318 0.020890
20 0.375775 0.449130 0.025969 0.028627
20 0.373256 0.424178 0.028682 0.025919
20 0.381202 0.400967 0.028295 0.030561
20 0.402132 0.425338 0.018217 0.018956
20 0.358333 0.409284 0.024419 0.028627
20 0.337209 0.408511 0.022481 0.023211
20 0.332752 0.426306 0.029070 0.026306
20 0.286434 0.402708 0.028682 0.033269
20 0.286628 0.427660 0.033721 0.031335
20 0.250000 0.399807 0.033333 0.036750
20 0.453101 0.407350 0.030233 0.037911
20 0.344380 0.890522 0.038372 0.034816
20 0.299612 0.882979 0.031008 0.035977
20 0.274612 0.887041 0.036047 0.034816
20 0.356783 0.863250 0.031395 0.027466
20 0.360853 0.847002 0.025581 0.024371
20 0.337984 0.848549 0.027907 0.026692
20 0.354264 0.832495 0.024806 0.017021
20 0.352519 0.821083 0.019767 0.015861
20 0.371899 0.817795 0.019767 0.022437
20 0.333527 0.824178 0.025194 0.022050
20 0.315891 0.837524 0.027907 0.021663
20 0.295543 0.830561 0.029845 0.023985
20 0.302713 0.817215 0.028682 0.029014
20 0.324806 0.798453 0.024806 0.023985
20 0.342442 0.802321 0.016667 0.016248
20 0.351550 0.803095 0.015504 0.015474
20 0.356202 0.795358 0.016279 0.017021
20 0.368411 0.793037 0.015891 0.013153
20 0.367829 0.783752 0.017829 0.020116
20 0.366860 0.769826 0.018217 0.017021
20 0.354457 0.776983 0.023643 0.022824
20 0.369380 0.752805 0.021705 0.020890
20 0.362984 0.741199 0.022093 0.019342
20 0.337791 0.727660 0.025194 0.027079
20 0.340504 0.755706 0.022093 0.022050
20 0.335271 0.775048 0.020155 0.017408
20 0.339147 0.784139 0.023256 0.018569
20 0.316473 0.777563 0.022093 0.023985
20 0.320349 0.751451 0.022868 0.024371
20 0.301744 0.754352 0.022093 0.017021
20 0.304457 0.768279 0.025194 0.020116
20 0.305039 0.726692 0.022481 0.025145
20 0.289729 0.728820 0.024419 0.023211
20 0.283527 0.745455 0.028295 0.024758
20 0.286822 0.784333 0.022481 0.026692
20 0.267054 0.786847 0.021705 0.022437
20 0.274806 0.768665 0.022481 0.018569
20 0.265891 0.758801 0.019380 0.024371
20 0.248062 0.758027 0.023256 0.025919
20 0.268605 0.725145 0.024031 0.026692
20 0.252326 0.734043 0.024031 0.025145
20 0.242054 0.702901 0.022868 0.026306
20 0.225581 0.701934 0.021705 0.020503
20 0.225000 0.714894 0.027519 0.021663
20 0.235659 0.796132 0.044186 0.037911
20 0.195930 0.791103 0.038372 0.031721
20 0.195543 0.763636 0.030620 0.028627
20 0.219961 0.771567 0.030620 0.025919
20 0.222481 0.755319 0.026357 0.019729
20 0.219380 0.740039 0.027907 0.022437
20 0.209109 0.726886 0.019767 0.020890
20 0.199419 0.739265 0.025969 0.027079
20 0.177907 0.723791 0.032558 0.028627
20 0.162016 0.704062 0.031783 0.030174
20 0.150969 0.679691 0.031395 0.031721
20 0.120736 0.736170 0.032946 0.030174
20 0.110465 0.717988 0.031008 0.027079
20 0.105233 0.672534 0.032171 0.029787
20 0.114147 0.693037 0.032946 0.029014
20 0.182946 0.666538 0.028682 0.027853
20 0.126938 0.650290 0.031395 0.029400
20 0.101550 0.621663 0.031783 0.033269
20 0.067248 0.636944 0.029845 0.029787
20 0.166473 0.612766 0.029845 0.027853
20 0.174806 0.632495 0.023256 0.026306
20 0.184109 0.644101 0.014729 0.015474
20 0.195155 0.636557 0.017442 0.028240
20 0.212209 0.637524 0.022093 0.028627
20 0.227713 0.619536 0.022868 0.019729
20 0.232946 0.635203 0.024806 0.025532
20 0.198643 0.598646 0.028295 0.028240
20 0.219767 0.592843 0.025581 0.022050
20 0.224419 0.572147 0.028682 0.029400
20 0.190116 0.531915 0.033721 0.028627
20 0.184302 0.549903 0.036822 0.023598
20 0.195736 0.567698 0.019380 0.025919
20 0.158721 0.564603 0.025969 0.029787
20 0.167636 0.577369 0.019767 0.024371
20 0.108333 0.570213 0.033721 0.031721
20 0.077132 0.575435 0.029457 0.028240
20 0.090116 0.556673 0.028295 0.029400
20 0.066473 0.533075 0.028295 0.020116
20 0.059690 0.542747 0.024806 0.023211
20 0.119767 0.525919 0.034109 0.026692
20 0.132364 0.504062 0.033721 0.031721
20 0.223837 0.481818 0.038372 0.031335
20 0.211240 0.459381 0.038760 0.029787
20 0.181783 0.421277 0.035659 0.030174
20 0.129651 0.448356 0.028295 0.025532
20 0.146705 0.462669 0.027519 0.022437
20 0.099225 0.493037 0.036434 0.026692
20 0.073256 0.511605 0.021705 0.018182
20 0.059302 0.493617 0.030233 0.026306
20 0.059109 0.470213 0.036047 0.024371
20 0.090891 0.459768 0.029070 0.024371
20 0.151357 0.446422 0.027519 0.020890
20 0.159496 0.434623 0.027519 0.022824
20 0.143605 0.425338 0.025194 0.022050
20 0.158333 0.410251 0.024419 0.021277
20 0.171899 0.400387 0.028295 0.023211
20 0.134109 0.407350 0.030233 0.023985
20 0.136047 0.387234 0.031008 0.024758
20 0.146124 0.373694 0.028682 0.023985
20 0.207364 0.377950 0.033333 0.023211
20 0.310853 0.379304 0.021705 0.018956
20 0.053295 0.449130 0.019767 0.016248
20 0.066860 0.446422 0.012791 0.014700
20 0.078682 0.441006 0.021705 0.017021
20 0.076550 0.409671 0.020543 0.017021
20 0.049031 0.413346 0.025969 0.019729
20 0.087597 0.398259 0.022481 0.015087
20 0.087016 0.386654 0.021318 0.014313
20 0.080233 0.380658 0.020155 0.018569
20 0.439729 0.373888 0.035271 0.033656
20 0.404651 0.363443 0.036434 0.034429
20 0.363178 0.298453 0.041085 0.032882
20 0.296124 0.300387 0.043411 0.036750
20 0.203101 0.358994 0.037209 0.028627
20 0.173256 0.334623 0.035659 0.025532
20 0.170543 0.357640 0.033333 0.025145
20 0.146899 0.350290 0.028682 0.022824
20 0.110271 0.361122 0.025969 0.026692
20 0.098256 0.353578 0.020543 0.020116
20 0.083527 0.353191 0.027519 0.015474
20 0.073837 0.363830 0.023643 0.017408
20 0.094380 0.367505 0.025194 0.019342
20 0.091667 0.287621 0.022093 0.015861
20 0.091085 0.302708 0.022481 0.019729
20 0.087016 0.319923 0.022868 0.020890
20 0.105620 0.323598 0.029845 0.026692
20 0.124419 0.316054 0.026357 0.029400
20 0.154457 0.322437 0.026744 0.026692
20 0.137209 0.325145 0.023256 0.022824
20 0.159496 0.293617 0.031395 0.021663
20 0.163372 0.280658 0.029070 0.013540
20 0.137597 0.273501 0.024031 0.017021
20 0.150969 0.244874 0.022868 0.018569
20 0.160853 0.249710 0.017829 0.013540
20 0.148643 0.258801 0.018992 0.017795
20 0.202132 0.251257 0.021318 0.020503
20 0.193217 0.229981 0.023643 0.023598
20 0.172674 0.230948 0.022868 0.020890
20 0.181977 0.244101 0.023643 0.017021
20 0.217442 0.263443 0.032558 0.020116
20 0.219186 0.235590 0.029845 0.020116
20 0.157752 0.222824 0.039535 0.028627
20 0.200388 0.201741 0.031008 0.021277
20 0.184690 0.187427 0.026744 0.024371
20 0.207752 0.177950 0.040310 0.030174
20 0.223062 0.212766 0.021318 0.020116
20 0.271318 0.146809 0.018605 0.022824
20 0.257946 0.166538 0.019767 0.020503
20 0.257946 0.189555 0.024419 0.019342
20 0.273643 0.188201 0.020155 0.017408
20 0.320930 0.163636 0.025581 0.023985
20 0.304651 0.160735 0.019380 0.018182
20 0.312209 0.148743 0.026744 0.017408
20 0.300775 0.134816 0.025581 0.016634
20 0.302907 0.124758 0.021318 0.016634
20 0.311628 0.116441 0.019380 0.018569
20 0.323643 0.109671 0.020930 0.015861