20 0.535062 0.088261 0.019836 0.019307
20 0.527145 0.200483 0.020358 0.019652
20 0.366104 0.211515 0.021924 0.020686
20 0.291717 0.228926 0.022795 0.018273
20 0.573865 0.262800 0.022620 0.020514
20 0.627110 0.286933 0.018096 0.016032
20 0.635462 0.299173 0.017748 0.018790
20 0.483122 0.289605 0.020010 0.019307
20 0.397251 0.323306 0.022272 0.022238
20 0.354359 0.326668 0.020010 0.019307
20 0.581434 0.316497 0.019662 0.017928
20 0.564468 0.332356 0.016704 0.015515
20 0.553680 0.350802 0.020880 0.017928
20 0.537672 0.372263 0.018096 0.017756
20 0.513485 0.383210 0.018096 0.018617
20 0.498521 0.396225 0.019488 0.018790
20 0.336349 0.411136 0.013920 0.012756
20 0.659910 0.394846 0.016878 0.017066
20 0.652601 0.401569 0.008526 0.008447
20 0.633113 0.410188 0.018270 0.017411
20 0.654341 0.410016 0.012006 0.012239
20 0.664086 0.424323 0.014094 0.013618
20 0.366365 0.438028 0.021402 0.017928
20 0.371759 0.456042 0.009918 0.009826
20 0.372194 0.469402 0.018444 0.019652
20 0.354446 0.485175 0.014268 0.014653
20 0.411867 0.494915 0.019488 0.020686
20 0.372107 0.542665 0.022098 0.019652
20 0.391944 0.548526 0.014790 0.014480
20 0.478685 0.513446 0.019140 0.020169
20 0.591091 0.541545 0.019836 0.017411
20 0.600139 0.523875 0.016008 0.015170
20 0.664086 0.508447 0.020010 0.017066
20 0.933096 0.565420 0.020358 0.018617
20 0.817731 0.608343 0.018966 0.016549
20 0.834522 0.605499 0.018444 0.017411
20 0.877240 0.635580 0.018966 0.017583
20 0.859753 0.654973 0.015312 0.017756
20 0.847660 0.655749 0.012006 0.014480
20 0.869758 0.688847 0.018270 0.016204
20 0.864103 0.702379 0.018096 0.017756
20 0.597616 0.699104 0.018618 0.017756
20 0.730729 0.719359 0.018270 0.017928
20 0.565860 0.751508 0.018444 0.018100
20 0.583348 0.765385 0.019314 0.018962
20 0.379676 0.729357 0.022272 0.017238
20 0.433879 0.755904 0.018966 0.018962
20 0.445189 0.845458 0.019314 0.022927
20 0.166174 0.821582 0.017748 0.016894
20 0.224900 0.543096 0.019314 0.020169
20 0.857404 0.372436 0.018966 0.018445
20 0.903950 0.414067 0.011832 0.011033
20 0.887942 0.437080 0.009396 0.008447
20 0.462415 0.622996 0.009222 0.008964
20 0.850705 0.778745 0.006264 0.006033
20 0.636854 0.908723 0.010092 0.007757