20 0.793729 0.766830 0.012089 0.011282
20 0.791084 0.783753 0.020400 0.007522
20 0.795807 0.775668 0.013223 0.008650
20 0.806762 0.770026 0.010200 0.006393
20 0.806385 0.764009 0.010956 0.010906
20 0.808085 0.783565 0.015867 0.016924
20 0.809407 0.754983 0.017756 0.010906
20 0.800907 0.737495 0.012089 0.013539
20 0.802229 0.729222 0.015489 0.009778
20 0.785795 0.756299 0.016623 0.018052
20 0.099169 0.325498 0.023801 0.017676
20 0.080468 0.327943 0.014356 0.015043
20 0.083113 0.314592 0.015111 0.016171
20 0.053079 0.487213 0.012467 0.010906
20 0.051946 0.500752 0.017756 0.016171
20 0.042123 0.491350 0.010200 0.018428
20 0.045145 0.471794 0.008689 0.014667
20 0.043634 0.454306 0.010200 0.019556
20 0.059501 0.464272 0.021534 0.019180
20 0.056479 0.594020 0.017000 0.010154
20 0.063279 0.580293 0.029845 0.019556
20 0.076502 0.551147 0.012467 0.010154
20 0.073668 0.565250 0.018134 0.014291
20 0.056290 0.517112 0.006045 0.019556
20 0.046090 0.517300 0.011334 0.022941
20 0.050812 0.542121 0.017000 0.015419
20 0.050057 0.530651 0.018512 0.009778
20 0.087269 0.624107 0.013600 0.013915
20 0.105025 0.651937 0.008311 0.010154
20 0.103891 0.661339 0.009822 0.010906
20 0.089535 0.657202 0.018134 0.016924
20 0.096713 0.640654 0.009822 0.013163
20 0.089535 0.612260 0.024178 0.012787
20 0.102758 0.624107 0.017378 0.014667
20 0.561201 0.059421 0.029845 0.024069
20 0.600680 0.069763 0.033245 0.031215
20 0.564413 0.082926 0.034001 0.031215
20 0.547412 0.091764 0.033245 0.028582
20 0.534945 0.106619 0.034001 0.026702
20 0.530034 0.075404 0.030223 0.030463
20 0.517189 0.087439 0.024934 0.031215
20 0.499433 0.087063 0.027201 0.030463
20 0.464110 0.117901 0.034379 0.030463
20 0.525878 0.141030 0.030978 0.027078
20 0.534756 0.161151 0.035890 0.027454
20 0.573857 0.148928 0.034756 0.032343
20 0.609558 0.114329 0.034379 0.035352
20 0.646203 0.126927 0.032112 0.036480
20 0.675482 0.132945 0.032490 0.038736
20 0.619003 0.161339 0.024556 0.032343
20 0.598791 0.157390 0.030223 0.031215
20 0.640914 0.182023 0.036645 0.030839
20 0.412920 0.082550 0.031734 0.028958
20 0.438610 0.093268 0.039290 0.031591
20 0.430110 0.114705 0.031356 0.028582
20 0.462032 0.173185 0.029467 0.027454
20 0.437476 0.172809 0.030978 0.028206
20 0.382131 0.091764 0.028334 0.024821
20 0.391009 0.140090 0.027956 0.025950
20 0.406876 0.154381 0.029467 0.026702
20 0.495278 0.171305 0.027956 0.028206
20 0.510956 0.179391 0.028334 0.026326
20 0.525501 0.194246 0.032490 0.031215
20 0.621836 0.195938 0.032490 0.033095
20 0.531356 0.225273 0.038156 0.031591
20 0.528901 0.249530 0.030978 0.025950
20 0.500378 0.252539 0.031356 0.030463
20 0.472422 0.242760 0.037401 0.034223
20 0.608236 0.251974 0.025689 0.024069
20 0.620325 0.239752 0.027201 0.025950
20 0.649981 0.244829 0.026823 0.026326
20 0.632792 0.258556 0.026445 0.030463
20 0.656403 0.265137 0.029845 0.030086
20 0.679448 0.258368 0.029090 0.030086
20 0.714205 0.238059 0.035134 0.033095
20 0.749906 0.199887 0.040045 0.040241
20 0.737250 0.259308 0.036645 0.032719
20 0.709671 0.281685 0.035134 0.030086
20 0.747261 0.286198 0.032490 0.032343
20 0.727049 0.158330 0.044957 0.038360
20 0.819985 0.270967 0.044957 0.039489
20 0.756517 0.320421 0.030601 0.030839
20 0.803173 0.333208 0.027956 0.030086
20 0.826218 0.328507 0.029467 0.032719
20 0.785040 0.352576 0.030223 0.026702
20 0.766906 0.360474 0.024178 0.023693
20 0.719116 0.323994 0.027578 0.030463
20 0.706271 0.336593 0.031356 0.027830
20 0.683604 0.306882 0.030601 0.025574
20 0.626558 0.319481 0.030601 0.027454
20 0.614847 0.346371 0.035134 0.030086
20 0.710049 0.366491 0.032112 0.028206
20 0.742728 0.371192 0.025689 0.026326
20 0.782017 0.372885 0.032490 0.027454
20 0.854741 0.365739 0.038912 0.036480
20 0.838496 0.384167 0.031356 0.028206
20 0.647148 0.387176 0.028712 0.024445
20 0.877786 0.399962 0.036645 0.037984
20 0.848319 0.407484 0.029090 0.027454
20 0.826407 0.402971 0.027578 0.025197
20 0.791840 0.394321 0.027956 0.026702
20 0.778051 0.405980 0.022289 0.022189
20 0.790329 0.414253 0.019645 0.025197
20 0.802607 0.402407 0.023045 0.019556
20 0.805629 0.417638 0.019267 0.028206
20 0.819229 0.421023 0.020023 0.025197
20 0.829052 0.437382 0.029090 0.029334
20 0.854552 0.433434 0.030223 0.027454
20 0.883453 0.434186 0.034379 0.033471
20 0.857386 0.458631 0.031356 0.031215
20 0.816963 0.459571 0.028334 0.022565
20 0.815829 0.477247 0.029845 0.024069
20 0.763884 0.429109 0.029467 0.027078
20 0.733661 0.427416 0.027956 0.026702
20 0.725538 0.442836 0.031356 0.024445
20 0.721383 0.468973 0.032867 0.027830
20 0.759728 0.495863 0.030978 0.029710
20 0.663959 0.488530 0.030601 0.030839
20 0.657537 0.454870 0.028334 0.028206
20 0.636003 0.458067 0.026067 0.026326
20 0.611825 0.459947 0.030601 0.027830
20 0.601624 0.432681 0.027578 0.027454
20 0.689649 0.422339 0.028334 0.023317
20 0.698904 0.410117 0.027201 0.027454
20 0.744994 0.396202 0.017378 0.021437
20 0.751794 0.384167 0.022667 0.019180
20 0.760861 0.397142 0.018134 0.024821
20 0.658292 0.407108 0.030601 0.029710
20 0.628070 0.399962 0.026823 0.026702
20 0.615603 0.386235 0.031356 0.024069
20 0.610691 0.404851 0.026067 0.021437
20 0.818852 0.511659 0.017000 0.016924
20 0.837741 0.486649 0.020778 0.027830
20 0.851908 0.486461 0.018889 0.029710
20 0.866453 0.493607 0.027578 0.031215
20 0.837930 0.512411 0.027956 0.025950
20 0.855497 0.528394 0.028334 0.029334
20 0.876275 0.526702 0.020778 0.031215
20 0.894975 0.531403 0.025689 0.030839
20 0.884209 0.559797 0.029090 0.031215
20 0.867397 0.565814 0.024934 0.029710
20 0.850963 0.562618 0.024556 0.025574
20 0.843219 0.577661 0.030223 0.021813
20 0.793540 0.544378 0.026823 0.024445
20 0.769550 0.542497 0.027201 0.025950
20 0.738194 0.535728 0.030223 0.030463
20 0.680960 0.540241 0.031356 0.029710
20 0.696260 0.546822 0.028712 0.028582
20 0.705138 0.578413 0.032867 0.030086
20 0.663204 0.588755 0.035890 0.031215
20 0.744617 0.582550 0.028712 0.025574
20 0.766906 0.577849 0.028712 0.028206
20 0.728750 0.603234 0.027956 0.023317
20 0.742161 0.610756 0.026823 0.025574
20 0.785795 0.561489 0.028712 0.027830
20 0.798451 0.572960 0.027578 0.023693
20 0.783717 0.611696 0.031356 0.031967
20 0.818852 0.616021 0.025312 0.028582
20 0.833207 0.622226 0.020023 0.024445
20 0.843597 0.618842 0.018889 0.026702
20 0.842841 0.643475 0.028712 0.023317
20 0.848508 0.594961 0.024934 0.025574
20 0.880053 0.598157 0.033623 0.032719
20 0.815451 0.666040 0.029845 0.028582
20 0.840952 0.660023 0.022667 0.024069
20 0.870797 0.660587 0.024178 0.029710
20 0.854930 0.666040 0.018134 0.018052
20 0.833207 0.680143 0.023045 0.022189
20 0.735927 0.660399 0.030978 0.022565
20 0.752928 0.675630 0.024178 0.028958
20 0.733472 0.679579 0.024556 0.025574
20 0.717227 0.689921 0.032867 0.028206
20 0.685871 0.684844 0.023045 0.031591
20 0.670004 0.685596 0.021534 0.029334
20 0.707782 0.716623 0.028334 0.023693
20 0.789951 0.709665 0.027956 0.026326
20 0.825274 0.700263 0.020023 0.019556
20 0.855875 0.678827 0.023045 0.019556
20 0.806007 0.716247 0.020778 0.022189
20 0.785229 0.735427 0.021534 0.023693
20 0.776728 0.772283 0.022667 0.022189
20 0.822252 0.770967 0.021534 0.020308
20 0.790895 0.796540 0.028334 0.021061
20 0.863619 0.692930 0.024934 0.020684
20 0.841519 0.723956 0.020778 0.015795
20 0.847752 0.712110 0.021156 0.016924
20 0.837741 0.746145 0.029090 0.022565
20 0.747639 0.772095 0.030223 0.021061
20 0.815451 0.740692 0.017000 0.017676
20 0.824518 0.725085 0.017000 0.018804
20 0.676237 0.735239 0.026445 0.022565
20 0.690215 0.746709 0.025689 0.023693
20 0.694182 0.764009 0.029845 0.025197
20 0.652248 0.757804 0.026823 0.024069
20 0.663959 0.782061 0.033623 0.027454
20 0.761995 0.782061 0.018889 0.021437
20 0.750850 0.792027 0.023045 0.018052
20 0.749339 0.805754 0.023801 0.019180
20 0.783529 0.815720 0.020400 0.019556
20 0.767095 0.821737 0.023045 0.021813
20 0.748772 0.822490 0.018889 0.018804
20 0.760106 0.835088 0.022667 0.021437
20 0.719494 0.808387 0.026067 0.024445
20 0.696638 0.820233 0.027956 0.024821
20 0.696071 0.840918 0.026067 0.021813
20 0.717605 0.845243 0.017756 0.021437
20 0.732338 0.840730 0.018512 0.021437
20 0.718927 0.863294 0.019645 0.019932
20 0.734227 0.867243 0.023045 0.020308
20 0.674348 0.839601 0.024178 0.022189
20 0.656592 0.829259 0.030223 0.056412
20 0.638081 0.855585 0.022667 0.021813
20 0.615414 0.772095 0.027956 0.027830
20 0.703816 0.875893 0.022667 0.018804
20 0.700416 0.862542 0.020400 0.021437
20 0.687382 0.868936 0.020023 0.024445
20 0.676615 0.869500 0.014356 0.022565
20 0.664526 0.868372 0.023423 0.021813
20 0.674726 0.894321 0.021912 0.027078
20 0.690215 0.895261 0.021156 0.023693
20 0.655648 0.888680 0.023801 0.023317
20 0.614658 0.869500 0.029467 0.024821
20 0.549112 0.859534 0.028334 0.024445
20 0.590669 0.891501 0.026067 0.021437
20 0.598413 0.900338 0.025689 0.019556
20 0.598036 0.916886 0.022667 0.021813
20 0.623725 0.914818 0.019645 0.016924
20 0.622969 0.886800 0.021156 0.019556
20 0.639214 0.892441 0.018889 0.020308
20 0.625803 0.900527 0.020023 0.019180
20 0.646959 0.909552 0.032112 0.024445
20 0.617680 0.924784 0.018134 0.019556
20 0.633547 0.928545 0.021912 0.021813
20 0.579713 0.935126 0.017756 0.020684
20 0.595391 0.937571 0.018889 0.022565
20 0.575179 0.914442 0.022289 0.022189
20 0.563279 0.922527 0.021156 0.022565
20 0.544579 0.907672 0.026067 0.024445
20 0.524556 0.925536 0.017756 0.020308
20 0.544201 0.934750 0.018512 0.018428
20 0.552890 0.951486 0.022289 0.012787
20 0.510578 0.943964 0.020778 0.022565
20 0.522667 0.950169 0.020023 0.018428
20 0.493578 0.930989 0.026823 0.024445
20 0.490178 0.909364 0.026823 0.024821
20 0.453532 0.939827 0.028334 0.023317
20 0.420098 0.919895 0.026445 0.024821
20 0.434076 0.909741 0.015867 0.022565
20 0.442577 0.900527 0.014734 0.014667
20 0.446543 0.914442 0.020400 0.017676
20 0.458444 0.903535 0.013978 0.014667
20 0.459577 0.913877 0.012467 0.014291
20 0.496978 0.886235 0.017756 0.019180
20 0.516434 0.880970 0.024178 0.024445
20 0.541556 0.838473 0.026823 0.024445
20 0.585757 0.826062 0.028334 0.025950
20 0.527012 0.810079 0.027956 0.025574
20 0.501889 0.814028 0.023801 0.022189
20 0.467321 0.838661 0.022667 0.020308
20 0.526823 0.847311 0.017756 0.021061
20 0.501889 0.829635 0.020778 0.017300
20 0.487155 0.839225 0.023045 0.019932
20 0.504156 0.841106 0.018512 0.016171
20 0.483755 0.857465 0.018512 0.018052
20 0.471855 0.856337 0.016623 0.013539
20 0.474499 0.867055 0.014356 0.016924
20 0.466188 0.866303 0.016623 0.015419
20 0.454477 0.849003 0.016623 0.019180
20 0.442577 0.844678 0.018512 0.017300
20 0.429354 0.849756 0.023045 0.021437
20 0.441254 0.857841 0.018134 0.015795
20 0.447488 0.865363 0.020023 0.015795
20 0.469966 0.912373 0.018134 0.015795
20 0.475822 0.893945 0.014734 0.015795
20 0.481300 0.884919 0.017378 0.016548
20 0.483755 0.874389 0.017756 0.013539
20 0.494900 0.870816 0.015111 0.015419
20 0.499244 0.863106 0.010956 0.011282
20 0.429732 0.880594 0.019267 0.018428
20 0.445599 0.885483 0.014734 0.014667
20 0.461844 0.885295 0.017000 0.015795
20 0.425576 0.896578 0.016245 0.017300
20 0.414809 0.894697 0.014356 0.014291
20 0.396109 0.917450 0.020023 0.017676
20 0.374764 0.913877 0.026445 0.025574
20 0.390442 0.905980 0.018512 0.014291
20 0.400453 0.907296 0.013600 0.016171
20 0.387986 0.890184 0.019645 0.016548
20 0.402342 0.893193 0.012089 0.013539
20 0.405931 0.888492 0.016245 0.013163
20 0.410465 0.880970 0.019267 0.017676
20 0.415754 0.869688 0.015489 0.015419
20 0.421232 0.858781 0.014356 0.011659
20 0.411598 0.849944 0.015489 0.015795
20 0.410465 0.861414 0.013978 0.014667
20 0.403098 0.868372 0.015867 0.016548
20 0.401398 0.833960 0.019267 0.022189
20 0.380053 0.823242 0.023423 0.021061
20 0.386286 0.838849 0.022289 0.018428
20 0.377031 0.846935 0.019645 0.018052
20 0.398376 0.851260 0.020023 0.018428
20 0.389498 0.858217 0.016623 0.014291
20 0.387042 0.865551 0.015489 0.013163
20 0.376653 0.875705 0.016623 0.020684
20 0.387798 0.877021 0.019267 0.016548
20 0.357952 0.877586 0.023045 0.022189
20 0.350397 0.859346 0.022289 0.021061
20 0.340008 0.851448 0.022667 0.021061
20 0.356252 0.823618 0.026445 0.024821
20 0.333963 0.812712 0.024178 0.024069
20 0.280128 0.879466 0.030601 0.025197
20 0.312996 0.879278 0.023045 0.025574
20 0.334152 0.882663 0.025312 0.027078
20 0.326596 0.859346 0.031356 0.025574
20 0.301284 0.847311 0.027578 0.022565
20 0.295807 0.830199 0.027956 0.022941
20 0.310729 0.819105 0.021534 0.023317
20 0.327541 0.822678 0.018889 0.016171
20 0.292973 0.799173 0.028334 0.025574
20 0.279373 0.809139 0.025312 0.022189
20 0.268417 0.832268 0.026823 0.021813
20 0.269928 0.864611 0.029090 0.027830
20 0.253872 0.874953 0.021912 0.018428
20 0.244428 0.847311 0.028712 0.022565
20 0.240650 0.829071 0.024934 0.019932
20 0.231205 0.821173 0.024178 0.020684
20 0.237816 0.790523 0.032112 0.026326
20 0.227238 0.808011 0.019267 0.019180
20 0.204760 0.804250 0.022667 0.023693
20 0.420665 0.803874 0.029090 0.024445
20 0.440499 0.794660 0.027201 0.023317
20 0.599358 0.795224 0.029845 0.026702
20 0.571402 0.791275 0.026067 0.027830
20 0.618058 0.713050 0.029467 0.025574
20 0.604836 0.688417 0.032490 0.034223
20 0.633736 0.673561 0.031356 0.024821
20 0.640725 0.696126 0.034756 0.030086
20 0.595769 0.734863 0.027201 0.027830
20 0.584624 0.745957 0.025312 0.028206
20 0.570835 0.748402 0.024178 0.021061
20 0.553457 0.748778 0.025689 0.021813
20 0.564224 0.760624 0.026823 0.020684
20 0.547034 0.767582 0.021156 0.021813
20 0.531923 0.774539 0.024934 0.023693
20 0.529090 0.751034 0.020023 0.017300
20 0.531167 0.737307 0.025689 0.017676
20 0.542123 0.717939 0.023423 0.020308
20 0.504345 0.732042 0.027956 0.025950
20 0.507745 0.758932 0.017378 0.015795
20 0.493955 0.763445 0.020023 0.024069
20 0.509256 0.772095 0.022667 0.019556
20 0.470533 0.755735 0.026823 0.024445
20 0.452399 0.770026 0.025312 0.022189
20 0.430110 0.747085 0.026067 0.023693
20 0.421420 0.767770 0.023801 0.023693
20 0.438232 0.707221 0.018889 0.013163
20 0.456177 0.702144 0.027578 0.018804
20 0.455610 0.720196 0.024178 0.021061
20 0.437099 0.719631 0.018889 0.022189
20 0.437854 0.684656 0.024934 0.024445
20 0.422932 0.689733 0.020778 0.025574
20 0.406876 0.723956 0.025689 0.027830
20 0.387798 0.722828 0.023045 0.026326
20 0.371364 0.701015 0.027956 0.027078
20 0.376464 0.752727 0.025312 0.024445
20 0.355875 0.754231 0.024178 0.023693
20 0.506045 0.687476 0.026067 0.025574
20 0.551001 0.664724 0.029845 0.028958
20 0.530601 0.673373 0.028334 0.026702
20 0.512656 0.654945 0.028712 0.024445
20 0.504345 0.667920 0.022667 0.021813
20 0.489233 0.670365 0.024178 0.025197
20 0.491878 0.640278 0.023423 0.028206
20 0.477522 0.643663 0.025689 0.026702
20 0.383264 0.661903 0.034379 0.027078
20 0.380808 0.783941 0.023423 0.024445
20 0.367397 0.776984 0.021534 0.020308
20 0.347374 0.778300 0.021534 0.018428
20 0.336230 0.773975 0.023423 0.015795
20 0.333963 0.761753 0.022667 0.019932
20 0.317151 0.764573 0.023045 0.021813
20 0.302229 0.770214 0.024178 0.020308
20 0.297129 0.748778 0.024556 0.021813
20 0.254628 0.750282 0.030223 0.026326
20 0.323196 0.741820 0.028334 0.018428
20 0.322063 0.726589 0.025312 0.021061
20 0.207971 0.787326 0.020778 0.017676
20 0.214394 0.772471 0.021534 0.021061
20 0.206082 0.762881 0.021534 0.017676
20 0.177937 0.780745 0.018889 0.021813
20 0.193049 0.785258 0.016623 0.018052
20 0.190593 0.775103 0.014734 0.013539
20 0.186437 0.761188 0.028334 0.025574
20 0.173593 0.744265 0.028334 0.024821
20 0.163393 0.756863 0.023801 0.019180
20 0.304873 0.715118 0.023423 0.022189
20 0.313940 0.695750 0.024934 0.021061
20 0.348130 0.678451 0.030601 0.032343
20 0.337174 0.699887 0.023045 0.016548
20 0.324329 0.707033 0.020023 0.015795
20 0.294295 0.683528 0.022667 0.022189
20 0.280884 0.697255 0.029090 0.026326
20 0.269362 0.673750 0.027956 0.025197
20 0.257461 0.687665 0.023801 0.021437
20 0.234039 0.697443 0.029845 0.022189
20 0.212694 0.716623 0.031734 0.028206
20 0.230450 0.679391 0.024934 0.019932
20 0.179260 0.676382 0.026823 0.021437
20 0.191915 0.684280 0.022667 0.024445
20 0.180393 0.704212 0.026067 0.019180
20 0.171137 0.691049 0.024178 0.019180
20 0.224027 0.660587 0.018889 0.020684
20 0.151681 0.739188 0.023045 0.016171
20 0.149981 0.727905 0.021156 0.015419
20 0.139592 0.720760 0.019267 0.019180
20 0.132036 0.731102 0.022289 0.021813
20 0.157537 0.709665 0.024934 0.024069
20 0.138270 0.698759 0.025689 0.021813
20 0.096902 0.699323 0.021534 0.017676
20 0.125425 0.678639 0.022667 0.019180
20 0.120892 0.710041 0.024934 0.017300
20 0.117680 0.700263 0.023045 0.016548
20 0.088969 0.678074 0.019267 0.020308
20 0.146959 0.672057 0.027956 0.020308
20 0.148470 0.659835 0.020400 0.013915
20 0.135247 0.654193 0.012845 0.013915
20 0.146581 0.646860 0.022667 0.018052
20 0.145637 0.629748 0.026067 0.022941
20 0.132792 0.639526 0.017000 0.014667
20 0.125236 0.647424 0.020023 0.020684
20 0.116925 0.655698 0.017000 0.013163
20 0.117680 0.665476 0.018512 0.012411
20 0.111825 0.639150 0.019645 0.017676
20 0.073857 0.656262 0.017756 0.018804
20 0.173971 0.646672 0.026067 0.022941
20 0.193993 0.637458 0.023801 0.023317
20 0.211182 0.650621 0.024934 0.024821
20 0.237816 0.661151 0.021534 0.019556
20 0.238950 0.643663 0.026823 0.024445
20 0.252739 0.616585 0.027201 0.025950
20 0.277673 0.629184 0.026445 0.024069
20 0.301096 0.622791 0.024934 0.025574
20 0.316018 0.646296 0.027578 0.025950
20 0.329052 0.610568 0.027201 0.027454
20 0.353230 0.613388 0.025689 0.024821
20 0.359464 0.595337 0.020778 0.023317
20 0.343030 0.594584 0.021156 0.024069
20 0.261617 0.598721 0.025312 0.021061
20 0.208349 0.624671 0.030601 0.025574
20 0.181148 0.593456 0.028334 0.027830
20 0.077068 0.631064 0.019645 0.014291
20 0.079902 0.643287 0.023801 0.016924
20 0.087269 0.598909 0.023423 0.019932
20 0.063468 0.607935 0.019645 0.017676
20 0.052890 0.564686 0.021912 0.023693
20 0.062146 0.551335 0.017000 0.017300
20 0.075368 0.537044 0.026067 0.021061
20 0.100869 0.556600 0.031734 0.032343
20 0.146770 0.565250 0.031356 0.030086
20 0.197582 0.582738 0.030223 0.028206
20 0.159237 0.531591 0.028334 0.025950
20 0.171137 0.542309 0.027201 0.025574
20 0.232905 0.530463 0.024556 0.022941
20 0.217605 0.534976 0.027201 0.022189
20 0.226483 0.553027 0.026823 0.026702
20 0.251039 0.546634 0.026067 0.026702
20 0.260295 0.576156 0.026445 0.024069
20 0.281451 0.575780 0.023423 0.024821
20 0.336985 0.560173 0.031734 0.028206
20 0.376086 0.522001 0.027578 0.027078
20 0.323196 0.529146 0.025312 0.025574
20 0.302607 0.531027 0.027956 0.027830
20 0.309029 0.548326 0.029467 0.022565
20 0.269928 0.521061 0.029845 0.025197
20 0.410654 0.619594 0.033245 0.028206
20 0.430298 0.595901 0.030223 0.020684
20 0.427654 0.580481 0.030978 0.022189
20 0.495278 0.593832 0.030978 0.030086
20 0.476388 0.577285 0.029467 0.027078
20 0.458066 0.558857 0.026823 0.020308
20 0.505856 0.554908 0.030223 0.034223
20 0.465244 0.550207 0.026823 0.024821
20 0.563279 0.598721 0.033245 0.030839
20 0.610880 0.627492 0.033245 0.031215
20 0.609936 0.595149 0.036645 0.016171
20 0.616547 0.539112 0.033245 0.029710
20 0.591424 0.553215 0.030601 0.027078
20 0.540612 0.530651 0.034001 0.029334
20 0.499433 0.528770 0.032490 0.027830
20 0.584813 0.511659 0.031734 0.028206
20 0.561579 0.484393 0.023045 0.027830
20 0.576879 0.480256 0.019645 0.024821
20 0.580280 0.487401 0.030223 0.022565
20 0.488666 0.481384 0.023801 0.029334
20 0.503400 0.483829 0.026067 0.029710
20 0.462788 0.458067 0.037023 0.029334
20 0.571779 0.431741 0.029090 0.027078
20 0.428410 0.401467 0.034001 0.028958
20 0.449566 0.414442 0.030223 0.027830
20 0.470533 0.420459 0.027578 0.030086
20 0.493200 0.421963 0.028334 0.027078
20 0.517567 0.402595 0.029467 0.022941
20 0.538912 0.389808 0.024556 0.026702
20 0.507934 0.367243 0.030601 0.023693
20 0.513789 0.382851 0.030978 0.022565
20 0.568379 0.387364 0.026067 0.025574
20 0.560635 0.373073 0.024934 0.027830
20 0.536267 0.345243 0.029090 0.021813
20 0.546090 0.356525 0.026823 0.022565
20 0.569702 0.330011 0.028712 0.028206
20 0.522478 0.321549 0.031734 0.024069
20 0.510578 0.293155 0.031356 0.028206
20 0.534756 0.290711 0.027578 0.023317
20 0.551946 0.304062 0.018134 0.019180
20 0.536267 0.306318 0.020023 0.019932
20 0.552701 0.319293 0.030223 0.026326
20 0.432943 0.313088 0.035512 0.025197
20 0.434076 0.333020 0.032490 0.024445
20 0.566301 0.280745 0.023423 0.031967
20 0.582546 0.279240 0.018134 0.027454
20 0.595202 0.291651 0.026823 0.032719
20 0.396487 0.517676 0.032867 0.031967
20 0.441065 0.534976 0.033623 0.027454
20 0.295618 0.496239 0.031356 0.029710
20 0.274651 0.500376 0.021156 0.024445
20 0.260861 0.496427 0.024556 0.024069
20 0.205516 0.492666 0.026445 0.026326
20 0.219683 0.496615 0.023801 0.025950
20 0.207971 0.447913 0.030601 0.029334
20 0.263506 0.470666 0.034379 0.026702
20 0.275028 0.453366 0.029467 0.028206
20 0.375519 0.468973 0.021912 0.029334
20 0.395542 0.469725 0.023423 0.028582
20 0.318663 0.426288 0.026067 0.029710
20 0.338119 0.421399 0.020400 0.022189
20 0.341708 0.438887 0.025312 0.021061
20 0.357575 0.418390 0.029090 0.024445
20 0.365697 0.437006 0.034001 0.026326
20 0.253306 0.415758 0.032867 0.023693
20 0.245750 0.426664 0.028334 0.020684
20 0.244805 0.443212 0.029467 0.025197
20 0.352663 0.389808 0.031356 0.025197
20 0.338496 0.351448 0.032490 0.024445
20 0.333207 0.369688 0.026445 0.026326
20 0.351530 0.366491 0.023045 0.025950
20 0.397242 0.370440 0.031356 0.029334
20 0.388931 0.353704 0.028334 0.024445
20 0.397242 0.342798 0.029090 0.028958
20 0.381564 0.304626 0.029467 0.027830
20 0.406120 0.298420 0.029467 0.027454
20 0.392331 0.278112 0.030601 0.025950
20 0.377031 0.251410 0.029467 0.031967
20 0.353041 0.257428 0.027578 0.026702
20 0.312051 0.298044 0.032490 0.031215
20 0.267850 0.286574 0.037779 0.028582
20 0.268984 0.309703 0.032490 0.029710
20 0.278806 0.264009 0.030978 0.022565
20 0.277295 0.245581 0.031734 0.024821
20 0.072346 0.484205 0.025312 0.021437
20 0.072346 0.502068 0.026823 0.018052
20 0.072346 0.517676 0.023045 0.019932
20 0.109369 0.484393 0.027578 0.027830
20 0.131847 0.476871 0.028712 0.028582
20 0.172459 0.486649 0.029845 0.030086
20 0.056101 0.446032 0.017756 0.017300
20 0.066679 0.443964 0.025312 0.032719
20 0.175482 0.438323 0.029090 0.027454
20 0.190593 0.407484 0.035134 0.032719
20 0.079902 0.434750 0.023801 0.025574
20 0.098413 0.435690 0.020023 0.022941
20 0.117869 0.429485 0.025689 0.023317
20 0.099924 0.408424 0.026067 0.021061
20 0.094635 0.417262 0.023045 0.019180
20 0.119003 0.413313 0.018889 0.018052
20 0.137514 0.417450 0.022667 0.023317
20 0.051946 0.417262 0.019267 0.018428
20 0.057046 0.407108 0.019645 0.019180
20 0.058179 0.392441 0.021912 0.020684
20 0.115603 0.392629 0.013600 0.012035
20 0.129581 0.400527 0.024934 0.021061
20 0.152815 0.396766 0.022289 0.021813
20 0.143370 0.380218 0.030601 0.024069
20 0.119758 0.368936 0.027956 0.025574
20 0.083680 0.358970 0.029090 0.022941
20 0.132603 0.340354 0.032490 0.026326
20 0.190215 0.352200 0.044957 0.035728
20 0.215338 0.330575 0.033245 0.032343
20 0.088969 0.345995 0.026067 0.019556
20 0.094069 0.285258 0.018889 0.022189
20 0.102569 0.304438 0.020778 0.025950
20 0.123536 0.306318 0.023423 0.025197
20 0.150359 0.323994 0.026445 0.023693
20 0.164337 0.312712 0.022667 0.021437
20 0.147526 0.302369 0.022289 0.025574
20 0.168115 0.296540 0.024178 0.024445
20 0.186815 0.288454 0.028334 0.030839
20 0.142992 0.268898 0.035134 0.028582
20 0.190404 0.252539 0.023423 0.020684
20 0.215905 0.244265 0.019267 0.023693
20 0.239894 0.260812 0.027956 0.020684
20 0.242917 0.247085 0.027201 0.018804
20 0.254817 0.232042 0.025312 0.024069
20 0.146959 0.229786 0.030978 0.029334
20 0.170948 0.232418 0.023045 0.019556
20 0.188326 0.232982 0.020023 0.022941
20 0.201171 0.241632 0.016245 0.022189
20 0.209294 0.226777 0.018889 0.017300
20 0.225916 0.223768 0.018134 0.020308
20 0.178126 0.213614 0.022289 0.020308
20 0.212127 0.212486 0.020778 0.020308
20 0.227994 0.186348 0.028334 0.025197
20 0.246883 0.179955 0.023045 0.021437
20 0.278051 0.176946 0.027956 0.028958
20 0.294484 0.194058 0.029845 0.030086
20 0.256139 0.202332 0.021912 0.020308
20 0.247450 0.216623 0.024934 0.018804
20 0.227427 0.209665 0.019645 0.016924
20 0.309029 0.110192 0.029467 0.027078
20 0.326407 0.100978 0.027956 0.028206
20 0.346430 0.108123 0.027956 0.024445
20 0.378542 0.113200 0.027201 0.028582
20 0.372119 0.135765 0.023423 0.027830
20 0.355119 0.132945 0.023423 0.027454
20 0.346997 0.123167 0.022289 0.020684
20 0.331507 0.124671 0.029090 0.024445
20 0.333207 0.140090 0.027201 0.022189
20 0.302229 0.136894 0.041556 0.033095
20 0.311674 0.164347 0.021912 0.027830
20 0.329241 0.164724 0.023045 0.027830
20 0.372497 0.164159 0.031734 0.030463
20 0.360786 0.210794 0.033245 0.027454
20 0.387231 0.201015 0.029467 0.031215
20 0.415376 0.191801 0.031356 0.033847
20 0.607291 0.576721 0.031356 0.020684