20 0.653945 0.159516 0.028571 0.028462
20 0.591898 0.165888 0.031557 0.029312
20 0.488913 0.187128 0.031130 0.029312
20 0.556503 0.204333 0.026439 0.025489
20 0.574414 0.222175 0.028998 0.028887
20 0.545416 0.222812 0.026439 0.020816
20 0.546269 0.240867 0.026439 0.023789
20 0.509382 0.226848 0.027719 0.028037
20 0.469936 0.244477 0.025586 0.023364
20 0.559488 0.282498 0.027292 0.021240
20 0.576972 0.307986 0.030704 0.031436
20 0.640085 0.293118 0.027292 0.026338
20 0.660341 0.218564 0.026866 0.025064
20 0.674414 0.235556 0.025160 0.025913
20 0.689765 0.245540 0.030277 0.028887
20 0.694883 0.185217 0.025160 0.028037
20 0.716205 0.190527 0.025160 0.029312
20 0.783795 0.199448 0.023881 0.025913
20 0.778252 0.211555 0.026439 0.021240
20 0.788060 0.241291 0.026439 0.028037
20 0.763113 0.263381 0.027719 0.026338
20 0.736887 0.297366 0.028145 0.028887
20 0.809382 0.289507 0.028145 0.025913
20 0.727932 0.322855 0.024733 0.028037
20 0.814712 0.265718 0.025160 0.025913
20 0.778465 0.334537 0.027719 0.029312
20 0.772495 0.374044 0.029424 0.030161
20 0.765885 0.460918 0.033262 0.028887
20 0.694243 0.448598 0.031557 0.027188
20 0.665032 0.377230 0.022601 0.023789
20 0.659275 0.393373 0.027292 0.022940
20 0.646269 0.378080 0.024307 0.022940
20 0.617058 0.378929 0.028998 0.028037
20 0.581450 0.383390 0.026013 0.024214
20 0.572281 0.393373 0.022175 0.022090
20 0.556503 0.395285 0.023881 0.024214
20 0.581237 0.407392 0.022175 0.022940
20 0.598081 0.411215 0.023454 0.026338
20 0.614712 0.418649 0.025160 0.025064
20 0.591898 0.432668 0.026439 0.023364
20 0.612793 0.446474 0.013646 0.013594
20 0.561620 0.453271 0.027292 0.026338
20 0.531983 0.448811 0.028571 0.028462
20 0.584222 0.479609 0.023881 0.023789
20 0.606823 0.464528 0.026439 0.022515
20 0.609382 0.483645 0.026439 0.026763
20 0.513646 0.337086 0.028571 0.026763
20 0.493177 0.342396 0.026866 0.027188
20 0.472281 0.341759 0.020896 0.022515
20 0.503198 0.379567 0.023881 0.024214
20 0.478678 0.393798 0.025160 0.026338
20 0.491898 0.402719 0.022601 0.021240
20 0.488060 0.422685 0.028571 0.022940
20 0.465245 0.463891 0.023881 0.022940
20 0.471429 0.476423 0.025160 0.017417
20 0.738166 0.505947 0.028145 0.026338
20 0.727079 0.516143 0.026439 0.028037
20 0.621748 0.564359 0.028145 0.027613
20 0.591045 0.548641 0.026439 0.026763
20 0.568657 0.535259 0.025160 0.026338
20 0.537313 0.519966 0.025586 0.023789
20 0.520043 0.522302 0.017484 0.018267
20 0.506183 0.509346 0.023028 0.022940
20 0.470576 0.489805 0.026866 0.016992
20 0.471215 0.501487 0.024733 0.019116
20 0.477612 0.514868 0.024733 0.021240
20 0.439659 0.506160 0.026439 0.024214
20 0.459275 0.544393 0.028998 0.027613
20 0.529211 0.545242 0.022175 0.018267
20 0.528998 0.572642 0.026013 0.025489
20 0.573774 0.578802 0.025160 0.025064
20 0.579957 0.597069 0.016205 0.020816
20 0.546695 0.600467 0.027292 0.025064
20 0.509808 0.600255 0.031983 0.023789
20 0.433902 0.577315 0.026013 0.026338
20 0.437740 0.599618 0.025160 0.025913
20 0.443710 0.631903 0.029424 0.026763
20 0.493390 0.650382 0.026439 0.026338
20 0.471215 0.675658 0.024733 0.025064
20 0.472921 0.694350 0.022175 0.022515
20 0.493177 0.692014 0.024307 0.026338
20 0.467164 0.725361 0.028571 0.028462
20 0.526439 0.730459 0.024307 0.022515
20 0.554797 0.732370 0.025586 0.024639
20 0.579744 0.727698 0.027719 0.024639
20 0.542857 0.689677 0.028145 0.024214
20 0.543923 0.665038 0.024307 0.025064
20 0.522388 0.644435 0.023881 0.024639
20 0.538380 0.642099 0.021748 0.022515
20 0.551386 0.632753 0.019616 0.019116
20 0.564819 0.642311 0.021748 0.022940
20 0.573134 0.629567 0.022175 0.020391
20 0.600213 0.630204 0.021748 0.024214
20 0.606823 0.651232 0.024733 0.025489
20 0.639019 0.616610 0.024307 0.026763
20 0.625800 0.637213 0.020043 0.024639
20 0.637953 0.642523 0.021322 0.023364
20 0.790618 0.668224 0.028998 0.028887
20 0.797868 0.701784 0.026439 0.030586
20 0.759488 0.720051 0.032409 0.029737
20 0.798294 0.795242 0.027292 0.030586
20 0.921535 0.734494 0.017910 0.028887
20 0.588273 0.801402 0.027719 0.029312
20 0.560981 0.811172 0.027719 0.026763
20 0.533475 0.853016 0.029851 0.031436
20 0.697868 0.890824 0.026866 0.032285
20 0.668017 0.889550 0.028571 0.029737
20 0.647761 0.938403 0.028998 0.032285
20 0.417058 0.917162 0.028145 0.027188
20 0.394243 0.944138 0.027719 0.031861
20 0.381450 0.962192 0.022601 0.022090
20 0.399787 0.859601 0.028571 0.027613
20 0.431983 0.796517 0.028145 0.032285
20 0.469510 0.806500 0.026439 0.027613
20 0.448188 0.819669 0.028998 0.024214
20 0.467804 0.827528 0.028998 0.023789
20 0.159488 0.712829 0.031557 0.028887
20 0.177825 0.669074 0.033262 0.027188
20 0.295309 0.711130 0.031983 0.028037
20 0.255864 0.769966 0.032409 0.028462
20 0.327932 0.762532 0.028998 0.027188
20 0.292751 0.813084 0.031983 0.028037
20 0.399574 0.681181 0.030704 0.029312
20 0.299360 0.645922 0.031557 0.023364
20 0.306183 0.661003 0.034115 0.025489
20 0.375906 0.621920 0.025160 0.026338
20 0.386354 0.580501 0.023881 0.022515
20 0.276972 0.540994 0.029424 0.029312
20 0.245629 0.572430 0.029851 0.025913
20 0.164392 0.603653 0.029424 0.026338
20 0.129851 0.567120 0.032836 0.031436
20 0.233902 0.416950 0.033689 0.028462
20 0.314072 0.430756 0.026866 0.028887
20 0.357569 0.452846 0.026013 0.027188
20 0.344776 0.469839 0.023454 0.023789
20 0.324307 0.466653 0.025160 0.021665
20 0.318977 0.488318 0.026439 0.025913
20 0.295096 0.471750 0.023881 0.023364
20 0.284222 0.488530 0.026013 0.028037
20 0.361194 0.487468 0.026439 0.025064
20 0.348614 0.503823 0.025160 0.023789
20 0.337740 0.522940 0.028145 0.026338
20 0.324307 0.380841 0.031983 0.029312
20 0.407463 0.362362 0.029424 0.029737
20 0.427932 0.389550 0.025160 0.025489
20 0.241151 0.362362 0.030277 0.026338
20 0.234968 0.321368 0.031557 0.026763
20 0.228785 0.354503 0.026866 0.027613
20 0.431343 0.336236 0.030277 0.025913
20 0.439232 0.321368 0.027292 0.024214
20 0.431557 0.295242 0.031557 0.031436
20 0.342431 0.217290 0.032409 0.031011
20 0.276972 0.170136 0.031983 0.033560
20 0.401066 0.204758 0.031130 0.030586
20 0.060554 0.516992 0.030704 0.028887
20 0.763753 0.884240 0.030704 0.030161
20 0.842857 0.571368 0.026866 0.030586
20 0.918550 0.585174 0.029851 0.031011