20 0.620929 0.074146 0.028658 0.027237
20 0.714069 0.098573 0.026487 0.025940
20 0.711246 0.155858 0.026053 0.026373
20 0.669344 0.206874 0.024750 0.019455
20 0.789622 0.203415 0.027356 0.026373
20 0.497178 0.284263 0.022579 0.018591
20 0.445506 0.286641 0.022579 0.019888
20 0.422710 0.289451 0.022145 0.018591
20 0.460052 0.324038 0.023882 0.024643
20 0.523882 0.331820 0.025619 0.022914
20 0.559053 0.324470 0.028224 0.024643
20 0.625706 0.344358 0.028658 0.022914
20 0.730135 0.316688 0.027356 0.022049
20 0.756622 0.403805 0.024750 0.024211
20 0.716023 0.408560 0.026921 0.025076
20 0.698654 0.432339 0.027790 0.019888
20 0.634824 0.426286 0.026053 0.024211
20 0.572731 0.431907 0.022579 0.024211
20 0.507599 0.381323 0.023448 0.022482
20 0.508684 0.410722 0.023882 0.019888
20 0.450282 0.416991 0.022579 0.022914
20 0.454624 0.376783 0.025185 0.019455
20 0.425749 0.356463 0.023013 0.020320
20 0.513244 0.442067 0.024316 0.020320
20 0.841728 0.411587 0.024750 0.022482
20 0.826531 0.477735 0.023882 0.025076
20 0.738168 0.490705 0.027790 0.024211
20 0.816978 0.562041 0.028224 0.029399
20 0.582067 0.525292 0.021277 0.020752
20 0.624186 0.565716 0.026487 0.023779
20 0.686713 0.574795 0.024750 0.024643
20 0.391012 0.406831 0.019540 0.020752
20 0.332827 0.397319 0.023013 0.020752
20 0.325662 0.436879 0.023448 0.019455
20 0.344768 0.443147 0.022579 0.020752
20 0.360399 0.483139 0.021711 0.021185
20 0.389709 0.491137 0.022145 0.019888
20 0.394920 0.463684 0.022145 0.020320
20 0.440729 0.464332 0.023448 0.023346
20 0.470473 0.472763 0.021277 0.020320
20 0.517369 0.462387 0.021277 0.017726
20 0.497395 0.496325 0.024750 0.020752
20 0.372558 0.529183 0.019974 0.020752
20 0.410769 0.547341 0.025185 0.022482
20 0.382979 0.560311 0.026053 0.022482
20 0.336952 0.566148 0.021711 0.021185
20 0.233391 0.548854 0.023013 0.021185
20 0.242076 0.380458 0.022145 0.019888
20 0.140903 0.293774 0.023882 0.022049
20 0.148936 0.342196 0.023448 0.022049
20 0.159357 0.354950 0.020842 0.022482
20 0.151541 0.386943 0.022579 0.020752
20 0.167607 0.394725 0.021711 0.020752
20 0.189970 0.369217 0.020408 0.020752
20 0.207772 0.328145 0.023882 0.022482
20 0.228615 0.374189 0.019540 0.022049
20 0.316544 0.371379 0.023448 0.022482
20 0.359748 0.330955 0.029961 0.021185
20 0.383413 0.351924 0.021711 0.024211
20 0.366261 0.365326 0.023013 0.018158
20 0.427920 0.238219 0.024750 0.020752
20 0.392749 0.181150 0.024750 0.020752
20 0.402518 0.220061 0.022579 0.021617
20 0.423795 0.215305 0.023448 0.025076
20 0.281155 0.067229 0.028224 0.019455
20 0.205384 0.500865 0.025185 0.021185
20 0.164134 0.544747 0.026053 0.022482
20 0.317195 0.587549 0.019540 0.022482
20 0.309813 0.608733 0.025619 0.019888
20 0.372558 0.605707 0.023448 0.019888
20 0.379722 0.619758 0.018671 0.017726
20 0.347156 0.640294 0.020408 0.015564
20 0.384716 0.640294 0.022579 0.021617
20 0.567086 0.610463 0.023448 0.021617
20 0.591185 0.611760 0.023882 0.022482
20 0.576639 0.630350 0.023448 0.021617
20 0.654147 0.666667 0.029092 0.025940
20 0.655015 0.702767 0.025619 0.023779
20 0.686279 0.726978 0.023882 0.026373
20 0.583587 0.717466 0.026053 0.023779
20 0.552323 0.690878 0.023448 0.021617
20 0.517369 0.674016 0.022145 0.019023
20 0.509770 0.698011 0.021711 0.022049
20 0.529310 0.709252 0.021711 0.022914
20 0.546895 0.780156 0.030829 0.025508
20 0.730786 0.814959 0.024316 0.023346
20 0.685410 0.859058 0.023013 0.019888
20 0.685193 0.875054 0.024316 0.020752
20 0.416630 0.812581 0.025619 0.022914