20 0.935339 0.619454 0.027942 0.029929
20 0.677861 0.080129 0.019882 0.017922
20 0.678130 0.120411 0.022569 0.021924
20 0.600931 0.181051 0.011105 0.010266
20 0.486656 0.154341 0.021852 0.020184
20 0.441429 0.144597 0.016658 0.016704
20 0.480208 0.338263 0.015762 0.013572
20 0.477073 0.356099 0.020956 0.017574
20 0.531256 0.332695 0.012896 0.012180
20 0.824019 0.341048 0.020240 0.017052
20 0.818915 0.357578 0.013613 0.011484
20 0.802526 0.374804 0.019165 0.019140
20 0.605320 0.248738 0.021315 0.019662
20 0.857693 0.291891 0.020956 0.019662
20 0.609977 0.431616 0.019165 0.016182
20 0.653860 0.446929 0.022031 0.018966
20 0.638635 0.457717 0.008418 0.007134
20 0.567526 0.542196 0.022031 0.019488
20 0.596722 0.589699 0.010926 0.010440
20 0.556421 0.598747 0.022031 0.018096
20 0.571109 0.609709 0.018807 0.017748
20 0.836110 0.591874 0.022210 0.019314
20 0.606932 0.669132 0.020598 0.017226
20 0.708311 0.643031 0.010210 0.009222
20 0.706341 0.694797 0.020240 0.017052
20 0.732760 0.793283 0.023285 0.020532
20 0.811033 0.776405 0.015046 0.013224
20 0.260702 0.640943 0.017732 0.015486
20 0.260344 0.652688 0.019165 0.016704
20 0.289719 0.630851 0.015225 0.013398
20 0.286674 0.640769 0.016658 0.015834
20 0.411965 0.634331 0.016120 0.014094
20 0.410174 0.645206 0.016837 0.014616
20 0.417428 0.655907 0.014508 0.015138
20 0.506538 0.739864 0.011822 0.009396
20 0.135948 0.575083 0.019344 0.015312
20 0.102006 0.678441 0.025613 0.021576
20 0.325721 0.544806 0.019882 0.019140
20 0.266434 0.396903 0.019165 0.018792
20 0.242791 0.431616 0.021315 0.017226
20 0.386620 0.464068 0.015583 0.014616
20 0.345871 0.400557 0.022210 0.018096
20 0.366917 0.374630 0.022031 0.019488
20 0.334856 0.357317 0.020598 0.014790
20 0.330288 0.334174 0.010030 0.006438
20 0.345961 0.325474 0.021315 0.018618
20 0.449848 0.397251 0.019165 0.018096
20 0.267688 0.166000 0.014150 0.015312
20 0.178220 0.183835 0.022927 0.021054
20 0.247627 0.203671 0.020240 0.020010
20 0.249955 0.243431 0.019882 0.016356
20 0.079527 0.309988 0.023643 0.021402
20 0.025703 0.457456 0.021315 0.021228