20 0.251398 0.154884 0.029677 0.036418
20 0.388817 0.070266 0.029247 0.028278
20 0.580215 0.139460 0.023226 0.020994
20 0.642581 0.160668 0.030108 0.025707
20 0.557204 0.169880 0.026237 0.024422
20 0.444946 0.180377 0.028817 0.025707
20 0.503226 0.202228 0.024086 0.023993
20 0.528817 0.211011 0.028817 0.025278
20 0.302796 0.216581 0.033548 0.026135
20 0.348602 0.245501 0.026237 0.024850
20 0.409892 0.249786 0.027527 0.026564
20 0.470108 0.207155 0.021505 0.023565
20 0.481075 0.211868 0.022796 0.022708
20 0.471613 0.225793 0.023656 0.018852
20 0.494409 0.226435 0.023656 0.023565
20 0.516559 0.260925 0.025806 0.025707
20 0.627527 0.276992 0.026667 0.024422
20 0.665806 0.233076 0.027527 0.025707
20 0.701290 0.234362 0.025376 0.027421
20 0.673333 0.272065 0.027957 0.023993
20 0.669677 0.309340 0.022366 0.023136
20 0.683656 0.312554 0.021935 0.022708
20 0.773978 0.217438 0.029677 0.026135
20 0.716344 0.261354 0.026237 0.023993
20 0.727527 0.272922 0.023656 0.020566
20 0.752903 0.272708 0.027097 0.024422
20 0.772043 0.323907 0.025806 0.023993
20 0.851183 0.332262 0.028387 0.028706
20 0.764946 0.370608 0.028817 0.025707
20 0.670108 0.350686 0.026667 0.023565
20 0.568817 0.318552 0.031398 0.028706
20 0.611398 0.369323 0.029677 0.026564
20 0.677634 0.378963 0.027097 0.024422
20 0.717849 0.382177 0.023226 0.021422
20 0.922151 0.361183 0.030108 0.026564
20 0.874194 0.447301 0.028817 0.026564
20 0.819355 0.461225 0.010323 0.009854
20 0.801075 0.483933 0.026237 0.021851
20 0.601075 0.424807 0.028817 0.026992
20 0.632688 0.436590 0.025806 0.023993
20 0.577849 0.457369 0.026237 0.022708
20 0.612473 0.460797 0.021505 0.016710
20 0.611828 0.476007 0.023656 0.017138
20 0.621290 0.489075 0.022796 0.020994
20 0.635269 0.485004 0.020645 0.020566
20 0.657204 0.478149 0.024086 0.021422
20 0.576559 0.491431 0.024516 0.023993
20 0.593763 0.507284 0.027097 0.020566
20 0.756129 0.517995 0.026667 0.024850
20 0.781935 0.515210 0.027527 0.026992
20 0.811398 0.518209 0.027097 0.024422
20 0.809032 0.541345 0.026667 0.025278
20 0.890753 0.519494 0.027527 0.024422
20 0.868817 0.566838 0.025806 0.024850
20 0.899355 0.554627 0.026667 0.022708
20 0.917634 0.549057 0.024516 0.023565
20 0.939785 0.595758 0.027527 0.030420
20 0.858710 0.630463 0.027097 0.025278
20 0.821935 0.639032 0.026667 0.026135
20 0.786237 0.646958 0.029247 0.026564
20 0.839355 0.648672 0.025376 0.024850
20 0.638710 0.552271 0.028387 0.025707
20 0.641935 0.618252 0.028817 0.024850
20 0.618710 0.646744 0.024516 0.022708
20 0.614409 0.664310 0.026237 0.023565
20 0.741290 0.696872 0.028817 0.025278
20 0.839570 0.685518 0.026667 0.026564
20 0.861505 0.690660 0.028387 0.024850
20 0.872903 0.674165 0.026237 0.025278
20 0.917204 0.712939 0.027097 0.025707
20 0.837634 0.720009 0.027957 0.023565
20 0.794194 0.721294 0.025376 0.024422
20 0.778710 0.744216 0.027957 0.023993
20 0.752688 0.733719 0.023226 0.023565
20 0.718495 0.742288 0.027097 0.025278
20 0.743226 0.771422 0.024946 0.023565
20 0.862366 0.774422 0.031828 0.026992
20 0.593333 0.697729 0.027957 0.025278
20 0.599355 0.738218 0.027097 0.026564
20 0.507957 0.776135 0.025806 0.026992
20 0.523871 0.798843 0.030108 0.026135
20 0.546667 0.739289 0.028387 0.026135
20 0.563226 0.748072 0.027097 0.023993
20 0.681935 0.828192 0.028817 0.026564
20 0.677204 0.851114 0.027957 0.024422
20 0.749892 0.837618 0.028817 0.026564
20 0.775914 0.840403 0.024946 0.022708
20 0.259570 0.878535 0.030538 0.029563
20 0.305591 0.890317 0.027957 0.029135
20 0.386667 0.861183 0.027527 0.025707
20 0.399785 0.906598 0.027957 0.026564
20 0.453118 0.940874 0.027957 0.027421
20 0.294624 0.708012 0.026667 0.028706
20 0.235484 0.758997 0.027957 0.024422
20 0.252903 0.773993 0.025806 0.023565
20 0.372688 0.762853 0.026237 0.024422
20 0.412258 0.722579 0.026237 0.023565
20 0.438065 0.719366 0.024516 0.024850
20 0.457634 0.700943 0.019785 0.024850
20 0.473333 0.702014 0.021075 0.022708
20 0.376129 0.642245 0.026237 0.022279
20 0.270753 0.656384 0.025376 0.023993
20 0.271828 0.628749 0.027527 0.026992
20 0.322796 0.610968 0.028817 0.024850
20 0.431828 0.625750 0.024946 0.023565
20 0.453978 0.620608 0.025376 0.020994
20 0.458925 0.637318 0.022366 0.021851
20 0.482581 0.609040 0.027527 0.025278
20 0.497204 0.611183 0.017204 0.023565
20 0.516129 0.636033 0.027527 0.026135
20 0.517634 0.597686 0.020215 0.018852
20 0.530323 0.610111 0.022366 0.021422
20 0.553763 0.591688 0.023656 0.024850
20 0.510108 0.561697 0.023226 0.020566
20 0.498925 0.547129 0.023226 0.023993
20 0.470753 0.553556 0.024516 0.023993
20 0.422366 0.534276 0.027527 0.024850
20 0.397419 0.502999 0.024946 0.024850
20 0.360860 0.531491 0.028387 0.023565
20 0.504516 0.511568 0.024946 0.028278
20 0.540860 0.504070 0.026237 0.025278
20 0.560215 0.533205 0.024516 0.020137
20 0.566237 0.552913 0.024516 0.020994
20 0.590968 0.556341 0.022366 0.017566
20 0.594839 0.540917 0.022366 0.021851
20 0.117419 0.332691 0.030108 0.028706
20 0.171613 0.307412 0.027527 0.027849
20 0.176129 0.355827 0.030538 0.028706
20 0.217849 0.284276 0.027097 0.027849
20 0.226237 0.242074 0.030108 0.026564
20 0.266022 0.282991 0.028817 0.028706
20 0.298710 0.324122 0.028817 0.026992
20 0.330538 0.393530 0.027957 0.027849
20 0.462581 0.397815 0.025376 0.021851
20 0.464301 0.413025 0.026237 0.022279
20 0.452043 0.450300 0.030108 0.030848
20 0.529462 0.425450 0.027527 0.027421
20 0.548817 0.393102 0.030108 0.029563
20 0.510753 0.347472 0.025376 0.024850
20 0.124946 0.549272 0.026237 0.025707
20 0.086882 0.559769 0.029247 0.026135
20 0.131183 0.578192 0.029247 0.024422
20 0.170323 0.582476 0.027527 0.025278
20 0.133548 0.766281 0.028817 0.031277
20 0.175699 0.846401 0.033118 0.028706