20 0.115444 0.647595 0.012029 0.015128
20 0.085371 0.683088 0.013970 0.017843
20 0.110982 0.724399 0.018626 0.021334
20 0.128056 0.712956 0.010865 0.013964
20 0.116026 0.710628 0.013194 0.010085
20 0.100310 0.703064 0.015134 0.022110
20 0.111758 0.699767 0.008537 0.013964
20 0.120877 0.699961 0.009701 0.012025
20 0.124175 0.662529 0.013194 0.017843
20 0.114862 0.687742 0.010865 0.012413
20 0.117385 0.676493 0.007373 0.012413
20 0.089251 0.658844 0.020179 0.023662
20 0.107683 0.661171 0.008925 0.007370
20 0.106907 0.668542 0.009701 0.007370
20 0.633101 0.711986 0.025999 0.025989
20 0.129026 0.723235 0.016686 0.015904
20 0.135817 0.731381 0.020955 0.022886
20 0.841482 0.747091 0.015134 0.013189
20 0.848079 0.723235 0.020567 0.008922
20 0.105161 0.681342 0.011641 0.012801
20 0.096236 0.678821 0.011641 0.017067
20 0.097594 0.621218 0.018238 0.018231
20 0.099340 0.636928 0.024059 0.014740
20 0.100310 0.649728 0.011253 0.012413
20 0.084012 0.638673 0.010477 0.013576
20 0.078580 0.624515 0.008925 0.010861
20 0.086535 0.628782 0.008537 0.010085
20 0.058595 0.588635 0.016298 0.019007
20 0.061312 0.607254 0.012418 0.011249
20 0.073923 0.599496 0.015910 0.012025
20 0.075281 0.611133 0.015522 0.011249
20 0.060536 0.618697 0.010865 0.012413
20 0.071207 0.637122 0.012806 0.013576
20 0.067520 0.624515 0.010089 0.011637
20 0.069073 0.578937 0.012418 0.016680
20 0.050058 0.540147 0.010865 0.015904
20 0.060730 0.540341 0.011253 0.017843
20 0.059565 0.553724 0.010477 0.010473
20 0.049282 0.558379 0.008537 0.013576
20 0.061118 0.564585 0.013582 0.012801
20 0.052775 0.569822 0.012418 0.013189
20 0.056849 0.525213 0.014358 0.013189
20 0.045984 0.516098 0.011253 0.013576
20 0.057819 0.512995 0.008537 0.010473
20 0.058401 0.502133 0.012029 0.009697
20 0.057819 0.489721 0.011641 0.012801
20 0.058789 0.416408 0.020567 0.020559
20 0.056655 0.431342 0.020955 0.012413
20 0.051028 0.442785 0.019790 0.015128
20 0.114668 0.413499 0.011253 0.013189
20 0.122235 0.422614 0.013970 0.018231
20 0.494761 0.920481 0.013194 0.013964
20 0.084983 0.304500 0.015522 0.022498
20 0.498642 0.870830 0.010089 0.009310
20 0.487776 0.871024 0.014746 0.014352
20 0.487000 0.891389 0.015522 0.013189
20 0.500776 0.900310 0.012806 0.012413
20 0.481568 0.910202 0.011641 0.012025
20 0.856034 0.716641 0.020955 0.015904
20 0.860303 0.703452 0.025611 0.015904
20 0.488941 0.899341 0.013194 0.009697
20 0.484284 0.921645 0.013194 0.013964
20 0.495925 0.909426 0.014746 0.010473
20 0.866317 0.689294 0.019014 0.018619
20 0.873884 0.682506 0.023283 0.015904
20 0.857780 0.676493 0.010477 0.010085
20 0.854094 0.689488 0.010865 0.015128
20 0.839736 0.703646 0.019402 0.010861
20 0.837408 0.716059 0.014746 0.010861
20 0.831781 0.731769 0.012029 0.013576
20 0.831393 0.751939 0.009701 0.008922
20 0.838378 0.763189 0.016686 0.017455
20 0.822856 0.774825 0.018238 0.016680
20 0.810633 0.777347 0.017850 0.012413
20 0.809468 0.768425 0.010865 0.006206
20 0.808304 0.759503 0.012418 0.010861
20 0.811215 0.739527 0.008925 0.008922
20 0.814901 0.730411 0.013970 0.014740
20 0.816841 0.720132 0.017850 0.012801
20 0.821304 0.707331 0.016686 0.019007
20 0.800349 0.747285 0.021343 0.019783
20 0.791036 0.795966 0.017462 0.020946
20 0.781917 0.791893 0.014746 0.016680
20 0.785409 0.813809 0.019402 0.017843
20 0.779007 0.830489 0.022895 0.020171
20 0.766395 0.815749 0.017074 0.013964
20 0.761156 0.827386 0.010477 0.013189
20 0.765813 0.842126 0.023671 0.019395
20 0.749127 0.831652 0.017462 0.018619
20 0.748739 0.846393 0.011253 0.014740
20 0.724098 0.872964 0.023283 0.019007
20 0.721187 0.856866 0.017462 0.018619
20 0.713038 0.859581 0.011253 0.021722
20 0.706636 0.866757 0.008537 0.026765
20 0.698681 0.868115 0.011253 0.025601
20 0.662980 0.912723 0.013582 0.015516
20 0.648428 0.900504 0.013970 0.010473
20 0.534148 0.872188 0.015134 0.013576
20 0.519208 0.875679 0.018626 0.015904
20 0.521925 0.866369 0.013194 0.005818
20 0.525223 0.859969 0.012029 0.011637
20 0.536865 0.860357 0.016686 0.013189
20 0.525417 0.848914 0.013194 0.012025
20 0.538223 0.847168 0.009313 0.017067
20 0.508731 0.846974 0.019402 0.018231
20 0.581878 0.951513 0.016686 0.012413
20 0.496314 0.962762 0.018626 0.011637
20 0.454792 0.959659 0.016298 0.013189
20 0.276872 0.891971 0.018238 0.020559
20 0.589639 0.063227 0.031432 0.031032
20 0.550640 0.054306 0.028716 0.026377
20 0.553551 0.078161 0.031432 0.027541
20 0.535700 0.088053 0.029880 0.028704
20 0.518044 0.071179 0.025611 0.028317
20 0.485642 0.084950 0.022895 0.031032
20 0.506209 0.083980 0.018238 0.032196
20 0.524447 0.104732 0.029880 0.027929
20 0.599146 0.108417 0.034148 0.032971
20 0.513970 0.139255 0.027551 0.024825
20 0.528133 0.159426 0.032596 0.025601
20 0.454986 0.117921 0.032984 0.030256
20 0.418898 0.116369 0.028328 0.027929
20 0.399107 0.081458 0.026775 0.030256
20 0.436360 0.094065 0.019014 0.028317
20 0.422002 0.090186 0.018238 0.027541
20 0.369422 0.091156 0.028716 0.026377
20 0.367482 0.115981 0.025611 0.023274
20 0.396391 0.158650 0.029880 0.027153
20 0.380675 0.142746 0.024835 0.026377
20 0.363213 0.169511 0.027163 0.031032
20 0.452852 0.175330 0.025611 0.030256
20 0.426659 0.174360 0.026775 0.029092
20 0.407256 0.196664 0.028328 0.028704
20 0.379123 0.205392 0.030268 0.029092
20 0.352736 0.215865 0.028716 0.029868
20 0.321692 0.172808 0.019402 0.027541
20 0.302484 0.172420 0.022895 0.027541
20 0.555685 0.141389 0.018626 0.025989
20 0.573341 0.141777 0.017462 0.024438
20 0.566162 0.156711 0.017850 0.011637
20 0.610594 0.157099 0.025223 0.031032
20 0.587505 0.151086 0.018626 0.032196
20 0.614668 0.192203 0.033372 0.032971
20 0.517656 0.200155 0.034148 0.018619
20 0.513970 0.185803 0.032984 0.019395
20 0.504463 0.181148 0.024835 0.025601
20 0.487388 0.171839 0.027163 0.027929
20 0.372914 0.258728 0.028716 0.031032
20 0.346333 0.265322 0.026775 0.029480
20 0.285603 0.202289 0.029492 0.028317
20 0.266589 0.186773 0.029492 0.030644
20 0.363019 0.138285 0.016686 0.023662
20 0.343617 0.137898 0.023671 0.026765
20 0.337020 0.111908 0.024447 0.022110
20 0.296081 0.116951 0.027163 0.028317
20 0.315483 0.104344 0.024835 0.026377
20 0.320916 0.147207 0.022507 0.020559
20 0.316841 0.128006 0.022119 0.016292
20 0.289484 0.143910 0.036477 0.032583
20 0.467986 0.244375 0.032596 0.034135
20 0.496896 0.254461 0.026775 0.027929
20 0.524641 0.250970 0.032596 0.027153
20 0.528716 0.217611 0.033760 0.018619
20 0.524447 0.231963 0.035312 0.015516
20 0.389018 0.284135 0.030656 0.025989
20 0.403376 0.303336 0.026775 0.027929
20 0.377765 0.311870 0.027551 0.028704
20 0.429569 0.318270 0.028716 0.023662
20 0.431898 0.341350 0.032596 0.024825
20 0.505821 0.294414 0.029880 0.031032
20 0.532984 0.291893 0.025223 0.022886
20 0.569849 0.330683 0.023671 0.024438
20 0.520761 0.322925 0.027939 0.028317
20 0.550446 0.305469 0.020567 0.021334
20 0.533372 0.311094 0.017462 0.016292
20 0.548312 0.325640 0.019402 0.019007
20 0.558595 0.314779 0.012806 0.011249
20 0.563058 0.270946 0.024059 0.017455
20 0.593326 0.294220 0.028716 0.025213
20 0.582848 0.273468 0.018626 0.019395
20 0.564804 0.288014 0.021343 0.016680
20 0.637951 0.120054 0.029492 0.036074
20 0.667443 0.126649 0.031820 0.039178
20 0.718471 0.148371 0.039969 0.039953
20 0.744276 0.189876 0.037253 0.037626
20 0.633295 0.177075 0.033372 0.032196
20 0.710904 0.230217 0.034148 0.032971
20 0.736515 0.250000 0.034924 0.031420
20 0.818782 0.261249 0.039581 0.037626
20 0.746993 0.278317 0.035700 0.029868
20 0.707024 0.275213 0.030268 0.027541
20 0.684323 0.303142 0.025999 0.025213
20 0.675786 0.254655 0.028328 0.034523
20 0.653667 0.262025 0.025223 0.023662
20 0.645712 0.238169 0.030268 0.022498
20 0.615444 0.233514 0.029492 0.021722
20 0.603027 0.249224 0.028716 0.026765
20 0.629802 0.256206 0.024835 0.029868
20 0.624951 0.317688 0.029880 0.027153
20 0.615638 0.346393 0.031432 0.030256
20 0.704695 0.332234 0.032596 0.025989
20 0.719635 0.320403 0.027551 0.030256
20 0.754560 0.312645 0.032984 0.029480
20 0.712068 0.361715 0.031044 0.027541
20 0.826154 0.318464 0.028716 0.036462
20 0.803454 0.324282 0.029880 0.031032
20 0.857198 0.355896 0.034924 0.031420
20 0.839736 0.371994 0.030268 0.024825
20 0.880093 0.387898 0.034924 0.034911
20 0.887466 0.421063 0.034148 0.036850
20 0.857974 0.423002 0.027939 0.024438
20 0.863213 0.448410 0.028328 0.024825
20 0.833333 0.428821 0.024447 0.023662
20 0.822662 0.450349 0.031044 0.020171
20 0.821498 0.470132 0.031044 0.020171
20 0.873690 0.484290 0.028328 0.028317
20 0.841288 0.475756 0.019402 0.028317
20 0.858945 0.474981 0.015134 0.027541
20 0.824796 0.503879 0.016686 0.017843
20 0.845945 0.504849 0.026387 0.025213
20 0.860885 0.520171 0.025999 0.027153
20 0.902600 0.519395 0.026387 0.030256
20 0.883392 0.517843 0.021343 0.029480
20 0.766007 0.490303 0.030268 0.028704
20 0.767753 0.423584 0.025223 0.025601
20 0.737485 0.422420 0.027551 0.027929
20 0.729919 0.439294 0.030268 0.024438
20 0.725844 0.463926 0.029104 0.029480
20 0.786380 0.344065 0.029104 0.024825
20 0.784439 0.367145 0.032208 0.024438
20 0.770858 0.353181 0.022895 0.022886
20 0.743306 0.366369 0.025999 0.026765
20 0.763291 0.392552 0.014746 0.017843
20 0.746217 0.391195 0.016298 0.016680
20 0.752037 0.375679 0.028716 0.012025
20 0.793946 0.384600 0.023283 0.021334
20 0.779977 0.397789 0.018626 0.022110
20 0.793170 0.410590 0.016298 0.019783
20 0.803454 0.393716 0.020567 0.017067
20 0.810050 0.409814 0.019014 0.023662
20 0.823632 0.413305 0.022895 0.022886
20 0.830229 0.392940 0.022119 0.024825
20 0.851378 0.397013 0.022507 0.026765
20 0.669189 0.487975 0.032208 0.027153
20 0.700427 0.405353 0.026387 0.026377
20 0.693248 0.419123 0.026775 0.025213
20 0.660458 0.407486 0.027939 0.034523
20 0.650369 0.386540 0.027163 0.029092
20 0.615638 0.385376 0.026775 0.021334
20 0.630966 0.398177 0.020179 0.024438
20 0.612534 0.404189 0.020567 0.021722
20 0.535894 0.347556 0.027163 0.021722
20 0.545790 0.358417 0.023671 0.020946
20 0.561506 0.373933 0.025611 0.029480
20 0.570431 0.385376 0.026387 0.022886
20 0.573923 0.434251 0.031044 0.029092
20 0.604579 0.432118 0.026387 0.027153
20 0.614862 0.460628 0.027551 0.028317
20 0.661622 0.454616 0.023283 0.032583
20 0.641832 0.457331 0.022507 0.027929
20 0.565386 0.485648 0.022507 0.031032
20 0.589251 0.489333 0.023671 0.023662
20 0.583430 0.479054 0.012029 0.024825
20 0.591579 0.514352 0.029880 0.026377
20 0.623787 0.538014 0.027551 0.029480
20 0.598758 0.555275 0.028716 0.026765
20 0.687233 0.537820 0.025611 0.031420
20 0.704695 0.543251 0.025611 0.026765
20 0.744858 0.529092 0.025999 0.028704
20 0.775320 0.538014 0.023283 0.030256
20 0.800349 0.536268 0.024447 0.021334
20 0.808110 0.564391 0.022895 0.024825
20 0.793946 0.556633 0.024835 0.022498
20 0.776872 0.572731 0.026387 0.024438
20 0.794529 0.605314 0.025999 0.029868
20 0.753395 0.576998 0.029104 0.025213
20 0.739232 0.598914 0.021731 0.024825
20 0.752037 0.604344 0.020955 0.024050
20 0.714009 0.576028 0.027939 0.028704
20 0.670935 0.586695 0.029492 0.030644
20 0.621847 0.627424 0.034536 0.029868
20 0.574699 0.601047 0.029492 0.027541
20 0.548118 0.533941 0.031432 0.032196
20 0.619519 0.594841 0.032208 0.020559
20 0.618549 0.577192 0.032596 0.016292
20 0.506985 0.532389 0.028328 0.024438
20 0.513388 0.551978 0.029492 0.015516
20 0.514552 0.568076 0.028716 0.019007
20 0.506597 0.601047 0.030656 0.026765
20 0.487776 0.584368 0.026387 0.027541
20 0.447614 0.543832 0.028328 0.029480
20 0.472061 0.557215 0.028328 0.023662
20 0.467210 0.567882 0.026387 0.021722
20 0.509895 0.488557 0.021731 0.029868
20 0.493597 0.483902 0.020179 0.026765
20 0.466628 0.465477 0.029880 0.032583
20 0.399107 0.479635 0.023671 0.030644
20 0.377571 0.477890 0.019402 0.025601
20 0.403182 0.526765 0.025611 0.031808
20 0.383003 0.532583 0.027163 0.028704
20 0.438688 0.589216 0.033760 0.020171
20 0.441211 0.606478 0.026387 0.021334
20 0.422584 0.630140 0.030268 0.030644
20 0.488553 0.649147 0.022507 0.029868
20 0.506209 0.645849 0.016686 0.027153
20 0.564028 0.666602 0.028328 0.029868
20 0.543849 0.677851 0.023671 0.022886
20 0.525999 0.658650 0.025999 0.022498
20 0.501164 0.675912 0.018238 0.025213
20 0.519208 0.672420 0.020179 0.023662
20 0.522119 0.692979 0.026775 0.025213
20 0.620295 0.681730 0.026775 0.020559
20 0.615832 0.697828 0.022507 0.019395
20 0.648040 0.673196 0.029492 0.024438
20 0.653667 0.696082 0.030656 0.025213
20 0.682577 0.684251 0.020179 0.030256
20 0.699845 0.684445 0.017462 0.034523
20 0.722546 0.714313 0.028716 0.025213
20 0.730889 0.685997 0.029104 0.027541
20 0.766783 0.673390 0.020179 0.031808
20 0.748351 0.655353 0.029880 0.019783
20 0.745634 0.674942 0.023671 0.023274
20 0.826348 0.657680 0.026775 0.028317
20 0.827319 0.608999 0.021731 0.028704
20 0.851572 0.567688 0.025999 0.021334
20 0.857198 0.553142 0.021731 0.024050
20 0.893287 0.550621 0.027939 0.029092
20 0.879317 0.556439 0.024835 0.027541
20 0.890376 0.582234 0.024447 0.016292
20 0.887078 0.591544 0.028716 0.017067
20 0.853124 0.588635 0.018238 0.020559
20 0.867870 0.577967 0.008925 0.007758
20 0.868452 0.589022 0.013194 0.013576
20 0.842841 0.615400 0.020179 0.029092
20 0.855452 0.608223 0.021343 0.023274
20 0.892317 0.610939 0.019014 0.026377
20 0.877377 0.613848 0.014746 0.022886
20 0.430733 0.410396 0.031044 0.035687
20 0.450524 0.420287 0.027939 0.029868
20 0.472255 0.427075 0.029492 0.028704
20 0.497866 0.429209 0.023283 0.029868
20 0.508537 0.372382 0.028328 0.027153
20 0.514940 0.385958 0.031044 0.021722
20 0.539387 0.393522 0.023283 0.025989
20 0.519790 0.406129 0.027551 0.021722
20 0.395227 0.380140 0.031432 0.028704
20 0.388630 0.360551 0.029104 0.022886
20 0.394839 0.349690 0.029880 0.030644
20 0.308110 0.308766 0.034148 0.030256
20 0.335468 0.358805 0.031432 0.021722
20 0.351960 0.377230 0.020179 0.024438
20 0.331005 0.380140 0.023283 0.020946
20 0.350990 0.399147 0.029880 0.025601
20 0.359721 0.426493 0.026387 0.022886
20 0.369810 0.449573 0.031044 0.027929
20 0.343811 0.453646 0.025611 0.022110
20 0.339348 0.430178 0.019790 0.024050
20 0.319558 0.436967 0.024447 0.031420
20 0.263873 0.325252 0.035700 0.031420
20 0.263873 0.297130 0.036477 0.027153
20 0.273380 0.275989 0.036865 0.020559
20 0.271246 0.255043 0.032596 0.025213
20 0.215949 0.196082 0.031432 0.029868
20 0.236515 0.189100 0.027551 0.016680
20 0.244276 0.211404 0.022895 0.014740
20 0.239038 0.227114 0.023283 0.019783
20 0.244470 0.242048 0.030268 0.019395
20 0.234381 0.266098 0.028716 0.034135
20 0.134847 0.286656 0.032208 0.027929
20 0.178502 0.304694 0.030268 0.031420
20 0.134653 0.250776 0.027163 0.021334
20 0.136787 0.234096 0.022895 0.012025
20 0.201785 0.223817 0.017074 0.015516
20 0.218277 0.238169 0.015134 0.018619
20 0.219829 0.222459 0.018238 0.017455
20 0.199457 0.238945 0.021731 0.016292
20 0.207024 0.257176 0.019790 0.023274
20 0.183159 0.268619 0.025611 0.020559
20 0.177920 0.247479 0.019014 0.020946
20 0.188785 0.257176 0.014358 0.016292
20 0.161040 0.249612 0.020179 0.016680
20 0.160458 0.234678 0.019014 0.010861
20 0.210516 0.345617 0.033760 0.029480
20 0.191308 0.369472 0.031820 0.035299
20 0.190144 0.423196 0.037253 0.034135
20 0.162592 0.312645 0.022507 0.024825
20 0.158130 0.330295 0.022895 0.023662
20 0.139503 0.316137 0.018238 0.023274
20 0.145324 0.340962 0.027551 0.024825
20 0.128250 0.360551 0.031432 0.028317
20 0.117579 0.325058 0.020955 0.024050
20 0.097206 0.325058 0.023671 0.027153
20 0.079938 0.381303 0.027939 0.021722
20 0.085565 0.365400 0.025999 0.016292
20 0.094296 0.346587 0.021731 0.020559
20 0.080132 0.334174 0.019790 0.012801
20 0.076251 0.347750 0.020567 0.017455
20 0.116414 0.389255 0.028716 0.025989
20 0.151921 0.418348 0.023671 0.021334
20 0.139115 0.399341 0.032984 0.018231
20 0.136981 0.436191 0.023283 0.019007
20 0.174816 0.456168 0.028328 0.030256
20 0.210128 0.463538 0.025999 0.028704
20 0.250873 0.433476 0.033760 0.028317
20 0.246023 0.457525 0.027163 0.024438
20 0.277260 0.465477 0.030656 0.026377
20 0.269693 0.483902 0.031820 0.029868
20 0.176174 0.506788 0.029492 0.029868
20 0.133489 0.417960 0.017074 0.015904
20 0.097012 0.427657 0.025611 0.020559
20 0.092744 0.439488 0.022507 0.017843
20 0.117967 0.433476 0.017074 0.015128
20 0.118937 0.452483 0.023671 0.019007
20 0.099922 0.459077 0.019790 0.021334
20 0.079744 0.458495 0.020567 0.028704
20 0.060147 0.460047 0.017074 0.012413
20 0.071983 0.477114 0.019014 0.016292
20 0.055297 0.470714 0.013582 0.010473
20 0.076834 0.506594 0.020179 0.021722
20 0.077998 0.525601 0.023283 0.016292
20 0.078386 0.543057 0.024835 0.017067
20 0.079356 0.561482 0.023671 0.018231
20 0.082848 0.576610 0.016686 0.015128
20 0.079938 0.589410 0.018626 0.014352
20 0.106131 0.579907 0.026775 0.031808
20 0.113698 0.507564 0.029492 0.030644
20 0.132712 0.499612 0.024835 0.031808
20 0.302484 0.510861 0.027551 0.033359
20 0.279589 0.514934 0.016686 0.022886
20 0.265425 0.513576 0.020179 0.027929
20 0.275514 0.537820 0.026387 0.023662
20 0.224680 0.514740 0.018626 0.033359
20 0.208964 0.510473 0.019790 0.031032
20 0.238650 0.546354 0.021731 0.022110
20 0.258634 0.564973 0.025999 0.025989
20 0.223904 0.552560 0.021731 0.024438
20 0.232441 0.572149 0.029492 0.027153
20 0.175204 0.562452 0.027551 0.024825
20 0.163174 0.550621 0.027551 0.027541
20 0.153085 0.586307 0.028328 0.029092
20 0.203143 0.601823 0.027551 0.025213
20 0.190726 0.614042 0.024447 0.027153
20 0.330617 0.542863 0.020955 0.024438
20 0.308304 0.538790 0.028328 0.020171
20 0.309080 0.553530 0.025999 0.011637
20 0.316841 0.562645 0.027551 0.019007
20 0.344781 0.573894 0.028328 0.029092
20 0.290454 0.591738 0.022119 0.028317
20 0.270664 0.592901 0.022895 0.023662
20 0.271828 0.615012 0.026775 0.022886
20 0.263097 0.633825 0.025611 0.023274
20 0.312767 0.636540 0.022507 0.024825
20 0.328677 0.660202 0.025611 0.026377
20 0.288902 0.645074 0.023671 0.027929
20 0.370198 0.606090 0.017074 0.021334
20 0.352736 0.606672 0.017074 0.022498
20 0.364571 0.627230 0.026775 0.020946
20 0.339930 0.622964 0.023283 0.027929
20 0.395227 0.672808 0.029880 0.030644
20 0.437136 0.696664 0.019790 0.025601
20 0.453434 0.692785 0.016686 0.025601
20 0.471090 0.709853 0.024059 0.020171
20 0.472837 0.728860 0.019790 0.019395
20 0.453434 0.714313 0.015134 0.011249
20 0.452852 0.728666 0.021731 0.018231
20 0.558207 0.721490 0.029104 0.021722
20 0.522507 0.737781 0.023671 0.026377
20 0.385914 0.713926 0.024447 0.026765
20 0.363795 0.683863 0.026775 0.020946
20 0.360691 0.698798 0.024447 0.019783
20 0.352542 0.710628 0.022119 0.019395
20 0.327901 0.710240 0.023283 0.021722
20 0.308304 0.699379 0.020567 0.021722
20 0.295693 0.712956 0.020955 0.024825
20 0.282111 0.689876 0.023283 0.023662
20 0.272022 0.705586 0.022507 0.024825
20 0.272604 0.769589 0.027551 0.025601
20 0.228754 0.734484 0.025999 0.028317
20 0.207218 0.703064 0.019402 0.019783
20 0.192084 0.692979 0.022507 0.018231
20 0.196352 0.723623 0.023283 0.019783
20 0.186069 0.711016 0.023671 0.020171
20 0.171517 0.730993 0.021731 0.022886
20 0.191890 0.762025 0.025999 0.020559
20 0.181218 0.778510 0.018626 0.022498
20 0.321304 0.730605 0.020955 0.022886
20 0.338184 0.740884 0.025999 0.014740
20 0.339930 0.756206 0.023283 0.019007
20 0.314901 0.763770 0.025999 0.020946
20 0.321110 0.784523 0.022895 0.024438
20 0.334109 0.778898 0.020179 0.022498
20 0.394645 0.764740 0.020179 0.023662
20 0.374272 0.766680 0.021343 0.023662
20 0.405316 0.735842 0.019790 0.028704
20 0.424525 0.726532 0.020179 0.015516
20 0.423749 0.739915 0.017850 0.013576
20 0.351766 0.728278 0.018238 0.014352
20 0.217501 0.641583 0.025999 0.024050
20 0.204501 0.656905 0.025611 0.024438
20 0.186263 0.666602 0.025611 0.021334
20 0.250873 0.660202 0.025223 0.019395
20 0.248933 0.677851 0.020567 0.020559
20 0.236127 0.677851 0.014358 0.018231
20 0.224098 0.670675 0.022119 0.024050
20 0.245052 0.697052 0.025223 0.017067
20 0.246411 0.715477 0.024835 0.020559
20 0.155607 0.649728 0.023283 0.020171
20 0.158906 0.668735 0.021343 0.013964
20 0.160458 0.680954 0.022119 0.010473
20 0.162786 0.695112 0.019014 0.017067
20 0.139309 0.701513 0.020179 0.018231
20 0.151533 0.720908 0.020567 0.021334
20 0.147264 0.753491 0.020567 0.023662
20 0.165308 0.749224 0.017074 0.017455
20 0.168607 0.759503 0.019014 0.018619
20 0.205277 0.777153 0.024835 0.022886
20 0.224292 0.778898 0.017850 0.018619
20 0.231083 0.788014 0.019790 0.016680
20 0.255918 0.808379 0.026775 0.027153
20 0.226620 0.805081 0.019402 0.015904
20 0.194994 0.800233 0.018238 0.021722
20 0.210710 0.806827 0.013970 0.013964
20 0.208770 0.794608 0.012418 0.010473
20 0.351572 0.772498 0.020179 0.017455
20 0.354094 0.789178 0.019790 0.019007
20 0.365541 0.791311 0.017074 0.022498
20 0.400466 0.794026 0.018626 0.024825
20 0.386108 0.790147 0.016298 0.024050
20 0.440047 0.777929 0.022507 0.022886
20 0.446837 0.756206 0.023671 0.022886
20 0.470508 0.779286 0.025223 0.024050
20 0.487776 0.762607 0.024059 0.025601
20 0.460613 0.802560 0.024835 0.025601
20 0.440629 0.812839 0.024447 0.024438
20 0.547148 0.814197 0.022507 0.025601
20 0.521343 0.819240 0.023671 0.021722
20 0.589833 0.792669 0.024835 0.023662
20 0.605549 0.827773 0.025999 0.025601
20 0.571789 0.862878 0.024447 0.022110
20 0.563640 0.842901 0.022895 0.024050
20 0.376019 0.833010 0.020179 0.022110
20 0.312767 0.813421 0.024059 0.021722
20 0.298991 0.825834 0.024447 0.022498
20 0.290648 0.849690 0.021731 0.022110
20 0.322274 0.861327 0.023671 0.021334
20 0.317035 0.842320 0.024059 0.018231
20 0.331587 0.832234 0.018238 0.024438
20 0.355452 0.825252 0.020955 0.020559
20 0.349437 0.833592 0.014358 0.020946
20 0.362437 0.863848 0.019402 0.021722
20 0.375437 0.871800 0.017462 0.020559
20 0.378929 0.888285 0.022895 0.020946
20 0.357004 0.896237 0.019402 0.023662
20 0.336826 0.894686 0.020179 0.024438
20 0.342258 0.867339 0.021731 0.023274
20 0.354482 0.875679 0.015134 0.015904
20 0.136593 0.668348 0.013970 0.015516
20 0.129414 0.679597 0.017462 0.010861
20 0.129802 0.691815 0.016686 0.011249
20 0.264649 0.864430 0.023283 0.019007
20 0.260574 0.846005 0.021343 0.021722
20 0.249903 0.838635 0.021731 0.025601
20 0.224680 0.824282 0.016298 0.022498
20 0.304424 0.893522 0.025223 0.027541
20 0.291036 0.882661 0.024059 0.034523
20 0.399302 0.924166 0.021731 0.024438
20 0.444509 0.926881 0.022895 0.024438
20 0.478269 0.946276 0.024447 0.021334
20 0.514552 0.913305 0.020179 0.021334
20 0.517074 0.935609 0.020567 0.022498
20 0.400660 0.833980 0.021343 0.018619
20 0.424331 0.843095 0.017462 0.017455
20 0.405316 0.845035 0.021343 0.015904
20 0.400466 0.858611 0.017850 0.019007
20 0.420256 0.857448 0.011641 0.008146
20 0.433644 0.858611 0.012029 0.013576
20 0.443539 0.868503 0.009313 0.007758
20 0.449360 0.857642 0.014746 0.024050
20 0.464106 0.850853 0.013194 0.018231
20 0.477105 0.854926 0.013582 0.016292
20 0.489717 0.845035 0.019402 0.020559
20 0.505433 0.862878 0.011253 0.015128
20 0.493597 0.863072 0.013194 0.011637
20 0.505627 0.880528 0.014746 0.012413
20 0.503104 0.892164 0.012029 0.009310
20 0.484672 0.881691 0.013194 0.009310
20 0.470508 0.872576 0.015134 0.010473
20 0.462747 0.868503 0.008925 0.010861
20 0.454404 0.888092 0.014746 0.015128
20 0.469732 0.889061 0.015910 0.021722
20 0.467792 0.907099 0.013582 0.011249
20 0.470120 0.922033 0.015910 0.017067
20 0.456151 0.916214 0.012806 0.018619
20 0.450912 0.904577 0.012418 0.017843
20 0.441793 0.904383 0.011253 0.017455
20 0.430151 0.895074 0.011253 0.011249
20 0.435778 0.889643 0.020179 0.008922
20 0.438882 0.879364 0.014746 0.010861
20 0.425301 0.877036 0.011641 0.011637
20 0.410555 0.875679 0.017850 0.012801
20 0.400854 0.887510 0.013194 0.018619
20 0.413853 0.887704 0.016686 0.011249
20 0.410943 0.900892 0.019402 0.012801
20 0.421420 0.928821 0.017850 0.016680
20 0.413465 0.913499 0.014358 0.012413
20 0.424913 0.915632 0.010865 0.011249
20 0.429569 0.906517 0.011641 0.007758
20 0.538611 0.886540 0.016298 0.022110
20 0.521537 0.890613 0.015522 0.018619
20 0.521925 0.835725 0.016298 0.014352
20 0.548312 0.852987 0.013194 0.019395
20 0.568685 0.909232 0.022119 0.020946
20 0.568490 0.938518 0.016298 0.015904
20 0.556461 0.927075 0.030268 0.020946
20 0.549088 0.953064 0.019402 0.015516
20 0.536865 0.946858 0.019790 0.017067
20 0.587117 0.923390 0.019402 0.021334
20 0.598176 0.914856 0.019014 0.020559
20 0.621653 0.916990 0.022507 0.017067
20 0.620295 0.938130 0.017462 0.021334
20 0.603609 0.937161 0.015134 0.020171
20 0.634071 0.868891 0.024059 0.022498
20 0.614086 0.891195 0.023671 0.018231
20 0.622041 0.900504 0.022507 0.019007
20 0.638921 0.925330 0.013582 0.017455
20 0.656383 0.927851 0.016686 0.015516
20 0.645324 0.886152 0.019402 0.019007
20 0.659488 0.892746 0.013582 0.021334
20 0.658906 0.853957 0.024059 0.022110
20 0.678502 0.886346 0.019790 0.020946
20 0.674040 0.908068 0.019402 0.025601
20 0.647070 0.912723 0.020567 0.011637
20 0.713620 0.891777 0.017850 0.022498
20 0.695964 0.891195 0.019014 0.022886
20 0.511447 0.769589 0.016298 0.025601
20 0.526581 0.763189 0.013970 0.010473
20 0.528328 0.777929 0.017462 0.015904
20 0.546178 0.742242 0.023671 0.016680
20 0.546372 0.757564 0.021731 0.013964
20 0.550640 0.778704 0.021731 0.022110
20 0.564998 0.770365 0.018626 0.019395
20 0.569849 0.751939 0.019790 0.020559
20 0.582848 0.766292 0.019402 0.019007
20 0.589445 0.751164 0.020955 0.020559
20 0.611564 0.735842 0.026387 0.024050
20 0.602251 0.745927 0.022507 0.024050
20 0.631548 0.769977 0.025999 0.024825
20 0.616414 0.794026 0.023671 0.024050
20 0.675398 0.811094 0.027551 0.026377
20 0.676562 0.843483 0.023671 0.023662
20 0.693248 0.837083 0.022895 0.021722
20 0.717113 0.837471 0.020955 0.017843
20 0.684129 0.867533 0.016298 0.019007
20 0.756694 0.864042 0.019402 0.019007
20 0.740202 0.858417 0.013582 0.017843
20 0.736709 0.839216 0.016686 0.015128
20 0.738068 0.803724 0.025611 0.023274
20 0.713232 0.815749 0.024059 0.022498
20 0.667055 0.756206 0.024835 0.024438
20 0.685487 0.773662 0.020567 0.021334
20 0.675398 0.782196 0.022119 0.019783
20 0.711486 0.763576 0.027551 0.020559
20 0.693830 0.731575 0.025611 0.018619
20 0.705666 0.742048 0.029880 0.017843
20 0.763097 0.765322 0.022895 0.020946
20 0.779589 0.774825 0.018626 0.016680
20 0.801901 0.701513 0.025223 0.025213
20 0.837214 0.689682 0.020567 0.016292
20 0.881645 0.650310 0.021731 0.026765
20 0.853900 0.634794 0.026775 0.019783
20 0.854676 0.652444 0.021343 0.020171
20 0.867676 0.653413 0.012418 0.017455
20 0.870586 0.669899 0.022119 0.013964
20 0.845751 0.671063 0.018238 0.017067
20 0.851378 0.735648 0.022507 0.019783
20 0.800349 0.726532 0.017462 0.019395
20 0.791424 0.765710 0.018238 0.019395
20 0.800737 0.807215 0.018238 0.020946
20 0.766395 0.799845 0.020955 0.014740
20 0.765619 0.784717 0.018626 0.016292
20 0.809468 0.789178 0.024059 0.018231