20 0.391908 0.045509 0.025716 0.024761
20 0.574919 0.020236 0.019373 0.018613
20 0.581776 0.093750 0.021430 0.019809
20 0.574147 0.177083 0.025716 0.024590
20 0.632179 0.196294 0.023144 0.020321
20 0.564975 0.256489 0.022801 0.019809
20 0.524259 0.337517 0.016458 0.013490
20 0.640237 0.298583 0.020744 0.020321
20 0.702469 0.269809 0.019715 0.017418
20 0.668267 0.364156 0.020915 0.019638
20 0.716870 0.360912 0.020058 0.019638
20 0.753472 0.391991 0.019544 0.016564
20 0.740614 0.401725 0.017144 0.014173
20 0.707183 0.435792 0.020230 0.018443
20 0.643580 0.409409 0.016801 0.015881
20 0.644094 0.423668 0.017144 0.014344
20 0.618207 0.431694 0.020230 0.016052
20 0.579376 0.412312 0.020401 0.018955
20 0.494771 0.439122 0.019544 0.017247
20 0.398423 0.337346 0.020230 0.017589
20 0.300531 0.338798 0.018172 0.016735
20 0.313046 0.369536 0.021258 0.018443
20 0.338162 0.412739 0.016972 0.019467
20 0.262472 0.431096 0.019544 0.017247
20 0.304989 0.454491 0.015087 0.014515
20 0.434596 0.430499 0.020573 0.018101
20 0.474884 0.389942 0.019201 0.016906
20 0.477370 0.420253 0.019373 0.016735
20 0.477370 0.430755 0.011486 0.010417
20 0.381450 0.468579 0.016801 0.014686
20 0.312018 0.475324 0.018172 0.016223
20 0.329762 0.479252 0.016287 0.013832
20 0.281845 0.522199 0.017144 0.014003
20 0.384108 0.502220 0.020401 0.020833
20 0.433225 0.565830 0.013029 0.013832
20 0.497343 0.567794 0.016115 0.015369
20 0.198783 0.231557 0.018687 0.016052
20 0.262644 0.238217 0.018172 0.019126
20 0.269158 0.252561 0.015087 0.016393
20 0.332676 0.226776 0.017315 0.018101
20 0.342191 0.229337 0.015429 0.017760
20 0.347591 0.291325 0.011829 0.012295
20 0.366278 0.292435 0.021773 0.019980
20 0.128322 0.381318 0.018001 0.016735
20 0.150437 0.462261 0.019030 0.014686
20 0.035402 0.525444 0.023144 0.022199
20 0.099006 0.607497 0.020058 0.017589
20 0.247386 0.659324 0.021944 0.022199
20 0.334648 0.636356 0.021944 0.018955
20 0.244814 0.715079 0.017830 0.018613
20 0.191325 0.779713 0.019201 0.016735
20 0.355563 0.704235 0.019201 0.020833
20 0.377422 0.679645 0.018344 0.018784
20 0.445140 0.740779 0.018687 0.019467
20 0.471884 0.796107 0.020401 0.017760
20 0.490571 0.789874 0.017658 0.017589
20 0.549546 0.741035 0.010115 0.010075
20 0.520830 0.804730 0.019201 0.016906
20 0.491257 0.841786 0.018344 0.017247
20 0.577662 0.809768 0.019030 0.021175
20 0.642037 0.728996 0.020573 0.018443
20 0.687639 0.724300 0.013029 0.010758
20 0.739499 0.756233 0.018687 0.020321
20 0.526144 0.880038 0.020573 0.022029
20 0.559146 0.882087 0.017315 0.019980
20 0.645980 0.886100 0.018172 0.017077
20 0.685582 0.937671 0.019201 0.018101
20 0.674867 0.952271 0.010458 0.010758
20 0.750729 0.911971 0.018172 0.018272
20 0.777130 0.892077 0.016458 0.016393
20 0.277987 0.879355 0.022801 0.027493
20 0.799074 0.748805 0.024344 0.023907
20 0.806532 0.723019 0.020744 0.019126
20 0.857192 0.716274 0.024344 0.019296
20 0.861564 0.701161 0.022116 0.018784
20 0.821876 0.644553 0.024344 0.022712
20 0.756472 0.636185 0.021773 0.020321
20 0.738471 0.652493 0.022116 0.019467
20 0.711984 0.671619 0.009258 0.007514
20 0.681725 0.661202 0.022116 0.017760
20 0.629436 0.636527 0.021773 0.020321
20 0.621721 0.500085 0.022801 0.019638
20 0.605177 0.515967 0.022630 0.022370
20 0.706840 0.508197 0.022630 0.020150
20 0.661666 0.566598 0.022801 0.018443
20 0.812446 0.575051 0.022630 0.022370
20 0.867564 0.518528 0.023487 0.019638
20 0.545345 0.505977 0.016115 0.014003
20 0.549203 0.567281 0.009086 0.008880