20 0.485313 0.035172 0.030670 0.027790
20 0.447300 0.063613 0.027214 0.029092
20 0.469762 0.102692 0.028942 0.028224
20 0.520302 0.109422 0.029806 0.030395
20 0.551836 0.093356 0.028078 0.027790
20 0.398920 0.089014 0.025486 0.023448
20 0.381210 0.089666 0.028942 0.023013
20 0.378618 0.107469 0.025486 0.026487
20 0.396112 0.112462 0.024190 0.025185
20 0.420518 0.133956 0.024622 0.024750
20 0.316847 0.088146 0.030670 0.029527
20 0.292225 0.122232 0.022894 0.025619
20 0.279050 0.171081 0.028510 0.026921
20 0.600648 0.140469 0.027214 0.025619
20 0.619222 0.186062 0.024622 0.026487
20 0.638661 0.188016 0.022030 0.023448
20 0.648812 0.197568 0.025918 0.019974
20 0.641469 0.208641 0.022462 0.020408
20 0.649676 0.222970 0.024190 0.023013
20 0.623326 0.219496 0.024190 0.023882
20 0.619654 0.239904 0.026350 0.023882
20 0.472786 0.220582 0.028942 0.026921
20 0.414471 0.224707 0.030670 0.026487
20 0.711879 0.256839 0.027646 0.029092
20 0.749676 0.265306 0.027214 0.022579
20 0.356587 0.273339 0.031533 0.029092
20 0.407991 0.278984 0.027214 0.025619
20 0.403024 0.299392 0.027646 0.023882
20 0.569114 0.296787 0.027214 0.024750
20 0.678618 0.295484 0.025918 0.024750
20 0.744276 0.318715 0.026782 0.030395
20 0.694168 0.315892 0.026782 0.034303
20 0.557667 0.335432 0.028510 0.026487
20 0.599352 0.337820 0.029806 0.025185
20 0.819654 0.153278 0.030670 0.029527
20 0.862635 0.197351 0.025918 0.031698
20 0.790497 0.341511 0.025918 0.024750
20 0.842117 0.355406 0.029806 0.028224
20 0.782073 0.353669 0.026350 0.025619
20 0.498920 0.362788 0.027646 0.023882
20 0.550324 0.362136 0.020734 0.022579
20 0.562851 0.369084 0.025054 0.020842
20 0.610151 0.377985 0.028078 0.026487
20 0.631102 0.363005 0.027646 0.024316
20 0.642117 0.384064 0.027214 0.029092
20 0.797840 0.388624 0.025918 0.026921
20 0.590929 0.418367 0.027646 0.023882
20 0.520518 0.442901 0.027646 0.023448
20 0.642117 0.455059 0.023758 0.025185
20 0.673002 0.478289 0.026782 0.026487
20 0.712311 0.486105 0.025054 0.023013
20 0.725702 0.475467 0.023326 0.020842
20 0.742549 0.470690 0.025054 0.024316
20 0.774514 0.467651 0.027646 0.026921
20 0.821166 0.498914 0.030238 0.027790
20 0.765227 0.538428 0.033261 0.027790
20 0.692225 0.514980 0.028078 0.024316
20 0.708207 0.526704 0.024622 0.022579
20 0.644492 0.481329 0.027646 0.024750
20 0.645788 0.506296 0.026782 0.022579
20 0.615119 0.494355 0.025054 0.023013
20 0.563715 0.467434 0.022462 0.021277
20 0.521814 0.485671 0.025054 0.025619
20 0.548380 0.484585 0.017711 0.017369
20 0.560043 0.492835 0.021166 0.017369
20 0.570194 0.488493 0.017279 0.019974
20 0.582289 0.480460 0.019870 0.016934
20 0.581857 0.495007 0.019006 0.018237
20 0.516631 0.518671 0.025918 0.022145
20 0.488337 0.525185 0.021166 0.022145
20 0.476026 0.531481 0.025054 0.019106
20 0.574730 0.522362 0.023758 0.020842
20 0.621382 0.537777 0.029806 0.023882
20 0.589849 0.536691 0.022030 0.020842
20 0.548812 0.541251 0.023758 0.022145
20 0.492009 0.549284 0.024190 0.024316
20 0.527646 0.558402 0.025486 0.019974
20 0.604536 0.562310 0.020302 0.021711
20 0.616847 0.564915 0.020734 0.021711
20 0.682073 0.555145 0.023326 0.022145
20 0.711231 0.563396 0.026350 0.023882
20 0.886177 0.524750 0.017711 0.015198
20 0.968898 0.404038 0.019870 0.028224
20 0.952484 0.467868 0.028510 0.025619
20 0.890281 0.494789 0.032829 0.026487
20 0.934773 0.499349 0.031102 0.026921
20 0.967171 0.508684 0.022462 0.021277
20 0.970194 0.530829 0.020734 0.024750
20 0.931965 0.519757 0.022894 0.023448
20 0.918790 0.524967 0.022462 0.021711
20 0.904968 0.551020 0.027646 0.023448
20 0.799784 0.568172 0.027214 0.025619
20 0.764795 0.582935 0.028078 0.021277
20 0.713823 0.596396 0.023758 0.018671
20 0.711663 0.613548 0.027214 0.024316
20 0.766955 0.612896 0.022894 0.023882
20 0.783153 0.616370 0.025918 0.022145
20 0.785097 0.632219 0.025486 0.019106
20 0.952700 0.616370 0.027214 0.026487
20 0.834773 0.676292 0.028942 0.026487
20 0.866955 0.708207 0.031102 0.027790
20 0.700432 0.653061 0.031533 0.027790
20 0.743413 0.652193 0.026782 0.025185
20 0.746652 0.675640 0.026350 0.025185
20 0.734773 0.717542 0.033693 0.029092
20 0.841901 0.758142 0.026782 0.023448
20 0.832181 0.772688 0.028078 0.026487
20 0.651620 0.733825 0.022894 0.026053
20 0.676458 0.731871 0.022462 0.019540
20 0.680994 0.749457 0.027214 0.019974
20 0.596760 0.669127 0.026350 0.022579
20 0.560043 0.659792 0.028078 0.023882
20 0.577538 0.612896 0.025918 0.021277
20 0.617063 0.584889 0.025486 0.019974
20 0.553348 0.582284 0.022462 0.022579
20 0.548596 0.614633 0.026782 0.022145
20 0.567819 0.698654 0.021166 0.019106
20 0.579266 0.703213 0.022462 0.019540
20 0.582937 0.718845 0.024622 0.022145
20 0.616415 0.733825 0.024190 0.022579
20 0.607991 0.747069 0.023758 0.022145
20 0.580562 0.757273 0.031102 0.022579
20 0.858531 0.797221 0.023758 0.025185
20 0.782505 0.786800 0.027214 0.026053
20 0.780346 0.832827 0.027214 0.028658
20 0.805400 0.836735 0.028078 0.026921
20 0.719006 0.843031 0.032397 0.028224
20 0.676026 0.926183 0.030238 0.027790
20 0.639093 0.945289 0.033261 0.028658
20 0.558747 0.911203 0.030670 0.024750
20 0.536069 0.922275 0.029374 0.026921
20 0.600432 0.874729 0.026782 0.023882
20 0.626998 0.873209 0.025486 0.026921
20 0.655508 0.869084 0.028078 0.025619
20 0.616199 0.806557 0.026350 0.022145
20 0.614903 0.824794 0.023758 0.023882
20 0.590065 0.841511 0.025054 0.024316
20 0.572570 0.820452 0.026350 0.021277
20 0.567603 0.841945 0.020734 0.025185
20 0.545788 0.835866 0.027214 0.025185
20 0.501296 0.841077 0.024622 0.024316
20 0.488769 0.809162 0.027214 0.025619
20 0.464579 0.836518 0.030670 0.023013
20 0.299784 0.925098 0.037149 0.029961
20 0.407127 0.937039 0.031533 0.033000
20 0.366307 0.817195 0.031102 0.026921
20 0.215983 0.768997 0.031102 0.026921
20 0.280994 0.794833 0.028078 0.024750
20 0.289201 0.803951 0.023758 0.020408
20 0.344276 0.780721 0.023326 0.023448
20 0.356156 0.786366 0.022030 0.024316
20 0.312959 0.749023 0.027214 0.026053
20 0.384881 0.738385 0.025054 0.021277
20 0.445572 0.759444 0.026350 0.023448
20 0.451836 0.774425 0.016415 0.015198
20 0.452268 0.726878 0.026782 0.022579
20 0.455292 0.711463 0.023326 0.023882
20 0.473650 0.717542 0.021166 0.023013
20 0.528726 0.699957 0.026782 0.026921
20 0.495032 0.631785 0.029374 0.022579
20 0.386393 0.612028 0.026350 0.024750
20 0.344060 0.622883 0.023758 0.023013
20 0.376026 0.651759 0.021166 0.023448
20 0.363067 0.656969 0.021166 0.021711
20 0.385961 0.691272 0.018575 0.019106
20 0.361771 0.685627 0.022894 0.021711
20 0.319222 0.676943 0.025054 0.023448
20 0.312311 0.698654 0.023326 0.024316
20 0.276242 0.707772 0.029806 0.022579
20 0.347948 0.708858 0.021166 0.017803
20 0.355508 0.699957 0.019006 0.019974
20 0.378618 0.698871 0.019438 0.016066
20 0.381857 0.712332 0.019870 0.018671
20 0.366739 0.711029 0.021598 0.022145
20 0.322246 0.632219 0.023326 0.021711
20 0.311447 0.656101 0.022462 0.019974
20 0.299136 0.629179 0.023758 0.023448
20 0.285961 0.620929 0.025054 0.019974
20 0.273218 0.632436 0.022894 0.024750
20 0.267819 0.653713 0.022462 0.023013
20 0.243197 0.675858 0.028510 0.027356
20 0.202160 0.679114 0.026782 0.024316
20 0.204968 0.645245 0.027214 0.025185
20 0.204104 0.609205 0.024622 0.026053
20 0.064363 0.546678 0.035421 0.027790
20 0.148812 0.584672 0.029806 0.027356
20 0.213391 0.552106 0.028510 0.024750
20 0.228294 0.566435 0.025486 0.027356
20 0.276890 0.593791 0.026782 0.025619
20 0.258747 0.517152 0.025054 0.023448
20 0.237149 0.514329 0.028510 0.024750
20 0.252700 0.489145 0.025054 0.027356
20 0.187689 0.458315 0.030670 0.028224
20 0.148596 0.484151 0.031102 0.026053
20 0.285313 0.454624 0.028078 0.026053
20 0.338013 0.473513 0.018575 0.023013
20 0.352052 0.475684 0.017279 0.020408
20 0.346652 0.493921 0.020302 0.018671
20 0.344276 0.529310 0.022462 0.023448
20 0.374946 0.553626 0.026782 0.022579
20 0.369330 0.573383 0.024190 0.024750
20 0.366091 0.524967 0.017711 0.019106
20 0.379266 0.525836 0.016415 0.020842
20 0.403240 0.534954 0.022030 0.023448
20 0.415551 0.534520 0.015551 0.019106
20 0.437149 0.542119 0.023326 0.022145
20 0.423110 0.577290 0.023758 0.021277
20 0.445140 0.565132 0.021166 0.021277
20 0.451404 0.591403 0.025054 0.026053
20 0.464363 0.611159 0.019870 0.017803
20 0.481857 0.581198 0.018575 0.019540
20 0.481857 0.595310 0.018575 0.016500
20 0.432181 0.508684 0.022030 0.019540
20 0.418575 0.515632 0.016415 0.019540
20 0.403024 0.514112 0.024190 0.020842
20 0.387041 0.503257 0.019006 0.019106
20 0.383153 0.472644 0.019006 0.016934
20 0.391577 0.484585 0.023758 0.021711
20 0.407343 0.482414 0.014687 0.017369
20 0.418790 0.480243 0.016847 0.020842
20 0.426998 0.471342 0.022894 0.023013
20 0.440821 0.474815 0.018575 0.019540
20 0.450324 0.484802 0.016847 0.017803
20 0.353132 0.452453 0.024622 0.018237
20 0.349028 0.439861 0.022462 0.019106
20 0.325054 0.434650 0.022894 0.021711
20 0.405832 0.443335 0.017711 0.019106
20 0.392009 0.438341 0.021166 0.022145
20 0.224838 0.409466 0.029806 0.025185
20 0.251404 0.374077 0.024190 0.026487
20 0.309719 0.384716 0.025918 0.026921
20 0.294168 0.417933 0.023326 0.023013
20 0.149028 0.351715 0.031102 0.027790
20 0.126782 0.383196 0.026350 0.025619
20 0.124838 0.413591 0.030238 0.021277
20 0.133909 0.426835 0.028510 0.026053
20 0.067819 0.329787 0.032829 0.023882
20 0.254428 0.304603 0.029374 0.026487
20 0.349892 0.348676 0.025918 0.022579
20 0.350108 0.368432 0.026350 0.023882
20 0.408207 0.344768 0.025918 0.023448
20 0.386825 0.395571 0.024622 0.022579
20 0.364579 0.420756 0.021598 0.019974
20 0.378618 0.429874 0.020302 0.017369
20 0.390713 0.417499 0.020302 0.023013
20 0.150324 0.262267 0.033693 0.028658
20 0.111447 0.291142 0.031965 0.024750
20 0.510367 0.599653 0.023758 0.021711
20 0.539741 0.595093 0.026350 0.024750