20 0.451183 0.569777 0.007742 0.012842
20 0.442796 0.567637 0.009032 0.009418
20 0.481505 0.734589 0.015054 0.011986
20 0.410753 0.734803 0.018065 0.021832
20 0.054624 0.412885 0.024946 0.028682
20 0.125376 0.569777 0.026237 0.029966
20 0.609462 0.052654 0.026667 0.025685
20 0.487097 0.056507 0.026237 0.023973
20 0.488817 0.097603 0.024516 0.023973
20 0.554624 0.084974 0.024516 0.024401
20 0.544301 0.120291 0.022796 0.023116
20 0.589247 0.106592 0.024086 0.020548
20 0.589892 0.124358 0.018495 0.019264
20 0.567527 0.136130 0.015914 0.017979
20 0.578280 0.137842 0.016774 0.018836
20 0.611398 0.137628 0.018495 0.018408
20 0.651828 0.140839 0.021935 0.022260
20 0.620215 0.155394 0.021505 0.017979
20 0.594409 0.162457 0.019785 0.017551
20 0.596989 0.178296 0.021505 0.019264
20 0.547312 0.161601 0.020215 0.017551
20 0.458280 0.141267 0.022796 0.022260
20 0.396344 0.144264 0.021075 0.022260
20 0.531398 0.183861 0.017634 0.016695
20 0.549032 0.187714 0.018495 0.018408
20 0.681935 0.176156 0.021075 0.019264
20 0.749247 0.115796 0.021505 0.017551
20 0.740860 0.124358 0.017634 0.018408
20 0.725376 0.126926 0.021075 0.020976
20 0.723011 0.147260 0.019785 0.018836
20 0.791828 0.136772 0.021505 0.020976
20 0.816989 0.141909 0.022796 0.020120
20 0.704301 0.190925 0.021075 0.020548
20 0.768172 0.206550 0.024946 0.021832
20 0.641290 0.231164 0.022366 0.020548
20 0.738925 0.256849 0.023226 0.020548
20 0.780215 0.265625 0.018065 0.017551
20 0.797849 0.255137 0.023226 0.021404
20 0.557849 0.206978 0.019785 0.018408
20 0.599570 0.242937 0.011183 0.009846
20 0.577849 0.268193 0.021075 0.019264
20 0.589892 0.291310 0.018495 0.019264
20 0.660860 0.276969 0.022796 0.015411
20 0.663656 0.289170 0.020645 0.014983
20 0.666882 0.304366 0.019355 0.015411
20 0.657634 0.320848 0.020645 0.019264
20 0.707527 0.293022 0.022366 0.019264
20 0.749247 0.310788 0.022366 0.017979
20 0.814409 0.282106 0.025376 0.022260
20 0.804946 0.332834 0.021935 0.021832
20 0.847312 0.330479 0.024086 0.021404
20 0.761075 0.356164 0.018495 0.017979
20 0.728172 0.351027 0.018925 0.016267
20 0.735269 0.358733 0.015914 0.014555
20 0.682366 0.357877 0.014194 0.014555
20 0.672903 0.361087 0.012473 0.014983
20 0.660000 0.361087 0.014194 0.014983
20 0.647527 0.370719 0.013333 0.011986
20 0.646882 0.380779 0.014624 0.014127
20 0.656774 0.378639 0.012043 0.010702
20 0.655054 0.389341 0.017204 0.014127
20 0.623441 0.381635 0.021075 0.019264
20 0.604946 0.349529 0.017634 0.016695
20 0.585806 0.334546 0.017204 0.012414
20 0.585161 0.322346 0.016774 0.014555
20 0.573118 0.296233 0.015054 0.016267
20 0.560000 0.297089 0.013763 0.014555
20 0.559140 0.312928 0.018065 0.016267
20 0.565376 0.348673 0.016774 0.015839
20 0.565376 0.364512 0.019355 0.015839
20 0.563656 0.394692 0.015914 0.017123
20 0.550968 0.401113 0.016344 0.014555
20 0.682366 0.376070 0.009032 0.010702
20 0.690108 0.372217 0.012473 0.010702
20 0.689247 0.380565 0.009032 0.010274
20 0.700215 0.379067 0.017204 0.015839
20 0.687527 0.392765 0.013333 0.013271
20 0.698710 0.400685 0.015914 0.014555
20 0.699570 0.411815 0.013333 0.012842
20 0.712043 0.394692 0.011613 0.013699
20 0.719570 0.390839 0.013763 0.011986
20 0.736989 0.405180 0.016774 0.014127
20 0.733978 0.421019 0.015914 0.014983
20 0.730753 0.438784 0.012043 0.011986
20 0.718925 0.433005 0.013333 0.014127
20 0.705591 0.427654 0.014194 0.013699
20 0.687312 0.427440 0.016344 0.014983
20 0.701720 0.443921 0.012473 0.012842
20 0.707957 0.447774 0.009462 0.010274
20 0.713763 0.452697 0.010753 0.012414
20 0.721075 0.458476 0.012473 0.012842
20 0.635054 0.420805 0.014194 0.012842
20 0.726022 0.476884 0.015484 0.014555
20 0.635914 0.466396 0.017634 0.015839
20 0.665806 0.463613 0.012903 0.013699
20 0.672258 0.467894 0.015484 0.011986
20 0.673333 0.477526 0.015914 0.012414
20 0.707312 0.476884 0.014194 0.012842
20 0.707097 0.486087 0.018925 0.012414
20 0.679140 0.501070 0.021505 0.018408
20 0.648172 0.507277 0.015484 0.013699
20 0.740430 0.467038 0.012473 0.012842
20 0.745376 0.461259 0.010323 0.008990
20 0.740860 0.452911 0.009892 0.009418
20 0.746237 0.444777 0.010323 0.009418
20 0.758280 0.450128 0.011183 0.009846
20 0.754839 0.442423 0.008602 0.006421
20 0.753118 0.437500 0.010323 0.007705
20 0.749677 0.431079 0.011183 0.007705
20 0.756129 0.421875 0.012903 0.012414
20 0.765806 0.421233 0.012473 0.009418
20 0.764301 0.428296 0.009462 0.009846
20 0.772258 0.428296 0.014194 0.013271
20 0.750108 0.466610 0.012903 0.011986
20 0.750753 0.477312 0.016774 0.014555
20 0.787312 0.447132 0.015054 0.015839
20 0.768172 0.409247 0.015484 0.013699
20 0.778065 0.389127 0.016344 0.015411
20 0.795699 0.383990 0.014624 0.012842
20 0.796559 0.396190 0.013763 0.014127
20 0.815269 0.384204 0.017634 0.014983
20 0.812903 0.368793 0.018925 0.015839
20 0.811613 0.404752 0.010323 0.008990
20 0.811398 0.412029 0.015914 0.013271
20 0.828602 0.403039 0.015914 0.015839
20 0.844946 0.385060 0.021935 0.018408
20 0.849892 0.407320 0.017204 0.016695
20 0.807097 0.434717 0.015054 0.014983
20 0.807742 0.448202 0.014624 0.015411
20 0.847097 0.435360 0.018495 0.016267
20 0.842151 0.451199 0.017204 0.015411
20 0.837419 0.462757 0.013763 0.013699
20 0.865161 0.456764 0.021075 0.019692
20 0.925806 0.437072 0.024516 0.021404
20 0.898065 0.468536 0.019785 0.019264
20 0.912688 0.472389 0.018065 0.017551
20 0.843656 0.483947 0.015914 0.015839
20 0.855054 0.491224 0.016344 0.016695
20 0.846882 0.502783 0.020645 0.016695
20 0.808817 0.491224 0.015054 0.014127
20 0.791613 0.489512 0.015054 0.015839
20 0.793978 0.505779 0.019785 0.017551
20 0.818710 0.510702 0.015914 0.015411
20 0.713333 0.536601 0.020215 0.016695
20 0.828602 0.533818 0.022796 0.021404
20 0.800645 0.557577 0.021075 0.016695
20 0.804946 0.569563 0.015914 0.014983
20 0.820645 0.576413 0.018925 0.018408
20 0.868817 0.579623 0.022366 0.018836
20 0.847957 0.602954 0.017634 0.018408
20 0.827527 0.619435 0.019785 0.019692
20 0.861935 0.599743 0.012043 0.014555
20 0.871183 0.601884 0.013333 0.013699
20 0.867527 0.613442 0.017204 0.015411
20 0.862151 0.625642 0.019355 0.020120
20 0.879355 0.631635 0.020215 0.019264
20 0.886882 0.608305 0.020645 0.022260
20 0.770753 0.573630 0.013763 0.017979
20 0.784301 0.571918 0.017634 0.017123
20 0.762796 0.614726 0.020215 0.018836
20 0.723441 0.600385 0.021505 0.020976
20 0.712903 0.583048 0.020215 0.017123
20 0.691183 0.582192 0.020645 0.018836
20 0.661935 0.548587 0.020645 0.018408
20 0.650753 0.525257 0.015484 0.013699
20 0.660430 0.522046 0.014194 0.014127
20 0.611398 0.528253 0.017634 0.014555
20 0.606022 0.486729 0.015484 0.015411
20 0.615914 0.481378 0.014624 0.012414
20 0.631828 0.590753 0.021505 0.020548
20 0.878710 0.673373 0.023226 0.022260
20 0.815054 0.657534 0.021505 0.018836
20 0.744516 0.663099 0.026667 0.022260
20 0.800860 0.715753 0.017204 0.018836
20 0.812473 0.716824 0.018065 0.016695
20 0.811828 0.729452 0.020215 0.016267
20 0.738495 0.720676 0.023226 0.019264
20 0.728817 0.734161 0.026237 0.020548
20 0.690968 0.720676 0.021935 0.017551
20 0.674624 0.734803 0.021935 0.020120
20 0.650108 0.702697 0.021075 0.019264
20 0.641290 0.665668 0.020645 0.018836
20 0.613978 0.678938 0.017634 0.017123
20 0.610108 0.694777 0.021935 0.018836
20 0.700860 0.680437 0.018495 0.017551
20 0.714839 0.670163 0.019785 0.018408
20 0.701720 0.660317 0.020215 0.014127
20 0.696559 0.648116 0.021075 0.017123
20 0.642581 0.627997 0.021505 0.018836
20 0.609677 0.646404 0.019355 0.017123
20 0.596774 0.638485 0.016774 0.014983
20 0.587312 0.617723 0.019355 0.016267
20 0.588817 0.528467 0.017204 0.014127
20 0.589247 0.539598 0.014624 0.012414
20 0.572688 0.542594 0.014194 0.013271
20 0.559140 0.545805 0.016344 0.014555
20 0.579355 0.562714 0.013763 0.013271
20 0.568172 0.569135 0.014624 0.014127
20 0.575484 0.581336 0.016344 0.013699
20 0.601075 0.577055 0.018495 0.018836
20 0.590108 0.592894 0.016344 0.015411
20 0.556774 0.592038 0.017634 0.016267
20 0.525161 0.592466 0.018925 0.017123
20 0.555484 0.613656 0.018495 0.018408
20 0.482581 0.595676 0.018925 0.020976
20 0.490323 0.573630 0.015484 0.014555
20 0.494194 0.560574 0.016344 0.014127
20 0.477849 0.572774 0.014624 0.012842
20 0.478495 0.561858 0.015914 0.011558
20 0.495914 0.541310 0.015484 0.013271
20 0.518925 0.526113 0.018495 0.015411
20 0.535699 0.510702 0.015054 0.017123
20 0.521075 0.504067 0.015054 0.013271
20 0.513978 0.498288 0.012043 0.013699
20 0.506882 0.497860 0.012473 0.013699
20 0.492688 0.495719 0.015914 0.012842
20 0.470753 0.490368 0.013333 0.010702
20 0.454194 0.493793 0.014624 0.011558
20 0.444946 0.505137 0.015054 0.013699
20 0.456989 0.505565 0.014194 0.011986
20 0.468817 0.509846 0.017204 0.013699
20 0.484946 0.516481 0.015054 0.013271
20 0.452043 0.527825 0.014624 0.009418
20 0.446667 0.532748 0.011613 0.009846
20 0.449677 0.543664 0.013333 0.011986
20 0.459570 0.537885 0.011613 0.011558
20 0.468602 0.542166 0.010753 0.009846
20 0.474194 0.528467 0.015054 0.013271
20 0.484301 0.536601 0.013763 0.013271
20 0.440860 0.558647 0.015484 0.012842
20 0.428387 0.570634 0.013763 0.012842
20 0.509892 0.653253 0.020215 0.017979
20 0.543011 0.663955 0.021075 0.017123
20 0.565591 0.644264 0.018065 0.015411
20 0.456344 0.631635 0.013763 0.013271
20 0.444731 0.633990 0.014624 0.014555
20 0.442366 0.660531 0.016774 0.014555
20 0.473978 0.664812 0.018925 0.017123
20 0.411828 0.623930 0.015054 0.012414
20 0.403226 0.611087 0.016774 0.013271
20 0.413548 0.584760 0.009892 0.006849
20 0.421075 0.582834 0.014624 0.014127
20 0.443441 0.576413 0.008602 0.006421
20 0.414624 0.563570 0.014624 0.010702
20 0.416989 0.554366 0.013333 0.011130
20 0.403226 0.548587 0.017634 0.012414
20 0.408602 0.535103 0.014624 0.013699
20 0.392688 0.557149 0.013763 0.010702
20 0.380000 0.561858 0.012473 0.008990
20 0.391828 0.573202 0.014624 0.011986
20 0.377204 0.586473 0.013763 0.010274
20 0.357419 0.580051 0.009462 0.008562
20 0.376129 0.596747 0.010753 0.009418
20 0.370968 0.602312 0.011613 0.008562
20 0.372258 0.610017 0.014194 0.009418
20 0.378925 0.619221 0.012903 0.011558
20 0.382581 0.547303 0.013333 0.011558
20 0.370323 0.545377 0.012043 0.011130
20 0.368172 0.528682 0.013763 0.011986
20 0.354839 0.518836 0.012903 0.010274
20 0.341290 0.525899 0.014194 0.012414
20 0.339785 0.554580 0.012903 0.010702
20 0.361290 0.554366 0.011183 0.008562
20 0.364086 0.560146 0.012473 0.009846
20 0.353118 0.560360 0.011183 0.009418
20 0.347742 0.567637 0.009032 0.008562
20 0.338925 0.571276 0.011183 0.008134
20 0.333118 0.563570 0.010753 0.008990
20 0.342151 0.563998 0.009892 0.009846
20 0.346882 0.588185 0.011613 0.010274
20 0.339570 0.591824 0.010753 0.009846
20 0.327742 0.594820 0.013763 0.011558
20 0.325376 0.608519 0.012473 0.010702
20 0.345591 0.610873 0.014194 0.009418
20 0.348172 0.620719 0.014194 0.010274
20 0.365806 0.582192 0.011613 0.008562
20 0.352043 0.532534 0.009892 0.010274
20 0.359570 0.531036 0.010323 0.011558
20 0.401290 0.516695 0.013763 0.011130
20 0.420860 0.513699 0.015054 0.011986
20 0.408602 0.511772 0.014624 0.011558
20 0.526452 0.688998 0.018065 0.017551
20 0.492258 0.698202 0.017634 0.015411
20 0.478495 0.696918 0.014194 0.015411
20 0.463656 0.690497 0.017204 0.015411
20 0.449892 0.684289 0.016344 0.015839
20 0.448387 0.703767 0.017634 0.014555
20 0.474839 0.716396 0.016344 0.014127
20 0.485376 0.722175 0.016774 0.014555
20 0.538065 0.716396 0.019785 0.020120
20 0.524516 0.730308 0.019355 0.018836
20 0.503226 0.731592 0.018925 0.017123
20 0.388172 0.734803 0.017634 0.016695
20 0.368172 0.723245 0.015484 0.013271
20 0.367527 0.703767 0.013333 0.014555
20 0.378065 0.703981 0.012043 0.011558
20 0.382796 0.691567 0.013763 0.012414
20 0.364516 0.686430 0.015054 0.013271
20 0.393333 0.666310 0.015914 0.013271
20 0.344301 0.671661 0.014194 0.011986
20 0.342796 0.690925 0.015484 0.013699
20 0.339140 0.701841 0.014194 0.012414
20 0.486237 0.753639 0.019355 0.017551
20 0.504086 0.774829 0.019785 0.018836
20 0.502581 0.835188 0.021935 0.021404
20 0.478495 0.810574 0.019355 0.018408
20 0.462366 0.794307 0.019785 0.017551
20 0.455699 0.814640 0.019355 0.017979
20 0.455269 0.773545 0.017634 0.016267
20 0.441075 0.761772 0.019355 0.017551
20 0.415699 0.772046 0.015914 0.017551
20 0.398925 0.788099 0.018495 0.016267
20 0.388602 0.794307 0.018495 0.014127
20 0.417204 0.812500 0.018065 0.017123
20 0.400430 0.807363 0.016344 0.012842
20 0.401935 0.817637 0.015054 0.013699
20 0.389892 0.819349 0.015054 0.015411
20 0.371828 0.782748 0.015914 0.014127
20 0.353333 0.775471 0.017634 0.014983
20 0.333548 0.770120 0.015914 0.015411
20 0.323441 0.756421 0.018925 0.015411
20 0.341505 0.807363 0.018065 0.016267
20 0.340860 0.819991 0.019355 0.014983
20 0.357849 0.835830 0.018925 0.016695
20 0.700430 0.793022 0.022796 0.020976
20 0.716559 0.839897 0.021505 0.019692
20 0.739355 0.851455 0.021505 0.018836
20 0.779570 0.869221 0.021935 0.022688
20 0.754624 0.870933 0.021935 0.020976
20 0.741720 0.882920 0.017634 0.017551
20 0.662796 0.876712 0.023226 0.020548
20 0.617634 0.880779 0.022366 0.020976
20 0.728602 0.898330 0.020645 0.019264
20 0.690538 0.908176 0.021935 0.020976
20 0.604946 0.909461 0.017634 0.020120
20 0.590323 0.905608 0.019355 0.018408
20 0.566237 0.895120 0.023656 0.021404
20 0.478710 0.917380 0.020645 0.022260
20 0.454624 0.932577 0.020645 0.021832
20 0.425376 0.920591 0.021505 0.021832
20 0.437204 0.896404 0.020215 0.020548
20 0.388387 0.894478 0.020645 0.018408
20 0.376559 0.900899 0.019355 0.019264
20 0.344731 0.905394 0.021075 0.018836
20 0.346452 0.879709 0.019355 0.015411
20 0.305161 0.870719 0.020215 0.020548
20 0.346452 0.858091 0.019355 0.015839
20 0.346237 0.843750 0.018925 0.016267
20 0.166022 0.742080 0.024946 0.022688
20 0.251398 0.774401 0.021935 0.018836
20 0.270538 0.800300 0.020645 0.020976
20 0.304946 0.792808 0.018925 0.017123
20 0.274839 0.824700 0.023226 0.020976
20 0.295914 0.749144 0.017204 0.017123
20 0.273118 0.743151 0.019785 0.018836
20 0.276774 0.710402 0.019355 0.016695
20 0.289892 0.716396 0.017204 0.014127
20 0.313978 0.712543 0.016344 0.011558
20 0.314194 0.721747 0.014194 0.011130
20 0.327742 0.728168 0.017204 0.014555
20 0.334624 0.714041 0.017204 0.014555
20 0.310538 0.670377 0.018065 0.016267
20 0.313118 0.653682 0.015484 0.013699
20 0.322366 0.647046 0.014194 0.012414
20 0.333118 0.644478 0.013333 0.013271
20 0.286667 0.645120 0.011613 0.011986
20 0.280860 0.650043 0.014624 0.014127
20 0.270108 0.644692 0.016344 0.015411
20 0.241720 0.635274 0.018925 0.016267
20 0.214194 0.641053 0.020645 0.015839
20 0.357634 0.631849 0.014194 0.014555
20 0.388387 0.639983 0.018925 0.016267
20 0.386667 0.650899 0.015484 0.011558
20 0.302366 0.627568 0.015484 0.012842
20 0.316344 0.619649 0.011613 0.011558
20 0.327312 0.620933 0.012043 0.011558
20 0.332903 0.627783 0.011183 0.010702
20 0.325161 0.630565 0.012043 0.010274
20 0.306882 0.596961 0.013333 0.011558
20 0.285376 0.598245 0.010753 0.008990
20 0.286667 0.604666 0.009892 0.007277
20 0.272473 0.607877 0.014194 0.013699
20 0.265591 0.597175 0.015054 0.013699
20 0.233118 0.607877 0.018065 0.015411
20 0.215914 0.628853 0.019785 0.016267
20 0.251183 0.577055 0.014624 0.014555
20 0.261720 0.580479 0.012473 0.013699
20 0.286667 0.574700 0.011613 0.009846
20 0.283656 0.582834 0.012473 0.012414
20 0.292903 0.582406 0.010323 0.011558
20 0.301720 0.582620 0.011613 0.011130
20 0.310753 0.573630 0.013333 0.011986
20 0.231613 0.528896 0.016774 0.015839
20 0.241505 0.525899 0.009892 0.009846
20 0.239140 0.537885 0.015484 0.013271
20 0.252043 0.531036 0.012903 0.012414
20 0.250968 0.554152 0.015054 0.014127
20 0.264301 0.537885 0.014194 0.012414
20 0.261505 0.549872 0.010323 0.012414
20 0.269462 0.547945 0.011613 0.011986
20 0.279355 0.555651 0.014194 0.011986
20 0.275484 0.563784 0.013333 0.011130
20 0.303656 0.561216 0.017204 0.013699
20 0.309032 0.546019 0.008172 0.008134
20 0.315484 0.551370 0.012473 0.011130
20 0.292903 0.544092 0.012903 0.012842
20 0.298280 0.536387 0.009892 0.008562
20 0.303656 0.523116 0.010323 0.011130
20 0.317849 0.528467 0.010323 0.008990
20 0.314409 0.523973 0.011183 0.008562
20 0.313548 0.515197 0.012043 0.009846
20 0.307742 0.509204 0.012473 0.010702
20 0.290753 0.519050 0.013763 0.011558
20 0.285591 0.511558 0.012903 0.011130
20 0.271613 0.508348 0.012473 0.012414
20 0.263011 0.519050 0.014194 0.012414
20 0.260000 0.505351 0.014194 0.010702
20 0.257204 0.496789 0.012043 0.010702
20 0.240860 0.485017 0.016344 0.016267
20 0.226452 0.482877 0.015914 0.016267
20 0.269032 0.486943 0.014194 0.012414
20 0.269032 0.473031 0.014194 0.013699
20 0.282366 0.494435 0.011613 0.011130
20 0.296989 0.493151 0.013333 0.011130
20 0.296344 0.483947 0.011183 0.010702
20 0.307527 0.476884 0.015484 0.014555
20 0.329247 0.489940 0.012473 0.010702
20 0.330323 0.503639 0.014624 0.012414
20 0.326452 0.511558 0.012903 0.007705
20 0.329677 0.518193 0.014194 0.010702
20 0.356344 0.505565 0.014194 0.012842
20 0.380430 0.503425 0.014194 0.012842
20 0.393118 0.492723 0.013763 0.012842
20 0.368172 0.490154 0.013763 0.011986
20 0.373118 0.478596 0.013333 0.012842
20 0.357634 0.481592 0.013333 0.011986
20 0.346237 0.486087 0.013763 0.012414
20 0.335054 0.475171 0.013763 0.011130
20 0.331183 0.464041 0.012903 0.011130
20 0.058065 0.577269 0.029247 0.022688
20 0.059570 0.591396 0.015914 0.010702
20 0.104946 0.591824 0.024946 0.021832
20 0.102581 0.419521 0.022796 0.020548
20 0.089462 0.446490 0.021505 0.018836
20 0.136774 0.380993 0.022366 0.020548
20 0.175699 0.431079 0.019355 0.018836
20 0.213118 0.442637 0.017634 0.015411
20 0.221505 0.449272 0.017204 0.017551
20 0.243656 0.450342 0.018495 0.017123
20 0.236344 0.421661 0.016774 0.017123
20 0.256774 0.402183 0.018925 0.016695
20 0.223011 0.397260 0.015914 0.012842
20 0.224301 0.387414 0.015914 0.011130
20 0.212258 0.377997 0.012473 0.012842
20 0.207312 0.385702 0.015484 0.014555
20 0.190108 0.367295 0.018065 0.015411
20 0.251828 0.427012 0.012473 0.015839
20 0.261505 0.424872 0.012903 0.015839
20 0.257204 0.443493 0.013763 0.012842
20 0.268602 0.455051 0.016774 0.012842
20 0.283226 0.460402 0.013333 0.012414
20 0.273118 0.440925 0.012903 0.011986
20 0.283441 0.434289 0.018065 0.016695
20 0.296344 0.432149 0.013763 0.019264
20 0.306022 0.437072 0.014194 0.013699
20 0.304301 0.451199 0.015914 0.012842
20 0.329892 0.431507 0.018065 0.016267
20 0.338495 0.449058 0.017204 0.015411
20 0.349032 0.440497 0.017634 0.016267
20 0.361505 0.429795 0.018495 0.016267
20 0.372258 0.459974 0.016774 0.015839
20 0.387097 0.420377 0.015484 0.017123
20 0.396344 0.406678 0.013333 0.014555
20 0.404946 0.412671 0.017634 0.014555
20 0.411398 0.455908 0.015054 0.014555
20 0.416559 0.465325 0.011613 0.012842
20 0.427097 0.461687 0.016344 0.019264
20 0.418280 0.479666 0.015054 0.014127
20 0.412473 0.496147 0.013763 0.011986
20 0.433763 0.476670 0.014194 0.014127
20 0.450968 0.455479 0.018495 0.013699
20 0.453118 0.442851 0.014194 0.013271
20 0.441075 0.432791 0.015914 0.015411
20 0.448602 0.418022 0.018065 0.015839
20 0.468387 0.445205 0.016344 0.016267
20 0.486452 0.455908 0.016344 0.016267
20 0.503011 0.470034 0.016774 0.014555
20 0.505376 0.448844 0.012043 0.011558
20 0.513333 0.440283 0.012473 0.011558
20 0.523441 0.444135 0.015484 0.015839
20 0.540645 0.453125 0.017204 0.014983
20 0.541075 0.432149 0.015484 0.015839
20 0.524301 0.410745 0.018065 0.014983
20 0.518065 0.425300 0.010753 0.012414
20 0.508817 0.425514 0.011183 0.011986
20 0.505161 0.433005 0.013333 0.011558
20 0.498710 0.439212 0.015054 0.012842
20 0.575484 0.451627 0.017204 0.016267
20 0.576344 0.464255 0.013763 0.013271
20 0.568602 0.479024 0.014624 0.014555
20 0.556129 0.474957 0.014624 0.012414
20 0.553118 0.484161 0.014624 0.013699
20 0.543441 0.476884 0.015914 0.016267
20 0.589892 0.482235 0.014194 0.014127
20 0.594839 0.457406 0.017204 0.015839
20 0.619140 0.434932 0.017634 0.016267
20 0.615699 0.412029 0.015914 0.015839
20 0.538495 0.395976 0.016344 0.014555
20 0.450108 0.384204 0.018495 0.017551
20 0.349892 0.318493 0.021075 0.019692
20 0.395484 0.315497 0.020215 0.018836
20 0.431828 0.301798 0.018925 0.017979
20 0.394839 0.342894 0.018065 0.017123
20 0.412043 0.340539 0.017204 0.018408
20 0.411183 0.359375 0.018065 0.015839
20 0.429462 0.359375 0.015914 0.017551
20 0.447312 0.355094 0.016344 0.013271
20 0.445161 0.338399 0.015484 0.017551
20 0.461505 0.341610 0.018065 0.016267
20 0.465806 0.368365 0.019785 0.017551
20 0.502796 0.344178 0.017204 0.017123
20 0.515914 0.332406 0.016774 0.014127
20 0.527742 0.321918 0.017204 0.016267
20 0.505376 0.308433 0.016344 0.014983
20 0.467097 0.293878 0.018065 0.016695
20 0.513118 0.292380 0.018065 0.014555
20 0.519570 0.276113 0.016344 0.016267
20 0.469892 0.270334 0.016774 0.020120
20 0.451398 0.263699 0.016774 0.016267
20 0.475054 0.250642 0.013333 0.016695
20 0.486667 0.249572 0.015054 0.018836
20 0.415269 0.217680 0.020215 0.021832
20 0.454839 0.216824 0.018495 0.018408
20 0.466667 0.226241 0.013763 0.015839
20 0.449462 0.243151 0.018925 0.018836
20 0.530538 0.238656 0.019355 0.018408
20 0.512473 0.208690 0.015914 0.014983
20 0.520215 0.214041 0.015054 0.017123
20 0.517419 0.193493 0.018925 0.017979
20 0.176559 0.156464 0.021075 0.020976
20 0.227742 0.123716 0.024516 0.022260
20 0.286882 0.073416 0.020645 0.020976
20 0.278710 0.089683 0.023226 0.021832
20 0.300860 0.117509 0.019355 0.021832
20 0.372688 0.130565 0.021075 0.019692
20 0.376559 0.147688 0.018495 0.019692
20 0.359140 0.153682 0.017204 0.019692
20 0.344516 0.149829 0.017204 0.018836
20 0.310108 0.164812 0.019785 0.020548
20 0.311828 0.193279 0.023226 0.020120
20 0.242796 0.175942 0.022796 0.020548
20 0.118925 0.216824 0.025376 0.022688
20 0.224301 0.209332 0.019355 0.022260
20 0.258925 0.201413 0.018925 0.021832
20 0.241075 0.211259 0.018495 0.015839
20 0.241720 0.224743 0.015484 0.014555
20 0.255914 0.227526 0.015484 0.018408
20 0.264731 0.233733 0.015914 0.018836
20 0.283011 0.244221 0.018065 0.018408
20 0.314839 0.227312 0.022366 0.019692
20 0.267097 0.268622 0.018925 0.020120
20 0.244731 0.268622 0.018925 0.017551
20 0.239140 0.279966 0.018925 0.019692
20 0.129247 0.278682 0.021935 0.019692
20 0.124946 0.305009 0.021075 0.019264
20 0.321720 0.311002 0.018925 0.020120
20 0.287527 0.315068 0.018495 0.019692
20 0.305591 0.324700 0.018495 0.016695
20 0.317849 0.338185 0.017204 0.016267
20 0.318280 0.352526 0.018065 0.016695
20 0.265806 0.330908 0.018925 0.017979
20 0.269032 0.346747 0.017634 0.017979
20 0.252688 0.344178 0.017634 0.017123
20 0.233548 0.315925 0.017204 0.016267
20 0.230538 0.330479 0.018925 0.017123
20 0.193333 0.351884 0.018495 0.017123
20 0.182796 0.329409 0.018925 0.019264
20 0.156129 0.325342 0.019785 0.018836
20 0.144086 0.334332 0.019785 0.017123
20 0.116559 0.324914 0.017204 0.018836
20 0.101075 0.322346 0.019785 0.020548
20 0.080215 0.305865 0.021935 0.020120
20 0.065806 0.311430 0.018925 0.022688
20 0.642151 0.028253 0.017204 0.019692