20 0.708061 0.682435 0.027887 0.028033
20 0.676035 0.689663 0.021351 0.017083
20 0.420261 0.633596 0.029194 0.033728
20 0.204793 0.233465 0.035730 0.030661
20 0.369281 0.049277 0.031808 0.031975
20 0.338780 0.087166 0.031808 0.029785
20 0.372767 0.116294 0.036166 0.028471
20 0.419826 0.110162 0.030937 0.030223
20 0.447277 0.087604 0.028322 0.028033
20 0.505447 0.121332 0.032244 0.027157
20 0.332680 0.160534 0.030937 0.026719
20 0.301525 0.144547 0.024401 0.021025
20 0.297821 0.122427 0.023965 0.021463
20 0.282353 0.128778 0.024401 0.022777
20 0.284096 0.145642 0.024401 0.022339
20 0.218083 0.144109 0.029194 0.026281
20 0.402179 0.229742 0.027887 0.023215
20 0.347059 0.247481 0.027451 0.027157
20 0.536819 0.157468 0.024401 0.023215
20 0.554684 0.157030 0.017429 0.025843
20 0.569499 0.161629 0.020044 0.022777
20 0.563181 0.175208 0.023965 0.021025
20 0.551198 0.190977 0.025272 0.023653
20 0.574292 0.186816 0.022658 0.022339
20 0.551634 0.211345 0.025272 0.023215
20 0.644009 0.201489 0.025272 0.025405
20 0.621569 0.250329 0.023965 0.024091
20 0.639434 0.258432 0.024837 0.021025
20 0.642266 0.272887 0.026144 0.014017
20 0.202832 0.180902 0.026580 0.021025
20 0.683442 0.202803 0.024837 0.028909
20 0.691503 0.252738 0.027887 0.028909
20 0.742266 0.264783 0.028322 0.021463
20 0.738562 0.280333 0.030501 0.028033
20 0.797168 0.267630 0.028322 0.028909
20 0.762309 0.308147 0.023965 0.028471
20 0.591721 0.328734 0.026144 0.024091
20 0.556863 0.311651 0.027887 0.028471
20 0.519172 0.281647 0.030065 0.025405
20 0.515904 0.320631 0.027015 0.022777
20 0.466013 0.362681 0.032680 0.025405
20 0.514815 0.347569 0.022222 0.024967
20 0.529194 0.353044 0.019608 0.024529
20 0.577124 0.346474 0.026580 0.023653
20 0.611547 0.345379 0.024837 0.026719
20 0.567756 0.393123 0.027015 0.026719
20 0.930719 0.279676 0.023529 0.026719
20 0.934205 0.345598 0.027015 0.028909
20 0.879956 0.387867 0.031808 0.026719
20 0.924183 0.380201 0.028758 0.029785
20 0.960131 0.381516 0.025708 0.021901
20 0.966885 0.402322 0.023529 0.026719
20 0.925708 0.401007 0.026580 0.024967
20 0.916122 0.411958 0.022222 0.021463
20 0.908715 0.438896 0.027451 0.027157
20 0.812636 0.411520 0.029630 0.031975
20 0.759695 0.392247 0.028322 0.029347
20 0.729630 0.402102 0.024837 0.021901
20 0.714815 0.413053 0.024837 0.021025
20 0.706318 0.425975 0.027015 0.020587
20 0.662963 0.428165 0.025708 0.023215
20 0.625926 0.412177 0.024837 0.022777
20 0.636819 0.440648 0.026580 0.024529
20 0.610675 0.460140 0.028322 0.024967
20 0.643355 0.462549 0.021351 0.021901
20 0.691721 0.458607 0.023965 0.026281
20 0.711111 0.466710 0.022658 0.024967
20 0.768192 0.462549 0.027015 0.026281
20 0.808932 0.480508 0.025708 0.024529
20 0.553595 0.445905 0.023965 0.021025
20 0.577560 0.456198 0.020479 0.017083
20 0.579956 0.467148 0.018301 0.016207
20 0.565577 0.464520 0.018301 0.017959
20 0.558170 0.472186 0.017429 0.020149
20 0.545098 0.467148 0.019172 0.018835
20 0.519826 0.475033 0.024401 0.020587
20 0.972767 0.489488 0.028322 0.027595
20 0.780174 0.506351 0.028322 0.021901
20 0.789542 0.534166 0.023529 0.024091
20 0.805447 0.535699 0.020479 0.021025
20 0.813943 0.545773 0.020915 0.019273
20 0.871024 0.580815 0.029630 0.029785
20 0.912636 0.599650 0.030065 0.028033
20 0.776906 0.578406 0.027887 0.024091
20 0.786492 0.603373 0.027015 0.024091
20 0.735076 0.590670 0.031373 0.025843
20 0.736383 0.551686 0.026144 0.026719
20 0.732898 0.534166 0.022658 0.021463
20 0.723965 0.501533 0.025708 0.023653
20 0.693900 0.501752 0.024837 0.021463
20 0.629412 0.500000 0.024837 0.024967
20 0.598039 0.508322 0.022222 0.018835
20 0.578431 0.496496 0.023965 0.021463
20 0.618083 0.526719 0.018736 0.022339
20 0.632680 0.529128 0.017429 0.021901
20 0.637473 0.547087 0.024401 0.022777
20 0.559041 0.523215 0.023529 0.020587
20 0.573203 0.559571 0.024837 0.021463
20 0.561656 0.575120 0.026144 0.023653
20 0.605882 0.584538 0.023965 0.024091
20 0.577342 0.592860 0.025272 0.024967
20 0.599129 0.631844 0.026144 0.024091
20 0.640959 0.634691 0.033987 0.029785
20 0.787146 0.645642 0.028322 0.029785
20 0.901307 0.657030 0.028322 0.024529
20 0.896296 0.671923 0.025272 0.022777
20 0.927887 0.689444 0.023094 0.027157
20 0.850109 0.698423 0.031373 0.031099
20 0.860784 0.744196 0.025708 0.027157
20 0.886492 0.743539 0.030065 0.027595
20 0.801089 0.772887 0.030937 0.030223
20 0.740305 0.689444 0.024401 0.027157
20 0.731155 0.674989 0.022658 0.023653
20 0.674292 0.706965 0.026580 0.021901
20 0.637037 0.687692 0.026144 0.026281
20 0.630501 0.671266 0.017429 0.019711
20 0.617211 0.671923 0.017865 0.024529
20 0.583007 0.681340 0.029630 0.029347
20 0.645752 0.725580 0.026144 0.025843
20 0.529412 0.710688 0.020915 0.021463
20 0.531808 0.624398 0.028322 0.024967
20 0.538344 0.588042 0.019608 0.022339
20 0.506318 0.578625 0.025272 0.018397
20 0.507843 0.592860 0.022222 0.018835
20 0.495425 0.613228 0.018301 0.018397
20 0.478431 0.597240 0.024401 0.023215
20 0.511547 0.710688 0.024401 0.022339
20 0.512418 0.730399 0.024401 0.024091
20 0.517429 0.765440 0.027451 0.025843
20 0.692593 0.762812 0.024837 0.022339
20 0.695861 0.779895 0.021786 0.021463
20 0.655338 0.788436 0.026144 0.023653
20 0.674946 0.802891 0.022658 0.025405
20 0.747930 0.812527 0.026580 0.028909
20 0.720479 0.824135 0.029194 0.025843
20 0.695207 0.833552 0.025708 0.026281
20 0.782353 0.862243 0.029194 0.029347
20 0.751416 0.892247 0.028322 0.031537
20 0.663399 0.882392 0.029194 0.025843
20 0.644880 0.897503 0.029630 0.028033
20 0.655773 0.810775 0.024401 0.026281
20 0.632026 0.808585 0.025708 0.027157
20 0.569717 0.799606 0.026580 0.024967
20 0.588671 0.825230 0.023529 0.025405
20 0.553159 0.832019 0.030937 0.026719
20 0.521133 0.942619 0.033115 0.034166
20 0.415686 0.960140 0.031373 0.036794
20 0.451416 0.837276 0.027887 0.029347
20 0.436166 0.811870 0.018301 0.024967
20 0.421569 0.809680 0.017865 0.024091
20 0.381917 0.786246 0.023965 0.025405
20 0.362309 0.838590 0.020479 0.026719
20 0.374510 0.845598 0.021351 0.025843
20 0.369935 0.737845 0.024401 0.023215
20 0.450545 0.757556 0.025272 0.021463
20 0.294118 0.827639 0.029630 0.024967
20 0.337037 0.754490 0.024837 0.026719
20 0.296732 0.732589 0.023529 0.024967
20 0.256209 0.746386 0.027015 0.024529
20 0.251416 0.714192 0.027887 0.028471
20 0.242702 0.678274 0.027015 0.023215
20 0.180610 0.669076 0.028322 0.029347
20 0.315033 0.708279 0.025272 0.026281
20 0.315904 0.685721 0.023529 0.029347
20 0.323529 0.666667 0.017865 0.022777
20 0.340305 0.673237 0.019172 0.020149
20 0.363181 0.670609 0.018736 0.021901
20 0.379739 0.656154 0.024837 0.025405
20 0.357952 0.696452 0.020479 0.024529
20 0.369499 0.712440 0.027887 0.026719
20 0.425272 0.714411 0.040087 0.028909
20 0.304575 0.311432 0.027887 0.025405
20 0.356645 0.303329 0.026580 0.024967
20 0.357516 0.326763 0.028322 0.025405
20 0.371895 0.368813 0.023094 0.023653
20 0.211111 0.370127 0.030065 0.026281
20 0.100218 0.355891 0.033115 0.030223
20 0.316558 0.387648 0.027451 0.022777
20 0.071242 0.393780 0.030937 0.028909
20 0.038344 0.440867 0.030501 0.024967
20 0.126144 0.441962 0.028322 0.024529
20 0.108715 0.478318 0.030937 0.024529
20 0.113290 0.507665 0.025272 0.023653
20 0.127233 0.518397 0.025272 0.024967
20 0.184967 0.535918 0.028322 0.024967
20 0.209586 0.478756 0.027887 0.028909
20 0.226144 0.436487 0.024401 0.026719
20 0.286710 0.432107 0.028758 0.023215
20 0.281481 0.469777 0.024401 0.024091
20 0.280174 0.505256 0.024401 0.024091
20 0.314161 0.477004 0.023529 0.023653
20 0.322222 0.406045 0.023965 0.021901
20 0.365142 0.421156 0.025272 0.023215
20 0.374292 0.442619 0.020044 0.019711
20 0.350109 0.452913 0.020479 0.020149
20 0.364706 0.457950 0.017429 0.017083
20 0.379085 0.462768 0.015686 0.019711
20 0.394336 0.465396 0.018301 0.018835
20 0.338562 0.475471 0.019172 0.018835
20 0.345752 0.486202 0.020479 0.016645
20 0.337037 0.511389 0.020479 0.019711
20 0.351198 0.510293 0.015686 0.018397
20 0.350980 0.529347 0.020479 0.019711
20 0.258388 0.548839 0.027887 0.024529
20 0.248802 0.577749 0.023529 0.024529
20 0.269499 0.575120 0.022222 0.022777
20 0.356863 0.564608 0.022658 0.023653
20 0.377996 0.555410 0.020479 0.020149
20 0.391721 0.552124 0.016558 0.017959
20 0.381699 0.500876 0.019172 0.017083
20 0.388017 0.512703 0.016993 0.013579
20 0.395207 0.507227 0.016558 0.016645
20 0.409150 0.503504 0.015686 0.014455
20 0.415904 0.498686 0.018736 0.017959
20 0.423312 0.486859 0.023965 0.020587
20 0.439434 0.485983 0.015251 0.017959
20 0.449237 0.494525 0.019172 0.017521
20 0.437473 0.521901 0.021786 0.017959
20 0.426580 0.532852 0.020044 0.017959
20 0.410893 0.530004 0.015686 0.013141
20 0.408497 0.537451 0.016993 0.013141
20 0.394771 0.526938 0.020915 0.018397
20 0.417429 0.554314 0.020044 0.017959
20 0.426580 0.550810 0.016558 0.017083
20 0.451852 0.552562 0.022658 0.020587
20 0.485403 0.531318 0.022658 0.019273
20 0.496296 0.523653 0.019172 0.018835
20 0.521786 0.507227 0.023094 0.021901
20 0.542702 0.544240 0.021351 0.020587
20 0.505664 0.545992 0.024837 0.024967
20 0.464706 0.572492 0.020479 0.020149
20 0.445969 0.591327 0.021351 0.020149
20 0.393682 0.580815 0.022222 0.021025
20 0.393246 0.602059 0.023965 0.021463
20 0.236383 0.620018 0.025708 0.024967
20 0.254902 0.630749 0.027015 0.021025
20 0.308279 0.644985 0.027451 0.022339
20 0.155991 0.573149 0.028758 0.026719
20 0.087364 0.653526 0.032680 0.026281
20 0.418519 0.676303 0.023094 0.021901
20 0.406972 0.683749 0.020044 0.020149
20 0.440087 0.712002 0.020044 0.015331
20 0.438780 0.731932 0.020044 0.017521
20 0.408279 0.738502 0.019172 0.014893
20 0.412200 0.727332 0.018301 0.014455
20 0.426362 0.735655 0.019608 0.019711
20 0.721569 0.077311 0.029630 0.027595
20 0.776253 0.109286 0.026580 0.025843
20 0.508279 0.433640 0.028322 0.025405