21 0.461522 0.393157 0.028175 0.034005
21 0.473717 0.342359 0.023970 0.028128
21 0.456897 0.307095 0.021447 0.025609
21 0.423255 0.309194 0.019765 0.023929
21 0.432506 0.328925 0.023970 0.023929
21 0.137090 0.232578 0.031119 0.043661
21 0.165475 0.204240 0.028175 0.023929
21 0.177040 0.184509 0.022708 0.023929
21 0.184188 0.163308 0.022708 0.026868
21 0.210892 0.146935 0.025652 0.031066
21 0.136249 0.276868 0.015980 0.018052
21 0.120900 0.291352 0.020606 0.022670
21 0.092725 0.313182 0.027334 0.024349
21 0.082843 0.395256 0.022708 0.026448
21 0.029226 0.431990 0.020606 0.022670
21 0.052565 0.462846 0.024390 0.026448
21 0.149706 0.511125 0.023549 0.026448
21 0.177040 0.499160 0.021867 0.021830
21 0.181455 0.452351 0.011354 0.020571
21 0.222666 0.490974 0.013036 0.010495
21 0.213415 0.466415 0.018923 0.014274
21 0.212363 0.451301 0.016821 0.015953
21 0.225189 0.438287 0.018082 0.022670
21 0.239907 0.384341 0.020606 0.025609
21 0.198907 0.375945 0.015980 0.020571
21 0.181245 0.384761 0.022708 0.026448
21 0.164634 0.334173 0.018082 0.021830
21 0.068545 0.537993 0.023549 0.027288
21 0.112279 0.560663 0.024390 0.027288
21 0.123213 0.585642 0.015980 0.015113
21 0.113331 0.598866 0.020606 0.020571
21 0.131203 0.612091 0.022708 0.024349
21 0.113331 0.662469 0.018923 0.023510
21 0.149495 0.710537 0.025652 0.027288
21 0.173465 0.725231 0.020606 0.028128
21 0.205425 0.601385 0.025652 0.028128
21 0.266821 0.658480 0.025652 0.027288
21 0.308032 0.652393 0.026493 0.031906
21 0.266190 0.694374 0.022708 0.023510
21 0.195122 0.547649 0.021867 0.020571
21 0.186081 0.524769 0.028175 0.021830
21 0.253574 0.558144 0.021867 0.020571
21 0.274390 0.544500 0.018082 0.021830
21 0.322750 0.574097 0.018923 0.020571
21 0.297519 0.572208 0.020606 0.030227
21 0.363541 0.493073 0.018923 0.020571
21 0.395921 0.485936 0.027334 0.027288
21 0.431455 0.588161 0.022708 0.024349
21 0.466358 0.602015 0.022708 0.023510
21 0.439235 0.629933 0.026493 0.028128
21 0.578638 0.575567 0.016821 0.015953
21 0.639613 0.620487 0.015980 0.015113
21 0.650336 0.584173 0.018082 0.012175
21 0.652019 0.607683 0.019765 0.025609
21 0.603869 0.641268 0.023549 0.034005
21 0.576114 0.635600 0.022708 0.030227
21 0.363120 0.619857 0.019765 0.025609
21 0.343146 0.598237 0.021867 0.031066
21 0.246005 0.524979 0.015980 0.028128
21 0.260723 0.524979 0.015139 0.020571
21 0.252733 0.496641 0.021867 0.021830
21 0.252733 0.479429 0.021867 0.015953
21 0.236543 0.461167 0.012195 0.020571
21 0.245374 0.441016 0.026493 0.020571
21 0.249369 0.463896 0.015139 0.024349
21 0.268923 0.783165 0.020606 0.027288
21 0.280908 0.737825 0.015980 0.018052
21 0.291842 0.710957 0.015139 0.026448
21 0.308242 0.710118 0.015980 0.026448
21 0.330530 0.706339 0.022708 0.028128
21 0.340833 0.754618 0.028175 0.034845
21 0.390875 0.754618 0.020606 0.027288
21 0.374685 0.779807 0.016821 0.018892
21 0.387931 0.684929 0.020606 0.033165
21 0.403911 0.714106 0.025652 0.023510
21 0.422204 0.731108 0.015139 0.027288
21 0.445122 0.746641 0.019765 0.018892
21 0.426409 0.781486 0.014298 0.020571
21 0.481077 0.714316 0.015980 0.018052
21 0.538688 0.715155 0.014298 0.018052
21 0.452271 0.764484 0.018923 0.014274
21 0.438604 0.764484 0.015980 0.014274
21 0.448066 0.779177 0.019765 0.023510
21 0.469092 0.767212 0.018082 0.018052
21 0.464466 0.782326 0.013036 0.012175
21 0.469933 0.801217 0.010513 0.013014
21 0.477502 0.789673 0.018082 0.021830
21 0.491800 0.780856 0.020606 0.024349
21 0.511354 0.759656 0.021867 0.025609
21 0.526493 0.748531 0.015980 0.024349
21 0.540791 0.740974 0.021867 0.022670
21 0.556140 0.747901 0.018923 0.026448
21 0.593987 0.727330 0.020606 0.027288
21 0.259251 0.862091 0.025652 0.034005
21 0.329058 0.857683 0.018082 0.021830
21 0.357443 0.843619 0.021867 0.025609
21 0.382464 0.863350 0.020606 0.025609
21 0.395711 0.904072 0.024390 0.033165
21 0.449117 0.872586 0.023549 0.027288
21 0.484651 0.868388 0.018923 0.020571
21 0.503785 0.863140 0.021867 0.021830
21 0.489066 0.895046 0.016821 0.015113
21 0.503785 0.887070 0.015980 0.024349
21 0.518923 0.887070 0.014298 0.021830
21 0.535114 0.888539 0.018082 0.019731
21 0.546468 0.897565 0.018082 0.015113
21 0.547519 0.923804 0.024390 0.028128
21 0.519134 0.839631 0.018082 0.021830
21 0.533221 0.819479 0.015980 0.022670
21 0.548360 0.828296 0.021867 0.021830
21 0.568335 0.850126 0.018923 0.021830
21 0.588730 0.838371 0.023549 0.022670
21 0.590412 0.857893 0.022708 0.020571
21 0.598823 0.880353 0.024390 0.023510
21 0.573171 0.896306 0.024390 0.029387
21 0.603448 0.913938 0.024390 0.030227
21 0.623213 0.904492 0.016821 0.026448
21 0.652649 0.875945 0.030278 0.026448
21 0.617115 0.827876 0.018082 0.030227
21 0.622161 0.794500 0.028175 0.027288
21 0.617325 0.691646 0.021867 0.033165
21 0.622582 0.719563 0.026493 0.022670
21 0.668419 0.727330 0.025652 0.027288
21 0.642136 0.821159 0.022708 0.022670
21 0.645921 0.844039 0.022708 0.020571
21 0.678091 0.904702 0.018923 0.023510
21 0.694071 0.916877 0.020606 0.023510
21 0.715307 0.906801 0.021867 0.029387
21 0.709630 0.838161 0.019765 0.018892
21 0.708158 0.816121 0.024390 0.021830
21 0.738436 0.819060 0.024390 0.021830
21 0.742431 0.835852 0.026493 0.015953
21 0.744954 0.855374 0.025652 0.020571
21 0.742010 0.770151 0.027334 0.025609
21 0.759882 0.743913 0.021867 0.024349
21 0.790580 0.771411 0.024390 0.020571
21 0.783431 0.712427 0.029437 0.029387
21 0.886880 0.671704 0.024390 0.023510
21 0.938604 0.646935 0.039529 0.052897
21 0.992010 0.536944 0.015980 0.023510
21 0.923675 0.530437 0.034062 0.034845
21 0.875526 0.514484 0.024390 0.019731
21 0.909588 0.572838 0.030278 0.034845
21 0.879941 0.583333 0.020606 0.025609
21 0.834735 0.640848 0.015139 0.019731
21 0.842725 0.605374 0.023549 0.022670
21 0.800042 0.631192 0.020606 0.027288
21 0.774390 0.599286 0.026493 0.034845
21 0.740328 0.587112 0.020606 0.027288
21 0.703953 0.601805 0.021867 0.026448
21 0.702691 0.651973 0.016821 0.029387
21 0.673045 0.657641 0.018082 0.018052
21 0.659378 0.657851 0.015139 0.015953
21 0.659378 0.676952 0.022708 0.026448
21 0.694281 0.688077 0.022708 0.024349
21 0.694491 0.714316 0.018082 0.025609
21 0.719512 0.709908 0.024390 0.024349
21 0.715097 0.505877 0.026493 0.031066
21 0.737174 0.442485 0.021867 0.031066
21 0.763246 0.395466 0.022708 0.031066
21 0.798991 0.369228 0.030278 0.027288
21 0.805509 0.406171 0.028175 0.033165
21 0.845879 0.404282 0.033221 0.036944
21 0.923255 0.391478 0.018082 0.018892
21 0.931245 0.406381 0.013036 0.015113
21 0.899495 0.422544 0.031119 0.035684
21 0.918209 0.474811 0.026493 0.031066
21 0.945122 0.469563 0.025652 0.026448
21 0.747897 0.555416 0.028175 0.030227
21 0.801304 0.560873 0.018082 0.022670
21 0.816863 0.558984 0.020606 0.018892
21 0.833053 0.578296 0.022708 0.019731
21 0.813919 0.591940 0.018923 0.024349
21 0.727923 0.245592 0.016821 0.029387
21 0.749579 0.234467 0.020606 0.027288
21 0.761775 0.185348 0.019765 0.027288
21 0.783431 0.208648 0.021867 0.023510
21 0.797939 0.162049 0.018923 0.030227
21 0.859546 0.207809 0.024390 0.029387
21 0.824012 0.229009 0.019765 0.028128
21 0.839992 0.245172 0.018082 0.022670
21 0.866695 0.248531 0.021867 0.023510
21 0.876156 0.269941 0.020606 0.023510
21 0.863961 0.287573 0.018082 0.024349
21 0.839151 0.272460 0.019765 0.024349
21 0.888562 0.328296 0.047098 0.037783
21 0.794996 0.307725 0.025652 0.023510
21 0.798150 0.275189 0.024390 0.026448
21 0.763877 0.276238 0.020606 0.024349
21 0.757780 0.130772 0.031119 0.033165
21 0.721825 0.123636 0.019765 0.020571
21 0.706266 0.114819 0.020606 0.025609
21 0.691337 0.090680 0.024390 0.022670
21 0.671362 0.079975 0.020606 0.028128
21 0.651808 0.070319 0.022708 0.033165
21 0.570227 0.059824 0.024390 0.027288
21 0.593146 0.095718 0.018923 0.029387
21 0.577796 0.097817 0.015139 0.024349
21 0.562027 0.096138 0.020606 0.022670
21 0.489066 0.096977 0.024390 0.024349
21 0.467410 0.155122 0.034062 0.027288
21 0.457948 0.188287 0.015139 0.019731
21 0.539319 0.202561 0.020606 0.028128
21 0.557822 0.222922 0.025652 0.023510
21 0.718251 0.354534 0.014298 0.020571
21 0.601766 0.479009 0.030278 0.031906
21 0.538898 0.408270 0.019765 0.020571
21 0.337468 0.354114 0.027334 0.027288
21 0.355341 0.316961 0.023549 0.022670
21 0.328427 0.304576 0.015139 0.011335
21 0.330109 0.281696 0.021867 0.021830
21 0.355130 0.283795 0.018923 0.022670
21 0.346299 0.242863 0.013036 0.018052
21 0.370479 0.255038 0.015980 0.019731
21 0.390664 0.249370 0.021867 0.021830
21 0.401177 0.224391 0.022708 0.018892
21 0.383726 0.281066 0.018082 0.018892
21 0.408326 0.280017 0.014298 0.016793
21 0.675147 0.437867 0.018923 0.021830
21 0.626577 0.481528 0.014298 0.021830
21 0.648444 0.465785 0.021867 0.028128
21 0.644659 0.439547 0.015980 0.022670
21 0.627839 0.429051 0.015139 0.015113
21 0.213625 0.110831 0.019344 0.018472
21 0.258621 0.124685 0.020185 0.028547
21 0.281119 0.112301 0.019765 0.029807
21 0.299201 0.103904 0.014718 0.025609
21 0.309083 0.090470 0.009251 0.012175
21 0.330320 0.091310 0.011354 0.015533
21 0.314130 0.120487 0.019344 0.028547
21 0.343776 0.103275 0.018923 0.024349
21 0.364802 0.079765 0.021447 0.030227
21 0.385408 0.110621 0.016400 0.020571
21 0.404752 0.087951 0.018082 0.023090
21 0.388352 0.072418 0.016400 0.027288
21 0.415896 0.057095 0.021026 0.024349
21 0.402439 0.179471 0.021867 0.026448
21 0.377418 0.186398 0.019765 0.021830
21 0.328007 0.217045 0.020185 0.020991
21 0.350084 0.198783 0.017241 0.016373
21 0.363961 0.206549 0.008831 0.016793
21 0.354710 0.216205 0.015559 0.018472
21 0.377418 0.209698 0.015559 0.019731
21 0.244323 0.325357 0.009251 0.009236
21 0.271867 0.422124 0.016400 0.010495
21 0.243902 0.354324 0.006728 0.005038
21 0.238436 0.342989 0.014298 0.016793
21 0.251051 0.337741 0.010934 0.017212
21 0.268293 0.336902 0.022708 0.013014
21 0.305299 0.340470 0.018503 0.019312
21 0.275862 0.350126 0.012616 0.015953
21 0.262195 0.352015 0.013036 0.015533
21 0.264718 0.315071 0.013036 0.007137
21 0.271867 0.323678 0.018923 0.014274
21 0.288267 0.322418 0.013877 0.011755
21 0.281119 0.311503 0.015559 0.011755
21 0.270395 0.301847 0.016821 0.014274
21 0.279437 0.284635 0.020606 0.021830
21 0.240328 0.311083 0.016400 0.020991
21 0.225189 0.326826 0.018082 0.013854
21 0.218671 0.315071 0.016821 0.018892
21 0.196594 0.314861 0.018082 0.017632
21 0.194491 0.331864 0.017241 0.017212
21 0.205845 0.344668 0.017241 0.016793
21 0.218040 0.349916 0.013036 0.015533
21 0.259462 0.366079 0.011775 0.011755
21 0.268923 0.367548 0.007990 0.007137
21 0.276072 0.373006 0.008831 0.012175
21 0.263036 0.389379 0.014718 0.012175
21 0.275021 0.383291 0.010934 0.008396
21 0.264508 0.377204 0.015139 0.010495
21 0.294365 0.376574 0.015139 0.018472
21 0.268293 0.407851 0.012616 0.010495
21 0.277965 0.399034 0.012616 0.015533
21 0.300673 0.393157 0.020185 0.019731
21 0.316653 0.408060 0.021026 0.019312
21 0.272918 0.440806 0.017662 0.014274
21 0.291001 0.448153 0.016821 0.015533
21 0.276493 0.454870 0.009672 0.009656
21 0.269765 0.462636 0.016400 0.013434
21 0.285744 0.465365 0.015559 0.017212
21 0.274601 0.478380 0.011775 0.015533
21 0.285955 0.479639 0.010934 0.012175
21 0.303616 0.460327 0.008410 0.006297
21 0.310345 0.445214 0.020185 0.019731
21 0.314760 0.471872 0.018923 0.016793
21 0.302145 0.495592 0.013036 0.017212
21 0.290370 0.494123 0.010513 0.016793
21 0.278385 0.507347 0.019344 0.020571
21 0.506308 0.218094 0.016821 0.018892
21 0.490959 0.219144 0.018082 0.016793
21 0.487805 0.234257 0.012616 0.013434
21 0.477082 0.231108 0.013877 0.019731
21 0.461312 0.219144 0.018503 0.016793
21 0.441758 0.223342 0.009672 0.011755
21 0.439235 0.233207 0.013036 0.015533
21 0.427881 0.237196 0.011354 0.012594
21 0.436712 0.249580 0.013036 0.013014
21 0.423675 0.257767 0.018923 0.016793
21 0.442599 0.263224 0.019765 0.017632
21 0.451220 0.279387 0.020185 0.015533
21 0.456266 0.239505 0.012616 0.013014
21 0.462574 0.250210 0.011775 0.012594
21 0.493482 0.250210 0.011354 0.017632
21 0.504415 0.253359 0.011354 0.015533
21 0.518293 0.253988 0.013877 0.019312
21 0.507569 0.272250 0.008410 0.013014
21 0.490118 0.265113 0.007149 0.007976
21 0.472456 0.272880 0.008831 0.008396
21 0.477082 0.260495 0.018082 0.012175
21 0.484441 0.277918 0.013457 0.015953
21 0.496215 0.270571 0.011775 0.011335
21 0.493692 0.283165 0.008410 0.009656
21 0.506308 0.288833 0.009251 0.007557
21 0.518503 0.300378 0.014298 0.014694
21 0.523129 0.279177 0.014298 0.017632
21 0.549622 0.264484 0.018503 0.020991
21 0.572119 0.264064 0.019765 0.023510
21 0.591043 0.278547 0.016400 0.019731
21 0.616274 0.284425 0.018923 0.021411
21 0.633726 0.282746 0.015980 0.018892
21 0.624054 0.311083 0.015980 0.018472
21 0.591253 0.304576 0.014298 0.018052
21 0.577586 0.305206 0.013036 0.020151
21 0.574012 0.284005 0.007569 0.011335
21 0.562447 0.288833 0.014718 0.017632
21 0.543734 0.287573 0.014298 0.014274
21 0.540370 0.300798 0.012616 0.013014
21 0.534062 0.311293 0.013457 0.016373
21 0.525652 0.323678 0.016821 0.019312
21 0.553406 0.326826 0.009251 0.013854
21 0.567073 0.329345 0.016400 0.021411
21 0.538898 0.346138 0.018923 0.018892
21 0.570017 0.350966 0.018082 0.020991
21 0.599453 0.358732 0.018923 0.026448
21 0.628680 0.348447 0.019344 0.020151
21 0.562447 0.398825 0.010513 0.018472
21 0.578217 0.386650 0.012616 0.015113
21 0.577796 0.406171 0.015139 0.023090
21 0.593146 0.414568 0.016400 0.021411
21 0.604289 0.395676 0.016821 0.028967
21 0.633516 0.412678 0.013036 0.011755
21 0.634777 0.399454 0.013036 0.017212
21 0.649285 0.407011 0.014298 0.018052
21 0.648865 0.390008 0.017662 0.017632
21 0.671152 0.403233 0.018503 0.021411
21 0.690706 0.402813 0.017241 0.022250
21 0.715517 0.404492 0.011354 0.014694
21 0.698907 0.384761 0.014298 0.017212
21 0.716148 0.382872 0.016821 0.016793
21 0.655383 0.324937 0.018923 0.022670
21 0.659167 0.346767 0.013036 0.016793
21 0.670101 0.342779 0.007990 0.012175
21 0.666737 0.359992 0.017241 0.017212
21 0.683978 0.339631 0.017241 0.020151
21 0.693650 0.355164 0.017241 0.017632