21 0.903133 0.257938 0.039571 0.040825
21 0.948269 0.297526 0.028442 0.040825
21 0.979184 0.418763 0.028442 0.030928
21 0.890767 0.560619 0.043693 0.046598
21 0.839860 0.478557 0.032564 0.040825
21 0.891797 0.613814 0.042457 0.042474
21 0.813067 0.654021 0.040808 0.043711
21 0.763809 0.635670 0.035449 0.040825
21 0.752885 0.463093 0.030915 0.043711
21 0.804617 0.311134 0.035449 0.042474
21 0.779266 0.260825 0.038335 0.040825
21 0.762984 0.216907 0.025556 0.023918
21 0.789159 0.190928 0.032564 0.033814
21 0.752473 0.188247 0.038335 0.036701
21 0.760099 0.136495 0.045342 0.043711
21 0.731657 0.061443 0.033800 0.029691
21 0.666735 0.108660 0.042457 0.050722
21 0.574196 0.073402 0.035449 0.045361
21 0.492374 0.037320 0.032564 0.032577
21 0.560800 0.160412 0.036686 0.049485
21 0.604081 0.144330 0.032564 0.045361
21 0.632317 0.190103 0.035449 0.035464
21 0.589035 0.234227 0.039571 0.035464
21 0.495054 0.171753 0.043693 0.040825
21 0.485367 0.209485 0.038335 0.039588
21 0.416529 0.241237 0.042457 0.043711
21 0.375515 0.181649 0.039571 0.046598
21 0.348516 0.125155 0.036686 0.040825
21 0.280297 0.184536 0.049464 0.046598
21 0.329143 0.301443 0.042457 0.039588
21 0.223413 0.337113 0.049464 0.046598
21 0.229184 0.300619 0.029678 0.023918
21 0.122012 0.300619 0.035449 0.023918
21 0.104699 0.330309 0.029678 0.029691
21 0.145095 0.256495 0.033800 0.043711
21 0.192292 0.256907 0.026793 0.029691
21 0.207131 0.235670 0.030915 0.038351
21 0.229184 0.237732 0.015664 0.016907
21 0.235367 0.258763 0.033800 0.028454
21 0.157049 0.394021 0.049464 0.038351
21 0.068838 0.395258 0.033800 0.026804
21 0.022877 0.463299 0.032564 0.032577
21 0.067189 0.480619 0.033800 0.030928
21 0.025144 0.587010 0.025556 0.022680
21 0.041220 0.643711 0.029678 0.025567
21 0.070899 0.657938 0.035449 0.028454
21 0.114798 0.521443 0.018549 0.018557
21 0.109027 0.482887 0.026793 0.029691
21 0.133347 0.496495 0.018549 0.025567
21 0.150041 0.521031 0.029678 0.026804
21 0.146538 0.485979 0.022671 0.032577
21 0.162201 0.472990 0.028442 0.023918
21 0.160140 0.441856 0.026793 0.026804
21 0.182811 0.460825 0.032564 0.030928
21 0.301525 0.475876 0.032564 0.035464
21 0.263603 0.590309 0.030915 0.021031
21 0.224237 0.601237 0.025556 0.019794
21 0.193322 0.604742 0.019786 0.032577
21 0.170651 0.615258 0.025556 0.033814
21 0.175598 0.568454 0.023908 0.030928
21 0.163644 0.589072 0.033800 0.018557
21 0.142828 0.568866 0.032564 0.028454
21 0.353050 0.493402 0.030915 0.030928
21 0.242786 0.633196 0.019786 0.018557
21 0.268961 0.642062 0.026793 0.045361
21 0.298434 0.664330 0.035449 0.035464
21 0.294930 0.706392 0.028442 0.035464
21 0.239901 0.708454 0.033800 0.039588
21 0.202597 0.693196 0.032564 0.033814
21 0.227947 0.824536 0.049464 0.036701
21 0.198269 0.885361 0.023908 0.025567
21 0.285037 0.834021 0.030915 0.038351
21 0.290602 0.794845 0.039571 0.036701
21 0.327494 0.825979 0.036686 0.039588
21 0.384171 0.792165 0.033800 0.033814
21 0.371393 0.852165 0.039571 0.038351
21 0.396538 0.926598 0.033800 0.039588
21 0.763603 0.898763 0.026793 0.032577
21 0.795548 0.850928 0.025556 0.032577
21 0.875515 0.773608 0.023908 0.039588
21 0.932605 0.736289 0.022671 0.026804
21 0.853462 0.683299 0.028442 0.025567
21 0.833471 0.717113 0.014015 0.019794
21 0.855523 0.716907 0.026793 0.030928
21 0.810387 0.735258 0.029678 0.033814
21 0.802350 0.772784 0.030915 0.029691
21 0.713314 0.790722 0.050701 0.048247
21 0.642003 0.816082 0.040808 0.033814
21 0.680956 0.729691 0.033800 0.036701
21 0.611707 0.754639 0.025556 0.029691
21 0.584913 0.763918 0.025556 0.036701
21 0.571517 0.804742 0.026793 0.028454
21 0.551731 0.863299 0.026793 0.021031
21 0.531121 0.827629 0.036686 0.039588
21 0.490932 0.874845 0.043693 0.038351
21 0.526793 0.890309 0.033800 0.035464
21 0.350783 0.625979 0.029678 0.029691
21 0.372836 0.546186 0.042457 0.048247
21 0.417972 0.530928 0.019786 0.019381
21 0.459810 0.484948 0.040808 0.039588
21 0.456101 0.521237 0.028442 0.032165
21 0.446414 0.550928 0.023083 0.029691
21 0.472383 0.567216 0.029678 0.036701
21 0.485779 0.533814 0.024320 0.027629
21 0.504328 0.559175 0.028442 0.023918
21 0.515458 0.520619 0.030915 0.030928
21 0.545754 0.514021 0.023908 0.026804
21 0.539571 0.538969 0.033800 0.025567
21 0.535449 0.594021 0.033800 0.036701
21 0.582234 0.540412 0.028442 0.036701
21 0.576051 0.627629 0.038335 0.037938
21 0.650660 0.622680 0.028442 0.035464
21 0.600371 0.596289 0.024320 0.021443
21 0.606142 0.574639 0.031739 0.026804
21 0.633141 0.560000 0.026381 0.026392
21 0.647568 0.586598 0.022259 0.026804
21 0.660965 0.567423 0.028442 0.027216
21 0.690437 0.562268 0.025556 0.025155
21 0.685078 0.593608 0.030503 0.030103
21 0.687552 0.620000 0.025556 0.022680
21 0.676010 0.537320 0.026381 0.025567
21 0.671682 0.505361 0.031739 0.032577
21 0.651278 0.471959 0.037098 0.035052
21 0.671476 0.448454 0.026381 0.030928
21 0.658491 0.421649 0.035037 0.032577
21 0.561006 0.464948 0.037923 0.041649
21 0.532976 0.424124 0.026381 0.030928
21 0.482481 0.390103 0.016076 0.015670
21 0.498145 0.405361 0.028442 0.027216
21 0.473001 0.434639 0.025144 0.035464
21 0.441880 0.426804 0.022259 0.030515
21 0.422506 0.415670 0.016488 0.023093
21 0.420857 0.439588 0.018961 0.019794
21 0.394064 0.446804 0.024732 0.021856
21 0.392209 0.422062 0.027617 0.030928
21 0.370363 0.412371 0.021022 0.031340
21 0.350783 0.398351 0.028854 0.030515
21 0.443941 0.396289 0.017312 0.014021
21 0.443322 0.374845 0.028442 0.027216
21 0.458986 0.282680 0.025144 0.027629
21 0.474650 0.306598 0.027617 0.028454
21 0.493611 0.321443 0.025969 0.025979
21 0.497733 0.345773 0.025969 0.020206
21 0.522671 0.318144 0.023083 0.025979
21 0.539159 0.296701 0.023083 0.025155
21 0.573166 0.339588 0.020198 0.018557
21 0.583677 0.362474 0.027205 0.029691
21 0.610058 0.347629 0.029678 0.032990
21 0.430544 0.340619 0.021847 0.030515
21 0.411583 0.351134 0.024320 0.022680
21 0.398186 0.368454 0.027205 0.025979
21 0.373866 0.356495 0.024732 0.024330
21 0.351814 0.657526 0.025969 0.030103
21 0.392003 0.630928 0.024732 0.024742
21 0.391385 0.660000 0.031739 0.030928
21 0.399217 0.689485 0.037510 0.025567
21 0.396331 0.719794 0.037510 0.033402
21 0.427659 0.714433 0.021847 0.024330
21 0.442292 0.750515 0.030503 0.033814
21 0.433636 0.782474 0.033800 0.031753
21 0.471146 0.735052 0.025556 0.029278
21 0.503298 0.747835 0.019786 0.027629
21 0.529472 0.758557 0.027617 0.028454
21 0.539571 0.733814 0.022259 0.022680
21 0.560594 0.741237 0.009068 0.008660
21 0.572547 0.728247 0.025556 0.032990
21 0.564922 0.697320 0.024320 0.028866
21 0.606142 0.699794 0.029266 0.031340
21 0.619538 0.678969 0.030503 0.030928
21 0.535449 0.645979 0.037923 0.036701
21 0.477947 0.615052 0.021847 0.022680
21 0.448063 0.614639 0.029678 0.032577
21 0.423124 0.632165 0.024320 0.030515
21 0.433430 0.648247 0.008656 0.011546
21 0.447238 0.642474 0.027205 0.023918
21 0.478772 0.641237 0.030091 0.025567
21 0.489077 0.669485 0.027617 0.030928
21 0.454658 0.665361 0.022259 0.022680
21 0.440025 0.688041 0.030091 0.030103
21 0.469291 0.702887 0.028442 0.025979
21 0.507626 0.696082 0.026793 0.029691