21 0.333955 0.282763 0.006219 0.017947
21 0.326700 0.283389 0.009121 0.016694
21 0.323176 0.272120 0.019486 0.014190
21 0.313640 0.246870 0.015340 0.013773
21 0.317786 0.239149 0.014511 0.010851
21 0.313433 0.230175 0.010779 0.010434
21 0.299751 0.240818 0.009950 0.010851
21 0.303275 0.233097 0.009536 0.012104
21 0.287521 0.239983 0.015340 0.015860
21 0.459577 0.253965 0.012852 0.014608
21 0.446932 0.256469 0.014925 0.013773
21 0.778192 0.258556 0.013267 0.013773
21 0.766791 0.254800 0.013682 0.014608
21 0.670605 0.694699 0.014511 0.012104
21 0.667289 0.681344 0.012023 0.017112
21 0.528607 0.412980 0.012438 0.013773
21 0.516998 0.413815 0.011609 0.013773
21 0.531924 0.400459 0.015755 0.013773
21 0.509328 0.640651 0.023632 0.022538
21 0.212065 0.635225 0.015340 0.015025
21 0.224502 0.630008 0.016998 0.015442
21 0.109453 0.462020 0.022388 0.018364
21 0.085821 0.575125 0.024876 0.023372
21 0.110282 0.561561 0.022388 0.022955
21 0.114221 0.599958 0.022803 0.024624
21 0.140755 0.635434 0.024461 0.031302
21 0.101161 0.678005 0.028192 0.025459
21 0.177032 0.665067 0.021559 0.022955
21 0.195481 0.586394 0.020315 0.020868
21 0.213101 0.602671 0.019900 0.020033
21 0.215796 0.574708 0.021973 0.022538
21 0.208333 0.557805 0.022803 0.019616
21 0.233416 0.558431 0.026534 0.018364
21 0.290423 0.563230 0.021973 0.022955
21 0.298300 0.628548 0.024461 0.024207
21 0.219113 0.651085 0.019486 0.021703
21 0.225539 0.682387 0.020730 0.019199
21 0.344527 0.612896 0.019071 0.017112
21 0.334577 0.630634 0.021559 0.021703
21 0.347844 0.661519 0.025705 0.024207
21 0.121269 0.723289 0.023632 0.024207
21 0.140962 0.700751 0.021559 0.016694
21 0.141376 0.715150 0.020730 0.017112
21 0.167496 0.688648 0.018242 0.015860
21 0.169983 0.702421 0.019900 0.017529
21 0.191750 0.701586 0.018657 0.018364
21 0.204187 0.714942 0.020315 0.022538
21 0.218491 0.728297 0.017413 0.015860
21 0.202322 0.742696 0.024876 0.021285
21 0.228027 0.704508 0.020730 0.020033
21 0.243988 0.698247 0.017828 0.016694
21 0.240050 0.729341 0.017413 0.018781
21 0.256841 0.732262 0.016998 0.019616
21 0.276534 0.723915 0.018242 0.017947
21 0.290216 0.744574 0.023217 0.020868
21 0.256633 0.755426 0.019900 0.017529
21 0.274461 0.760017 0.019071 0.019199
21 0.249171 0.767947 0.019071 0.018364
21 0.235282 0.778798 0.018657 0.016694
21 0.249171 0.784850 0.024046 0.022955
21 0.268242 0.773998 0.026534 0.025459
21 0.304104 0.790693 0.023632 0.022955
21 0.309909 0.715568 0.018657 0.018781
21 0.322139 0.729967 0.020730 0.019199
21 0.345564 0.704508 0.023632 0.022538
21 0.160862 0.813022 0.027363 0.024207
21 0.250622 0.847454 0.026949 0.023790
21 0.380182 0.874374 0.021559 0.030050
21 0.382463 0.967654 0.026119 0.023790
21 0.404436 0.884599 0.018657 0.021285
21 0.411484 0.874583 0.020315 0.020451
21 0.429312 0.900250 0.023632 0.021703
21 0.429934 0.877504 0.019900 0.020451
21 0.454187 0.877087 0.022803 0.023790
21 0.434494 0.947621 0.027363 0.025459
21 0.435531 0.966820 0.021973 0.021285
21 0.491294 0.872078 0.023217 0.022955
21 0.484660 0.971202 0.025705 0.025876
21 0.516584 0.963272 0.022388 0.023372
21 0.531095 0.950334 0.024876 0.025042
21 0.558250 0.904633 0.021144 0.023790
21 0.565920 0.934891 0.023217 0.022538
21 0.547471 0.850376 0.026119 0.023790
21 0.592662 0.852462 0.024461 0.024624
21 0.617123 0.960142 0.026119 0.027129
21 0.667496 0.945952 0.024876 0.024624
21 0.651327 0.901294 0.023217 0.022955
21 0.648010 0.863314 0.021559 0.019616
21 0.664386 0.854967 0.023632 0.022120
21 0.704395 0.886060 0.021559 0.025042
21 0.614635 0.774207 0.020315 0.019199
21 0.607380 0.785684 0.020730 0.016277
21 0.598881 0.801962 0.021973 0.021285
21 0.621269 0.829925 0.021973 0.018781
21 0.642413 0.820117 0.020315 0.020868
21 0.721186 0.829090 0.022803 0.021285
21 0.771766 0.806761 0.021973 0.023372
21 0.765340 0.829090 0.024876 0.022955
21 0.745854 0.859766 0.022388 0.023372
21 0.768449 0.867279 0.021973 0.022538
21 0.818408 0.849541 0.021559 0.023790
21 0.831882 0.810100 0.023632 0.025042
21 0.654022 0.730175 0.019486 0.017112
21 0.667703 0.709307 0.016169 0.016277
21 0.690506 0.704090 0.014511 0.013356
21 0.690713 0.691152 0.014925 0.013356
21 0.699005 0.678631 0.019071 0.017529
21 0.716833 0.681344 0.018242 0.018781
21 0.707090 0.693656 0.014511 0.012521
21 0.707504 0.704090 0.017828 0.015025
21 0.787313 0.674457 0.023217 0.021703
21 0.786070 0.696160 0.019900 0.020033
21 0.793532 0.712229 0.024046 0.020451
21 0.860075 0.768573 0.026949 0.027129
21 0.771766 0.715776 0.017828 0.017529
21 0.765133 0.706803 0.015340 0.013773
21 0.761401 0.698247 0.023632 0.015860
21 0.768864 0.668197 0.017828 0.019199
21 0.755182 0.670492 0.014511 0.014608
21 0.760987 0.683848 0.014511 0.015442
21 0.750000 0.683222 0.014925 0.013356
21 0.744818 0.690526 0.015340 0.012938
21 0.740257 0.698038 0.017828 0.014608
21 0.736111 0.707012 0.016998 0.012521
21 0.734245 0.714942 0.013267 0.010851
21 0.741086 0.724541 0.021973 0.018364
21 0.722637 0.716820 0.014925 0.013773
21 0.722222 0.729967 0.020730 0.015025
21 0.702114 0.717028 0.016998 0.015860
21 0.705224 0.729341 0.017413 0.013773
21 0.708126 0.738731 0.012438 0.010851
21 0.706260 0.748957 0.019486 0.017112
21 0.697554 0.738314 0.015340 0.014190
21 0.690506 0.749165 0.017828 0.015860
21 0.677653 0.746661 0.017828 0.015860
21 0.677446 0.729758 0.018242 0.014608
21 0.684494 0.738105 0.014096 0.012938
21 0.676824 0.684891 0.013682 0.014190
21 0.652985 0.693030 0.016584 0.012938
21 0.649046 0.683431 0.020315 0.019616
21 0.651534 0.706177 0.016169 0.016694
21 0.638060 0.695743 0.016584 0.015025
21 0.624378 0.699290 0.019900 0.019616
21 0.626866 0.716611 0.017413 0.017529
21 0.618367 0.730175 0.019486 0.019616
21 0.622512 0.754382 0.020315 0.021285
21 0.654436 0.755843 0.027778 0.022538
21 0.387852 0.732471 0.022803 0.021703
21 0.399254 0.704508 0.021559 0.020868
21 0.419362 0.761477 0.021144 0.017947
21 0.440920 0.772538 0.024461 0.023372
21 0.468905 0.750000 0.020730 0.020033
21 0.455224 0.817613 0.025705 0.021703
21 0.422886 0.732262 0.028192 0.024624
21 0.467040 0.719533 0.019486 0.018364
21 0.484660 0.709933 0.019900 0.017529
21 0.527570 0.700334 0.021144 0.020033
21 0.526741 0.730593 0.025290 0.025459
21 0.559080 0.763356 0.022803 0.021703
21 0.373964 0.661102 0.024876 0.023372
21 0.401534 0.670701 0.027778 0.024207
21 0.429934 0.677796 0.019071 0.020033
21 0.444237 0.693030 0.018657 0.020451
21 0.471808 0.701795 0.019071 0.019616
21 0.478856 0.684474 0.019071 0.017529
21 0.465589 0.670910 0.017413 0.015442
21 0.471600 0.657554 0.019486 0.017947
21 0.511609 0.679048 0.019071 0.018364
21 0.529229 0.645659 0.013682 0.016694
21 0.554104 0.646494 0.019486 0.018364
21 0.381633 0.562813 0.023632 0.020451
21 0.380804 0.611644 0.023632 0.019616
21 0.468905 0.630634 0.020730 0.020868
21 0.522388 0.593698 0.019071 0.018781
21 0.466003 0.576377 0.018242 0.016694
21 0.471393 0.589733 0.017413 0.018364
21 0.530887 0.617279 0.020315 0.019199
21 0.545191 0.630843 0.019071 0.016277
21 0.548093 0.603088 0.015755 0.015025
21 0.552032 0.578673 0.019486 0.017947
21 0.553483 0.563022 0.016584 0.016694
21 0.558250 0.552588 0.015340 0.013356
21 0.566335 0.560518 0.014096 0.016694
21 0.580224 0.555509 0.017828 0.017529
21 0.593284 0.568656 0.018242 0.018781
21 0.580431 0.577003 0.014925 0.017112
21 0.570066 0.582012 0.013267 0.012104
21 0.573176 0.592237 0.016169 0.016694
21 0.586443 0.596202 0.015340 0.018781
21 0.545398 0.613105 0.016998 0.014190
21 0.515962 0.547162 0.017828 0.019199
21 0.528400 0.542571 0.016169 0.019199
21 0.487355 0.549457 0.014511 0.012938
21 0.478856 0.555718 0.020730 0.018781
21 0.569859 0.528381 0.017828 0.016694
21 0.607587 0.557179 0.018657 0.018364
21 0.627073 0.570743 0.018657 0.017947
21 0.632048 0.590776 0.019486 0.020451
21 0.609867 0.590985 0.018242 0.018364
21 0.610904 0.608514 0.021144 0.020033
21 0.647803 0.635851 0.022803 0.022120
21 0.562811 0.454716 0.020315 0.019616
21 0.569652 0.467863 0.017413 0.017529
21 0.557214 0.480384 0.019071 0.019199
21 0.584784 0.511060 0.020315 0.019616
21 0.589345 0.490609 0.021144 0.027129
21 0.539386 0.500209 0.018242 0.019616
21 0.515547 0.513982 0.021144 0.017947
21 0.472637 0.525042 0.019071 0.018364
21 0.509950 0.472871 0.019900 0.018364
21 0.488184 0.448456 0.016169 0.016277
21 0.478648 0.454925 0.020315 0.017529
21 0.467247 0.490401 0.016584 0.016694
21 0.451907 0.492696 0.017413 0.013773
21 0.437604 0.514399 0.018657 0.016277
21 0.420191 0.527546 0.021973 0.018364
21 0.386194 0.519616 0.018657 0.016694
21 0.390547 0.499374 0.015755 0.014608
21 0.390547 0.471619 0.014925 0.015860
21 0.428897 0.474750 0.016998 0.016277
21 0.458541 0.463481 0.017413 0.013773
21 0.458541 0.474124 0.019900 0.013356
21 0.438018 0.498957 0.017828 0.018781
21 0.368159 0.465359 0.017413 0.015860
21 0.397181 0.443865 0.017413 0.021285
21 0.410862 0.453673 0.014925 0.017529
21 0.418947 0.463272 0.015340 0.016694
21 0.397388 0.489149 0.017828 0.023372
21 0.404851 0.471202 0.015340 0.016694
21 0.201285 0.486436 0.018657 0.017947
21 0.246269 0.496661 0.019071 0.016694
21 0.259536 0.485184 0.019071 0.017112
21 0.269486 0.490609 0.017413 0.014608
21 0.288765 0.499791 0.018657 0.018781
21 0.269693 0.503756 0.017828 0.015860
21 0.260572 0.513773 0.018657 0.018364
21 0.244610 0.520868 0.018242 0.018364
21 0.266998 0.539023 0.017413 0.014608
21 0.261401 0.550918 0.018657 0.016694
21 0.336650 0.536519 0.018242 0.017947
21 0.351990 0.545075 0.018242 0.018364
21 0.337272 0.490192 0.016169 0.013773
21 0.317371 0.483932 0.017828 0.016277
21 0.312189 0.495618 0.016584 0.013773
21 0.318408 0.505008 0.019071 0.015860
21 0.338308 0.507304 0.017413 0.016277
21 0.345978 0.498957 0.010365 0.014608
21 0.355307 0.503548 0.014096 0.016277
21 0.359038 0.484766 0.014096 0.013773
21 0.372927 0.487270 0.013682 0.016277
21 0.359867 0.495200 0.016584 0.014608
21 0.350539 0.471619 0.016169 0.015860
21 0.344113 0.459516 0.020730 0.016694
21 0.318408 0.462646 0.015755 0.016277
21 0.329809 0.462437 0.012023 0.013356
21 0.198798 0.502922 0.017828 0.015860
21 0.203980 0.510851 0.015755 0.013356
21 0.214345 0.524207 0.015755 0.016694
21 0.203566 0.535684 0.018242 0.015442
21 0.201078 0.522538 0.017413 0.014190
21 0.213723 0.465776 0.016998 0.017529
21 0.200456 0.464733 0.020315 0.023790
21 0.273425 0.363523 0.021144 0.020868
21 0.315506 0.364566 0.020730 0.019616
21 0.268242 0.396285 0.019900 0.024624
21 0.266169 0.413397 0.019071 0.015442
21 0.282546 0.431135 0.020315 0.018364
21 0.292496 0.418614 0.017828 0.015860
21 0.318201 0.420284 0.016998 0.015025
21 0.313018 0.435518 0.017413 0.017112
21 0.304726 0.450751 0.019900 0.018364
21 0.354063 0.396912 0.022388 0.023372
21 0.399876 0.379382 0.022803 0.019199
21 0.212479 0.426127 0.022803 0.020868
21 0.181177 0.444491 0.020730 0.019199
21 0.484453 0.401711 0.023632 0.020451
21 0.497305 0.412980 0.016998 0.015442
21 0.508085 0.421327 0.018657 0.014608
21 0.514511 0.399833 0.017413 0.017529
21 0.525498 0.386895 0.018657 0.018364
21 0.553897 0.372078 0.020730 0.020451
21 0.589552 0.369366 0.019071 0.020033
21 0.623549 0.372913 0.019071 0.016277
21 0.622305 0.387521 0.021559 0.018781
21 0.628524 0.422371 0.022388 0.020868
21 0.651534 0.462437 0.022803 0.021703
21 0.680970 0.428214 0.021973 0.022538
21 0.725539 0.402963 0.022388 0.022120
21 0.717247 0.462646 0.027363 0.019616
21 0.748756 0.473289 0.018242 0.018364
21 0.731136 0.475584 0.025290 0.025459
21 0.762023 0.488940 0.020730 0.017947
21 0.767828 0.499791 0.015755 0.014608
21 0.788765 0.496035 0.025290 0.021285
21 0.779022 0.521077 0.024046 0.025459
21 0.864221 0.460351 0.018657 0.018364
21 0.859453 0.473080 0.018242 0.017947
21 0.873342 0.486853 0.019486 0.018781
21 0.888267 0.558431 0.021973 0.023372
21 0.850332 0.600793 0.023217 0.022120
21 0.803483 0.618114 0.023217 0.021703
21 0.945688 0.570743 0.024046 0.022120
21 0.936360 0.587020 0.025290 0.021285
21 0.936982 0.608932 0.024876 0.021703
21 0.908997 0.518573 0.021973 0.018781
21 0.766791 0.385434 0.018657 0.016277
21 0.763267 0.398998 0.019900 0.015860
21 0.790423 0.385017 0.020315 0.019616
21 0.811360 0.405259 0.019900 0.017529
21 0.818201 0.396494 0.016998 0.017529
21 0.831053 0.396703 0.020315 0.019616
21 0.842454 0.384391 0.017413 0.015025
21 0.858624 0.392112 0.024876 0.020451
21 0.849502 0.436144 0.019900 0.021703
21 0.877488 0.422788 0.020315 0.018364
21 0.887023 0.405676 0.019486 0.017529
21 0.896973 0.392529 0.022803 0.020451
21 0.931385 0.449708 0.022803 0.023790
21 0.886609 0.452003 0.016998 0.016694
21 0.907960 0.462855 0.019071 0.020033
21 0.891169 0.469741 0.016169 0.015442
21 0.907753 0.501252 0.019486 0.015860
21 0.904643 0.489566 0.024876 0.020033
21 0.651741 0.286519 0.024046 0.022955
21 0.691542 0.298414 0.027363 0.024207
21 0.720978 0.314691 0.021559 0.019199
21 0.748134 0.297579 0.019486 0.018364
21 0.753524 0.326795 0.018657 0.019199
21 0.771144 0.340150 0.019071 0.017529
21 0.723673 0.349750 0.018657 0.018364
21 0.709784 0.359558 0.020730 0.023790
21 0.746683 0.362062 0.018242 0.017947
21 0.740672 0.343072 0.016169 0.014190
21 0.737562 0.352880 0.015755 0.012938
21 0.789801 0.290484 0.019900 0.018364
21 0.788350 0.309891 0.018657 0.016277
21 0.795191 0.322204 0.019071 0.018364
21 0.822554 0.331594 0.024876 0.031302
21 0.818615 0.286728 0.021973 0.021703
21 0.856758 0.375209 0.019486 0.020868
21 0.626036 0.244366 0.019071 0.022120
21 0.617952 0.270868 0.017828 0.020033
21 0.638267 0.267321 0.017828 0.016277
21 0.657131 0.263773 0.024046 0.018364
21 0.614428 0.295701 0.020730 0.021285
21 0.589552 0.305092 0.028192 0.026711
21 0.620854 0.320743 0.019486 0.017112
21 0.652156 0.229758 0.018242 0.015442
21 0.668325 0.234140 0.017413 0.017529
21 0.681592 0.226628 0.017413 0.015860
21 0.679726 0.250000 0.016998 0.014190
21 0.681799 0.261686 0.016169 0.015025
21 0.694859 0.273372 0.017413 0.017529
21 0.716211 0.235601 0.016998 0.017947
21 0.726990 0.247496 0.016998 0.016694
21 0.719942 0.271912 0.019486 0.020451
21 0.787313 0.268364 0.019900 0.018364
21 0.782960 0.247078 0.016169 0.016694
21 0.756841 0.236436 0.017828 0.017112
21 0.754975 0.219950 0.019071 0.018364
21 0.635572 0.222037 0.015755 0.015860
21 0.362977 0.238105 0.021144 0.019616
21 0.446725 0.230593 0.022803 0.019616
21 0.483831 0.213063 0.018242 0.018781
21 0.515133 0.209516 0.021144 0.020868
21 0.500829 0.216194 0.019071 0.015860
21 0.497720 0.230384 0.018657 0.016694
21 0.505804 0.257930 0.018242 0.018364
21 0.492745 0.283806 0.023632 0.024207
21 0.438226 0.273164 0.021559 0.019616
21 0.466833 0.264190 0.019900 0.016694
21 0.537935 0.258973 0.018657 0.017947
21 0.547678 0.245409 0.018242 0.017529
21 0.554726 0.229341 0.018242 0.017947
21 0.558665 0.206803 0.021144 0.018781
21 0.573798 0.224124 0.017413 0.018364
21 0.590796 0.226210 0.021559 0.022538
21 0.581053 0.261060 0.019486 0.017947
21 0.557007 0.294866 0.019486 0.019616
21 0.523217 0.307387 0.019071 0.019616
21 0.509743 0.319908 0.019486 0.020451
21 0.459784 0.317613 0.020730 0.020033
21 0.400705 0.305509 0.016998 0.016694
21 0.416667 0.317613 0.015755 0.014190
21 0.421227 0.305509 0.017413 0.017529
21 0.440506 0.326377 0.016998 0.015025
21 0.515340 0.274207 0.015755 0.015860
21 0.523632 0.281928 0.017413 0.017112
21 0.374171 0.276294 0.019486 0.018364
21 0.366708 0.293823 0.021144 0.015860
21 0.281302 0.316778 0.020315 0.020033
21 0.242330 0.333055 0.018657 0.015860
21 0.259328 0.325334 0.021144 0.017947
21 0.266376 0.296536 0.017828 0.017112
21 0.275083 0.281928 0.018657 0.019616
21 0.287935 0.286311 0.016169 0.018364
21 0.301824 0.282137 0.015755 0.017529
21 0.315713 0.291945 0.017828 0.016277
21 0.335614 0.264399 0.016169 0.015442
21 0.324005 0.325543 0.016998 0.015860
21 0.341833 0.339107 0.021144 0.017947
21 0.344735 0.307596 0.016998 0.015025
21 0.342454 0.320117 0.022388 0.018364
21 0.412521 0.338063 0.016584 0.020033
21 0.423715 0.334516 0.014925 0.017947
21 0.439055 0.338898 0.018242 0.016694
21 0.461857 0.363731 0.021559 0.022120
21 0.349917 0.273581 0.015755 0.013773
21 0.352612 0.282763 0.015340 0.012104
21 0.351161 0.295492 0.017413 0.016694
21 0.341211 0.280885 0.010779 0.015025
21 0.307007 0.262104 0.015340 0.015860
21 0.300373 0.255008 0.016998 0.015025
21 0.270108 0.179466 0.021973 0.022538
21 0.250829 0.201169 0.023217 0.020033
21 0.268864 0.225376 0.022803 0.020868
21 0.329395 0.229549 0.020315 0.025042
21 0.292496 0.230175 0.016169 0.014608
21 0.188847 0.298414 0.028607 0.021703
21 0.162521 0.373122 0.032338 0.028381
21 0.155473 0.438648 0.023217 0.020868
21 0.116294 0.449082 0.020315 0.016694
21 0.078358 0.490818 0.028192 0.025042
21 0.115050 0.511060 0.021973 0.020451
21 0.183250 0.522538 0.020730 0.018364
21 0.802032 0.650459 0.020315 0.022120
21 0.817579 0.653589 0.020730 0.021703
21 0.918740 0.630426 0.021559 0.018781
21 0.913143 0.641694 0.021144 0.016277
21 0.303483 0.108723 0.027363 0.025459
21 0.463516 0.133973 0.025705 0.025042
21 0.587065 0.153381 0.021559 0.022120
21 0.621269 0.178214 0.024461 0.021703
21 0.597015 0.203881 0.016584 0.017947
21 0.609660 0.208264 0.016998 0.016694
21 0.612562 0.192821 0.016169 0.015025
21 0.619610 0.202838 0.013682 0.014190
21 0.641791 0.198873 0.018242 0.016277
21 0.658167 0.204090 0.016169 0.017529
21 0.648217 0.210559 0.015340 0.014608
21 0.705431 0.162145 0.023632 0.022120
21 0.698383 0.181553 0.017828 0.019199
21 0.682007 0.200751 0.015755 0.017529
21 0.691335 0.208472 0.019486 0.019616
21 0.714967 0.194491 0.021144 0.023372
21 0.730721 0.207220 0.016169 0.018781
21 0.740257 0.214733 0.016998 0.017112
21 0.769279 0.241444 0.016169 0.015442
21 0.358416 0.861853 0.019486 0.041736