21 0.702114 0.465705 0.019486 0.016311
21 0.753524 0.319532 0.008706 0.011711
21 0.768657 0.285445 0.009950 0.010456
21 0.758499 0.286073 0.011194 0.013384
21 0.767413 0.273107 0.019900 0.013384
21 0.742123 0.277499 0.008292 0.014638
21 0.732380 0.278126 0.011194 0.011711
21 0.741086 0.263279 0.013682 0.012129
21 0.753109 0.260770 0.012023 0.016311
21 0.737562 0.250941 0.015755 0.011711
21 0.746683 0.242995 0.014096 0.011711
21 0.739013 0.236303 0.015340 0.010874
21 0.725332 0.251150 0.009536 0.012965
21 0.718905 0.243622 0.011609 0.011292
21 0.719942 0.268298 0.011194 0.009619
21 0.716833 0.258260 0.011609 0.010456
21 0.706468 0.262024 0.011609 0.011292
21 0.738599 0.300502 0.013682 0.017148
21 0.747927 0.308448 0.012438 0.011292
21 0.759743 0.310121 0.011194 0.009619
21 0.763474 0.320159 0.012852 0.015475
21 0.702114 0.347135 0.012852 0.020075
21 0.688847 0.349435 0.012023 0.011292
21 0.677446 0.351527 0.011609 0.012965
21 0.803483 0.385404 0.011609 0.011292
21 0.801824 0.373902 0.013267 0.011711
21 0.875622 0.456294 0.013267 0.010874
21 0.886194 0.462359 0.013682 0.015475
21 0.813847 0.678586 0.020730 0.024676
21 0.810738 0.698871 0.016998 0.016729
21 0.804726 0.709327 0.014096 0.016729
21 0.754561 0.714973 0.018242 0.012965
21 0.614221 0.183187 0.012023 0.018402
21 0.626658 0.185487 0.014511 0.014638
21 0.624171 0.170849 0.018657 0.014638
21 0.549544 0.169385 0.008706 0.010874
21 0.546434 0.182978 0.010779 0.012965
21 0.558665 0.182350 0.010365 0.011711
21 0.578980 0.192179 0.010365 0.012129
21 0.567993 0.188833 0.013267 0.012965
21 0.558250 0.170431 0.009536 0.009619
21 0.537521 0.172522 0.013682 0.015475
21 0.565713 0.160184 0.012023 0.008365
21 0.555141 0.155583 0.009121 0.013384
21 0.538765 0.155165 0.021973 0.015056
21 0.517828 0.191343 0.021559 0.031368
21 0.327736 0.247595 0.019486 0.020075
21 0.315920 0.230029 0.018242 0.012547
21 0.318615 0.220201 0.014511 0.010456
21 0.248342 0.240067 0.012438 0.014220
21 0.236318 0.242367 0.018242 0.017148
21 0.229270 0.250314 0.016584 0.014638
21 0.252695 0.281263 0.020315 0.014638
21 0.219942 0.378712 0.020315 0.016311
21 0.310738 0.510665 0.012852 0.015893
21 0.297264 0.506901 0.012438 0.012547
21 0.384950 0.418862 0.016998 0.012129
21 0.378109 0.409870 0.013267 0.010038
21 0.206675 0.386449 0.009536 0.012547
21 0.204395 0.417399 0.017413 0.020075
21 0.416667 0.684651 0.009950 0.011711
21 0.490050 0.745922 0.014925 0.016311
21 0.295398 0.812631 0.016998 0.013384
21 0.295605 0.800920 0.015755 0.012547
21 0.278400 0.796947 0.021973 0.019657
21 0.199005 0.622961 0.021559 0.020494
21 0.092247 0.320995 0.025290 0.022166
21 0.076078 0.351945 0.023632 0.021330
21 0.097222 0.354036 0.021973 0.020494
21 0.087272 0.376830 0.024461 0.021748
21 0.115672 0.344207 0.020730 0.019239
21 0.125207 0.328942 0.025705 0.021330
21 0.199005 0.332497 0.019900 0.021748
21 0.213516 0.334588 0.016584 0.015893
21 0.227819 0.323923 0.020315 0.020494
21 0.237148 0.338143 0.018242 0.017148
21 0.219942 0.345253 0.020315 0.016311
21 0.255804 0.330406 0.019071 0.019239
21 0.208126 0.369929 0.019071 0.015475
21 0.194652 0.381430 0.016169 0.018402
21 0.190506 0.405479 0.018657 0.016311
21 0.168740 0.409243 0.018242 0.016311
21 0.169154 0.423463 0.019900 0.017148
21 0.219320 0.400042 0.016584 0.017148
21 0.205846 0.399624 0.016998 0.013802
21 0.258914 0.309494 0.020315 0.016729
21 0.285655 0.316604 0.019071 0.018402
21 0.084577 0.444375 0.024876 0.023003
21 0.057214 0.458595 0.026534 0.022166
21 0.064469 0.497700 0.026119 0.022585
21 0.140755 0.464450 0.021144 0.020494
21 0.151741 0.473442 0.018242 0.016729
21 0.154851 0.493308 0.019486 0.018821
21 0.177446 0.442702 0.019071 0.017984
21 0.182629 0.462150 0.017828 0.015893
21 0.175373 0.502300 0.018242 0.016729
21 0.150290 0.515893 0.019486 0.018821
21 0.200456 0.519239 0.021144 0.019657
21 0.217662 0.477624 0.018242 0.015893
21 0.203566 0.477834 0.016584 0.015475
21 0.213516 0.464450 0.019900 0.017148
21 0.213308 0.452112 0.021144 0.014220
21 0.234245 0.433292 0.019900 0.018402
21 0.272388 0.429527 0.019071 0.016729
21 0.279643 0.443538 0.022803 0.016311
21 0.262231 0.465705 0.018657 0.015475
21 0.273425 0.461941 0.017828 0.016311
21 0.208541 0.435801 0.021559 0.015056
21 0.201285 0.447302 0.014511 0.013802
21 0.189677 0.450230 0.017828 0.016311
21 0.180556 0.483480 0.015340 0.017566
21 0.190920 0.478879 0.014511 0.016729
21 0.128524 0.533668 0.024876 0.028440
21 0.146973 0.571727 0.021973 0.020075
21 0.159826 0.586993 0.021973 0.017984
21 0.182421 0.584065 0.020730 0.019657
21 0.180970 0.527394 0.019486 0.017566
21 0.194652 0.539105 0.021973 0.015893
21 0.195688 0.551234 0.017413 0.014220
21 0.202529 0.561899 0.020315 0.017148
21 0.219320 0.539523 0.018242 0.014220
21 0.232587 0.532204 0.019900 0.018821
21 0.225746 0.559808 0.020315 0.020494
21 0.202944 0.578001 0.023632 0.016729
21 0.211028 0.594939 0.019900 0.017984
21 0.241501 0.586156 0.021144 0.018821
21 0.230929 0.598285 0.018242 0.015475
21 0.234660 0.615015 0.018242 0.018821
21 0.256012 0.613342 0.022803 0.020494
21 0.209163 0.632790 0.016169 0.015056
21 0.264511 0.640945 0.019900 0.019657
21 0.197761 0.644500 0.020730 0.020912
21 0.222637 0.644918 0.019071 0.017566
21 0.230100 0.662693 0.018242 0.016311
21 0.236318 0.675450 0.018242 0.017566
21 0.214760 0.684233 0.022388 0.019239
21 0.218698 0.670431 0.016998 0.015056
21 0.298507 0.644709 0.022388 0.022166
21 0.270108 0.689042 0.021973 0.020494
21 0.243988 0.707863 0.017828 0.019657
21 0.255390 0.708281 0.014096 0.017984
21 0.264925 0.722083 0.023217 0.018821
21 0.304104 0.717273 0.019486 0.020912
21 0.323798 0.706608 0.014096 0.013802
21 0.331882 0.692179 0.020315 0.017566
21 0.337687 0.706190 0.017828 0.013802
21 0.339138 0.721455 0.016584 0.016729
21 0.383914 0.693225 0.019071 0.018821
21 0.393035 0.708072 0.018242 0.017566
21 0.373756 0.641363 0.020315 0.017148
21 0.393242 0.648892 0.020315 0.017148
21 0.074420 0.663948 0.030265 0.022166
21 0.112355 0.704099 0.029022 0.028022
21 0.174129 0.737767 0.024046 0.023421
21 0.220357 0.765788 0.021144 0.021748
21 0.236318 0.764952 0.021559 0.022585
21 0.285033 0.761815 0.018657 0.021330
21 0.251866 0.814931 0.021973 0.020494
21 0.247927 0.835425 0.020730 0.022166
21 0.265755 0.836052 0.021559 0.020075
21 0.285033 0.824341 0.022803 0.020075
21 0.294776 0.790046 0.014096 0.015056
21 0.310323 0.798620 0.015340 0.015475
21 0.325871 0.798202 0.020730 0.020494
21 0.339552 0.779172 0.017413 0.015056
21 0.304934 0.775408 0.020315 0.016729
21 0.310116 0.759933 0.021559 0.018402
21 0.327944 0.764325 0.015755 0.017984
21 0.341625 0.761606 0.018242 0.016729
21 0.358416 0.754705 0.018657 0.017984
21 0.367745 0.775826 0.020730 0.019239
21 0.368367 0.821623 0.022803 0.021330
21 0.393657 0.817650 0.021973 0.022585
21 0.380182 0.760142 0.015755 0.017984
21 0.296642 0.744249 0.017828 0.018821
21 0.351368 0.739858 0.016169 0.014220
21 0.357794 0.729820 0.015755 0.014220
21 0.369610 0.733375 0.014511 0.017148
21 0.381633 0.731702 0.012852 0.016311
21 0.389511 0.738185 0.015340 0.015893
21 0.395315 0.760979 0.018657 0.022166
21 0.424544 0.757842 0.022388 0.021748
21 0.454187 0.767670 0.021144 0.020494
21 0.426410 0.730238 0.015340 0.017566
21 0.440713 0.733584 0.016584 0.016729
21 0.461857 0.724592 0.018242 0.020494
21 0.473673 0.735885 0.019486 0.014638
21 0.493159 0.726893 0.019486 0.020075
21 0.422886 0.710163 0.018242 0.016729
21 0.483831 0.762233 0.020730 0.019657
21 0.503317 0.741949 0.012438 0.014220
21 0.392828 0.672940 0.017828 0.017566
21 0.419569 0.665412 0.019900 0.017566
21 0.398839 0.662275 0.016584 0.015475
21 0.404022 0.684023 0.017828 0.017148
21 0.412106 0.673149 0.016584 0.012129
21 0.430556 0.686951 0.015340 0.017984
21 0.413765 0.698871 0.019071 0.015893
21 0.451907 0.625680 0.019900 0.020075
21 0.507463 0.608950 0.019900 0.020912
21 0.493988 0.634463 0.022803 0.020912
21 0.434080 0.715182 0.012438 0.017566
21 0.444030 0.718319 0.014096 0.014638
21 0.507048 0.708699 0.019071 0.019657
21 0.527156 0.663530 0.018657 0.017984
21 0.535240 0.652028 0.020730 0.021748
21 0.576700 0.649310 0.021559 0.020494
21 0.567786 0.689251 0.019486 0.018402
21 0.540216 0.693015 0.019900 0.019239
21 0.602612 0.666667 0.021144 0.021748
21 0.626244 0.668549 0.019486 0.018821
21 0.623549 0.690297 0.018242 0.017148
21 0.606551 0.703680 0.019071 0.016311
21 0.587687 0.716855 0.016169 0.016729
21 0.600954 0.717064 0.016169 0.015475
21 0.596186 0.729193 0.018242 0.015475
21 0.530265 0.719573 0.017413 0.016311
21 0.548715 0.720410 0.016169 0.017984
21 0.516791 0.774571 0.016998 0.018402
21 0.529436 0.769762 0.013267 0.017984
21 0.584577 0.758260 0.018242 0.016729
21 0.541459 0.767670 0.015755 0.017984
21 0.611526 0.737348 0.017413 0.018402
21 0.609660 0.769134 0.021973 0.017566
21 0.565506 0.782100 0.019071 0.019239
21 0.547886 0.796529 0.018657 0.016311
21 0.516169 0.815558 0.019071 0.018402
21 0.543947 0.809285 0.019900 0.016729
21 0.580846 0.781472 0.017413 0.016311
21 0.590381 0.775408 0.018242 0.018402
21 0.628524 0.750732 0.024046 0.022585
21 0.643449 0.734839 0.023217 0.018402
21 0.682421 0.730029 0.019071 0.025512
21 0.654229 0.757424 0.018242 0.019239
21 0.663557 0.769762 0.019486 0.018821
21 0.624793 0.794647 0.019900 0.019239
21 0.659204 0.809912 0.022388 0.021330
21 0.596393 0.805939 0.018657 0.016729
21 0.589967 0.819741 0.020730 0.018402
21 0.522181 0.832288 0.020315 0.019239
21 0.541667 0.829360 0.021973 0.019239
21 0.561360 0.822250 0.020730 0.020075
21 0.615257 0.821832 0.018242 0.019239
21 0.626244 0.834588 0.020315 0.021330
21 0.641584 0.827269 0.019486 0.020075
21 0.480100 0.851736 0.022388 0.023003
21 0.514511 0.880803 0.020730 0.021748
21 0.551202 0.874739 0.024461 0.023003
21 0.497098 0.894814 0.023217 0.022166
21 0.463308 0.884985 0.020315 0.018402
21 0.447761 0.886449 0.019071 0.019657
21 0.394071 0.865537 0.021973 0.020494
21 0.395108 0.886240 0.023217 0.022585
21 0.652570 0.711000 0.016584 0.013384
21 0.702322 0.745713 0.019071 0.019239
21 0.734660 0.746550 0.017413 0.017566
21 0.744196 0.756796 0.019900 0.020494
21 0.737148 0.719155 0.019071 0.018821
21 0.746891 0.730866 0.016169 0.018821
21 0.763682 0.733166 0.018242 0.018402
21 0.776741 0.754705 0.021144 0.017984
21 0.806177 0.745295 0.020315 0.018402
21 0.796642 0.778963 0.021144 0.020494
21 0.858209 0.739858 0.024876 0.020912
21 0.830638 0.702844 0.023632 0.021330
21 0.791252 0.712254 0.017828 0.019239
21 0.816335 0.768507 0.027363 0.023003
21 0.771144 0.681514 0.021559 0.020494
21 0.833748 0.654538 0.022388 0.020912
21 0.853234 0.675659 0.024046 0.023839
21 0.668118 0.648055 0.022803 0.021330
21 0.671227 0.671058 0.020730 0.020494
21 0.754768 0.701380 0.018657 0.015056
21 0.847222 0.640945 0.021973 0.017148
21 0.869610 0.638018 0.021144 0.017984
21 0.829809 0.629026 0.018657 0.018402
21 0.847844 0.627771 0.021559 0.020075
21 0.893657 0.613342 0.022803 0.020494
21 0.904436 0.637390 0.026119 0.021748
21 0.889718 0.580719 0.022388 0.021330
21 0.900083 0.530113 0.021559 0.020494
21 0.904022 0.553952 0.025290 0.021330
21 0.863184 0.564617 0.026534 0.027604
21 0.739013 0.456085 0.022803 0.019657
21 0.782753 0.464659 0.019900 0.020912
21 0.791874 0.488289 0.019900 0.018821
21 0.811567 0.435801 0.020315 0.020075
21 0.756012 0.419281 0.024461 0.021330
21 0.694859 0.430573 0.020730 0.019657
21 0.700456 0.450230 0.018657 0.017148
21 0.817164 0.476579 0.020730 0.020494
21 0.813433 0.488499 0.015755 0.015056
21 0.805556 0.508992 0.018242 0.019239
21 0.842454 0.481389 0.019900 0.019239
21 0.846186 0.502509 0.019071 0.017984
21 0.830638 0.527604 0.021144 0.018821
21 0.821725 0.515056 0.018242 0.014638
21 0.832090 0.507946 0.014096 0.014638
21 0.821517 0.501255 0.015340 0.014638
21 0.887645 0.485571 0.018242 0.016729
21 0.890962 0.502509 0.021559 0.021330
21 0.864013 0.469051 0.021559 0.023839
21 0.875829 0.440820 0.019486 0.018402
21 0.891169 0.447721 0.018657 0.018821
21 0.849710 0.437265 0.016169 0.017148
21 0.860904 0.426600 0.019486 0.017566
21 0.854892 0.409452 0.017413 0.018402
21 0.836235 0.414471 0.018242 0.017566
21 0.824212 0.420744 0.016584 0.015056
21 0.672678 0.409661 0.021144 0.019657
21 0.698590 0.383103 0.015755 0.015893
21 0.695688 0.397323 0.016584 0.017566
21 0.712479 0.398996 0.016998 0.018402
21 0.749378 0.400042 0.023632 0.021330
21 0.729270 0.372647 0.014925 0.017566
21 0.717040 0.372229 0.013682 0.016729
21 0.704602 0.369929 0.013682 0.015475
21 0.682629 0.367210 0.021144 0.016729
21 0.717454 0.343998 0.016998 0.017148
21 0.751244 0.346299 0.014096 0.018402
21 0.763889 0.341907 0.016169 0.016311
21 0.779643 0.350063 0.020315 0.020912
21 0.780887 0.379757 0.019486 0.017566
21 0.790423 0.368465 0.016998 0.018402
21 0.865464 0.387495 0.023632 0.022166
21 0.819859 0.392932 0.017828 0.016311
21 0.818201 0.380385 0.017828 0.017148
21 0.626244 0.378921 0.021973 0.020912
21 0.515755 0.404433 0.022388 0.020075
21 0.549337 0.429109 0.020730 0.020075
21 0.640547 0.440820 0.021559 0.020075
21 0.632048 0.476997 0.021973 0.021330
21 0.594735 0.504810 0.021973 0.020912
21 0.647181 0.514638 0.024046 0.022166
21 0.550580 0.492054 0.020730 0.018821
21 0.572347 0.495399 0.018657 0.017148
21 0.569030 0.510665 0.018657 0.017566
21 0.557421 0.517775 0.019486 0.018402
21 0.523217 0.436847 0.019071 0.015475
21 0.503939 0.442702 0.018657 0.017984
21 0.511194 0.466332 0.020730 0.019239
21 0.551202 0.541196 0.020315 0.019239
21 0.567164 0.565036 0.019071 0.018402
21 0.595357 0.579465 0.022388 0.020494
21 0.622927 0.594103 0.019486 0.018821
21 0.606343 0.602886 0.020315 0.019657
21 0.632255 0.621079 0.022388 0.021748
21 0.559494 0.582601 0.020315 0.018402
21 0.570896 0.595358 0.021559 0.019657
21 0.328566 0.536596 0.021973 0.024258
21 0.351575 0.534086 0.018242 0.018402
21 0.373549 0.526558 0.019071 0.018402
21 0.397388 0.528649 0.021973 0.018402
21 0.372720 0.547888 0.021559 0.018402
21 0.385365 0.567336 0.020315 0.019657
21 0.426824 0.546424 0.020315 0.020494
21 0.432214 0.572982 0.020315 0.020075
21 0.424129 0.587411 0.023217 0.019657
21 0.296020 0.554789 0.020730 0.018821
21 0.293118 0.540569 0.017413 0.014638
21 0.281302 0.523421 0.018657 0.017148
21 0.280058 0.537432 0.016169 0.015056
21 0.304104 0.526558 0.018657 0.015056
21 0.300373 0.478252 0.020315 0.020494
21 0.324834 0.476997 0.020315 0.017148
21 0.325663 0.488080 0.016998 0.015893
21 0.344942 0.501882 0.023217 0.020075
21 0.390133 0.483898 0.021559 0.020075
21 0.438640 0.469051 0.021559 0.020494
21 0.456675 0.456085 0.021144 0.017984
21 0.463516 0.435383 0.017413 0.017566
21 0.469113 0.495609 0.026119 0.021748
21 0.414594 0.456085 0.019900 0.018821
21 0.415630 0.439774 0.018657 0.016311
21 0.428483 0.430782 0.021973 0.017566
21 0.392413 0.449394 0.017828 0.017148
21 0.389925 0.433710 0.019486 0.018402
21 0.362148 0.437056 0.017828 0.017566
21 0.377695 0.445839 0.016584 0.017566
21 0.366501 0.449184 0.016584 0.014220
21 0.305763 0.331451 0.020315 0.018821
21 0.304934 0.376830 0.023632 0.019239
21 0.336857 0.347344 0.021144 0.023003
21 0.343491 0.364492 0.020315 0.017984
21 0.363599 0.364074 0.020730 0.018821
21 0.399046 0.352990 0.021973 0.020912
21 0.335614 0.409243 0.020315 0.020494
21 0.349917 0.418653 0.020730 0.020912
21 0.404436 0.383312 0.022803 0.023839
21 0.433043 0.378084 0.021144 0.017566
21 0.475539 0.376621 0.025705 0.021330
21 0.427446 0.410289 0.020730 0.019239
21 0.387231 0.397951 0.020730 0.020494
21 0.417289 0.302384 0.023632 0.021748
21 0.473466 0.309494 0.024046 0.020912
21 0.528814 0.282936 0.017828 0.018821
21 0.544983 0.282100 0.017828 0.020494
21 0.548715 0.386867 0.021144 0.020912
21 0.576493 0.370974 0.017828 0.014220
21 0.575663 0.383940 0.019486 0.014220
21 0.578358 0.397323 0.020730 0.016729
21 0.637645 0.222083 0.019900 0.019239
21 0.639303 0.242995 0.019900 0.018402
21 0.662728 0.250523 0.019486 0.019239
21 0.645730 0.295274 0.023632 0.021748
21 0.658789 0.284609 0.021559 0.018821
21 0.684080 0.270807 0.024876 0.020494
21 0.681592 0.229820 0.019900 0.019657
21 0.703358 0.220828 0.018657 0.020912
21 0.712479 0.233375 0.018657 0.017566
21 0.730514 0.229402 0.019071 0.018821
21 0.708955 0.272689 0.015755 0.013384
21 0.710821 0.285027 0.016998 0.015475
21 0.725746 0.289837 0.016169 0.016729
21 0.742330 0.325178 0.018657 0.019657
21 0.779643 0.298829 0.017828 0.018821
21 0.774461 0.311167 0.014925 0.018402
21 0.751866 0.276662 0.012023 0.016311
21 0.650083 0.234212 0.014925 0.015056
21 0.659619 0.227311 0.016584 0.016311
21 0.671434 0.222083 0.016169 0.014220
21 0.656302 0.204726 0.019071 0.017148
21 0.670398 0.210163 0.014925 0.016311
21 0.682629 0.203890 0.020315 0.019657
21 0.724502 0.204935 0.021144 0.020912
21 0.604270 0.198034 0.016998 0.018821
21 0.589760 0.200335 0.018657 0.020075
21 0.558665 0.197198 0.017828 0.017148
21 0.540630 0.195525 0.017413 0.015475
21 0.585614 0.182560 0.014511 0.013802
21 0.570274 0.168967 0.019486 0.015056
21 0.439469 0.099749 0.029851 0.023839
21 0.459784 0.101631 0.019900 0.020912
21 0.487562 0.105604 0.024876 0.026349
21 0.469527 0.127771 0.021144 0.018821
21 0.490464 0.126934 0.020730 0.022166
21 0.516998 0.130280 0.027363 0.021330
21 0.479892 0.196152 0.025290 0.023421
21 0.455846 0.179841 0.023632 0.022585
21 0.428690 0.184023 0.022388 0.021748
21 0.370647 0.194061 0.014925 0.018402
21 0.385158 0.195943 0.016584 0.019657
21 0.564055 0.147010 0.020315 0.019657
21 0.350124 0.203262 0.021144 0.016729
21 0.349088 0.217064 0.021559 0.016729
21 0.331882 0.214555 0.020315 0.019239
21 0.351783 0.250732 0.022803 0.020494
21 0.388267 0.231493 0.022803 0.031368
21 0.441957 0.272271 0.020730 0.016729
21 0.329602 0.264952 0.021559 0.012965
21 0.314055 0.243622 0.023632 0.015475
21 0.257255 0.226683 0.025290 0.020912
21 0.268657 0.254078 0.023217 0.018821
21 0.239221 0.227102 0.016584 0.016729
21 0.285655 0.264743 0.019071 0.019239
21 0.289179 0.278754 0.019486 0.017984
21 0.309494 0.290673 0.022803 0.019239
21 0.290216 0.296110 0.019900 0.019239
21 0.237977 0.300711 0.020730 0.024258
21 0.254975 0.296320 0.016584 0.015475
21 0.250415 0.271435 0.017413 0.015056
21 0.200663 0.285655 0.020730 0.018402
21 0.175788 0.291719 0.019071 0.020494
21 0.168325 0.276453 0.018242 0.017566
21 0.104478 0.270807 0.026534 0.021330
21 0.132670 0.238812 0.024046 0.021748
21 0.150705 0.252614 0.019486 0.016729
21 0.140340 0.265579 0.021973 0.019239
21 0.144486 0.285445 0.019486 0.020494
21 0.279229 0.080928 0.026119 0.025512
21 0.234245 0.141782 0.029022 0.026767
21 0.342869 0.086156 0.028192 0.025931
21 0.389511 0.171476 0.034411 0.031786
21 0.487769 0.063990 0.032753 0.026767
21 0.022181 0.572355 0.027778 0.023839
21 0.010158 0.583229 0.014511 0.018821
21 0.021973 0.606023 0.021559 0.024258
21 0.504975 0.760560 0.026534 0.017148
21 0.532960 0.736303 0.020315 0.020494