21 0.761280 0.222071 0.053992 0.042281
21 0.707675 0.221296 0.058619 0.044608
21 0.643270 0.216059 0.038565 0.030256
21 0.639221 0.239139 0.042036 0.032971
21 0.614925 0.191040 0.042036 0.038402
21 0.596413 0.214313 0.033552 0.033747
21 0.575395 0.218580 0.036251 0.032971
21 0.554763 0.203452 0.042808 0.036074
21 0.534130 0.166408 0.044736 0.036462
21 0.528538 0.215865 0.038180 0.042281
21 0.497300 0.218968 0.039722 0.037626
21 0.463556 0.201901 0.043965 0.040729
21 0.437331 0.190070 0.040108 0.038014
21 0.422869 0.240690 0.042808 0.038402
21 0.578866 0.276959 0.044736 0.040341
21 0.651369 0.286462 0.046278 0.041505
21 0.719437 0.311094 0.038180 0.038014
21 0.713266 0.339216 0.038951 0.033747
21 0.712495 0.357642 0.038180 0.024825
21 0.740262 0.337083 0.032009 0.034911
21 0.761280 0.334950 0.032395 0.036074
21 0.372156 0.240884 0.043965 0.036462
21 0.791361 0.315361 0.042422 0.035687
21 0.745276 0.375679 0.041265 0.038402
21 0.781527 0.361133 0.036637 0.028704
21 0.781527 0.383825 0.037408 0.026765
21 0.861936 0.395849 0.039337 0.036850
21 0.856537 0.429791 0.042422 0.038790
21 0.810644 0.430372 0.035480 0.035299
21 0.788469 0.416602 0.035094 0.034135
21 0.753760 0.416408 0.032781 0.029092
21 0.750675 0.441621 0.042036 0.039953
21 0.726379 0.454034 0.035866 0.032971
21 0.697069 0.440264 0.036637 0.029480
21 0.667759 0.397207 0.043579 0.042669
21 0.707482 0.467223 0.032781 0.030644
21 0.759738 0.488169 0.030852 0.033747
21 0.732356 0.487781 0.034709 0.030644
21 0.797917 0.498448 0.030081 0.025601
21 0.824335 0.485648 0.038951 0.038790
21 0.867335 0.473817 0.036251 0.036074
21 0.896259 0.483902 0.033938 0.031420
21 0.638450 0.454422 0.040494 0.032971
21 0.644234 0.475175 0.028153 0.019395
21 0.586965 0.436579 0.041651 0.028317
21 0.496915 0.408068 0.043579 0.039566
21 0.581759 0.481381 0.041265 0.032583
21 0.594871 0.461986 0.043579 0.029480
21 0.915156 0.469550 0.038565 0.038402
21 0.936946 0.572537 0.043579 0.039566
21 0.887775 0.552754 0.031624 0.027929
21 0.873120 0.559348 0.037794 0.027153
21 0.855187 0.576998 0.034323 0.029868
21 0.840918 0.591350 0.038180 0.032971
21 0.830698 0.566718 0.030081 0.025601
21 0.822985 0.553918 0.029310 0.025601
21 0.861743 0.537238 0.035094 0.034911
21 0.837833 0.515516 0.026610 0.024050
21 0.799846 0.518231 0.030081 0.024050
21 0.800231 0.534717 0.030852 0.027541
21 0.778056 0.547711 0.028153 0.023274
21 0.760509 0.557797 0.033938 0.026377
21 0.791169 0.559542 0.032009 0.019007
21 0.795604 0.575640 0.033166 0.024825
21 0.789047 0.599302 0.029310 0.030256
21 0.765715 0.605702 0.028924 0.025213
21 0.769572 0.590768 0.029695 0.016292
21 0.767644 0.574864 0.028153 0.021722
21 0.736020 0.596587 0.036637 0.031808
21 0.726957 0.564003 0.029310 0.032583
21 0.700347 0.565167 0.037794 0.027153
21 0.695141 0.547324 0.034323 0.024825
21 0.714231 0.513576 0.032395 0.028704
21 0.686849 0.519783 0.032395 0.031032
21 0.677208 0.503491 0.027767 0.026377
21 0.657154 0.506206 0.030852 0.027929
21 0.621867 0.522304 0.036637 0.032196
21 0.641149 0.525989 0.032009 0.025601
21 0.653105 0.550233 0.046664 0.033747
21 0.590821 0.548487 0.043965 0.036462
21 0.830312 0.648177 0.036251 0.032583
21 0.913614 0.664469 0.039337 0.038790
21 0.863093 0.680372 0.033166 0.034135
21 0.909564 0.709271 0.034323 0.029868
21 0.839954 0.687742 0.030852 0.028704
21 0.750289 0.636152 0.033552 0.032583
21 0.770536 0.634600 0.030081 0.032583
21 0.784998 0.657292 0.030467 0.021334
21 0.784805 0.674554 0.032395 0.020946
21 0.784034 0.690458 0.030852 0.024050
21 0.737177 0.661171 0.035094 0.027541
21 0.750096 0.680954 0.033166 0.027541
21 0.717509 0.704422 0.029695 0.027153
21 0.727536 0.723429 0.032781 0.027153
21 0.702083 0.716447 0.026610 0.029480
21 0.691863 0.732157 0.038565 0.029868
21 0.779020 0.711598 0.034709 0.029092
21 0.800039 0.709659 0.018126 0.019783
21 0.788276 0.725175 0.026996 0.017455
21 0.783263 0.746509 0.031624 0.029092
21 0.805245 0.738751 0.026996 0.021334
21 0.818164 0.730605 0.030467 0.020559
21 0.813151 0.713344 0.028924 0.022498
21 0.809101 0.762025 0.028538 0.025989
21 0.787505 0.770753 0.033166 0.027153
21 0.789240 0.798875 0.032781 0.032196
21 0.811994 0.790729 0.031238 0.032196
21 0.834555 0.800039 0.031624 0.033747
21 0.636136 0.775989 0.038180 0.037626
21 0.663132 0.778704 0.038180 0.039178
21 0.800424 0.825058 0.038951 0.030256
21 0.826841 0.826416 0.026224 0.022110
21 0.797725 0.846005 0.032781 0.030256
21 0.680100 0.839216 0.045893 0.038402
21 0.532588 0.837665 0.051678 0.036850
21 0.464134 0.829325 0.041265 0.044220
21 0.598727 0.899535 0.034323 0.038790
21 0.576938 0.901862 0.033166 0.031808
21 0.563054 0.913693 0.038565 0.032971
21 0.588700 0.941427 0.044350 0.036462
21 0.656383 0.931924 0.039337 0.033747
21 0.516969 0.951125 0.042036 0.035687
21 0.419784 0.960240 0.041265 0.031420
21 0.339761 0.933282 0.043965 0.027153
21 0.372156 0.899147 0.040879 0.039566
21 0.352295 0.893716 0.034323 0.034135
21 0.361550 0.857642 0.041265 0.038014
21 0.353837 0.843289 0.037408 0.032583
21 0.322406 0.833592 0.042422 0.031032
21 0.327806 0.858611 0.033938 0.032196
21 0.300617 0.856478 0.038951 0.036462
21 0.289047 0.874903 0.040494 0.036074
21 0.513112 0.668154 0.047435 0.036074
21 0.508292 0.689488 0.045507 0.029092
21 0.501928 0.714507 0.042036 0.033359
21 0.470305 0.645268 0.042036 0.036074
21 0.504242 0.621218 0.038951 0.032196
21 0.532973 0.611715 0.037794 0.031032
21 0.547243 0.582040 0.042422 0.040729
21 0.412071 0.643716 0.042036 0.040729
21 0.390474 0.597556 0.043579 0.044608
21 0.349402 0.613072 0.047821 0.036850
21 0.264366 0.620636 0.038180 0.029480
21 0.282106 0.629364 0.028924 0.034523
21 0.270536 0.657874 0.049749 0.037238
21 0.265908 0.579519 0.032781 0.027153
21 0.273236 0.550621 0.029695 0.023662
21 0.294254 0.548099 0.031624 0.030256
21 0.287119 0.568464 0.033552 0.024438
21 0.530467 0.523468 0.031238 0.036850
21 0.509256 0.526183 0.031238 0.035299
21 0.478403 0.512219 0.036637 0.028317
21 0.472811 0.489139 0.038565 0.032583
21 0.450829 0.501164 0.033166 0.031032
21 0.457578 0.535493 0.043579 0.040729
21 0.416699 0.520171 0.036637 0.032583
21 0.387968 0.537044 0.035480 0.029092
21 0.399730 0.551784 0.032781 0.038402
21 0.423448 0.483708 0.040108 0.034135
21 0.451793 0.430178 0.042808 0.034911
21 0.401273 0.446276 0.038180 0.029092
21 0.389317 0.471683 0.036637 0.031808
21 0.380062 0.486230 0.039722 0.022110
21 0.335904 0.522886 0.039337 0.027153
21 0.341496 0.542281 0.039722 0.028704
21 0.342460 0.464895 0.034709 0.027541
21 0.317586 0.481963 0.034323 0.032971
21 0.398766 0.422227 0.033938 0.022886
21 0.403394 0.400116 0.032395 0.029092
21 0.376012 0.403801 0.033938 0.033359
21 0.344967 0.408456 0.032781 0.029480
21 0.337833 0.434833 0.036251 0.031808
21 0.305052 0.418348 0.031624 0.022110
21 0.310066 0.439100 0.034709 0.026377
21 0.292518 0.451707 0.031238 0.025213
21 0.274200 0.458883 0.031624 0.025601
21 0.285577 0.477308 0.031238 0.026765
21 0.273043 0.495539 0.034709 0.029092
21 0.242576 0.476532 0.033166 0.032196
21 0.235442 0.449961 0.027381 0.020171
21 0.210760 0.458107 0.038951 0.033359
21 0.261473 0.432118 0.030852 0.023274
21 0.243540 0.419317 0.031238 0.024825
21 0.272850 0.398759 0.033552 0.031808
21 0.244312 0.397013 0.032781 0.029092
21 0.227536 0.429597 0.030852 0.031420
21 0.203818 0.424748 0.036637 0.034135
21 0.254917 0.532196 0.036251 0.031032
21 0.231585 0.558766 0.034323 0.029092
21 0.204782 0.537238 0.035480 0.030256
21 0.207482 0.500388 0.033938 0.028704
21 0.188970 0.688906 0.048592 0.035687
21 0.170266 0.656905 0.042808 0.035299
21 0.128616 0.626261 0.043579 0.034523
21 0.129387 0.596780 0.039722 0.029868
21 0.119745 0.579325 0.050521 0.032196
21 0.177594 0.627812 0.038951 0.025213
21 0.214423 0.603763 0.037023 0.028317
21 0.207289 0.579325 0.036637 0.031420
21 0.187813 0.567106 0.029310 0.026377
21 0.161975 0.571761 0.039337 0.027929
21 0.182221 0.588829 0.028153 0.020171
21 0.165060 0.596974 0.028538 0.019395
21 0.149826 0.493988 0.045121 0.039178
21 0.186464 0.491078 0.038951 0.044996
21 0.191477 0.522110 0.040494 0.024050
21 0.228693 0.368697 0.042422 0.034523
21 0.262630 0.361521 0.036251 0.031808
21 0.298689 0.363848 0.030467 0.029480
21 0.313151 0.369472 0.027767 0.027541
21 0.326649 0.354926 0.034709 0.027153
21 0.374663 0.317300 0.038180 0.033359
21 0.376205 0.350465 0.037408 0.028317
21 0.367528 0.363654 0.039337 0.022110
21 0.375048 0.380334 0.032009 0.033747
21 0.361936 0.284911 0.040494 0.032971
21 0.345160 0.259891 0.041651 0.033359
21 0.319514 0.276571 0.040494 0.032583
21 0.317586 0.322537 0.036637 0.032971
21 0.307944 0.310512 0.030467 0.035299
21 0.287505 0.314003 0.032781 0.025213
21 0.292518 0.335337 0.034323 0.029868
21 0.279985 0.262801 0.034709 0.036074
21 0.256845 0.261055 0.030081 0.028704
21 0.239877 0.276183 0.033938 0.027153
21 0.231585 0.302366 0.038951 0.033747
21 0.258195 0.289372 0.033552 0.027929
21 0.351909 0.216641 0.040494 0.034523