21 0.341965 0.450266 0.038311 0.030906
21 0.332033 0.466075 0.029088 0.029130
21 0.318730 0.473712 0.033700 0.029485
21 0.288400 0.112078 0.039021 0.042984
21 0.366265 0.114742 0.037957 0.031972
21 0.384179 0.101954 0.035474 0.029130
21 0.195459 0.134458 0.036183 0.032327
21 0.180915 0.152398 0.036183 0.031261
21 0.040263 0.373712 0.047889 0.047602
21 0.043987 0.643339 0.056048 0.044760
21 0.200426 0.753464 0.036183 0.036945
21 0.233061 0.766963 0.037602 0.034813
21 0.321923 0.862522 0.042923 0.039787
21 0.350834 0.823979 0.037602 0.038721
21 0.438099 0.860568 0.039021 0.040142
21 0.281483 0.443872 0.036538 0.040142
21 0.305427 0.414920 0.053210 0.063943
21 0.316956 0.513499 0.040795 0.047957
21 0.468783 0.162522 0.037957 0.047247
21 0.506740 0.163410 0.043632 0.045471
21 0.399255 0.235879 0.040795 0.036945
21 0.385598 0.263410 0.039021 0.039432
21 0.336999 0.266963 0.042568 0.040853
21 0.464172 0.263055 0.032990 0.036590
21 0.482441 0.288632 0.031926 0.038011
21 0.524122 0.253996 0.044342 0.043339
21 0.643845 0.249023 0.039021 0.046181
21 0.715147 0.315808 0.053920 0.056838
21 0.759844 0.243872 0.031926 0.044405
21 0.783079 0.248845 0.025186 0.038011
21 0.811458 0.245826 0.028024 0.028419
21 0.806137 0.267673 0.033700 0.033037
21 0.632671 0.402842 0.037957 0.044050
21 0.656261 0.429663 0.035474 0.035879
21 0.657680 0.468028 0.043278 0.036590
21 0.650231 0.513677 0.053210 0.049734
21 0.706456 0.725222 0.040085 0.047957
21 0.670096 0.758437 0.039730 0.052575
21 0.587974 0.747957 0.035828 0.048668
21 0.564030 0.763766 0.039021 0.041918
21 0.584604 0.648135 0.035474 0.047957
21 0.602164 0.630551 0.028024 0.032682
21 0.618659 0.621670 0.029088 0.034813
21 0.518269 0.655062 0.036183 0.047602
21 0.547180 0.670337 0.035119 0.035524
21 0.555161 0.697513 0.040440 0.030195
21 0.540440 0.710302 0.032990 0.030195
21 0.516495 0.715808 0.018446 0.020604
21 0.536006 0.727531 0.020575 0.017052
21 0.524477 0.740142 0.025896 0.030195
21 0.496098 0.724867 0.032990 0.036590
21 0.473572 0.733748 0.031926 0.033037
21 0.495388 0.695560 0.029443 0.034813
21 0.512238 0.685435 0.031217 0.030195
21 0.430117 0.684369 0.037247 0.021670
21 0.442710 0.702487 0.035474 0.022380
21 0.373537 0.692362 0.042568 0.044760
21 0.430827 0.626821 0.038666 0.038721
21 0.462930 0.558082 0.039021 0.046181
21 0.406527 0.478508 0.041859 0.049734
21 0.360234 0.502309 0.035119 0.042629
21 0.564739 0.870337 0.048244 0.034813
21 0.635509 0.827886 0.041504 0.041563
21 0.590635 0.849734 0.033345 0.039076
21 0.608017 0.840320 0.034764 0.029485
21 0.673288 0.879929 0.039021 0.039076
21 0.652891 0.892007 0.037247 0.029130
21 0.605889 0.890409 0.042568 0.031616
21 0.593118 0.906750 0.028379 0.022380
21 0.583895 0.918828 0.039730 0.033748