21 0.989623 0.498104 0.020754 0.031184
21 0.984540 0.537295 0.030919 0.025284
21 0.990894 0.565529 0.018212 0.025284
21 0.972046 0.595449 0.039814 0.025284
21 0.927997 0.528234 0.039814 0.040877
21 0.899407 0.391066 0.042778 0.052255
21 0.819780 0.393384 0.036849 0.028234
21 0.794367 0.290139 0.059720 0.059418
21 0.692715 0.248420 0.041084 0.046776
21 0.746717 0.166245 0.035578 0.040877
21 0.751800 0.128529 0.022872 0.025284
21 0.726811 0.103034 0.029648 0.036662
21 0.664761 0.078592 0.036849 0.046776
21 0.674926 0.159924 0.036849 0.028234
21 0.638077 0.261062 0.028378 0.024020
21 0.655019 0.286346 0.028378 0.032448
21 0.615841 0.330383 0.035578 0.035398
21 0.695468 0.459123 0.029648 0.038348
21 0.597416 0.441214 0.032613 0.031184
21 0.560356 0.451749 0.021177 0.029499
21 0.738035 0.579857 0.032613 0.031184
21 0.711986 0.599663 0.022872 0.025284
21 0.675561 0.616098 0.029648 0.018542
21 0.676408 0.638011 0.022872 0.022756
21 0.659466 0.582174 0.022872 0.024020
21 0.657984 0.544669 0.034307 0.036662
21 0.634900 0.497261 0.025413 0.029499
21 0.617535 0.484408 0.018636 0.024020
21 0.875265 0.775811 0.036849 0.029499
21 0.719399 0.717868 0.026684 0.024863
21 0.678314 0.734303 0.030072 0.027391
21 0.684668 0.767383 0.028378 0.032027
21 0.641042 0.774547 0.030072 0.033713
21 0.600593 0.682259 0.032190 0.032870
21 0.598475 0.622208 0.017789 0.029920
21 0.579416 0.580278 0.020330 0.021913
21 0.559720 0.561525 0.023295 0.024863
21 0.545108 0.581753 0.019483 0.023177
21 0.520119 0.612727 0.018636 0.021070
21 0.533672 0.635272 0.021177 0.027391
21 0.544049 0.609566 0.025837 0.024020
21 0.564168 0.622419 0.022025 0.032027
21 0.577721 0.806785 0.015248 0.024020
21 0.599534 0.800042 0.026684 0.028234
21 0.611393 0.825116 0.024142 0.020228
21 0.618806 0.861357 0.015248 0.020228
21 0.598263 0.867257 0.024142 0.033713
21 0.893689 0.803624 0.017789 0.019385
21 0.870606 0.826169 0.024989 0.024020
21 0.801779 0.896544 0.016942 0.023177
21 0.793096 0.822798 0.024989 0.028234
21 0.688268 0.835440 0.033884 0.028234
21 0.729140 0.878424 0.024989 0.025706
21 0.752224 0.861357 0.014401 0.016856
21 0.750741 0.841129 0.026684 0.021913
21 0.771919 0.862832 0.023295 0.028234
21 0.546802 0.914454 0.033037 0.032870
21 0.500000 0.913190 0.028378 0.033713
21 0.450021 0.911715 0.030072 0.029077
21 0.426091 0.912558 0.017789 0.023177
21 0.415714 0.834176 0.028378 0.043405
21 0.376959 0.911083 0.039814 0.050569
21 0.270224 0.837547 0.033037 0.041719
21 0.193139 0.838180 0.034731 0.051412
21 0.509318 0.847872 0.013130 0.016013
21 0.497670 0.828276 0.016942 0.029920
21 0.476493 0.836494 0.020330 0.032027
21 0.463575 0.774336 0.026684 0.024863
21 0.467387 0.751580 0.025837 0.023177
21 0.468657 0.726717 0.030072 0.029920
21 0.363829 0.796460 0.040661 0.038769
21 0.323803 0.794985 0.025837 0.030763
21 0.293096 0.797303 0.033884 0.033713
21 0.144007 0.769912 0.033037 0.032027
21 0.123465 0.738517 0.029225 0.024020
21 0.135536 0.712811 0.019483 0.025706
21 0.115417 0.711547 0.023295 0.024863
21 0.157560 0.687737 0.015248 0.021070
21 0.288649 0.710072 0.013130 0.017699
21 0.308344 0.711547 0.016942 0.028234
21 0.265989 0.673620 0.018636 0.028234
21 0.279754 0.662874 0.010589 0.021070
21 0.310673 0.663295 0.023295 0.032027
21 0.314485 0.590392 0.026684 0.035398
21 0.282931 0.604298 0.021177 0.036241
21 0.236764 0.634640 0.037272 0.037084
21 0.137442 0.639275 0.044473 0.037084
21 0.096993 0.642225 0.020330 0.016856
21 0.099746 0.660767 0.011436 0.015171
21 0.081321 0.690898 0.033037 0.029077
21 0.058662 0.627686 0.023295 0.028234
21 0.032825 0.603245 0.024989 0.025706
21 0.018848 0.588706 0.013130 0.019385
21 0.082592 0.579225 0.032190 0.024863
21 0.356840 0.658239 0.012283 0.015171
21 0.372300 0.653814 0.018636 0.024020
21 0.397713 0.651707 0.017789 0.023177
21 0.382677 0.675938 0.026684 0.021913
21 0.433503 0.665192 0.023295 0.029077
21 0.457645 0.649810 0.013130 0.014328
21 0.475222 0.629372 0.014401 0.023177
21 0.433715 0.628529 0.022025 0.023177
21 0.481364 0.573114 0.030072 0.039612
21 0.417196 0.593974 0.021177 0.023177
21 0.427150 0.565740 0.023295 0.024863
21 0.453198 0.667088 0.015248 0.018542
21 0.479246 0.672777 0.024142 0.028234
21 0.329310 0.186684 0.012283 0.016013
21 0.364041 0.234513 0.024989 0.027391
21 0.438585 0.230299 0.026684 0.030763
21 0.419314 0.252212 0.022025 0.025706
21 0.494282 0.204593 0.033037 0.029077
21 0.215163 0.190898 0.020330 0.019385
21 0.213892 0.212389 0.017789 0.020228
21 0.195256 0.214707 0.017789 0.024863
21 0.359382 0.100716 0.025837 0.032027
21 0.397078 0.088917 0.026684 0.032870
21 0.284413 0.266751 0.029225 0.034555
21 0.258365 0.265065 0.021177 0.037084
21 0.173655 0.288032 0.019483 0.024020
21 0.148454 0.282554 0.024142 0.025706
21 0.163278 0.327223 0.026684 0.029920
21 0.291614 0.333755 0.009742 0.016856
21 0.286319 0.374210 0.015248 0.014328
21 0.263236 0.339444 0.029225 0.029920
21 0.220457 0.363464 0.027531 0.023177
21 0.268319 0.402444 0.023295 0.020228
21 0.376112 0.365782 0.016942 0.015171
21 0.361499 0.383270 0.023295 0.024020
21 0.373994 0.401391 0.020330 0.023177
21 0.398772 0.373788 0.023295 0.019385
21 0.393477 0.398230 0.021177 0.018542
21 0.404278 0.413822 0.023295 0.019385
21 0.385006 0.426043 0.016942 0.016013
21 0.389030 0.443742 0.030072 0.019385
21 0.081110 0.341551 0.025837 0.029077
21 0.119653 0.366625 0.024989 0.019385
21 0.109699 0.389381 0.021177 0.021913
21 0.066285 0.407080 0.024989 0.036241
21 0.092122 0.410662 0.024989 0.027391
21 0.093181 0.443321 0.017789 0.016856
21 0.139983 0.404340 0.030072 0.027391
21 0.149301 0.450063 0.027531 0.033713
21 0.077298 0.474716 0.029225 0.029920
21 0.083863 0.514960 0.018636 0.020228
21 0.067980 0.527602 0.024142 0.017699
21 0.088945 0.546144 0.022025 0.021070
21 0.230623 0.491150 0.012283 0.011378
21 0.243329 0.514960 0.024989 0.021913
21 0.246929 0.492836 0.016095 0.024020
21 0.264718 0.509482 0.014401 0.018542
21 0.266836 0.484408 0.020330 0.026549
21 0.283778 0.459334 0.016942 0.021913
21 0.313427 0.423936 0.021177 0.021913
21 0.411902 0.290982 0.030072 0.024863
21 0.441550 0.332701 0.024989 0.024020
21 0.469081 0.309313 0.011436 0.019385
21 0.461881 0.251370 0.024989 0.027391
21 0.488141 0.254109 0.025837 0.032870
21 0.527319 0.276233 0.019483 0.025706
21 0.501059 0.304046 0.035578 0.024863
21 0.499365 0.331016 0.032190 0.024020
21 0.495765 0.353772 0.024989 0.023177
21 0.478187 0.376528 0.020330 0.024863
21 0.463998 0.361568 0.009742 0.016013
21 0.449809 0.370628 0.018636 0.023177
21 0.430750 0.374421 0.019483 0.024020
21 0.545320 0.225032 0.026684 0.021913
21 0.547438 0.246523 0.029225 0.017699
21 0.559085 0.187526 0.020330 0.021070
21 0.570521 0.167299 0.022025 0.020228
21 0.292461 0.486094 0.024142 0.026549
21 0.302414 0.465234 0.018636 0.016013
21 0.309826 0.446271 0.030072 0.021070
21 0.313850 0.474505 0.018636 0.016856
21 0.347099 0.444164 0.024989 0.020228
21 0.339687 0.479351 0.022025 0.026549
21 0.369335 0.471134 0.021177 0.014328
21 0.396442 0.485883 0.015248 0.018542
21 0.376959 0.482722 0.022025 0.024863
21 0.404066 0.520438 0.014401 0.015171
21 0.407031 0.538559 0.015248 0.020228
21 0.427997 0.530763 0.024989 0.027391
21 0.566074 0.016224 0.029225 0.024020
21 0.619864 0.083228 0.024989 0.024863
21 0.603346 0.098820 0.027531 0.024020
21 0.581110 0.132111 0.039814 0.025706
21 0.525201 0.137168 0.018636 0.026549
21 0.548708 0.095238 0.012283 0.016856
21 0.505294 0.127265 0.019483 0.021070
21 0.461881 0.100084 0.024989 0.024863
21 0.470563 0.063633 0.016095 0.016013
21 0.474375 0.081332 0.019483 0.017699
21 0.491529 0.067636 0.024142 0.024020
21 0.498729 0.094185 0.024142 0.027391
21 0.519483 0.084071 0.023295 0.024863
21 0.546802 0.053097 0.018636 0.016013
21 0.539602 0.071639 0.022025 0.021070
21 0.579416 0.062158 0.022025 0.025706