21 0.172924 0.564559 0.049028 0.049627
21 0.186837 0.472112 0.041519 0.046552
21 0.208701 0.425121 0.039311 0.043039
21 0.301899 0.445982 0.046378 0.044357
21 0.290194 0.375494 0.041519 0.049188
21 0.335247 0.314449 0.040636 0.042161
21 0.359982 0.319719 0.025618 0.023715
21 0.345406 0.237154 0.025618 0.035134
21 0.323984 0.246596 0.035777 0.045235
21 0.511484 0.108037 0.043286 0.041282
21 0.620141 0.109354 0.043286 0.045674
21 0.440813 0.267896 0.036219 0.036891
21 0.537986 0.443786 0.042403 0.039965
21 0.577297 0.572244 0.048587 0.048309
21 0.605345 0.632411 0.037544 0.040404
21 0.636705 0.636144 0.025177 0.044357
21 0.749779 0.553140 0.037544 0.038208
21 0.704505 0.308081 0.043286 0.039965
21 0.805212 0.337945 0.041519 0.039965
21 0.874558 0.354414 0.038869 0.036012
21 0.886926 0.380984 0.037102 0.043478
21 0.827739 0.449056 0.047703 0.044357
21 0.848940 0.538647 0.038869 0.044357
21 0.964664 0.581906 0.049470 0.048309
21 0.844081 0.720466 0.045936 0.047870
21 0.776060 0.763505 0.043286 0.052262