21 0.183333 0.796373 0.036667 0.033764
21 0.242083 0.763026 0.026667 0.035431
21 0.333750 0.740308 0.026667 0.032514
21 0.331667 0.929137 0.022500 0.028345
21 0.416458 0.781576 0.025417 0.038349
21 0.364375 0.719883 0.025417 0.036682
21 0.399792 0.686744 0.031250 0.035431
21 0.287500 0.644852 0.038333 0.050855
21 0.166875 0.656315 0.035417 0.031263
21 0.166042 0.687995 0.033750 0.029596
21 0.108333 0.672780 0.022500 0.024177
21 0.074583 0.753231 0.020000 0.024177
21 0.122917 0.628595 0.026667 0.038349
21 0.144583 0.572947 0.032500 0.031263
21 0.167708 0.492497 0.033750 0.045436
21 0.135208 0.447061 0.039583 0.045436
21 0.076667 0.437266 0.032500 0.028345
21 0.072292 0.411630 0.035417 0.025427
21 0.049792 0.339516 0.029583 0.025427
21 0.070208 0.289912 0.047917 0.039600
21 0.232917 0.216965 0.028333 0.049604
21 0.287083 0.210088 0.032500 0.038349
21 0.338125 0.174656 0.043750 0.046686
21 0.287708 0.108795 0.033750 0.042518
21 0.324792 0.060650 0.039583 0.039600
21 0.395417 0.012088 0.028333 0.024176
21 0.419375 0.011255 0.025417 0.022509
21 0.460417 0.011880 0.014167 0.015423
21 0.480208 0.052313 0.033750 0.033764
21 0.545833 0.078783 0.040833 0.038349
21 0.448542 0.140892 0.029583 0.032514
21 0.458958 0.168195 0.025417 0.025427
21 0.492083 0.160484 0.026667 0.040850
21 0.381875 0.224885 0.021250 0.017090
21 0.435625 0.231346 0.029583 0.038349
21 0.639375 0.223426 0.035417 0.028345
21 0.522500 0.315340 0.042500 0.039600
21 0.435208 0.311797 0.045417 0.040850
21 0.386042 0.324719 0.035417 0.040850
21 0.321875 0.324093 0.039583 0.031263
21 0.321250 0.361609 0.032500 0.035431
21 0.290833 0.418716 0.028333 0.031263
21 0.307917 0.380992 0.028333 0.026678
21 0.321250 0.438308 0.032500 0.033764
21 0.348750 0.505627 0.020000 0.018341
21 0.287292 0.526886 0.035417 0.032514
21 0.320208 0.557732 0.033750 0.026678
21 0.319167 0.589204 0.042500 0.029596
21 0.392708 0.567111 0.031250 0.017090
21 0.396667 0.531888 0.050833 0.028345
21 0.398333 0.507712 0.036667 0.022509
21 0.447708 0.725511 0.039583 0.025427
21 0.452083 0.753231 0.036667 0.024177
21 0.534583 0.639225 0.046667 0.053772
21 0.555208 0.699458 0.033750 0.024177
21 0.550000 0.719883 0.018333 0.020008
21 0.538750 0.742810 0.024167 0.028345
21 0.497292 0.802001 0.031250 0.028345
21 0.520000 0.818258 0.020000 0.026678
21 0.565208 0.826803 0.017083 0.015423
21 0.544375 0.815548 0.029583 0.029596
21 0.558542 0.778033 0.029583 0.025427
21 0.585625 0.770321 0.029583 0.024177
21 0.606667 0.722801 0.024167 0.022509
21 0.592500 0.739058 0.026667 0.024177
21 0.613333 0.750521 0.020000 0.021259
21 0.672292 0.744060 0.033750 0.028345
21 0.439167 0.855565 0.042500 0.039600
21 0.443958 0.957691 0.029583 0.045436
21 0.480208 0.954981 0.033750 0.042518
21 0.468333 0.911005 0.024167 0.033764
21 0.487292 0.902251 0.017083 0.039600
21 0.510000 0.898083 0.022500 0.025427
21 0.517708 0.873489 0.021250 0.021259
21 0.536250 0.866194 0.024167 0.024177
21 0.535208 0.889537 0.025417 0.022509
21 0.533958 0.912255 0.025417 0.025427
21 0.550208 0.934973 0.029583 0.028345
21 0.566667 0.905377 0.020000 0.028345
21 0.578542 0.875782 0.012917 0.020008
21 0.583542 0.972280 0.031250 0.029596
21 0.603333 0.944352 0.028333 0.035431
21 0.589167 0.869946 0.028333 0.028345
21 0.593750 0.843685 0.026667 0.026678
21 0.620000 0.824093 0.022500 0.024177
21 0.613333 0.800542 0.028333 0.025427
21 0.640208 0.785119 0.031250 0.025427
21 0.678125 0.775115 0.033750 0.025427
21 0.690417 0.799917 0.024167 0.018341
21 0.671250 0.818258 0.020000 0.026678
21 0.698542 0.822426 0.029583 0.026678
21 0.710625 0.855565 0.025417 0.025427
21 0.648542 0.900375 0.033750 0.026678
21 0.646250 0.931430 0.024167 0.029596
21 0.627708 0.933306 0.015417 0.036682
21 0.681042 0.953105 0.025417 0.033764
21 0.707708 0.943518 0.025417 0.025427
21 0.627292 0.661109 0.039583 0.040850
21 0.681458 0.609629 0.029583 0.033764
21 0.707083 0.640058 0.038333 0.035431
21 0.781250 0.789912 0.022500 0.018341
21 0.768750 0.760942 0.022500 0.031263
21 0.751875 0.779491 0.031250 0.036682
21 0.730417 0.729054 0.022500 0.018341
21 0.753750 0.808462 0.026667 0.021259
21 0.772917 0.812422 0.022500 0.026678
21 0.756042 0.834723 0.031250 0.031263
21 0.806250 0.758649 0.032500 0.032514
21 0.842917 0.756565 0.032500 0.036682
21 0.813125 0.680075 0.029583 0.033764
21 0.664792 0.676115 0.015417 0.022509
21 0.677500 0.683618 0.018333 0.026678
21 0.691667 0.700917 0.024167 0.029596
21 0.704375 0.673197 0.021250 0.028345
21 0.720417 0.689454 0.028333 0.026678
21 0.965000 0.592747 0.042500 0.036682
21 0.894583 0.620884 0.028333 0.033764
21 0.928958 0.525427 0.063750 0.043768
21 0.863542 0.596915 0.039583 0.042518
21 0.807500 0.577949 0.026667 0.021259
21 0.777917 0.608170 0.026667 0.020008
21 0.770000 0.627345 0.028333 0.024177
21 0.785000 0.650063 0.038333 0.021259
21 0.820208 0.619008 0.035417 0.038349
21 0.725417 0.526886 0.024167 0.024177
21 0.695000 0.515423 0.028333 0.029596
21 0.756667 0.400167 0.024167 0.028345
21 0.715417 0.424135 0.040833 0.033764
21 0.745833 0.481034 0.036667 0.036682
21 0.683333 0.340767 0.038333 0.045436
21 0.731875 0.306378 0.025417 0.024177
21 0.748125 0.285119 0.029583 0.038349
21 0.455000 0.538558 0.028333 0.033347
21 0.484792 0.522926 0.023750 0.026261
21 0.466875 0.440600 0.026250 0.026678
21 0.462500 0.463318 0.020833 0.022926
21 0.452292 0.482493 0.023750 0.029596
21 0.501875 0.457691 0.026250 0.026678
21 0.516250 0.484368 0.034167 0.027511
21 0.532708 0.518549 0.031250 0.033347
21 0.566250 0.510213 0.014167 0.015840
21 0.508125 0.376615 0.023750 0.025427
21 0.563333 0.383285 0.027500 0.029596
21 0.537500 0.394956 0.021667 0.024594
21 0.515417 0.408295 0.034167 0.032097
21 0.607708 0.447270 0.017917 0.019175
21 0.829375 0.325344 0.032917 0.031263
21 0.840208 0.285744 0.024583 0.029596
21 0.819167 0.228845 0.020833 0.020008
21 0.815000 0.263652 0.033333 0.031263
21 0.771875 0.230721 0.032083 0.029596
21 0.734375 0.203210 0.022917 0.025427
21 0.737917 0.162151 0.026667 0.028345
21 0.776458 0.173614 0.018750 0.025427
21 0.811667 0.170071 0.028333 0.029179
21 0.803333 0.197791 0.028333 0.024594
21 0.744792 0.093372 0.025417 0.033347
21 0.718542 0.097124 0.029583 0.029179
21 0.720833 0.125052 0.028333 0.026678
21 0.657500 0.085452 0.035833 0.034181
21 0.709375 0.168612 0.026250 0.030429
21 0.671458 0.166736 0.029583 0.034181
21 0.645417 0.169654 0.027500 0.028345
21 0.641458 0.139433 0.024583 0.024594
21 0.623542 0.120675 0.017917 0.017924
21 0.606250 0.128595 0.015000 0.017090
21 0.616875 0.145269 0.022917 0.025427
21 0.563750 0.126719 0.019167 0.013339
21 0.524167 0.145269 0.014167 0.016257
21 0.537292 0.137349 0.017083 0.032097
21 0.563125 0.144644 0.031250 0.021676
21 0.566042 0.167570 0.029583 0.019175
21 0.932083 0.339516 0.034167 0.032930
21 0.931458 0.377032 0.037083 0.032097
21 0.646042 0.466653 0.024583 0.032930
21 0.619583 0.480409 0.028333 0.025427
21 0.595417 0.492705 0.014167 0.019175
21 0.581250 0.498124 0.012500 0.012505
21 0.606458 0.509587 0.022917 0.024594
21 0.585833 0.533139 0.035000 0.034181
21 0.586458 0.572947 0.037917 0.030429
21 0.686458 0.565861 0.032917 0.031263
21 0.720625 0.579825 0.029583 0.028345
21 0.746250 0.587953 0.020833 0.026261
21 0.763750 0.547311 0.036667 0.034181
21 0.825625 0.504168 0.032917 0.030429
21 0.845625 0.484994 0.018750 0.018758
21 0.859167 0.507920 0.026667 0.032097
21 0.897292 0.465819 0.030417 0.032097
21 0.883750 0.431013 0.028333 0.026678
21 0.847083 0.447687 0.026667 0.021676
21 0.819167 0.392038 0.026667 0.030429
21 0.834167 0.414339 0.029167 0.029179