21 0.385002 0.515507 0.032677 0.026823
21 0.396942 0.550922 0.025555 0.038139
21 0.360075 0.549455 0.025555 0.026823
21 0.401131 0.397527 0.025555 0.025566
21 0.429409 0.417435 0.031001 0.036882
21 0.542313 0.397946 0.028069 0.038139
21 0.477377 0.285624 0.025555 0.033948
21 0.466276 0.251676 0.022623 0.025566
21 0.518433 0.270746 0.033934 0.032691
21 0.509217 0.239522 0.015501 0.015507
21 0.528278 0.227158 0.025974 0.023470
21 0.561584 0.259011 0.015501 0.014250
21 0.331588 0.641031 0.020528 0.022213
21 0.104106 0.348491 0.021366 0.019698
21 0.212401 0.368189 0.029326 0.030595
21 0.096146 0.408005 0.028069 0.028919
21 0.105572 0.436505 0.023460 0.026404
21 0.068915 0.591785 0.026393 0.030176
21 0.131546 0.543168 0.023460 0.023470
21 0.170088 0.518022 0.020109 0.020956
21 0.217009 0.449497 0.022623 0.024728
21 0.251780 0.479044 0.020947 0.025985
21 0.190197 0.477158 0.027650 0.030595
21 0.314621 0.490360 0.025136 0.027661
21 0.314830 0.461232 0.026393 0.027242
21 0.497696 0.613579 0.013406 0.018441
21 0.283410 0.557418 0.024717 0.027661
21 0.227901 0.533319 0.022623 0.028919
21 0.212610 0.517184 0.019690 0.020956
21 0.198785 0.508382 0.015501 0.016764
21 0.202974 0.572297 0.028069 0.026404
21 0.209887 0.612951 0.013406 0.019698
21 0.236070 0.606035 0.023879 0.027661
21 0.275660 0.586966 0.025974 0.026404
21 0.122748 0.638097 0.020947 0.023889
21 0.150817 0.647527 0.022623 0.025985
21 0.157939 0.679380 0.023460 0.022632
21 0.245496 0.650671 0.018433 0.017184
21 0.283201 0.639145 0.015920 0.018441
21 0.277126 0.614837 0.017176 0.018441
21 0.317553 0.431056 0.023460 0.019698
21 0.301215 0.410101 0.023460 0.024728
21 0.453079 0.651090 0.027231 0.028919
21 0.471931 0.672464 0.024717 0.023889
21 0.584206 0.554484 0.023879 0.027661
21 0.599707 0.573973 0.009636 0.007963
21 0.373062 0.684828 0.012987 0.013412
21 0.138877 0.721081 0.026393 0.030595
21 0.196062 0.731350 0.025974 0.030176
21 0.378090 0.792959 0.028907 0.027661
21 0.350649 0.816220 0.020947 0.019698
21 0.370339 0.830260 0.018433 0.018441
21 0.361542 0.845977 0.025136 0.021375
21 0.340595 0.877829 0.025136 0.026404
21 0.282991 0.870285 0.021366 0.024728
21 0.302053 0.876572 0.018433 0.024728
21 0.235442 0.838433 0.020947 0.024728
21 0.271052 0.836756 0.022623 0.031433
21 0.299330 0.841995 0.023879 0.022632
21 0.300168 0.799665 0.017176 0.020956
21 0.322790 0.806370 0.018852 0.023470
21 0.310850 0.819782 0.018433 0.018441
21 0.271052 0.759011 0.020947 0.023470
21 0.296816 0.752934 0.021366 0.018860
21 0.300587 0.771375 0.023879 0.021375
21 0.403854 0.729673 0.020109 0.025147
21 0.433180 0.741199 0.023460 0.023889
21 0.362589 0.719614 0.027231 0.023470
21 0.356096 0.699497 0.016757 0.022632
21 0.341014 0.700964 0.015920 0.022213
21 0.321533 0.697611 0.023879 0.024728
21 0.363636 0.941324 0.020947 0.027661
21 0.340595 0.912196 0.022623 0.022213
21 0.342480 0.930427 0.018852 0.018441
21 0.226854 0.753982 0.021366 0.023470
21 0.244240 0.763412 0.020109 0.023889
21 0.246963 0.803018 0.018852 0.020956
21 0.250105 0.821668 0.025136 0.018860
21 0.211772 0.779547 0.012149 0.016764
21 0.516339 0.897946 0.015501 0.018860
21 0.545245 0.845977 0.022204 0.030595
21 0.508588 0.855197 0.029326 0.030595
21 0.479891 0.860226 0.028069 0.028919
21 0.424382 0.924350 0.018433 0.017184
21 0.433808 0.911777 0.017176 0.021375
21 0.441768 0.897318 0.018852 0.020117
21 0.650607 0.892498 0.023460 0.023889
21 0.705907 0.830889 0.025136 0.023889
21 0.664013 0.811609 0.020109 0.022213
21 0.443444 0.717519 0.023879 0.025147
21 0.541894 0.667016 0.012149 0.009640
21 0.528278 0.683361 0.018433 0.023889
21 0.511311 0.685457 0.012149 0.014669
21 0.569124 0.712699 0.017176 0.017184
21 0.643276 0.654023 0.028069 0.031433
21 0.704022 0.623847 0.026393 0.023889
21 0.635735 0.711651 0.026393 0.027661
21 0.606619 0.729673 0.022623 0.022632
21 0.620863 0.759220 0.027650 0.023889
21 0.617512 0.800084 0.020947 0.018441
21 0.639506 0.833822 0.015501 0.018022
21 0.507750 0.808256 0.022623 0.022213
21 0.532258 0.748952 0.022204 0.023470
21 0.458106 0.777871 0.023879 0.029338
21 0.483661 0.732607 0.022204 0.025147
21 0.505656 0.732607 0.020947 0.025985
21 0.409300 0.887469 0.015920 0.019698
21 0.423125 0.875943 0.027650 0.025985
21 0.734185 0.834870 0.023879 0.025147
21 0.293884 0.693210 0.018852 0.025147
21 0.262254 0.696773 0.010892 0.014669
21 0.267491 0.658424 0.026393 0.031852
21 0.283829 0.672255 0.014663 0.013412
21 0.229158 0.776404 0.020947 0.015507
21 0.238375 0.791073 0.023460 0.018860
21 0.277336 0.693630 0.015920 0.018441
21 0.273146 0.678961 0.015920 0.010059
21 0.500628 0.773470 0.020109 0.021375
21 0.488689 0.787720 0.018852 0.021375
21 0.198576 0.163663 0.029326 0.024728
21 0.267700 0.136002 0.022623 0.025566
21 0.158777 0.227787 0.025974 0.026404
21 0.174487 0.274937 0.023879 0.027661
21 0.165270 0.300084 0.011311 0.014250
21 0.148722 0.301551 0.020947 0.021375
21 0.152074 0.323973 0.024298 0.022632
21 0.235442 0.264459 0.023460 0.024308
21 0.262254 0.273261 0.021785 0.020117
21 0.253247 0.299665 0.023879 0.026823
21 0.241935 0.320411 0.023879 0.023051
21 0.298911 0.245390 0.013825 0.013831
21 0.303729 0.299874 0.014244 0.014669
21 0.205488 0.126991 0.023041 0.023470
21 0.329284 0.083194 0.023460 0.027242
21 0.369083 0.087175 0.020947 0.029338
21 0.387516 0.086756 0.016757 0.022632
21 0.370130 0.145851 0.023041 0.027661
21 0.345832 0.195096 0.020528 0.026404
21 0.365731 0.201174 0.016757 0.021794
21 0.388773 0.237217 0.020109 0.020956
21 0.339966 0.264459 0.018852 0.022632
21 0.313992 0.274937 0.013825 0.017603
21 0.324466 0.265717 0.015501 0.015088
21 0.427943 0.307628 0.021366 0.023470
21 0.382488 0.283319 0.012568 0.012573
21 0.486804 0.193210 0.020947 0.022632
21 0.540218 0.242666 0.018852 0.020956
21 0.563050 0.209346 0.011730 0.012154
21 0.571429 0.233445 0.017595 0.020117
21 0.588814 0.244342 0.021366 0.023470
21 0.617721 0.234283 0.023879 0.023470
21 0.279011 0.368399 0.020109 0.022632
21 0.302891 0.376991 0.018433 0.018860
21 0.293465 0.343043 0.018852 0.026404
21 0.309803 0.350587 0.015501 0.020536
21 0.317763 0.325859 0.018852 0.018022
21 0.335149 0.290025 0.014244 0.014250
21 0.356305 0.282691 0.019690 0.019698
21 0.381441 0.355197 0.018852 0.023051
21 0.357771 0.358550 0.020947 0.018022
21 0.347717 0.350377 0.012568 0.015088
21 0.331588 0.353521 0.018852 0.023051
21 0.381022 0.335289 0.007960 0.009220
21 0.393590 0.330889 0.015501 0.019698
21 0.332007 0.313286 0.014663 0.019698
21 0.340595 0.300503 0.018433 0.017603
21 0.375157 0.299455 0.015501 0.015507
21 0.395475 0.271584 0.010892 0.016764
21 0.406577 0.272632 0.013825 0.018860
21 0.380603 0.315381 0.017176 0.018860
21 0.349811 0.327117 0.014244 0.017184
21 0.357143 0.337804 0.012987 0.011735
21 0.364893 0.326697 0.015920 0.018022
21 0.355258 0.312238 0.013406 0.013412
21 0.366359 0.311609 0.012149 0.011316
21 0.428571 0.285205 0.025136 0.016345
21 0.433808 0.267184 0.016339 0.019698
21 0.405949 0.156119 0.016757 0.021375
21 0.394219 0.165130 0.017595 0.017603
21 0.394009 0.182313 0.021366 0.017603
21 0.394219 0.195935 0.014244 0.011316
21 0.420402 0.171207 0.018014 0.016345
21 0.419983 0.184409 0.015501 0.012573
21 0.439673 0.182313 0.017176 0.020117
21 0.432551 0.196773 0.007960 0.008801
21 0.416213 0.205574 0.012987 0.020536
21 0.412442 0.218567 0.006284 0.009640
21 0.430666 0.207251 0.015082 0.015507
21 0.428781 0.228416 0.012149 0.017603
21 0.440302 0.236169 0.012568 0.016345
21 0.468789 0.198449 0.015920 0.016345
21 0.468789 0.213956 0.015920 0.015507
21 0.467951 0.227158 0.014244 0.012573
21 0.454755 0.210813 0.018014 0.024308
21 0.443444 0.222339 0.019690 0.018860
21 0.416213 0.234702 0.012987 0.013412
21 0.404273 0.255658 0.014244 0.012573
21 0.413909 0.258173 0.011730 0.010897
21 0.423125 0.253353 0.008379 0.010478
21 0.410767 0.245180 0.017176 0.014250
21 0.422287 0.244971 0.008379 0.007125
21 0.424592 0.058256 0.023041 0.029338
21 0.459992 0.052598 0.024298 0.032272
21 0.485128 0.047779 0.016757 0.027661
21 0.503980 0.044216 0.021785 0.033110
21 0.530792 0.045893 0.021785 0.029757
21 0.560536 0.022842 0.018433 0.023889
21 0.582949 0.064962 0.022204 0.030176
21 0.608504 0.068525 0.023041 0.024728
21 0.627985 0.073973 0.018433 0.021375
21 0.625890 0.094719 0.020947 0.020117
21 0.641810 0.073345 0.010054 0.017603
21 0.655635 0.090109 0.012568 0.012573
21 0.659196 0.105826 0.018014 0.020536
21 0.687683 0.105826 0.024717 0.029757
21 0.683703 0.141450 0.020109 0.020536
21 0.713029 0.140821 0.024298 0.023470
21 0.711563 0.117142 0.023041 0.021375
21 0.738584 0.124057 0.022623 0.025985
21 0.765186 0.206412 0.020528 0.024728
21 0.851068 0.233445 0.025555 0.026823
21 0.681399 0.244761 0.015501 0.012573
21 0.710096 0.231140 0.025974 0.028080
21 0.647465 0.202431 0.023041 0.025985
21 0.567658 0.179170 0.020109 0.022213
21 0.594889 0.180637 0.018433 0.017603
21 0.588186 0.196144 0.015920 0.019279
21 0.602639 0.194258 0.012149 0.010478
21 0.607248 0.205993 0.018014 0.018860
21 0.623586 0.190277 0.018852 0.020956
21 0.585044 0.279757 0.014663 0.012992
21 0.571848 0.310771 0.022623 0.020536
21 0.564935 0.328374 0.024717 0.021375
21 0.596565 0.333403 0.020947 0.019698
21 0.585882 0.372171 0.025555 0.025985
21 0.628613 0.417854 0.020528 0.024308
21 0.653749 0.411777 0.011311 0.010478
21 0.660452 0.424350 0.020528 0.022213
21 0.685589 0.413663 0.014663 0.017603
21 0.695015 0.422883 0.015082 0.016764
21 0.713657 0.404652 0.018014 0.018022
21 0.697319 0.395851 0.008798 0.010478
21 0.709258 0.380553 0.023460 0.020117
21 0.693967 0.366303 0.019690 0.021794
21 0.685589 0.392288 0.017176 0.017603
21 0.728320 0.317687 0.024717 0.026823
21 0.724969 0.342205 0.021366 0.019698
21 0.844365 0.271794 0.016339 0.023889
21 0.819858 0.252096 0.019271 0.020536
21 0.825513 0.269070 0.022204 0.020956
21 0.897570 0.296731 0.025555 0.020117
21 0.906368 0.318106 0.025555 0.024308
21 0.914956 0.342205 0.020947 0.020536
21 0.909719 0.366303 0.023041 0.020117
21 0.910767 0.384954 0.020947 0.018860
21 0.934018 0.410101 0.027231 0.025566
21 0.647675 0.354987 0.008379 0.009220
21 0.666108 0.359598 0.016757 0.017603
21 0.645790 0.368609 0.014663 0.015507
21 0.636783 0.390612 0.015920 0.022632
21 0.649770 0.387049 0.014244 0.019698
21 0.660871 0.384325 0.012149 0.017603
21 0.673021 0.377829 0.012987 0.017184
21 0.589024 0.462070 0.019271 0.018860
21 0.610809 0.469614 0.013406 0.016345
21 0.629870 0.472967 0.012987 0.012992
21 0.663804 0.469405 0.023879 0.020956
21 0.715543 0.450126 0.019271 0.013412
21 0.740469 0.440696 0.013825 0.023051
21 0.727273 0.426446 0.017595 0.018860
21 0.648722 0.443630 0.020528 0.021375
21 0.615836 0.488684 0.019271 0.019279
21 0.619606 0.505029 0.015920 0.018441
21 0.640344 0.500000 0.025555 0.028500
21 0.692920 0.482607 0.020109 0.023051
21 0.725388 0.481978 0.023041 0.022632
21 0.737746 0.513202 0.018433 0.019698
21 0.752618 0.547569 0.014663 0.014669
21 0.735861 0.532481 0.023879 0.017184
21 0.716171 0.501048 0.014663 0.014669
21 0.724131 0.508173 0.007122 0.012154
21 0.711982 0.517393 0.017176 0.017184
21 0.832007 0.478625 0.022623 0.024308
21 0.858819 0.485960 0.021785 0.023051
21 0.900712 0.457460 0.022623 0.023051
21 0.938835 0.466471 0.028488 0.022632
21 0.900712 0.487008 0.022623 0.023470
21 0.840176 0.521584 0.020528 0.023051
21 0.911395 0.530595 0.021366 0.019279
21 0.951194 0.538977 0.026393 0.025147
21 0.859866 0.544216 0.023041 0.022213
21 0.837872 0.567058 0.021785 0.025985
21 0.799539 0.615046 0.023879 0.024728
21 0.754713 0.607083 0.028069 0.028080
21 0.715333 0.581308 0.014663 0.014250
21 0.729996 0.566848 0.017176 0.018860
21 0.716380 0.553646 0.020109 0.020956
21 0.699832 0.564334 0.018852 0.018860
21 0.685589 0.550084 0.021366 0.020536
21 0.780268 0.646060 0.025555 0.023889
21 0.803938 0.675189 0.018433 0.020117
21 0.890239 0.647108 0.037704 0.031852
21 0.868245 0.719195 0.015501 0.015926
21 0.834311 0.724644 0.023041 0.027661
21 0.625262 0.576069 0.024717 0.026404
21 0.662338 0.582984 0.021785 0.020117
21 0.635316 0.538768 0.014663 0.015507
21 0.639087 0.556580 0.017176 0.015926
21 0.651236 0.531643 0.014663 0.019698
21 0.661081 0.522003 0.013406 0.018022
21 0.676581 0.523680 0.017595 0.021375
21 0.665689 0.538349 0.013406 0.015507
21 0.913071 0.553227 0.021366 0.020956
21 0.930038 0.575231 0.022623 0.022213
21 0.896732 0.574183 0.018852 0.021794
21 0.902597 0.599539 0.017176 0.022213
21 0.920402 0.595557 0.019271 0.020956
21 0.865731 0.734702 0.011311 0.013412
21 0.832007 0.790654 0.020947 0.022213
21 0.812107 0.772632 0.025555 0.028080
21 0.754504 0.770327 0.016757 0.016764
21 0.775869 0.815172 0.024298 0.028500
21 0.667574 0.755239 0.017176 0.020117
21 0.682028 0.766136 0.021785 0.022632
21 0.676581 0.786044 0.020109 0.023889
21 0.657310 0.786044 0.018433 0.023051
21 0.659615 0.271794 0.016339 0.019698
21 0.693967 0.302598 0.018014 0.023470
21 0.681818 0.292330 0.014663 0.021375
21 0.669250 0.302389 0.018014 0.012154
21 0.663804 0.288977 0.019690 0.014669
21 0.644114 0.288977 0.018852 0.025566
21 0.616255 0.309095 0.018433 0.016345
21 0.608085 0.273889 0.016339 0.021375
21 0.622539 0.263202 0.012568 0.011735
21 0.622958 0.277033 0.013406 0.015088
21 0.618768 0.291492 0.024298 0.014669
21 0.659405 0.339690 0.012568 0.010478
21 0.663594 0.315172 0.017595 0.018441
21 0.651864 0.324811 0.005865 0.005868
21 0.645580 0.314543 0.015920 0.018860
21 0.641391 0.341995 0.013406 0.009220
21 0.651026 0.334870 0.013406 0.012573
21 0.638458 0.331098 0.015920 0.015926
21 0.679933 0.337175 0.016757 0.020536
21 0.670088 0.329003 0.017176 0.016764
21 0.631965 0.315801 0.010473 0.015507
21 0.644323 0.262783 0.011730 0.015088
21 0.635526 0.263412 0.010054 0.023051
21 0.696062 0.906748 0.021366 0.033948
21 0.720360 0.904652 0.028069 0.038139
21 0.820276 0.867770 0.020947 0.024728