21 0.357755 0.822149 0.031177 0.019007
21 0.333983 0.763576 0.014030 0.015128
21 0.345090 0.772692 0.012860 0.013964
21 0.345479 0.745151 0.018316 0.017843
21 0.351910 0.759503 0.017147 0.017067
21 0.408807 0.797130 0.014809 0.033359
21 0.196610 0.393716 0.019875 0.019395
21 0.203040 0.385182 0.017147 0.020171
21 0.199532 0.502133 0.028059 0.013576
21 0.199532 0.491660 0.030398 0.009697
21 0.200701 0.480605 0.032736 0.014740
21 0.201091 0.467998 0.023383 0.012801
21 0.181021 0.467029 0.020655 0.015516
21 0.183164 0.453840 0.018706 0.014740
21 0.180631 0.437936 0.021434 0.015516
21 0.494154 0.054888 0.034295 0.031420
21 0.523772 0.050815 0.033515 0.035687
21 0.557872 0.042475 0.030008 0.031420
21 0.641465 0.058573 0.037412 0.038014
21 0.689984 0.065943 0.028449 0.031032
21 0.710249 0.066912 0.025331 0.029868
21 0.620226 0.077192 0.030008 0.025601
21 0.615939 0.095617 0.028449 0.024438
21 0.653157 0.098332 0.028839 0.032196
21 0.628800 0.114624 0.032346 0.026765
21 0.599182 0.114818 0.028449 0.025601
21 0.612627 0.129558 0.026500 0.024050
21 0.608730 0.142164 0.024162 0.025989
21 0.626461 0.155547 0.028449 0.028704
21 0.589634 0.141001 0.024942 0.023662
21 0.584957 0.127424 0.025721 0.021334
21 0.559041 0.135764 0.030787 0.024825
21 0.581060 0.062645 0.026500 0.022110
21 0.588075 0.079907 0.029618 0.023274
21 0.573655 0.092320 0.022603 0.017843
21 0.570148 0.077386 0.016368 0.019007
21 0.559236 0.067882 0.023383 0.015516
21 0.557482 0.102211 0.026111 0.020559
21 0.545986 0.078355 0.017147 0.020946
21 0.539556 0.083980 0.022214 0.023662
21 0.511496 0.074670 0.031567 0.019783
21 0.526111 0.084756 0.024162 0.022110
21 0.530008 0.104151 0.020265 0.019783
21 0.546181 0.126455 0.023772 0.024050
21 0.518316 0.118891 0.019486 0.018231
21 0.529813 0.123933 0.019096 0.024438
21 0.500779 0.096393 0.024162 0.025989
21 0.514419 0.092514 0.025721 0.025213
21 0.495323 0.112878 0.029618 0.023274
21 0.509743 0.133631 0.033515 0.029868
21 0.536438 0.159232 0.029228 0.024438
21 0.466290 0.091544 0.025331 0.024825
21 0.481099 0.094841 0.020655 0.025989
21 0.473305 0.112490 0.026111 0.017067
21 0.463952 0.124515 0.020655 0.020171
21 0.478761 0.126843 0.021434 0.020946
21 0.482073 0.147789 0.028839 0.026377
21 0.680242 0.103957 0.025331 0.020171
21 0.700896 0.111908 0.025331 0.036074
21 0.680631 0.120830 0.027670 0.024438
21 0.714147 0.116951 0.019875 0.029092
21 0.713172 0.155741 0.021044 0.027541
21 0.701091 0.177851 0.028059 0.026765
21 0.516563 0.175912 0.035464 0.026765
21 0.457521 0.165244 0.022603 0.022498
21 0.445246 0.141583 0.026111 0.020171
21 0.442323 0.119472 0.027280 0.031032
21 0.423811 0.122188 0.020655 0.024050
21 0.403352 0.119472 0.026500 0.029480
21 0.400234 0.142358 0.025721 0.022498
21 0.420109 0.133631 0.020265 0.019007
21 0.419330 0.147789 0.026500 0.018619
21 0.391270 0.167572 0.027280 0.025601
21 0.359119 0.118697 0.022993 0.030256
21 0.387373 0.122382 0.021044 0.022886
21 0.374708 0.128976 0.028449 0.030644
21 0.349571 0.157486 0.035074 0.028704
21 0.423227 0.162723 0.022603 0.022110
21 0.413484 0.169317 0.025721 0.025989
21 0.443882 0.170481 0.025721 0.023662
21 0.452260 0.188906 0.033905 0.027929
21 0.580670 0.189294 0.030398 0.027153
21 0.744934 0.130528 0.030008 0.025989
21 0.819369 0.141777 0.027670 0.029868
21 0.834567 0.162335 0.030787 0.028317
21 0.832814 0.189682 0.028839 0.034911
21 0.816836 0.194337 0.022603 0.030256
21 0.796376 0.185997 0.030008 0.027541
21 0.797350 0.203452 0.028059 0.023662
21 0.806118 0.218580 0.033125 0.028317
21 0.765588 0.226920 0.030008 0.032583
21 0.787023 0.236036 0.026890 0.029868
21 0.783125 0.157874 0.024552 0.027929
21 0.773967 0.172614 0.023383 0.021722
21 0.763055 0.188130 0.022603 0.026377
21 0.751169 0.198604 0.025331 0.022498
21 0.738698 0.216447 0.031567 0.027929
21 0.735386 0.188712 0.028839 0.033747
21 0.766758 0.164469 0.021434 0.028704
21 0.748051 0.166408 0.026890 0.021722
21 0.745908 0.148371 0.024942 0.022886
21 0.730125 0.156517 0.023772 0.026765
21 0.688426 0.196858 0.029228 0.029092
21 0.689790 0.231187 0.027280 0.027153
21 0.702845 0.251358 0.033125 0.027929
21 0.669719 0.238557 0.022214 0.024825
21 0.661925 0.224981 0.024552 0.024825
21 0.647311 0.198604 0.023383 0.027153
21 0.638153 0.211210 0.026111 0.029092
21 0.624123 0.221877 0.023772 0.026377
21 0.649065 0.238945 0.025331 0.025601
21 0.640296 0.252327 0.028059 0.029092
21 0.594115 0.198798 0.030008 0.025213
21 0.613211 0.209077 0.024552 0.023274
21 0.589829 0.221102 0.024552 0.023274
21 0.602104 0.224399 0.024162 0.017455
21 0.605612 0.241660 0.028059 0.021722
21 0.588270 0.266680 0.033905 0.029868
21 0.664848 0.282583 0.035853 0.029868
21 0.525136 0.262413 0.037023 0.030644
21 0.538776 0.226532 0.030787 0.027153
21 0.552416 0.206168 0.028449 0.029868
21 0.530592 0.206555 0.031567 0.023662
21 0.524162 0.190070 0.028059 0.022498
21 0.858340 0.227114 0.030008 0.032971
21 0.886204 0.229829 0.030398 0.034523
21 0.903936 0.255043 0.028449 0.023662
21 0.915043 0.274825 0.029618 0.029092
21 0.882697 0.260861 0.028059 0.022886
21 0.895752 0.274825 0.022214 0.022886
21 0.882502 0.284717 0.028449 0.025601
21 0.862042 0.277153 0.029618 0.033747
21 0.837685 0.269007 0.029228 0.029868
21 0.816641 0.281420 0.034684 0.029092
21 0.787607 0.309154 0.032736 0.030256
21 0.768122 0.324864 0.032736 0.028317
21 0.803390 0.331071 0.032346 0.027541
21 0.812354 0.350078 0.037023 0.028317
21 0.853663 0.326610 0.031567 0.031808
21 0.889322 0.313421 0.032736 0.034135
21 0.896921 0.337083 0.031567 0.027153
21 0.865939 0.356866 0.036633 0.024825
21 0.873733 0.375679 0.036633 0.022110
21 0.698558 0.312645 0.035464 0.026377
21 0.707716 0.326804 0.035074 0.022110
21 0.624903 0.298875 0.037802 0.033747
21 0.675955 0.340380 0.033905 0.029868
21 0.758379 0.372576 0.027280 0.028317
21 0.658028 0.371218 0.031567 0.024825
21 0.743570 0.383049 0.029618 0.029092
21 0.771629 0.396237 0.035074 0.028317
21 0.754092 0.414469 0.029618 0.029868
21 0.781567 0.430954 0.040140 0.037238
21 0.805534 0.454034 0.034295 0.032971
21 0.698948 0.391583 0.031567 0.025989
21 0.708691 0.410590 0.029228 0.023662
21 0.702065 0.422033 0.029228 0.023274
21 0.681216 0.399147 0.024942 0.017843
21 0.687841 0.413111 0.021824 0.019395
21 0.674981 0.416408 0.031956 0.024438
21 0.662315 0.390031 0.025331 0.024438
21 0.639127 0.380721 0.022603 0.020559
21 0.642829 0.393910 0.026890 0.017455
21 0.625097 0.378976 0.028059 0.026377
21 0.601715 0.391389 0.024942 0.026377
21 0.613796 0.388673 0.027280 0.027153
21 0.601325 0.423196 0.029618 0.027929
21 0.620226 0.415632 0.024552 0.024438
21 0.632892 0.408844 0.023383 0.026377
21 0.650818 0.408456 0.022603 0.024825
21 0.643804 0.429403 0.024942 0.026377
21 0.654716 0.425718 0.024162 0.022110
21 0.671668 0.442397 0.030787 0.022886
21 0.693492 0.444337 0.026111 0.022886
21 0.677319 0.460240 0.027280 0.025989
21 0.699922 0.463150 0.028839 0.026377
21 0.603274 0.455974 0.031177 0.029092
21 0.733048 0.486424 0.034295 0.028704
21 0.765004 0.487393 0.029618 0.033747
21 0.797740 0.497091 0.031177 0.032971
21 0.828722 0.497867 0.033125 0.032971
21 0.886399 0.495733 0.034684 0.030256
21 0.892440 0.469744 0.036633 0.027929
21 0.928098 0.457913 0.040920 0.032196
21 0.927708 0.435027 0.040140 0.025213
21 0.917381 0.414081 0.042089 0.030644
21 0.918355 0.389643 0.037023 0.032196
21 0.920109 0.365206 0.038971 0.032971
21 0.886789 0.554888 0.038581 0.033747
21 0.964147 0.589022 0.036633 0.035299
21 0.840803 0.563421 0.033905 0.031420
21 0.859314 0.571955 0.030398 0.032971
21 0.900234 0.602017 0.038192 0.034911
21 0.853274 0.602987 0.035464 0.029868
21 0.785464 0.567300 0.034684 0.027541
21 0.787217 0.590186 0.034295 0.030644
21 0.741426 0.530450 0.033905 0.025989
21 0.749221 0.551202 0.035464 0.026377
21 0.709665 0.541117 0.033515 0.028704
21 0.694661 0.568076 0.030787 0.026765
21 0.713367 0.580295 0.033125 0.031032
21 0.692907 0.600659 0.028839 0.025213
21 0.694076 0.620442 0.026500 0.021334
21 0.692128 0.638092 0.028059 0.020946
21 0.666407 0.636928 0.023383 0.021722
21 0.658613 0.642746 0.025721 0.023274
21 0.657249 0.659426 0.025331 0.022498
21 0.700312 0.655741 0.021824 0.022110
21 0.683164 0.655935 0.023383 0.020946
21 0.681995 0.670675 0.024162 0.018619
21 0.676345 0.690846 0.028449 0.027929
21 0.703040 0.688518 0.024942 0.024825
21 0.754871 0.615787 0.033515 0.025213
21 0.774942 0.629170 0.024552 0.025601
21 0.755456 0.632079 0.022993 0.025213
21 0.755261 0.647207 0.024942 0.022110
21 0.816446 0.650310 0.034295 0.030644
21 0.858924 0.676687 0.030398 0.029868
21 0.874708 0.669705 0.031567 0.029092
21 0.877241 0.649147 0.036633 0.026765
21 0.795401 0.682118 0.036633 0.031420
21 0.772603 0.664469 0.030787 0.031032
21 0.727786 0.650116 0.031567 0.024825
21 0.737140 0.662917 0.032346 0.020946
21 0.743180 0.678045 0.027280 0.025601
21 0.721551 0.679015 0.027670 0.025213
21 0.655690 0.565555 0.027670 0.019395
21 0.658418 0.580295 0.029228 0.017067
21 0.658223 0.594647 0.031177 0.021722
21 0.618083 0.555857 0.029618 0.024825
21 0.630164 0.568270 0.027280 0.018619
21 0.629774 0.579131 0.025721 0.016292
21 0.628410 0.592901 0.024552 0.021334
21 0.640101 0.615787 0.027670 0.025213
21 0.605612 0.573701 0.029618 0.021722
21 0.577553 0.545772 0.033515 0.029480
21 0.575799 0.582816 0.028449 0.026765
21 0.609119 0.588635 0.021044 0.020559
21 0.617888 0.608805 0.021434 0.017455
21 0.616134 0.621994 0.026500 0.020559
21 0.592557 0.618891 0.026890 0.016680
21 0.599766 0.634213 0.034295 0.020946
21 0.574045 0.638673 0.028839 0.025989
21 0.578527 0.679984 0.026111 0.027153
21 0.713757 0.705392 0.022993 0.023662
21 0.729735 0.710047 0.021434 0.022110
21 0.719213 0.721296 0.021434 0.021334
21 0.731878 0.730605 0.033515 0.026765
21 0.837101 0.714507 0.034295 0.042669
21 0.704599 0.731381 0.034295 0.025989
21 0.704988 0.751164 0.031956 0.026765
21 0.650818 0.716253 0.027280 0.023662
21 0.668161 0.741272 0.022993 0.030256
21 0.649260 0.739527 0.031177 0.025213
21 0.627046 0.743988 0.027280 0.025601
21 0.589634 0.715089 0.029618 0.025989
21 0.566641 0.686967 0.025721 0.024825
21 0.557288 0.706943 0.025721 0.024438
21 0.517147 0.641971 0.028839 0.026377
21 0.540335 0.653607 0.026111 0.024050
21 0.525916 0.663499 0.025331 0.023662
21 0.535659 0.679209 0.024552 0.022498
21 0.537023 0.709271 0.021044 0.017455
21 0.528449 0.726532 0.024942 0.020946
21 0.580086 0.737199 0.022993 0.025213
21 0.572876 0.749806 0.024162 0.017843
21 0.564108 0.739721 0.019875 0.018619
21 0.550857 0.740109 0.020655 0.017843
21 0.544427 0.766292 0.024162 0.015904
21 0.526306 0.741078 0.019875 0.019007
21 0.515004 0.771916 0.022214 0.023274
21 0.597428 0.756594 0.024162 0.022886
21 0.612237 0.767843 0.021044 0.018231
21 0.626072 0.772110 0.019096 0.019783
21 0.640101 0.769395 0.019096 0.022886
21 0.656859 0.770946 0.022214 0.025213
21 0.676345 0.775795 0.023772 0.024050
21 0.806898 0.844647 0.046376 0.043832
21 0.712003 0.794608 0.027280 0.032196
21 0.697584 0.807021 0.023383 0.020559
21 0.692128 0.788984 0.024162 0.027153
21 0.676345 0.799457 0.026111 0.029480
21 0.659002 0.823507 0.035074 0.031808
21 0.628215 0.826804 0.031177 0.030644
21 0.595869 0.814003 0.031956 0.030644
21 0.649649 0.788984 0.021824 0.024050
21 0.630553 0.789566 0.021824 0.025213
21 0.600740 0.792281 0.024552 0.019783
21 0.563523 0.810900 0.029618 0.027541
21 0.535853 0.827580 0.034295 0.033747
21 0.498246 0.846780 0.042479 0.039566
21 0.520850 0.800621 0.024552 0.024050
21 0.527280 0.777929 0.024162 0.027541
21 0.560795 0.792281 0.019486 0.018231
21 0.568394 0.779868 0.022214 0.031420
21 0.583983 0.773662 0.024552 0.032196
21 0.492401 0.769977 0.025331 0.028704
21 0.427708 0.748448 0.026890 0.025213
21 0.432190 0.771334 0.027280 0.026765
21 0.415627 0.707525 0.030008 0.030256
21 0.444661 0.716835 0.025721 0.025601
21 0.435113 0.692591 0.026890 0.028317
21 0.496298 0.718386 0.026111 0.027929
21 0.474864 0.731381 0.020655 0.019783
21 0.478761 0.745539 0.026111 0.018619
21 0.454793 0.738557 0.022603 0.021722
21 0.384451 0.763964 0.029228 0.027541
21 0.329501 0.802172 0.023772 0.020171
21 0.353274 0.804888 0.028449 0.019395
21 0.436867 0.812645 0.025721 0.024825
21 0.451286 0.824088 0.032736 0.036074
21 0.445635 0.798875 0.026890 0.019007
21 0.454599 0.787432 0.026890 0.024825
21 0.425955 0.795578 0.021824 0.026377
21 0.394193 0.781614 0.023772 0.024825
21 0.385230 0.795384 0.027670 0.029868
21 0.354248 0.783941 0.021044 0.019395
21 0.372564 0.781614 0.021044 0.023274
21 0.361847 0.769201 0.019096 0.023274
21 0.325994 0.779286 0.026111 0.020946
21 0.313523 0.769007 0.024552 0.025213
21 0.319174 0.732933 0.030398 0.024438
21 0.330475 0.741272 0.027280 0.025601
21 0.454209 0.764934 0.017537 0.017067
21 0.468628 0.758534 0.015199 0.017455
21 0.475253 0.773080 0.015978 0.020171
21 0.473500 0.680760 0.028839 0.019395
21 0.476422 0.666020 0.028449 0.020946
21 0.479345 0.649535 0.026500 0.027541
21 0.458301 0.650310 0.025721 0.028317
21 0.419330 0.642940 0.026500 0.026765
21 0.431216 0.653413 0.030008 0.026765
21 0.445051 0.609581 0.030398 0.029868
21 0.399649 0.619860 0.028449 0.027153
21 0.380943 0.631109 0.026111 0.027153
21 0.361068 0.605508 0.028449 0.026377
21 0.357560 0.628394 0.026111 0.030256
21 0.361068 0.676881 0.033125 0.031032
21 0.332619 0.656711 0.032346 0.027929
21 0.327942 0.629946 0.030787 0.027929
21 0.306313 0.646237 0.030398 0.027153
21 0.295012 0.625291 0.032736 0.028704
21 0.283905 0.608611 0.030787 0.026377
21 0.294232 0.596780 0.021044 0.024438
21 0.307872 0.593871 0.025721 0.030256
21 0.378020 0.584562 0.029618 0.025601
21 0.379969 0.565167 0.031177 0.026377
21 0.294232 0.556245 0.026500 0.031808
21 0.275526 0.558573 0.028059 0.034911
21 0.545596 0.610745 0.031177 0.030644
21 0.532151 0.587665 0.030787 0.024825
21 0.319758 0.546936 0.035464 0.031808
21 0.387763 0.525407 0.033515 0.035299
21 0.471356 0.494569 0.030008 0.031032
21 0.486750 0.512607 0.028059 0.029092
21 0.492595 0.529868 0.030398 0.027153
21 0.502728 0.539566 0.027280 0.027929
21 0.506235 0.556439 0.024162 0.029868
21 0.525526 0.556633 0.020655 0.023274
21 0.546181 0.556439 0.025331 0.026765
21 0.518122 0.574088 0.019875 0.022498
21 0.534684 0.571373 0.023383 0.022498
21 0.539166 0.534911 0.029228 0.026377
21 0.556898 0.519783 0.025721 0.022498
21 0.575019 0.505431 0.026890 0.027929
21 0.529618 0.522110 0.026500 0.021722
21 0.525916 0.506788 0.029228 0.021334
21 0.527475 0.488751 0.027670 0.026377
21 0.541309 0.496509 0.021824 0.025601
21 0.540530 0.463732 0.028059 0.032971
21 0.513640 0.462568 0.029618 0.029092
21 0.345479 0.494957 0.034684 0.027153
21 0.338270 0.475369 0.029618 0.025213
21 0.320928 0.470132 0.030787 0.027153
21 0.331255 0.452095 0.031177 0.027541
21 0.356196 0.433863 0.029618 0.030644
21 0.401793 0.428821 0.028059 0.030644
21 0.470966 0.423778 0.030787 0.033747
21 0.514809 0.375097 0.037412 0.034135
21 0.565666 0.324864 0.034684 0.036074
21 0.447973 0.368891 0.029228 0.029480
21 0.421278 0.378006 0.030398 0.028317
21 0.398480 0.403413 0.028449 0.027929
21 0.381528 0.412529 0.028059 0.029868
21 0.318005 0.414663 0.030398 0.021722
21 0.315861 0.432700 0.027670 0.021334
21 0.333203 0.424166 0.021044 0.030644
21 0.339244 0.381109 0.026890 0.029868
21 0.364965 0.392164 0.026111 0.021722
21 0.362042 0.376649 0.026500 0.017843
21 0.407054 0.348138 0.022993 0.026765
21 0.421083 0.351047 0.015978 0.027153
21 0.435892 0.351435 0.021434 0.027153
21 0.454404 0.346780 0.024942 0.019395
21 0.452845 0.332040 0.017927 0.020946
21 0.479540 0.337471 0.020655 0.024825
21 0.465316 0.337859 0.019486 0.027153
21 0.401793 0.317494 0.029618 0.027541
21 0.383671 0.325640 0.024552 0.018231
21 0.384451 0.336501 0.026890 0.017455
21 0.379384 0.350853 0.024552 0.022110
21 0.373539 0.361133 0.020655 0.019395
21 0.357366 0.354344 0.023383 0.023662
21 0.345284 0.346199 0.024162 0.022886
21 0.325799 0.354926 0.026500 0.027153
21 0.316056 0.376067 0.026500 0.027541
21 0.315277 0.342320 0.028839 0.025213
21 0.317225 0.327192 0.021824 0.025213
21 0.330475 0.323701 0.019486 0.020559
21 0.269680 0.351241 0.029618 0.028317
21 0.252143 0.374321 0.034295 0.027929
21 0.247857 0.346974 0.028059 0.029092
21 0.242595 0.455392 0.036243 0.031032
21 0.237724 0.490690 0.034295 0.026377
21 0.230709 0.513576 0.035853 0.033359
21 0.185113 0.541699 0.037412 0.031420
21 0.204988 0.526183 0.027280 0.023662
21 0.195246 0.515710 0.030398 0.020559
21 0.167771 0.483708 0.038581 0.035687
21 0.121785 0.402444 0.040140 0.038402
21 0.164069 0.403220 0.028839 0.025213
21 0.164653 0.420675 0.030787 0.024438
21 0.197194 0.428045 0.023383 0.019783
21 0.195051 0.414081 0.030787 0.023662
21 0.200896 0.449379 0.024552 0.025989
21 0.161925 0.342320 0.031567 0.029868
21 0.141270 0.323701 0.030008 0.029868
21 0.182190 0.396819 0.020655 0.018619
21 0.183554 0.377812 0.025721 0.021722
21 0.210834 0.379364 0.024162 0.017067
21 0.210055 0.363654 0.023383 0.024438
21 0.192518 0.365593 0.023383 0.019007
21 0.187256 0.349690 0.026111 0.020559
21 0.199143 0.340962 0.024942 0.024050
21 0.208496 0.326610 0.026500 0.026377
21 0.189790 0.328161 0.023383 0.020946
21 0.178098 0.323507 0.028059 0.021722
21 0.198558 0.308573 0.022993 0.021334
21 0.183944 0.305663 0.021824 0.023274
21 0.252533 0.300815 0.024942 0.030644
21 0.239088 0.301009 0.024552 0.034135
21 0.497077 0.303918 0.035464 0.031420
21 0.467849 0.320403 0.030787 0.028704
21 0.449143 0.298487 0.031567 0.031420
21 0.460639 0.258146 0.033515 0.029868
21 0.465316 0.239333 0.030398 0.027929
21 0.416212 0.220132 0.029618 0.030644
21 0.389712 0.213732 0.025721 0.024825
21 0.402377 0.227308 0.026111 0.028704
21 0.401988 0.248836 0.030787 0.025213
21 0.386399 0.261831 0.030787 0.024825
21 0.386399 0.297905 0.024552 0.024825
21 0.353468 0.302172 0.027280 0.024050
21 0.326968 0.295578 0.025721 0.019395
21 0.370616 0.298099 0.020265 0.022110
21 0.369836 0.287238 0.028059 0.023662
21 0.363991 0.273274 0.018706 0.015904
21 0.349766 0.275989 0.022214 0.022110
21 0.331839 0.255431 0.024552 0.024438
21 0.364380 0.247285 0.021044 0.020559
21 0.350156 0.245151 0.022214 0.022498
21 0.333203 0.238557 0.022603 0.017843
21 0.344895 0.229247 0.023383 0.019395
21 0.322292 0.225756 0.032736 0.028704
21 0.346064 0.216059 0.021044 0.021722
21 0.359314 0.214701 0.019486 0.022886
21 0.363601 0.204810 0.020265 0.020946
21 0.375487 0.199573 0.021434 0.025213
21 0.393414 0.193561 0.024552 0.024825
21 0.344115 0.197052 0.027280 0.025601
21 0.362237 0.187936 0.024552 0.025213
21 0.234606 0.264158 0.034295 0.027929
21 0.218433 0.221102 0.032346 0.030256
21 0.204599 0.247285 0.030398 0.025989
21 0.193882 0.262801 0.034684 0.025213
21 0.211029 0.281226 0.026890 0.027153
21 0.193102 0.282971 0.026111 0.025213
21 0.178488 0.285299 0.022603 0.028317
21 0.164458 0.290729 0.027280 0.029868
21 0.124123 0.293251 0.040140 0.031032
21 0.146532 0.276959 0.029618 0.030256
21 0.136984 0.247479 0.035464 0.034135
21 0.166991 0.198410 0.037802 0.039178
21 0.206742 0.200155 0.034684 0.033359
21 0.229735 0.183863 0.035464 0.030256
21 0.266563 0.176687 0.033515 0.034523
21 0.302611 0.164081 0.035464 0.033359
21 0.150429 0.237781 0.032736 0.030256
21 0.216290 0.147789 0.035074 0.038790
21 0.236165 0.131109 0.039751 0.031808
21 0.265394 0.109193 0.036633 0.036850
21 0.303780 0.096199 0.037023 0.033359
21 0.303780 0.061676 0.035464 0.031808
21 0.319369 0.137122 0.030787 0.031420
21 0.343726 0.124903 0.028839 0.030256
21 0.174201 0.615012 0.045986 0.041505
21 0.235191 0.664469 0.041699 0.025601
21 0.244154 0.679209 0.034684 0.020171
21 0.245518 0.692979 0.035074 0.020559
21 0.244739 0.710240 0.037412 0.030256
21 0.349182 0.832622 0.028059 0.025213