21 0.517894 0.765048 0.016230 0.015774
21 0.311069 0.132628 0.012901 0.016189
21 0.435289 0.364467 0.015814 0.029058
21 0.323554 0.413242 0.025385 0.015359
21 0.281315 0.280199 0.020807 0.020756
21 0.253017 0.301370 0.013317 0.015774
21 0.469413 0.175592 0.016646 0.015774
21 0.470870 0.196347 0.022888 0.016604
21 0.704536 0.254255 0.014981 0.008717
21 0.695589 0.249689 0.015397 0.011208
21 0.710154 0.244500 0.008739 0.010793
21 0.691219 0.236198 0.014149 0.015774
21 0.721182 0.238273 0.015814 0.008302
21 0.713483 0.229348 0.008739 0.012038
21 0.699958 0.222084 0.021640 0.018265
21 0.392426 0.187837 0.022472 0.013699
21 0.397004 0.151723 0.010820 0.016189
21 0.396171 0.140515 0.014149 0.011208
21 0.385352 0.148194 0.014981 0.019925
21 0.526633 0.218140 0.023720 0.020340
21 0.535372 0.206310 0.021223 0.019095
21 0.564711 0.168327 0.019143 0.017020
21 0.570745 0.158364 0.017894 0.017850
21 0.752393 0.280407 0.016646 0.016189
21 0.763213 0.291200 0.019143 0.011208
21 0.619642 0.435866 0.021640 0.015774
21 0.784228 0.344541 0.015397 0.012453
21 0.786309 0.332711 0.013733 0.012868
21 0.817312 0.426526 0.005826 0.013699
21 0.809613 0.426318 0.008739 0.014944
21 0.796296 0.429431 0.017062 0.018680
21 0.837079 0.447696 0.012068 0.011208
21 0.826467 0.442715 0.010820 0.012868
21 0.841448 0.436281 0.018310 0.014944
21 0.821473 0.419884 0.009155 0.006227
21 0.823346 0.412827 0.012068 0.007057
21 0.824802 0.401204 0.015814 0.012868
21 0.834790 0.394977 0.020807 0.017850
21 0.803371 0.396222 0.009571 0.010378
21 0.793383 0.394770 0.011236 0.008302
21 0.816687 0.464301 0.009571 0.012038
21 0.807324 0.467414 0.008323 0.009132
21 0.811069 0.476546 0.014149 0.012453
21 0.744278 0.472395 0.013733 0.009963
21 0.749896 0.462848 0.014149 0.012453
21 0.749480 0.495641 0.013317 0.015774
21 0.818352 0.549398 0.014565 0.014529
21 0.820849 0.539643 0.017062 0.010793
21 0.339784 0.657534 0.016230 0.013284
21 0.333333 0.649855 0.017478 0.012868
21 0.281939 0.646741 0.017894 0.014114
21 0.333958 0.615816 0.012901 0.012038
21 0.682688 0.803238 0.016230 0.015774
21 0.677070 0.812578 0.017478 0.014529
21 0.670204 0.823993 0.012068 0.017435
21 0.577611 0.825031 0.016646 0.013699
21 0.030171 0.325239 0.013733 0.014529
21 0.047649 0.321503 0.023720 0.022001
21 0.027882 0.349523 0.019975 0.020756
21 0.046192 0.428601 0.028298 0.020340
21 0.156679 0.342051 0.029546 0.030718
21 0.186017 0.339145 0.021640 0.020756
21 0.200375 0.321088 0.021223 0.019510
21 0.214107 0.339975 0.020391 0.018265
21 0.205784 0.363014 0.019559 0.017850
21 0.227216 0.366127 0.020807 0.019925
21 0.153974 0.383147 0.023304 0.019095
21 0.158344 0.404110 0.018727 0.019510
21 0.179151 0.411789 0.019559 0.017435
21 0.199542 0.418638 0.022888 0.020340
21 0.211194 0.380448 0.018727 0.017020
21 0.207449 0.390619 0.022888 0.016604
21 0.208489 0.404525 0.021640 0.017020
21 0.228881 0.413450 0.021640 0.021586
21 0.233458 0.392902 0.018310 0.017850
21 0.249064 0.392071 0.018727 0.022001
21 0.198502 0.434828 0.019143 0.017020
21 0.229921 0.443130 0.021223 0.022001
21 0.212859 0.449772 0.017062 0.017020
21 0.174157 0.453715 0.030379 0.019925
21 0.058052 0.480905 0.030379 0.026982
21 0.095714 0.540058 0.023304 0.023246
21 0.161881 0.471565 0.021640 0.020756
21 0.178527 0.468037 0.018310 0.015359
21 0.183313 0.485056 0.021223 0.018680
21 0.209114 0.464716 0.019559 0.019510
21 0.228464 0.472810 0.020807 0.022416
21 0.221390 0.502283 0.022472 0.019925
21 0.181024 0.518265 0.019143 0.017020
21 0.182272 0.503944 0.018310 0.016604
21 0.157303 0.514114 0.020807 0.019510
21 0.168123 0.504981 0.015814 0.018680
21 0.202871 0.545870 0.022888 0.022416
21 0.249896 0.521586 0.023720 0.020340
21 0.175406 0.552511 0.027882 0.021586
21 0.292551 0.444168 0.021640 0.016604
21 0.295256 0.430677 0.018727 0.017020
21 0.293799 0.409298 0.021640 0.021586
21 0.287973 0.421959 0.019143 0.016189
21 0.313983 0.423412 0.017894 0.017435
21 0.317104 0.404732 0.018310 0.014944
21 0.330212 0.444375 0.024553 0.024491
21 0.120891 0.587796 0.022056 0.023246
21 0.136912 0.593192 0.022472 0.019925
21 0.182272 0.572229 0.023304 0.019510
21 0.218685 0.585513 0.019559 0.017850
21 0.198502 0.606891 0.019143 0.018265
21 0.179359 0.615193 0.019143 0.019095
21 0.203079 0.627024 0.021640 0.019510
21 0.190387 0.635949 0.018727 0.016604
21 0.173949 0.644458 0.014149 0.015359
21 0.124428 0.645081 0.023304 0.019925
21 0.111527 0.659817 0.024136 0.021171
21 0.126300 0.671648 0.022056 0.019095
21 0.148148 0.669365 0.018310 0.018680
21 0.156263 0.642590 0.022888 0.017435
21 0.182480 0.659817 0.018727 0.017020
21 0.196213 0.666459 0.024553 0.017850
21 0.218269 0.658157 0.018727 0.016189
21 0.217020 0.639062 0.016230 0.015359
21 0.228881 0.644043 0.018310 0.016189
21 0.247399 0.646534 0.018727 0.017850
21 0.249896 0.630967 0.018727 0.018265
21 0.259883 0.624325 0.016230 0.015774
21 0.264669 0.631382 0.015814 0.016604
21 0.245734 0.607721 0.021223 0.019095
21 0.240325 0.588211 0.015397 0.014944
21 0.254474 0.580531 0.023720 0.019510
21 0.253225 0.595683 0.019559 0.016604
21 0.299625 0.605438 0.019143 0.017850
21 0.299209 0.622457 0.018310 0.017850
21 0.277570 0.635533 0.016646 0.014114
21 0.243862 0.668742 0.019143 0.020756
21 0.265085 0.662100 0.018310 0.014944
21 0.317312 0.658572 0.017894 0.016189
21 0.329588 0.668742 0.019975 0.018265
21 0.303371 0.680988 0.028298 0.020340
21 0.275281 0.670403 0.022888 0.018265
21 0.322305 0.625986 0.019559 0.016604
21 0.346026 0.600872 0.017062 0.018680
21 0.317728 0.556455 0.022888 0.021171
21 0.329380 0.573267 0.021223 0.019095
21 0.328340 0.587796 0.017478 0.014114
21 0.316479 0.594438 0.019559 0.015774
21 0.322722 0.607513 0.017894 0.018680
21 0.333958 0.601702 0.016230 0.017020
21 0.342072 0.622042 0.019975 0.017020
21 0.326051 0.639892 0.018727 0.018680
21 0.352684 0.671856 0.019559 0.015359
21 0.322930 0.704234 0.021640 0.020340
21 0.355181 0.685347 0.019559 0.018265
21 0.378277 0.690120 0.022472 0.019510
21 0.398044 0.680573 0.021223 0.019510
21 0.393675 0.581984 0.023304 0.020756
21 0.222014 0.710253 0.021223 0.021586
21 0.246359 0.718348 0.024136 0.021171
21 0.223055 0.760689 0.023304 0.022001
21 0.212443 0.778954 0.023720 0.022831
21 0.303995 0.789332 0.021223 0.024491
21 0.258635 0.806766 0.018727 0.025322
21 0.274657 0.810087 0.013317 0.018680
21 0.297753 0.836032 0.022056 0.020756
21 0.320433 0.832296 0.022472 0.019925
21 0.350603 0.793898 0.020391 0.018680
21 0.353516 0.777916 0.019559 0.018265
21 0.374740 0.742839 0.017894 0.017850
21 0.382022 0.785388 0.019975 0.018265
21 0.371203 0.802408 0.020807 0.019095
21 0.390345 0.805729 0.021640 0.020756
21 0.388265 0.744915 0.013317 0.017850
21 0.400333 0.746990 0.016646 0.018680
21 0.391594 0.777501 0.019143 0.019925
21 0.353100 0.715235 0.017062 0.017435
21 0.366417 0.704234 0.018727 0.017020
21 0.377861 0.707140 0.013317 0.016189
21 0.371619 0.725820 0.021640 0.017850
21 0.412401 0.701536 0.017478 0.014114
21 0.408656 0.716687 0.017478 0.022831
21 0.420724 0.715442 0.014981 0.018680
21 0.430087 0.710668 0.015397 0.018265
21 0.442156 0.762350 0.018727 0.018680
21 0.412817 0.773973 0.017478 0.019510
21 0.426758 0.778746 0.015397 0.017435
21 0.440283 0.779161 0.015814 0.018265
21 0.458385 0.783935 0.023720 0.019510
21 0.429047 0.810710 0.018310 0.019095
21 0.416563 0.816936 0.019143 0.019095
21 0.459218 0.812785 0.020391 0.019095
21 0.436954 0.832088 0.020807 0.020340
21 0.464628 0.728933 0.017894 0.017435
21 0.465876 0.742009 0.017894 0.013699
21 0.476280 0.734122 0.016230 0.017020
21 0.486891 0.726235 0.018310 0.017020
21 0.475864 0.757576 0.020391 0.017435
21 0.484186 0.776256 0.022056 0.021586
21 0.503953 0.795351 0.019143 0.016604
21 0.355389 0.844541 0.027466 0.022001
21 0.439035 0.849523 0.018310 0.019510
21 0.457553 0.850768 0.021223 0.019510
21 0.481065 0.843088 0.023304 0.023246
21 0.504994 0.812163 0.021223 0.020340
21 0.541407 0.785803 0.024969 0.022416
21 0.550770 0.811333 0.022888 0.020340
21 0.504578 0.770652 0.021223 0.021171
21 0.525385 0.756330 0.019559 0.017435
21 0.643571 0.789332 0.023720 0.023661
21 0.593425 0.804483 0.022472 0.017435
21 0.595922 0.819842 0.019143 0.017435
21 0.610279 0.830220 0.019559 0.019925
21 0.611527 0.855334 0.020391 0.021171
21 0.642322 0.861146 0.022888 0.019510
21 0.616521 0.886675 0.022056 0.022416
21 0.638993 0.885430 0.028714 0.024076
21 0.643362 0.825654 0.018310 0.019095
21 0.581149 0.841220 0.020391 0.017850
21 0.683521 0.837277 0.023720 0.019925
21 0.688098 0.883354 0.022888 0.025737
21 0.716812 0.824408 0.023720 0.021586
21 0.709946 0.797841 0.019143 0.020756
21 0.719517 0.772520 0.019975 0.019095
21 0.735539 0.778539 0.018727 0.017020
21 0.728672 0.792653 0.023304 0.020340
21 0.749480 0.799709 0.022472 0.019510
21 0.782147 0.790577 0.021223 0.022001
21 0.779442 0.816729 0.024136 0.022831
21 0.657928 0.828352 0.014981 0.020340
21 0.756970 0.632420 0.022472 0.022001
21 0.758427 0.658987 0.022888 0.019510
21 0.774032 0.658364 0.015814 0.013284
21 0.768623 0.670403 0.016646 0.014944
21 0.780483 0.668120 0.013733 0.015359
21 0.794840 0.673308 0.019143 0.019095
21 0.769039 0.684101 0.022472 0.018265
21 0.839576 0.678705 0.020391 0.019095
21 0.836038 0.694271 0.023304 0.021171
21 0.829380 0.722291 0.022472 0.024076
21 0.820017 0.745122 0.027882 0.023246
21 0.795464 0.761312 0.020391 0.020756
21 0.779234 0.733914 0.033708 0.026567
21 0.803787 0.651515 0.020391 0.021171
21 0.828132 0.651515 0.021640 0.026152
21 0.851852 0.633250 0.020807 0.017020
21 0.862672 0.647364 0.019143 0.019510
21 0.847066 0.650892 0.022056 0.024907
21 0.774657 0.643005 0.017894 0.016604
21 0.783396 0.635949 0.019559 0.022416
21 0.646484 0.517642 0.025385 0.021586
21 0.622555 0.543794 0.021640 0.020756
21 0.691011 0.506227 0.023720 0.020340
21 0.700375 0.535492 0.019975 0.019095
21 0.717645 0.507472 0.018727 0.017020
21 0.730337 0.516604 0.021640 0.018680
21 0.616729 0.584475 0.024969 0.020756
21 0.727008 0.578871 0.023304 0.020340
21 0.760092 0.607929 0.022888 0.019510
21 0.799834 0.597966 0.021640 0.020340
21 0.831045 0.618514 0.020807 0.018265
21 0.847274 0.613740 0.020807 0.020340
21 0.849563 0.596721 0.018727 0.017020
21 0.870162 0.584060 0.024969 0.023246
21 0.831253 0.590909 0.018727 0.017850
21 0.816063 0.591324 0.014981 0.017020
21 0.759883 0.555417 0.025801 0.019095
21 0.763213 0.535907 0.020807 0.024907
21 0.799834 0.534247 0.019975 0.019095
21 0.791303 0.490660 0.015397 0.017435
21 0.803787 0.492320 0.017894 0.016604
21 0.814191 0.508925 0.022888 0.023246
21 0.814399 0.529473 0.017478 0.016189
21 0.830628 0.552304 0.018310 0.017850
21 0.827923 0.567248 0.021223 0.018680
21 0.726384 0.495226 0.017062 0.015774
21 0.740117 0.490037 0.017062 0.015359
21 0.758011 0.502698 0.017062 0.016604
21 0.694548 0.555625 0.021640 0.017850
21 0.688931 0.568701 0.021223 0.018265
21 0.594257 0.424658 0.024969 0.020756
21 0.574490 0.461602 0.022056 0.019925
21 0.627133 0.426318 0.018310 0.018265
21 0.615897 0.450394 0.019975 0.018265
21 0.666875 0.455376 0.023720 0.021586
21 0.724095 0.393939 0.019143 0.021586
21 0.739700 0.390411 0.018727 0.021171
21 0.760508 0.364882 0.018727 0.016604
21 0.768414 0.391449 0.022888 0.026567
21 0.721806 0.475093 0.024553 0.019510
21 0.763005 0.472395 0.019559 0.018265
21 0.730337 0.462433 0.025801 0.017435
21 0.794007 0.469489 0.017478 0.019095
21 0.838743 0.465338 0.018727 0.019095
21 0.828132 0.471357 0.017478 0.018680
21 0.803163 0.446036 0.021640 0.017850
21 0.806284 0.456829 0.017894 0.012038
21 0.785476 0.419261 0.017894 0.015774
21 0.802955 0.407846 0.014565 0.012038
21 0.810861 0.359278 0.019559 0.017020
21 0.837703 0.356787 0.024136 0.019510
21 0.811278 0.375052 0.020391 0.017850
21 0.813566 0.387713 0.016646 0.012453
21 0.814191 0.396222 0.016230 0.012038
21 0.835414 0.418016 0.017062 0.019925
21 0.825635 0.430054 0.014981 0.012453
21 0.789846 0.407015 0.017478 0.015359
21 0.743030 0.346409 0.017894 0.018680
21 0.758011 0.344956 0.015397 0.017435
21 0.769455 0.342466 0.017478 0.018265
21 0.787141 0.355749 0.020391 0.017435
21 0.801082 0.333748 0.020807 0.019925
21 0.777778 0.322956 0.019143 0.018265
21 0.752809 0.328767 0.020807 0.019925
21 0.831669 0.380863 0.022888 0.016189
21 0.629005 0.327314 0.020391 0.019510
21 0.643571 0.333541 0.021223 0.020340
21 0.568040 0.321710 0.024136 0.023246
21 0.559093 0.272312 0.019559 0.017435
21 0.628381 0.227480 0.024136 0.024076
21 0.616521 0.200498 0.022888 0.021586
21 0.590720 0.191988 0.021223 0.021171
21 0.692884 0.188045 0.024969 0.024907
21 0.664794 0.236613 0.023720 0.014944
21 0.663962 0.249689 0.017894 0.016189
21 0.683313 0.256538 0.016646 0.015774
21 0.696629 0.267954 0.017478 0.017850
21 0.722846 0.250104 0.019143 0.017850
21 0.728256 0.226858 0.019143 0.018680
21 0.728672 0.268784 0.014981 0.016189
21 0.717228 0.274388 0.012901 0.014944
21 0.736579 0.289747 0.017478 0.020756
21 0.722430 0.285181 0.019975 0.019095
21 0.767790 0.277086 0.019143 0.018680
21 0.709114 0.264633 0.014981 0.016189
21 0.700999 0.120382 0.032043 0.029058
21 0.641698 0.123703 0.026633 0.022416
21 0.657928 0.135741 0.020807 0.020756
21 0.680816 0.151100 0.027466 0.024076
21 0.655639 0.162308 0.020391 0.020756
21 0.672701 0.173724 0.022056 0.022831
21 0.513317 0.169572 0.018727 0.019510
21 0.493134 0.170195 0.019975 0.020756
21 0.504578 0.180988 0.019559 0.020756
21 0.491885 0.209838 0.020807 0.021171
21 0.464836 0.211291 0.019975 0.015774
21 0.462963 0.185554 0.021223 0.019095
21 0.540782 0.174554 0.028714 0.026152
21 0.476280 0.169157 0.013733 0.012868
21 0.512484 0.029888 0.026217 0.028227
21 0.441739 0.058946 0.027050 0.024907
21 0.564087 0.065172 0.029546 0.026567
21 0.423429 0.141968 0.022888 0.022416
21 0.403870 0.135118 0.019559 0.016189
21 0.407199 0.149024 0.014565 0.016604
21 0.307532 0.091532 0.025801 0.022831
21 0.266334 0.106268 0.024136 0.026567
21 0.299834 0.117476 0.020391 0.023246
21 0.315647 0.112495 0.021223 0.020756
21 0.320433 0.141760 0.019143 0.017020
21 0.318768 0.157534 0.020807 0.019510
21 0.343113 0.165421 0.021223 0.017850
21 0.296712 0.137817 0.020807 0.019925
21 0.418019 0.171648 0.022888 0.022001
21 0.427591 0.189083 0.017894 0.018680
21 0.423429 0.203819 0.017062 0.018265
21 0.415730 0.218971 0.018310 0.019510
21 0.435081 0.224159 0.022056 0.021586
21 0.380150 0.214612 0.018727 0.015774
21 0.369330 0.196555 0.024553 0.019510
21 0.387432 0.201743 0.016646 0.014114
21 0.393050 0.177044 0.017894 0.016189
21 0.369746 0.230594 0.019559 0.017850
21 0.401165 0.233707 0.020807 0.018265
21 0.348731 0.212536 0.019143 0.019095
21 0.348315 0.228311 0.019975 0.019095
21 0.318144 0.204027 0.020391 0.018680
21 0.329796 0.213574 0.017062 0.014529
21 0.330212 0.226858 0.017894 0.017020
21 0.553475 0.160440 0.016646 0.020340
21 0.256346 0.166252 0.021640 0.019510
21 0.231586 0.142383 0.025385 0.022416
21 0.203288 0.160648 0.027050 0.023246
21 0.200166 0.188460 0.025801 0.022416
21 0.219309 0.173724 0.018310 0.019510
21 0.240741 0.173931 0.022056 0.021586
21 0.134623 0.242009 0.027050 0.024907
21 0.164794 0.244292 0.025801 0.023661
21 0.254682 0.255500 0.019975 0.017850
21 0.246983 0.268991 0.018727 0.019925
21 0.274449 0.262972 0.017894 0.016189
21 0.291094 0.246575 0.017062 0.016604
21 0.307532 0.240141 0.018310 0.015359
21 0.289846 0.264633 0.015397 0.013699
21 0.302747 0.272520 0.017894 0.016189
21 0.312942 0.254462 0.021640 0.019095
21 0.298793 0.256330 0.017478 0.015359
21 0.245943 0.287879 0.019143 0.017850
21 0.121099 0.279369 0.025801 0.024076
21 0.202455 0.288709 0.023720 0.019510
21 0.207449 0.303030 0.021223 0.017435
21 0.240325 0.307804 0.018727 0.017020
21 0.227840 0.326484 0.012901 0.017850
21 0.238244 0.327729 0.016230 0.017850
21 0.250520 0.333541 0.016646 0.018680
21 0.262380 0.339768 0.017894 0.017850
21 0.266542 0.326276 0.017894 0.018265
21 0.270703 0.314446 0.017062 0.016189
21 0.276945 0.297634 0.021223 0.019095
21 0.265085 0.303653 0.017478 0.017020
21 0.299834 0.309049 0.022056 0.019510
21 0.388057 0.295143 0.025385 0.021586
21 0.412193 0.257368 0.020391 0.020756
21 0.333541 0.325031 0.021223 0.017435
21 0.334166 0.340805 0.020807 0.018265
21 0.313774 0.352428 0.029963 0.020756
21 0.399709 0.338937 0.022056 0.019510
21 0.429047 0.303861 0.020807 0.019095
21 0.430920 0.285803 0.020391 0.026982
21 0.445277 0.313823 0.020807 0.020756
21 0.481690 0.320880 0.020391 0.020756
21 0.406783 0.352844 0.022888 0.021586
21 0.471078 0.350145 0.021640 0.024491
21 0.449646 0.353466 0.018727 0.016189
21 0.335414 0.379618 0.021640 0.021171
21 0.356221 0.391241 0.019143 0.018680
21 0.350811 0.402657 0.019975 0.016604
21 0.360591 0.421959 0.025385 0.023661
21 0.409072 0.428394 0.021640 0.019925
21 0.351436 0.453715 0.019559 0.019925
21 0.373700 0.457036 0.019143 0.018265
21 0.362256 0.474678 0.020391 0.019510
21 0.391594 0.471565 0.020807 0.019925
21 0.444028 0.418431 0.019143 0.019095
21 0.453392 0.404317 0.018727 0.018265
21 0.469829 0.403072 0.019143 0.019095
21 0.477736 0.384599 0.019975 0.018680
21 0.498335 0.360523 0.021223 0.019510
21 0.535997 0.380863 0.023304 0.022831
21 0.497711 0.424658 0.020807 0.021586
21 0.481065 0.438564 0.021640 0.020340
21 0.459218 0.441054 0.022888 0.023661
21 0.434041 0.385637 0.019975 0.016604
21 0.428423 0.401204 0.018727 0.019510
21 0.407407 0.374429 0.018310 0.017435
21 0.405951 0.388335 0.015397 0.015359
21 0.417187 0.390411 0.014565 0.019510
21 0.557636 0.422997 0.023304 0.021586
21 0.528090 0.450809 0.022472 0.021586
21 0.549105 0.455998 0.019559 0.020340
21 0.523304 0.473848 0.022888 0.022001
21 0.363088 0.499377 0.020391 0.020756
21 0.409696 0.501453 0.022888 0.019925
21 0.471078 0.478829 0.024969 0.025322
21 0.388057 0.533416 0.020391 0.018265
21 0.401998 0.527397 0.022472 0.021171
21 0.544528 0.515359 0.018727 0.019510
21 0.561590 0.529265 0.022056 0.019095
21 0.576155 0.548775 0.021223 0.021586
21 0.553683 0.540888 0.020391 0.020756
21 0.537037 0.540681 0.017894 0.017850
21 0.520391 0.559153 0.022888 0.021586
21 0.449022 0.594022 0.022472 0.019925
21 0.524136 0.589249 0.025385 0.020340
21 0.424677 0.610419 0.024553 0.024491
21 0.505826 0.597758 0.019559 0.019095
21 0.510404 0.614985 0.019559 0.020340
21 0.540366 0.613740 0.024553 0.020340
21 0.538077 0.639062 0.019975 0.020340
21 0.555556 0.639269 0.022472 0.019925
21 0.550146 0.667082 0.022472 0.020756
21 0.489180 0.664799 0.024553 0.022001
21 0.452559 0.647364 0.022888 0.019510
21 0.437994 0.653383 0.020391 0.019925
21 0.436122 0.684101 0.023304 0.021586
21 0.461506 0.694271 0.019143 0.019510
21 0.502289 0.691158 0.024136 0.021586
21 0.522264 0.707555 0.022472 0.022831
21 0.507907 0.722707 0.017894 0.019925
21 0.569705 0.708385 0.023304 0.021171
21 0.560757 0.728518 0.022888 0.019925
21 0.615481 0.802615 0.027466 0.025322
21 0.522680 0.288086 0.027466 0.028227