21 0.129722 0.220825 0.031133 0.042474
21 0.207347 0.170928 0.038605 0.036701
21 0.304068 0.125155 0.032794 0.026804
21 0.374637 0.069897 0.042756 0.040825
21 0.437318 0.078351 0.031133 0.035464
21 0.563512 0.035258 0.026982 0.036701
21 0.621835 0.030309 0.044002 0.038351
21 0.733292 0.070515 0.036945 0.033814
21 0.540681 0.139794 0.038605 0.033814
21 0.694271 0.220412 0.026982 0.036701
21 0.791822 0.232784 0.036945 0.038351
21 0.829597 0.261031 0.041096 0.029691
21 0.629722 0.280825 0.039851 0.029691
21 0.484226 0.128247 0.031133 0.035464
21 0.112080 0.387216 0.034039 0.040412
21 0.169157 0.397732 0.041926 0.035052
21 0.261727 0.331753 0.029473 0.030103
21 0.239726 0.298144 0.029473 0.032165
21 0.270859 0.242474 0.031133 0.032165
21 0.288294 0.197938 0.029473 0.033814
21 0.339560 0.202680 0.033209 0.035876
21 0.343711 0.263505 0.032379 0.025567
21 0.239726 0.402062 0.035284 0.032990
21 0.116023 0.476907 0.043587 0.037526
21 0.237858 0.507835 0.033209 0.036701
21 0.145496 0.552784 0.022831 0.028454
21 0.128892 0.546598 0.017850 0.016082
21 0.108759 0.558557 0.040681 0.029278
21 0.120797 0.588041 0.034039 0.032990
21 0.084475 0.623093 0.036115 0.033814
21 0.101702 0.670928 0.026567 0.019794
21 0.194894 0.612990 0.036115 0.037526
21 0.199045 0.703711 0.031133 0.041649
21 0.118929 0.702887 0.015359 0.017732
21 0.147364 0.771753 0.034039 0.030928
21 0.172686 0.842887 0.025737 0.026392
21 0.213989 0.822887 0.028643 0.035052
21 0.243670 0.792784 0.027397 0.030103
21 0.253840 0.720206 0.050228 0.030103
21 0.267538 0.741031 0.029473 0.020619
21 0.264840 0.762887 0.026567 0.018969
21 0.265878 0.784536 0.022831 0.022680
21 0.274388 0.811959 0.019095 0.018969
21 0.293898 0.778969 0.025737 0.032165
21 0.352636 0.932784 0.023661 0.032165
21 0.354711 0.642062 0.023661 0.033814
21 0.401204 0.609072 0.022001 0.033814
21 0.404317 0.775670 0.013284 0.014021
21 0.438771 0.780825 0.020756 0.022680
21 0.465546 0.765155 0.028643 0.049897
21 0.465131 0.851134 0.030303 0.038763
21 0.387505 0.802887 0.024491 0.027216
21 0.349730 0.794845 0.023661 0.024330
21 0.359693 0.816495 0.022001 0.026392
21 0.330012 0.817732 0.025737 0.032165
21 0.500415 0.833608 0.024491 0.035876
21 0.416355 0.106186 0.025737 0.035052
21 0.442715 0.115052 0.022831 0.026392
21 0.298464 0.045979 0.019095 0.016907
21 0.447281 0.313402 0.028643 0.038763
21 0.534454 0.323918 0.028643 0.036701
21 0.565172 0.328660 0.031133 0.032990
21 0.570361 0.363299 0.033209 0.032990
21 0.443337 0.348454 0.032379 0.025567
21 0.421752 0.337938 0.019095 0.017732
21 0.363221 0.339381 0.027397 0.026392
21 0.370486 0.365773 0.030303 0.026392
21 0.376920 0.401443 0.020756 0.024330
21 0.355542 0.392371 0.023661 0.028454
21 0.329805 0.398763 0.028643 0.033814
21 0.301162 0.396907 0.022831 0.028454
21 0.512246 0.428247 0.040681 0.035876
21 0.460357 0.426392 0.034039 0.032165
21 0.398921 0.442268 0.020756 0.022680
21 0.423827 0.442680 0.027397 0.030928
21 0.327937 0.451753 0.027397 0.024330
21 0.328975 0.474227 0.031133 0.020619
21 0.333541 0.496907 0.031133 0.026392
21 0.307389 0.504948 0.022001 0.029278
21 0.363221 0.466186 0.025737 0.029278
21 0.383354 0.474845 0.011208 0.016082
21 0.426941 0.474845 0.029473 0.030928
21 0.404317 0.497320 0.020756 0.032990
21 0.384599 0.502474 0.017020 0.022680
21 0.403902 0.523918 0.025737 0.021856
21 0.388751 0.548041 0.022001 0.026392
21 0.369863 0.533608 0.027397 0.026392
21 0.347447 0.543093 0.020756 0.033814
21 0.324616 0.548247 0.026567 0.029278
21 0.457659 0.620412 0.036115 0.043299
21 0.470320 0.580619 0.014114 0.025567
21 0.463885 0.521031 0.029473 0.035052
21 0.503736 0.687010 0.017850 0.019794
21 0.498755 0.761856 0.028643 0.035876
21 0.526359 0.711134 0.027397 0.030103
21 0.529888 0.784536 0.024491 0.037526
21 0.383977 0.829485 0.025737 0.021856
21 0.574305 0.923505 0.022831 0.021856
21 0.582399 0.901237 0.027397 0.030103
21 0.598381 0.843918 0.036115 0.035876
21 0.626816 0.875052 0.032379 0.039588
21 0.611872 0.973814 0.027397 0.029278
21 0.323993 0.940000 0.022831 0.024330
21 0.647987 0.835876 0.027397 0.027216
21 0.656704 0.770103 0.033209 0.035052
21 0.696347 0.819794 0.035284 0.040412
21 0.771897 0.844742 0.036115 0.037526
21 0.779992 0.739588 0.033209 0.042474
21 0.813823 0.721443 0.036115 0.041649
21 0.812785 0.685979 0.020756 0.017732
21 0.777709 0.678557 0.036115 0.035052
21 0.673101 0.727835 0.030303 0.032165
21 0.660440 0.698351 0.033209 0.029278
21 0.619759 0.687629 0.020756 0.022680
21 0.609589 0.719381 0.028643 0.028454
21 0.573474 0.700000 0.015359 0.016082
21 0.587588 0.690722 0.022831 0.025567
21 0.556455 0.678144 0.028643 0.030103
21 0.533416 0.662887 0.026567 0.024330
21 0.571191 0.645155 0.014114 0.015258
21 0.573890 0.588454 0.016189 0.020619
21 0.554587 0.610928 0.026567 0.028454
21 0.554795 0.642474 0.023661 0.025567
21 0.576795 0.626392 0.022001 0.019794
21 0.593815 0.601856 0.031133 0.030928
21 0.623080 0.609897 0.027397 0.033814
21 0.598174 0.636907 0.026567 0.021856
21 0.607721 0.661856 0.026567 0.026392
21 0.637194 0.647216 0.026567 0.029278
21 0.662100 0.666598 0.025737 0.028454
21 0.656912 0.611753 0.030303 0.030103
21 0.704649 0.614639 0.022831 0.022680
21 0.719593 0.636495 0.028643 0.030103
21 0.693026 0.650515 0.024491 0.024330
21 0.777086 0.631753 0.033209 0.026392
21 0.728311 0.602887 0.011208 0.014021
21 0.722499 0.583299 0.030303 0.021856
21 0.694271 0.568454 0.023661 0.030103
21 0.760689 0.602268 0.028643 0.029278
21 0.768991 0.568660 0.024491 0.026392
21 0.833333 0.582474 0.043587 0.042474
21 0.981943 0.542887 0.031133 0.029278
21 0.962433 0.488660 0.022001 0.027216
21 0.954545 0.376907 0.029473 0.032990
21 0.859900 0.336701 0.024491 0.028454
21 0.821295 0.349278 0.037775 0.046186
21 0.891034 0.355052 0.029473 0.027216
21 0.878580 0.372371 0.023661 0.020619
21 0.880656 0.402268 0.035284 0.035052
21 0.902449 0.434227 0.040681 0.038763
21 0.863429 0.510928 0.052304 0.045361
21 0.791615 0.509897 0.047323 0.043299
21 0.766708 0.373402 0.033209 0.050722
21 0.710668 0.423299 0.019925 0.024330
21 0.716687 0.517113 0.036115 0.019794
21 0.719178 0.541856 0.035284 0.027216
21 0.638232 0.562887 0.041926 0.045361
21 0.644043 0.515670 0.036945 0.037526
21 0.591947 0.527629 0.033209 0.036701
21 0.585305 0.461031 0.025737 0.039588
21 0.539020 0.472165 0.024491 0.025567
21 0.552304 0.494227 0.022001 0.022680
21 0.522416 0.497113 0.028643 0.028454
21 0.545247 0.531340 0.028643 0.030928
21 0.516604 0.530928 0.028643 0.028454
21 0.489207 0.543711 0.028643 0.029278
21 0.505604 0.567423 0.027397 0.033814
21 0.532171 0.562062 0.027397 0.032165
21 0.633873 0.477732 0.025737 0.021856
21 0.622457 0.458351 0.031133 0.030103
21 0.628061 0.431134 0.025737 0.028454
21 0.686800 0.456907 0.029473 0.032990
21 0.656289 0.441443 0.032379 0.028454
21 0.654213 0.411959 0.026567 0.020619
21 0.686384 0.411753 0.028643 0.036701
21 0.666252 0.389072 0.020756 0.030928
21 0.640722 0.383505 0.022831 0.032990
21 0.610419 0.365361 0.030303 0.038763