22 0.351266 0.199371 0.021519 0.028092
22 0.336287 0.079874 0.022785 0.023899
22 0.320042 0.163312 0.024051 0.023899
22 0.253797 0.146122 0.019831 0.023899
22 0.264346 0.168973 0.024051 0.018449
22 0.220464 0.184486 0.015612 0.018449
22 0.207595 0.193711 0.018565 0.016771
22 0.499156 0.068553 0.018565 0.015514
22 0.503797 0.083229 0.018565 0.019706
22 0.616034 0.082809 0.018565 0.023899
22 0.706962 0.138574 0.015612 0.019706
22 0.791350 0.138784 0.021519 0.022642
22 0.757173 0.160797 0.021519 0.021384
22 0.833755 0.182809 0.021097 0.019287
22 0.789451 0.183019 0.012658 0.015514
22 0.801688 0.189518 0.014346 0.022642
22 0.878481 0.289937 0.016878 0.019706
22 0.795359 0.256604 0.027004 0.018449
22 0.790506 0.277358 0.019831 0.025577
22 0.573418 0.185325 0.018565 0.016771
22 0.594726 0.194969 0.021519 0.016771
22 0.523629 0.215723 0.027004 0.021384
22 0.317932 0.314885 0.019831 0.026834
22 0.740295 0.294759 0.019831 0.018449
22 0.648734 0.285954 0.021519 0.014256
22 0.642827 0.305660 0.015612 0.014256
22 0.589451 0.710063 0.016878 0.025577
22 0.664346 0.560168 0.014768 0.016771
22 0.638819 0.500000 0.018565 0.021384
22 0.638608 0.466667 0.018143 0.014256
22 0.637975 0.441719 0.010970 0.014675
22 0.671519 0.450524 0.015612 0.015514
22 0.499789 0.417400 0.019831 0.019706
22 0.431646 0.457023 0.014346 0.013417
22 0.428692 0.432704 0.022785 0.016771
22 0.529958 0.484486 0.014346 0.015514
22 0.516034 0.493711 0.011814 0.011321
22 0.514135 0.528512 0.019831 0.021384
22 0.481646 0.528512 0.019831 0.021384
22 0.433755 0.534382 0.011814 0.014675
22 0.273629 0.408805 0.019831 0.022642
22 0.096624 0.347379 0.018565 0.021384
22 0.122152 0.370021 0.021519 0.021384
22 0.115190 0.390356 0.018565 0.016771
22 0.097046 0.414675 0.022785 0.014256
22 0.206118 0.657652 0.021519 0.028092
22 0.244304 0.570021 0.012658 0.018029
22 0.120464 0.527044 0.024051 0.026834
22 0.092827 0.532495 0.022785 0.026834
22 0.084177 0.495807 0.019831 0.021384
22 0.072152 0.567715 0.018565 0.018449
22 0.081013 0.603145 0.016034 0.021384
22 0.093671 0.628721 0.027004 0.021384
22 0.152743 0.687841 0.022785 0.023899
22 0.427215 0.790566 0.019831 0.028092
22 0.482068 0.787212 0.029958 0.023899
22 0.507173 0.826834 0.031224 0.026834
22 0.457173 0.887002 0.017300 0.019706
22 0.380169 0.904612 0.015190 0.012159
22 0.380591 0.915933 0.014346 0.013836
22 0.398101 0.920964 0.015612 0.025577
22 0.417511 0.924319 0.019831 0.029769
22 0.327637 0.857023 0.019831 0.022642
22 0.304852 0.882809 0.028270 0.025577
22 0.340084 0.806709 0.015190 0.020964
22 0.398523 0.624319 0.021519 0.026834
22 0.309072 0.638574 0.019831 0.018449
22 0.440928 0.668344 0.027004 0.012579
22 0.442827 0.646331 0.019831 0.019706
22 0.493460 0.645702 0.024051 0.018449
22 0.459494 0.606080 0.012658 0.021384
22 0.575527 0.600210 0.014346 0.015514
22 0.615823 0.562055 0.015612 0.015514
22 0.948945 0.497275 0.018565 0.014256
22 0.926582 0.479665 0.010127 0.009224
22 0.910970 0.490566 0.011814 0.011740
22 0.516245 0.912159 0.015612 0.028092
22 0.534810 0.906499 0.024051 0.022642
22 0.527004 0.877568 0.016878 0.018449
22 0.676582 0.805660 0.019831 0.021384
22 0.873629 0.794969 0.015612 0.031027
22 0.890084 0.785744 0.011392 0.026834
22 0.265612 0.461006 0.008861 0.015514
22 0.275105 0.461635 0.009283 0.012579
22 0.281013 0.483019 0.013502 0.014256
22 0.269409 0.494130 0.011392 0.012998
22 0.256329 0.493920 0.011392 0.015094
22 0.302954 0.456604 0.014346 0.020126
22 0.323207 0.458700 0.013502 0.016771
22 0.335021 0.457023 0.010970 0.014256
22 0.341139 0.469811 0.017300 0.011321
22 0.382278 0.448847 0.014346 0.012998
22 0.381857 0.430608 0.012658 0.016771
22 0.404641 0.417400 0.009283 0.010482
22 0.407595 0.428302 0.009283 0.009644
22 0.420464 0.411530 0.009705 0.018029
22 0.479747 0.397065 0.009283 0.013417
22 0.454852 0.381761 0.009283 0.013836
22 0.441350 0.377778 0.011814 0.015094
22 0.449578 0.365618 0.007173 0.010901
22 0.457595 0.368134 0.007173 0.015094
22 0.466034 0.368553 0.011392 0.015933
22 0.457806 0.340671 0.010127 0.014675
22 0.478270 0.339832 0.014768 0.016352
22 0.562025 0.367086 0.014346 0.017191
22 0.576582 0.364151 0.013080 0.021384
22 0.631857 0.356813 0.017300 0.020964
22 0.670675 0.375472 0.015612 0.016352
22 0.673418 0.392872 0.008439 0.011740
22 0.684177 0.396646 0.011392 0.010901
22 0.675316 0.402516 0.008861 0.007547
22 0.673629 0.407128 0.006329 0.010063
22 0.682700 0.412998 0.012658 0.012579
22 0.761181 0.373375 0.015190 0.015514
22 0.772152 0.349476 0.009283 0.011321
22 0.763080 0.393082 0.008861 0.012998
22 0.772363 0.398952 0.007173 0.010482
22 0.741772 0.429140 0.011814 0.016352
22 0.630380 0.578616 0.010127 0.014256
22 0.620886 0.588679 0.014768 0.014256
22 0.586920 0.574214 0.011814 0.011321
22 0.591983 0.585744 0.012658 0.011740
22 0.542827 0.582390 0.009705 0.014256
22 0.553165 0.593711 0.013502 0.012579
22 0.700000 0.504612 0.009283 0.008805
22 0.705696 0.496436 0.006329 0.010063
22 0.712447 0.497904 0.008017 0.010482
22 0.698523 0.491614 0.009705 0.011321
22 0.703376 0.483857 0.011814 0.008386
22 0.701055 0.469602 0.010549 0.012579
22 0.713713 0.445493 0.008017 0.008805
22 0.720042 0.452201 0.008861 0.009644
22 0.748734 0.462055 0.010549 0.011740
22 0.752743 0.482180 0.014346 0.015094
22 0.735021 0.483229 0.010127 0.008805
22 0.734177 0.491824 0.006751 0.006709
22 0.741561 0.500419 0.010549 0.014675
22 0.719620 0.482390 0.008017 0.014675
22 0.768776 0.433543 0.010127 0.010063
22 0.530591 0.502725 0.008861 0.009224
22 0.376371 0.472537 0.010970 0.010901
22 0.370886 0.486792 0.010970 0.015094
22 0.337131 0.513836 0.011814 0.012998
22 0.360338 0.506709 0.010127 0.007966
22 0.360970 0.514885 0.009705 0.010901
22 0.353165 0.520755 0.008439 0.012579
22 0.366878 0.529769 0.011392 0.011321
22 0.298101 0.528721 0.011392 0.015094
22 0.289030 0.519916 0.008439 0.011740
22 0.280591 0.520755 0.008439 0.010901
22 0.272574 0.527883 0.010970 0.012579
22 0.340506 0.543816 0.014346 0.011740
22 0.327004 0.551572 0.013502 0.013836
22 0.315612 0.575052 0.012658 0.011321
22 0.290295 0.579245 0.012658 0.009644
22 0.288397 0.588260 0.011392 0.008386
22 0.303797 0.602096 0.010970 0.011740
22 0.316667 0.611321 0.013924 0.011740
22 0.320253 0.594759 0.009283 0.010482
22 0.324684 0.586583 0.010549 0.009224
22 0.334177 0.598952 0.011814 0.012998
22 0.389451 0.564151 0.007595 0.009644
22 0.405063 0.563522 0.009283 0.007547
22 0.405063 0.571698 0.009283 0.007966
22 0.414557 0.571908 0.006329 0.007547
22 0.418987 0.567296 0.006751 0.010901
22 0.418143 0.579665 0.007595 0.008805
22 0.397046 0.583229 0.011814 0.012579
22 0.425527 0.578197 0.008017 0.010063
22 0.438397 0.576939 0.007595 0.009224
22 0.444515 0.572117 0.007173 0.008805
22 0.492405 0.621174 0.010127 0.011321
22 0.491139 0.610901 0.008439 0.012579
22 0.480169 0.605660 0.009283 0.011321
22 0.478903 0.594130 0.009283 0.012579
22 0.495359 0.594130 0.010127 0.012579
22 0.509283 0.599581 0.010970 0.015094
22 0.476582 0.581761 0.011392 0.007966
22 0.467300 0.588260 0.010549 0.009224
22 0.454219 0.580503 0.006329 0.007128
22 0.456540 0.576310 0.005063 0.008805
22 0.460970 0.577778 0.006329 0.007547
22 0.459494 0.568553 0.005907 0.006709
22 0.465401 0.568134 0.006751 0.007547
22 0.471097 0.561426 0.009705 0.009224
22 0.299578 0.666038 0.015190 0.010482
22 0.298101 0.678197 0.016456 0.011321
22 0.304008 0.698952 0.016456 0.013417
22 0.300422 0.723061 0.016878 0.019706
22 0.311392 0.749476 0.018565 0.016352
22 0.225949 0.724738 0.016456 0.015514
22 0.236076 0.748008 0.015612 0.013417
22 0.311392 0.790566 0.010127 0.014675
22 0.302954 0.788260 0.005063 0.016771
22 0.295359 0.791614 0.008439 0.011740
22 0.276160 0.809015 0.013924 0.016352
22 0.288608 0.835430 0.012658 0.018029
22 0.277004 0.836059 0.011392 0.016771
22 0.260338 0.845283 0.012658 0.013417
22 0.261603 0.856813 0.011814 0.010482
22 0.219198 0.756604 0.009705 0.010482
22 0.220042 0.777778 0.000422 0.000000
22 0.225949 0.770650 0.011392 0.015094
22 0.087975 0.425996 0.016456 0.010063
22 0.089030 0.437317 0.016878 0.013417
22 0.108439 0.442977 0.014346 0.012159
22 0.109072 0.454088 0.011392 0.014256
22 0.120042 0.457233 0.010549 0.016352
22 0.099156 0.471908 0.016878 0.014675
22 0.109072 0.570231 0.007173 0.017610
22 0.119831 0.569182 0.012658 0.016352
22 0.094093 0.593082 0.010127 0.014675
22 0.102954 0.589937 0.010127 0.012579
22 0.125316 0.587421 0.012658 0.013417
22 0.118987 0.604822 0.010127 0.010482
22 0.128903 0.607966 0.011392 0.013417
22 0.109072 0.650105 0.011392 0.011321
22 0.106118 0.662264 0.016456 0.014675
22 0.116034 0.716562 0.009283 0.018449
22 0.125316 0.714885 0.008439 0.014256
22 0.137553 0.714885 0.012658 0.014256
22 0.152110 0.716562 0.012236 0.013417
22 0.128481 0.728721 0.010549 0.013417
22 0.136076 0.736688 0.011392 0.013417
22 0.160970 0.742138 0.011392 0.013417
22 0.144093 0.754298 0.015612 0.013417
22 0.181857 0.746331 0.009283 0.013417
22 0.193460 0.761426 0.012236 0.012579
22 0.203165 0.775472 0.014768 0.014675
22 0.209705 0.812788 0.013502 0.016352
22 0.554430 0.819916 0.013502 0.014675
22 0.548945 0.832495 0.016878 0.015514
22 0.574684 0.870021 0.014346 0.013417
22 0.585443 0.873166 0.014768 0.010482
22 0.587553 0.885954 0.011392 0.016771
22 0.640928 0.824109 0.010127 0.011321
22 0.637975 0.807338 0.008439 0.010482
22 0.648312 0.809644 0.012236 0.010063
22 0.647468 0.802516 0.012236 0.013417
22 0.656118 0.826205 0.012658 0.021384
22 0.546835 0.331237 0.021097 0.017610
22 0.565401 0.309644 0.021097 0.017191
22 0.598523 0.310901 0.018143 0.012998
22 0.618354 0.324109 0.017300 0.020964
22 0.717511 0.316562 0.015612 0.016771
22 0.763713 0.319916 0.010127 0.016771
22 0.772785 0.320126 0.007173 0.013836
22 0.781013 0.322851 0.010127 0.010063
22 0.771730 0.333962 0.011814 0.009644
22 0.782911 0.340042 0.012236 0.010901
22 0.812658 0.314256 0.016878 0.013836
22 0.831435 0.324319 0.013080 0.014675
22 0.796624 0.352201 0.012658 0.011740
22 0.783333 0.372746 0.012236 0.012579
22 0.796414 0.370440 0.012236 0.011321
22 0.812869 0.372537 0.011392 0.012159
22 0.824684 0.375681 0.011392 0.012579
22 0.782068 0.404193 0.008017 0.009224
22 0.783122 0.412788 0.010127 0.007128
22 0.801055 0.412998 0.008861 0.011740
22 0.780802 0.449686 0.017300 0.015514
22 0.805696 0.438784 0.009705 0.012998
22 0.817932 0.425577 0.009705 0.008386
22 0.813924 0.408805 0.005907 0.010901
22 0.820253 0.405660 0.008439 0.007128
22 0.824684 0.411950 0.009705 0.009644
22 0.850211 0.404403 0.016034 0.015514
22 0.898312 0.410901 0.012658 0.010063
22 0.884388 0.420335 0.010127 0.013836
22 0.893038 0.427883 0.008861 0.011321
22 0.910549 0.439203 0.011814 0.012159
22 0.899789 0.449266 0.009705 0.012998
22 0.888819 0.445702 0.008861 0.015094
22 0.878059 0.440042 0.008439 0.012998
22 0.827215 0.474633 0.009705 0.010901
22 0.829325 0.486164 0.011392 0.013836
22 0.849156 0.488050 0.013924 0.014256
22 0.817089 0.514465 0.008017 0.014256
22 0.809494 0.512369 0.007173 0.016771
22 0.809494 0.492034 0.015612 0.015514
22 0.782278 0.488470 0.010970 0.015933
22 0.861181 0.461006 0.009283 0.013836
22 0.871519 0.460587 0.008017 0.012159
22 0.886709 0.462264 0.011392 0.009644
22 0.899578 0.473166 0.010970 0.012998
22 0.919620 0.295388 0.007173 0.018029
22 0.938397 0.297904 0.009283 0.011321
22 0.920675 0.326834 0.008439 0.012998
22 0.928903 0.323690 0.008017 0.011740
22 0.935865 0.326415 0.006751 0.007966
22 0.940084 0.350524 0.009283 0.012579
22 0.890717 0.337526 0.012658 0.012579
22 0.911814 0.365409 0.010970 0.012159
22 0.906540 0.355765 0.008861 0.011321
22 0.897257 0.358281 0.008861 0.009644
22 0.898523 0.348218 0.011392 0.008805
22 0.867511 0.696436 0.012658 0.017610
22 0.880591 0.693082 0.012658 0.017610
22 0.893249 0.679245 0.016034 0.009224
22 0.889451 0.669182 0.012658 0.010901
22 0.900633 0.659958 0.012236 0.016771
22 0.911603 0.647799 0.011392 0.016771
22 0.921097 0.642767 0.009283 0.018449
22 0.916456 0.619287 0.014346 0.014256
22 0.920886 0.605241 0.013080 0.013836
22 0.918354 0.562264 0.014768 0.014256
22 0.918987 0.547379 0.010970 0.012159
22 0.952743 0.558700 0.012658 0.013836
22 0.939873 0.563941 0.013080 0.015094
22 0.934810 0.579036 0.013924 0.015094