22 0.334773 0.081847 0.026818 0.028349
22 0.570455 0.566987 0.008182 0.012803
22 0.543409 0.557842 0.013182 0.019204
22 0.525682 0.528578 0.015000 0.016461
22 0.578182 0.684271 0.016364 0.015089
22 0.435909 0.728852 0.037273 0.035665
22 0.505000 0.588935 0.020909 0.020119
22 0.470909 0.548468 0.024545 0.014175
22 0.467727 0.506859 0.020909 0.015089
22 0.409773 0.503201 0.013182 0.015089
22 0.220227 0.501600 0.010455 0.012803
22 0.133864 0.648834 0.014091 0.016461
22 0.247045 0.739598 0.014091 0.013260
22 0.300455 0.701646 0.013636 0.011431
22 0.316136 0.692044 0.012273 0.010517
22 0.313409 0.737769 0.009545 0.010517
22 0.299773 0.742112 0.008636 0.011888
22 0.306136 0.774348 0.010455 0.012346
22 0.313409 0.770690 0.008636 0.011431
22 0.320909 0.769547 0.010909 0.010974
22 0.341364 0.762003 0.015455 0.016004
22 0.259318 0.729767 0.008636 0.010059
22 0.333636 0.686328 0.013636 0.014632
22 0.288864 0.816415 0.018636 0.017833
22 0.354773 0.836991 0.015909 0.015089
22 0.312727 0.884316 0.014545 0.013717
22 0.341364 0.909465 0.019091 0.016461
22 0.243636 0.914952 0.020909 0.017375
22 0.471818 0.975080 0.018182 0.017833
22 0.549773 0.874257 0.014091 0.013717
22 0.479773 0.823503 0.014091 0.014632
22 0.497500 0.837677 0.015000 0.014632
22 0.454091 0.695473 0.012727 0.011888
22 0.464091 0.691587 0.012727 0.014175
22 0.516818 0.659351 0.010000 0.007316
22 0.517273 0.666438 0.014545 0.009602
22 0.550682 0.692044 0.011364 0.011431
22 0.557727 0.689986 0.009091 0.012803
22 0.564545 0.688157 0.009091 0.012803
22 0.567727 0.738455 0.015455 0.017375
22 0.602045 0.713763 0.015000 0.015546
22 0.614091 0.729081 0.015455 0.015089
22 0.446136 0.599680 0.007727 0.008688
22 0.453409 0.597394 0.008636 0.008688
22 0.472273 0.631916 0.013636 0.011888
22 0.446364 0.625286 0.010909 0.011431
22 0.426136 0.625286 0.009545 0.008688
22 0.428636 0.567901 0.009091 0.008230
22 0.433409 0.563786 0.005000 0.008230
22 0.439545 0.561728 0.006364 0.006859
22 0.462727 0.593507 0.009091 0.008230
22 0.469545 0.590535 0.010000 0.008688
22 0.510000 0.503201 0.010000 0.009602
22 0.518636 0.498628 0.010000 0.009602
22 0.534318 0.506859 0.010455 0.008688
22 0.540682 0.515775 0.009545 0.009145
22 0.589091 0.532465 0.012727 0.012346
22 0.557727 0.534065 0.008182 0.008230
22 0.583182 0.485597 0.013636 0.010974
22 0.600682 0.489026 0.011364 0.010517
22 0.626818 0.563329 0.012727 0.011888
22 0.582500 0.561043 0.013182 0.012803
22 0.639773 0.497714 0.012273 0.011431
22 0.623182 0.512117 0.009091 0.009145
22 0.696591 0.503429 0.015909 0.013717
22 0.758636 0.513717 0.015455 0.014175
22 0.721591 0.543439 0.016818 0.014175
22 0.715682 0.554184 0.014091 0.011888
22 0.739773 0.561957 0.015000 0.015546
22 0.780909 0.477824 0.015455 0.014632
22 0.808864 0.483996 0.016818 0.014175
22 0.807045 0.497942 0.013182 0.012803
22 0.859318 0.462963 0.012273 0.012346
22 0.711591 0.703246 0.015000 0.017375
22 0.740227 0.710791 0.015909 0.015089
22 0.827045 0.620485 0.019545 0.020119
22 0.756136 0.280750 0.019545 0.014632
22 0.808636 0.267718 0.014545 0.012346
22 0.824773 0.257202 0.016818 0.016004
22 0.802273 0.289666 0.015455 0.016004
22 0.896364 0.285551 0.016364 0.015089
22 0.820909 0.352766 0.018182 0.016918
22 0.764773 0.372199 0.016818 0.015546
22 0.902500 0.361454 0.021364 0.017833
22 0.830682 0.414495 0.017727 0.015089
22 0.867045 0.423411 0.015909 0.014632
22 0.564318 0.268404 0.013182 0.011888
22 0.552273 0.282122 0.014545 0.014632
22 0.536364 0.283265 0.010909 0.012346
22 0.545682 0.308413 0.013182 0.011431
22 0.576364 0.307270 0.011818 0.011888
22 0.549091 0.330590 0.011818 0.010974
22 0.614545 0.308871 0.013636 0.012346
22 0.623182 0.269090 0.012727 0.012346
22 0.643864 0.282807 0.015909 0.015089
22 0.673864 0.302926 0.014091 0.014175
22 0.661364 0.324646 0.011818 0.011888
22 0.628636 0.333562 0.010909 0.010517
22 0.548182 0.360082 0.012727 0.011431
22 0.581364 0.343621 0.011818 0.009602
22 0.637727 0.342021 0.012727 0.012803
22 0.664091 0.340878 0.013636 0.011431
22 0.686136 0.355967 0.015000 0.015089
22 0.693182 0.371742 0.012727 0.014632
22 0.663182 0.380201 0.011818 0.012346
22 0.632500 0.399634 0.014091 0.012803
22 0.672500 0.404893 0.013182 0.011431
22 0.690000 0.403064 0.012727 0.011431
22 0.595909 0.429127 0.014545 0.011431
22 0.680909 0.425011 0.012727 0.011431
22 0.709545 0.418153 0.013636 0.012346
22 0.708182 0.432785 0.012727 0.012346
22 0.713864 0.454733 0.013182 0.011431
22 0.682727 0.447874 0.011818 0.010517
22 0.521364 0.414952 0.010000 0.010517
22 0.528864 0.410837 0.009545 0.013260
22 0.525682 0.438957 0.009545 0.010059
22 0.440682 0.480567 0.011364 0.010059
22 0.453864 0.453589 0.008636 0.010059
22 0.459545 0.451760 0.007273 0.008230
22 0.465227 0.448331 0.007727 0.008688
22 0.403409 0.478052 0.008636 0.007773
22 0.427045 0.466164 0.006818 0.007773
22 0.408409 0.439186 0.009545 0.008688
22 0.402045 0.441930 0.007727 0.008688
22 0.367273 0.517375 0.010909 0.008688
22 0.384318 0.518976 0.009545 0.008230
22 0.390682 0.515318 0.008636 0.008230
22 0.428182 0.521719 0.009091 0.009145
22 0.452500 0.508688 0.006818 0.006859
22 0.437500 0.529721 0.006818 0.009602
22 0.419773 0.526749 0.010455 0.009145
22 0.180909 0.535208 0.015455 0.015089
22 0.213409 0.520576 0.015000 0.014175
22 0.233182 0.528121 0.014545 0.015546
22 0.284318 0.519890 0.015000 0.013717
22 0.325682 0.546639 0.014091 0.014175
22 0.206818 0.508002 0.009091 0.009145
22 0.214545 0.505944 0.006364 0.009602
22 0.044545 0.631230 0.010909 0.013260
22 0.066364 0.657522 0.017273 0.015546
22 0.156364 0.642433 0.014545 0.014632
22 0.146136 0.643576 0.010455 0.014175
22 0.109318 0.556927 0.016818 0.016461
22 0.172500 0.396433 0.015000 0.013717
22 0.225682 0.382945 0.017727 0.016004
22 0.196136 0.449246 0.012273 0.013260
22 0.203636 0.437814 0.013636 0.011431
22 0.208409 0.443759 0.012273 0.012346
22 0.231364 0.438729 0.009091 0.010517
22 0.237727 0.435757 0.012727 0.014632
22 0.297045 0.409236 0.011364 0.013717
22 0.314773 0.432556 0.014091 0.014632
22 0.323864 0.445359 0.009545 0.010974
22 0.329091 0.441930 0.012727 0.012346
22 0.308182 0.472337 0.010000 0.010059
22 0.315455 0.467078 0.011818 0.010517
22 0.333409 0.463420 0.007727 0.007773
22 0.344773 0.461363 0.010455 0.010974
22 0.333409 0.470050 0.010455 0.008230
22 0.290455 0.445588 0.017273 0.014175
22 0.340682 0.415638 0.008636 0.010974
22 0.345000 0.355738 0.010909 0.010974
22 0.291364 0.360082 0.011818 0.013260
22 0.322727 0.395748 0.009091 0.007773
22 0.353864 0.412209 0.010455 0.007773
22 0.360909 0.406950 0.009091 0.009145
22 0.373409 0.410151 0.011364 0.013717
22 0.365455 0.418381 0.010000 0.010974
22 0.398182 0.397119 0.010000 0.010517
22 0.395909 0.369913 0.010909 0.010974
22 0.408409 0.378372 0.010455 0.013260
22 0.306364 0.364883 0.009091 0.010059
22 0.312273 0.361911 0.010000 0.012346
22 0.034545 0.389346 0.014545 0.014175
22 0.043864 0.417238 0.018636 0.018747
22 0.078864 0.380201 0.016818 0.016004
22 0.067500 0.327846 0.014091 0.013717
22 0.120909 0.317558 0.015455 0.015089
22 0.041136 0.346365 0.011364 0.012346
22 0.047273 0.351166 0.011818 0.011888
22 0.122727 0.227481 0.016364 0.016004
22 0.091818 0.267032 0.022727 0.017375
22 0.236136 0.202332 0.016818 0.016004
22 0.256364 0.217650 0.015455 0.014632
22 0.250455 0.235940 0.012727 0.013717
22 0.269091 0.313443 0.013636 0.012346
22 0.334091 0.297211 0.012727 0.010974
22 0.338182 0.332876 0.013636 0.010974
22 0.349773 0.326246 0.009545 0.008688
22 0.356591 0.323045 0.010455 0.011431
22 0.403636 0.305898 0.012727 0.013717
22 0.423864 0.308642 0.009545 0.010059
22 0.396364 0.336305 0.011818 0.011431
22 0.411818 0.330133 0.010909 0.009145
22 0.415227 0.347508 0.012273 0.010059
22 0.417045 0.355281 0.009545 0.009145
22 0.408864 0.360311 0.009545 0.009145
22 0.444545 0.345908 0.010000 0.008688
22 0.452045 0.320530 0.007727 0.008230
22 0.452955 0.329218 0.010455 0.009145
22 0.423636 0.277778 0.011818 0.012346
22 0.298409 0.342936 0.011364 0.009145
22 0.306136 0.339963 0.009545 0.008688
22 0.424318 0.366941 0.009545 0.007773
22 0.430000 0.384545 0.008182 0.008230
22 0.437955 0.382259 0.009545 0.009145
22 0.464318 0.360082 0.012273 0.009602
22 0.465227 0.343393 0.011364 0.010059
22 0.487500 0.342707 0.009545 0.010517
22 0.470227 0.323960 0.010455 0.010517
22 0.480682 0.319387 0.007727 0.007773
22 0.487500 0.308185 0.009545 0.010059
22 0.438182 0.335848 0.012727 0.008688
22 0.395909 0.252172 0.015455 0.013260
22 0.421364 0.251943 0.014545 0.014632
22 0.461818 0.264060 0.010909 0.010517
22 0.477273 0.248057 0.018182 0.016918
22 0.452045 0.286694 0.009545 0.008230
22 0.453409 0.294010 0.012273 0.008230
22 0.479545 0.292867 0.011818 0.011431
22 0.473409 0.301097 0.009545 0.008688
22 0.524773 0.211020 0.014091 0.013260
22 0.505909 0.224051 0.011818 0.011888
22 0.508409 0.234797 0.011364 0.012346
22 0.522955 0.226337 0.013182 0.011888
22 0.588636 0.229310 0.011818 0.011431
22 0.596364 0.218336 0.011818 0.010517
22 0.602727 0.237769 0.014545 0.012803
22 0.640682 0.189986 0.016818 0.014175
22 0.498864 0.090764 0.015000 0.013260
22 0.443864 0.142890 0.015909 0.012346
22 0.419773 0.168038 0.018636 0.014175
22 0.228182 0.172154 0.017273 0.014175
22 0.238182 0.157522 0.014545 0.013260
22 0.295000 0.131230 0.016364 0.014632
22 0.285455 0.189986 0.016364 0.015089
22 0.290227 0.213077 0.015909 0.014632
22 0.322273 0.189986 0.014545 0.016918
22 0.350000 0.207362 0.014545 0.014175
22 0.281591 0.241198 0.014091 0.014175
22 0.294091 0.247599 0.017273 0.015089
22 0.304545 0.322359 0.010000 0.010059
22 0.300000 0.318016 0.009091 0.006859
22 0.069318 0.739140 0.020455 0.016004
22 0.099091 0.785551 0.015455 0.012803
22 0.149545 0.823960 0.019091 0.015546
22 0.263636 0.717650 0.014545 0.015089
22 0.082955 0.782122 0.011364 0.016004