22 0.883095 0.500635 0.021026 0.022420
22 0.739487 0.407360 0.018082 0.016920
22 0.750421 0.370558 0.019765 0.025381
22 0.551934 0.251692 0.019765 0.025381
22 0.448066 0.238367 0.022288 0.024112
22 0.404542 0.260998 0.016821 0.021151
22 0.438814 0.089679 0.023970 0.029611
22 0.556140 0.061337 0.022288 0.029611
22 0.510303 0.093909 0.018082 0.021151
22 0.533642 0.106810 0.025231 0.024112
22 0.575694 0.518613 0.016821 0.018613
22 0.634357 0.508883 0.013877 0.018613
22 0.650967 0.574873 0.017662 0.024535
22 0.710681 0.526650 0.017662 0.020305
22 0.772288 0.474619 0.022288 0.018613
22 0.823591 0.387267 0.022288 0.016497
22 0.698486 0.551819 0.010934 0.010575
22 0.706476 0.560491 0.013457 0.013536
22 0.799832 0.531514 0.013457 0.016497
22 0.746426 0.604272 0.017662 0.015651
22 0.693860 0.605330 0.013457 0.013536
22 0.693860 0.620347 0.011775 0.010575
22 0.712153 0.642766 0.020606 0.013959
22 0.748738 0.641920 0.014718 0.010575
22 0.790370 0.629230 0.013877 0.015651
22 0.747056 0.662648 0.008831 0.013959
22 0.753364 0.659052 0.009672 0.012690
22 0.761775 0.658206 0.009672 0.013536
22 0.801514 0.675550 0.012616 0.012690
22 0.820227 0.672800 0.014718 0.014805
22 0.848823 0.607445 0.015559 0.019459
22 0.906013 0.635152 0.014718 0.016497
22 0.867536 0.703257 0.018503 0.020728
22 0.844617 0.729907 0.014718 0.015651
22 0.802775 0.701142 0.013457 0.014805
22 0.770816 0.702834 0.011775 0.014805
22 0.793524 0.718909 0.012616 0.015651
22 0.753785 0.743232 0.014718 0.018613
22 0.805929 0.744712 0.013877 0.021574
22 0.844828 0.576354 0.013457 0.013959
22 0.844828 0.553299 0.011775 0.016920
22 0.866484 0.558799 0.015559 0.016920
22 0.814760 0.539975 0.009672 0.009729
22 0.814760 0.548435 0.009672 0.008883
22 0.863120 0.451988 0.020606 0.010575
22 0.863751 0.441624 0.012616 0.011844
22 0.855971 0.416244 0.008831 0.017766
22 0.845879 0.414763 0.009672 0.016497
22 0.609336 0.298223 0.011775 0.010998
22 0.612910 0.286379 0.009672 0.011844
22 0.625946 0.296531 0.008831 0.012690
22 0.633726 0.300338 0.011775 0.016920
22 0.654121 0.292301 0.010513 0.016920
22 0.657696 0.270093 0.016821 0.016497
22 0.714256 0.245981 0.013877 0.013959
22 0.716148 0.270728 0.011775 0.018613
22 0.742220 0.274958 0.016821 0.018613
22 0.765559 0.283629 0.010513 0.014805
22 0.775862 0.291455 0.011775 0.010998
22 0.764087 0.305415 0.013457 0.013536
22 0.779857 0.310914 0.016400 0.017766
22 0.487174 0.385787 0.020606 0.025381
22 0.412111 0.394670 0.018503 0.019459
22 0.448276 0.421954 0.016821 0.016497
22 0.429563 0.432530 0.014718 0.016497
22 0.487174 0.436337 0.009672 0.016497
22 0.477082 0.440990 0.010513 0.013959
22 0.492220 0.491328 0.013877 0.022420
22 0.504626 0.493443 0.010934 0.022420
22 0.412742 0.525592 0.013877 0.020728
22 0.411690 0.478003 0.012616 0.019459
22 0.388562 0.490905 0.012616 0.013959
22 0.369849 0.339467 0.013877 0.020728
22 0.429142 0.330795 0.015559 0.013536
22 0.326114 0.315990 0.016400 0.020305
22 0.297309 0.347504 0.013457 0.014805
22 0.270816 0.346658 0.018503 0.023266
22 0.231707 0.317682 0.016821 0.020305
22 0.186291 0.311548 0.011775 0.009729
22 0.128469 0.322758 0.016400 0.016920
22 0.152019 0.339255 0.016400 0.018613
22 0.143608 0.363579 0.015559 0.021574
22 0.082002 0.419416 0.019344 0.023266
22 0.147393 0.446489 0.015559 0.014805
22 0.170732 0.496616 0.017662 0.016920
22 0.214886 0.391497 0.017662 0.016497
22 0.182717 0.413283 0.009672 0.010998
22 0.177040 0.422166 0.010934 0.007614
22 0.174727 0.434010 0.015559 0.013536
22 0.213204 0.434433 0.016821 0.016920
22 0.223928 0.447758 0.014718 0.015651
22 0.226661 0.463832 0.020185 0.014805
22 0.245795 0.401015 0.013877 0.023689
22 0.287006 0.440144 0.014718 0.016497
22 0.309504 0.432318 0.020185 0.017766
22 0.218671 0.488579 0.017662 0.018613
22 0.126997 0.558164 0.017662 0.014805
22 0.127628 0.570431 0.016400 0.009729
22 0.127839 0.579949 0.016821 0.013536
22 0.126367 0.600677 0.016400 0.013536
22 0.127208 0.673223 0.016400 0.013959
22 0.117325 0.689298 0.013457 0.014805
22 0.228974 0.569797 0.014718 0.018613
22 0.264718 0.552242 0.013877 0.014805
22 0.255677 0.520728 0.019344 0.018613
22 0.252944 0.486041 0.016400 0.020305
22 0.199117 0.640863 0.013877 0.019459
22 0.176409 0.638959 0.014718 0.010575
22 0.185660 0.631345 0.009672 0.016497
22 0.172414 0.612733 0.010934 0.016497
22 0.140875 0.713832 0.009251 0.012267
22 0.148024 0.721447 0.007569 0.008883
22 0.156224 0.716794 0.008831 0.010575
22 0.167157 0.714255 0.009672 0.011421
22 0.168419 0.725677 0.011354 0.011421
22 0.157485 0.726100 0.007149 0.008037
22 0.148444 0.729907 0.008410 0.013113
22 0.168419 0.749788 0.012195 0.016497
22 0.239066 0.757826 0.016400 0.018190
22 0.191127 0.781937 0.013036 0.016497
22 0.141926 0.822970 0.013877 0.013959
22 0.152860 0.838621 0.013877 0.012267
22 0.169050 0.813240 0.013457 0.015651
22 0.275021 0.793359 0.014298 0.013113
22 0.285114 0.804357 0.011775 0.009729
22 0.281119 0.817047 0.009672 0.008883
22 0.294575 0.788917 0.008831 0.015228
22 0.303616 0.817259 0.010093 0.013536
22 0.297098 0.838621 0.016400 0.015651
22 0.321699 0.798646 0.007569 0.013536
22 0.307822 0.775169 0.016821 0.013959
22 0.330109 0.757191 0.010093 0.016074
22 0.342304 0.772208 0.008410 0.013959
22 0.344197 0.821912 0.011354 0.015228
22 0.342725 0.854484 0.006728 0.010152
22 0.351766 0.860406 0.011354 0.009306
22 0.357653 0.874577 0.007990 0.014805
22 0.268923 0.890017 0.013036 0.016920
22 0.290580 0.902073 0.014298 0.010575
22 0.291421 0.916878 0.017662 0.012267
22 0.295837 0.934222 0.017241 0.016497
22 0.244323 0.917724 0.012616 0.014805
22 0.347981 0.927453 0.012195 0.016497
22 0.393188 0.942259 0.015980 0.016497
22 0.428091 0.952200 0.015980 0.017766
22 0.378259 0.855964 0.012195 0.016497
22 0.369428 0.821701 0.013877 0.019036
22 0.377418 0.803934 0.007990 0.008883
22 0.383726 0.789763 0.008831 0.010998
22 0.376787 0.775592 0.008410 0.011421
22 0.390034 0.776227 0.006308 0.010152
22 0.395290 0.768824 0.007569 0.011421
22 0.401598 0.761633 0.008410 0.009729
22 0.402019 0.742597 0.006728 0.007191
22 0.403280 0.747673 0.005887 0.005499
22 0.408116 0.742174 0.006308 0.006345
22 0.413373 0.741751 0.007569 0.005499
22 0.411690 0.748096 0.009251 0.006345
22 0.359336 0.731176 0.015559 0.013959
22 0.353448 0.684856 0.013877 0.015228
22 0.309504 0.685914 0.011775 0.013959
22 0.293314 0.680415 0.013036 0.019036
22 0.279016 0.681049 0.011354 0.012690
22 0.272288 0.653342 0.010513 0.012267
22 0.263246 0.634941 0.006728 0.008460
22 0.266400 0.641709 0.008831 0.009306
22 0.181455 0.610618 0.009672 0.008883
22 0.184399 0.618232 0.011354 0.006345
22 0.256728 0.600254 0.011354 0.016074
22 0.260723 0.572758 0.007569 0.010152
22 0.270606 0.582064 0.009672 0.009306
22 0.271447 0.592640 0.011354 0.008460
22 0.270606 0.602369 0.009672 0.009306
22 0.284483 0.571066 0.008831 0.011844
22 0.278385 0.637690 0.007569 0.013113
22 0.285324 0.638748 0.006308 0.008460
22 0.292893 0.640228 0.008831 0.008883
22 0.303406 0.645093 0.008831 0.010998
22 0.307822 0.619078 0.005887 0.009729
22 0.301724 0.617597 0.006308 0.008460
22 0.296257 0.621827 0.004626 0.010152
22 0.289529 0.623308 0.006308 0.008883
22 0.289319 0.614425 0.006728 0.008883
22 0.283011 0.618655 0.005887 0.008883
22 0.333053 0.614425 0.009251 0.007191
22 0.330950 0.624365 0.009251 0.009306
22 0.349664 0.633672 0.011354 0.013536
22 0.376367 0.609560 0.011775 0.013536
22 0.401177 0.597927 0.012616 0.013959
22 0.389193 0.620770 0.008831 0.010575
22 0.403280 0.619712 0.007569 0.011844
22 0.419470 0.620347 0.006308 0.008883
22 0.423675 0.626269 0.007149 0.008037
22 0.441337 0.624154 0.011354 0.013959
22 0.437973 0.652073 0.011354 0.012267
22 0.438394 0.671954 0.012195 0.011421
22 0.390454 0.678088 0.008831 0.010152
22 0.362700 0.656091 0.007149 0.007614
22 0.367746 0.662225 0.007990 0.007191
22 0.387511 0.692047 0.006308 0.007614
22 0.394449 0.693105 0.005046 0.005499
22 0.400547 0.696701 0.005467 0.006768
22 0.395080 0.698181 0.007149 0.007191
22 0.391716 0.704526 0.009672 0.005499
22 0.397813 0.711506 0.007569 0.010998
22 0.404121 0.710448 0.005046 0.011421
22 0.407696 0.711717 0.005467 0.009729
22 0.426198 0.635787 0.006308 0.009306
22 0.414003 0.630499 0.006308 0.006345
22 0.377628 0.634518 0.005887 0.010152
22 0.383305 0.635364 0.006308 0.009306
22 0.388352 0.637267 0.003785 0.006345
22 0.392347 0.635575 0.005887 0.006345
22 0.399075 0.637056 0.005046 0.007614
22 0.404121 0.635787 0.005046 0.007614
22 0.414424 0.640651 0.007990 0.006345
22 0.422414 0.644036 0.006308 0.008883
22 0.448907 0.772208 0.005467 0.011421
22 0.260513 0.502115 0.008831 0.008460
22 0.267872 0.501058 0.005887 0.008037
22 0.275231 0.491117 0.007149 0.008460
22 0.284272 0.491751 0.006728 0.010575
22 0.290370 0.493020 0.003785 0.009729
22 0.294365 0.491751 0.006728 0.008037
22 0.300673 0.500000 0.007569 0.009306
22 0.283431 0.504653 0.010093 0.008460
22 0.325273 0.489002 0.013036 0.013536
22 0.341463 0.497462 0.013457 0.010152
22 0.318335 0.540821 0.013457 0.013113
22 0.306140 0.536591 0.008410 0.010575
22 0.297939 0.543147 0.008831 0.010998
22 0.303616 0.554146 0.007569 0.008460
22 0.329689 0.564298 0.007569 0.013536
22 0.312658 0.558587 0.007990 0.008883
22 0.304878 0.565355 0.007569 0.006345
22 0.303406 0.572758 0.006308 0.006768
22 0.311396 0.575719 0.007149 0.010152
22 0.318545 0.573181 0.006308 0.010152
22 0.231707 0.357657 0.010934 0.011421
22 0.220143 0.352580 0.010513 0.013113
22 0.214256 0.335237 0.012195 0.011421
22 0.205214 0.323181 0.010934 0.013536
22 0.326955 0.461294 0.011354 0.011421
22 0.328217 0.447970 0.010513 0.013536
22 0.344828 0.440990 0.013457 0.010575
22 0.342935 0.411802 0.008831 0.008883
22 0.343987 0.394036 0.015139 0.013959
22 0.371531 0.399535 0.016400 0.013113
22 0.361438 0.414975 0.014718 0.013536
22 0.359756 0.431049 0.012195 0.011844
22 0.371531 0.439721 0.012195 0.010575
22 0.366905 0.459602 0.013036 0.011421
22 0.370479 0.471870 0.010093 0.011421
22 0.361438 0.476946 0.010513 0.010575
22 0.365013 0.489425 0.010093 0.009306
22 0.414634 0.315355 0.012616 0.013113
22 0.425568 0.302030 0.007569 0.011844
22 0.433768 0.309433 0.007990 0.010575
22 0.440076 0.299915 0.004626 0.012690
22 0.449537 0.301607 0.010093 0.013536
22 0.146131 0.277284 0.012195 0.012267
22 0.149285 0.265017 0.010934 0.008883
22 0.157906 0.251904 0.012195 0.013959
22 0.173886 0.258883 0.011354 0.014382
22 0.165055 0.279399 0.011354 0.012267
22 0.213835 0.174281 0.008831 0.012690
22 0.222246 0.171320 0.008831 0.014382
22 0.241169 0.242174 0.006308 0.011421
22 0.246215 0.242809 0.005467 0.013536
22 0.254415 0.238579 0.009251 0.010998
22 0.262616 0.246827 0.008831 0.013113
22 0.271236 0.201988 0.010934 0.019036
22 0.284062 0.200931 0.011354 0.024535
22 0.302775 0.173858 0.015139 0.016074
22 0.339361 0.159898 0.021026 0.021997
22 0.366064 0.137056 0.018923 0.016920
22 0.294575 0.118020 0.012195 0.014382
22 0.245585 0.144247 0.014298 0.015228
22 0.273759 0.147420 0.008410 0.008883
22 0.281539 0.145728 0.006308 0.013959
22 0.268503 0.162648 0.011354 0.011421
22 0.322330 0.094755 0.008831 0.013536
22 0.334315 0.106387 0.010934 0.013113
22 0.346510 0.096447 0.010093 0.015228
22 0.355551 0.087140 0.010513 0.019459
22 0.456056 0.776438 0.007990 0.014805
22 0.457948 0.763748 0.010093 0.011421
22 0.483389 0.708968 0.018923 0.016920
22 0.525021 0.711294 0.018082 0.013959
22 0.487174 0.776438 0.011354 0.013959
22 0.524601 0.756557 0.009672 0.013959
22 0.534693 0.754865 0.009672 0.016497
22 0.539529 0.765651 0.007569 0.013536
22 0.578638 0.768190 0.016821 0.017766
22 0.516190 0.774323 0.005467 0.011421
22 0.520816 0.778342 0.004626 0.012690
22 0.525862 0.779188 0.007990 0.014382
22 0.722876 0.797166 0.015139 0.015651
22 0.701640 0.857022 0.012195 0.012690
22 0.691968 0.863579 0.009672 0.015651
22 0.666737 0.854484 0.018082 0.012690
22 0.645080 0.869712 0.013457 0.008460
22 0.644449 0.879230 0.013036 0.011421
22 0.603659 0.910956 0.015559 0.013959
22 0.560976 0.941413 0.014298 0.016497
22 0.584945 0.948604 0.014298 0.021574
22 0.526703 0.960448 0.019765 0.013959
22 0.457527 0.964890 0.014298 0.013536
22 0.473928 0.949662 0.010934 0.015228
22 0.461312 0.946066 0.010934 0.013959
22 0.464886 0.281514 0.011354 0.008037
22 0.458158 0.289129 0.008831 0.006345
22 0.457527 0.296743 0.007569 0.008037
22 0.463835 0.302030 0.008410 0.006768
22 0.465938 0.293359 0.008410 0.006345
22 0.477712 0.289975 0.005887 0.006345
22 0.472876 0.294628 0.008831 0.008037
22 0.476241 0.300550 0.006308 0.005499
22 0.470563 0.306049 0.007569 0.008037
22 0.479815 0.310279 0.009251 0.009729
22 0.482969 0.299704 0.007149 0.007191
22 0.502313 0.279822 0.011354 0.013113
22 0.491590 0.297589 0.007569 0.008883
22 0.499790 0.305203 0.008831 0.011421
22 0.490538 0.320854 0.010513 0.012267
22 0.506308 0.311971 0.007569 0.013113
22 0.513667 0.314509 0.010513 0.016497
22 0.625105 0.089255 0.016400 0.020305
22 0.593987 0.096658 0.014718 0.012267
22 0.574012 0.102369 0.010934 0.011844
22 0.558452 0.132191 0.009251 0.014805
22 0.575484 0.137267 0.013877 0.011421
22 0.572119 0.116328 0.006308 0.006768
22 0.574853 0.122673 0.006728 0.007614
22 0.580950 0.116328 0.008831 0.008460
22 0.607233 0.114848 0.008410 0.012267
22 0.592304 0.141286 0.010513 0.010998
22 0.593566 0.155880 0.011354 0.009729
22 0.617536 0.159687 0.011354 0.011421
22 0.633516 0.177030 0.011354 0.013959
22 0.616905 0.197335 0.014298 0.012267
22 0.641716 0.192259 0.013457 0.015651
22 0.665475 0.137690 0.018923 0.014805
22 0.678511 0.170685 0.014718 0.011421
22 0.672414 0.192682 0.010934 0.011421
22 0.698276 0.193105 0.016400 0.012267
22 0.712574 0.217851 0.013877 0.010152
22 0.724348 0.224408 0.007990 0.006345
22 0.726871 0.229907 0.008831 0.007191
22 0.738646 0.241328 0.007149 0.006345
22 0.741590 0.247250 0.010513 0.007191
22 0.735282 0.256134 0.008831 0.012267
22 0.746636 0.256345 0.012195 0.012690
22 0.620479 0.120347 0.013036 0.014805
22 0.627418 0.130922 0.006728 0.008883
22 0.632254 0.123308 0.008831 0.010575
22 0.637721 0.135998 0.009672 0.013959
22 0.514087 0.668359 0.019765 0.027073