22 0.494742 0.060000 0.011888 0.010909
22 0.493370 0.052500 0.008230 0.005000
22 0.491541 0.046136 0.006401 0.007727
22 0.520805 0.065909 0.004572 0.009091
22 0.471422 0.058636 0.006401 0.007273
22 0.465478 0.057727 0.005487 0.006364
22 0.463877 0.054091 0.005944 0.006364
22 0.458619 0.056136 0.004572 0.012273
22 0.437814 0.063182 0.011431 0.011818
22 0.433242 0.055227 0.009602 0.007727
22 0.428212 0.066364 0.005030 0.006364
22 0.424554 0.064545 0.004115 0.006364
22 0.420439 0.065000 0.003201 0.005455
22 0.415409 0.062955 0.006859 0.005909
22 0.415181 0.055455 0.005487 0.005455
22 0.431413 0.037727 0.007773 0.010000
22 0.419753 0.042500 0.012803 0.012273
22 0.409465 0.059773 0.005030 0.006818
22 0.408322 0.071136 0.010974 0.009545
22 0.258345 0.118409 0.005487 0.005909
22 0.224051 0.134545 0.006401 0.008182
22 0.208733 0.128864 0.009602 0.007727
22 0.218564 0.140227 0.009145 0.006818
22 0.208962 0.146136 0.006401 0.010455
22 0.197988 0.151136 0.005487 0.009545
22 0.190672 0.151591 0.008230 0.007727
22 0.191129 0.158409 0.006401 0.005000
22 0.187700 0.161136 0.007773 0.007727
22 0.178784 0.170000 0.013717 0.008182
22 0.178555 0.178864 0.008688 0.007727
22 0.170782 0.177955 0.007773 0.010455
22 0.159808 0.186591 0.007773 0.008636
22 0.156836 0.209318 0.009145 0.008636
22 0.151120 0.230000 0.008688 0.007273
22 0.113626 0.242955 0.007773 0.008636
22 0.109739 0.267955 0.008230 0.006818
22 0.103338 0.269318 0.006401 0.006818
22 0.098537 0.273409 0.006859 0.005909
22 0.096022 0.277045 0.008230 0.008636
22 0.095336 0.289545 0.007773 0.008182
22 0.089849 0.283409 0.006859 0.009545
22 0.088477 0.294773 0.006859 0.009545
22 0.080704 0.297273 0.008688 0.011818
22 0.064701 0.332045 0.009602 0.008636
22 0.214220 0.358409 0.010517 0.009545
22 0.185185 0.628409 0.010974 0.010455
22 0.883631 0.197273 0.009602 0.009091
22 0.901692 0.215227 0.008230 0.009545
22 0.886145 0.254091 0.013717 0.010909
22 0.920439 0.258636 0.010974 0.010000
22 0.930498 0.270227 0.010059 0.009545
22 0.933928 0.350000 0.007773 0.007273
22 0.953818 0.456364 0.008230 0.007273
22 0.953818 0.447273 0.010059 0.010909
22 0.171239 0.822727 0.010517 0.009091
22 0.200503 0.834545 0.006859 0.006364
22 0.203246 0.827500 0.007773 0.005909
22 0.196845 0.828864 0.005030 0.005909
22 0.184271 0.815455 0.007316 0.004545
22 0.185642 0.820455 0.007316 0.006364
22 0.172382 0.814773 0.006401 0.005909
22 0.133516 0.765227 0.010974 0.007727
22 0.130316 0.770909 0.010059 0.007273
22 0.140375 0.785909 0.011888 0.010909
22 0.152263 0.797273 0.006401 0.009091
22 0.152263 0.789091 0.008230 0.007273
22 0.161180 0.798864 0.009602 0.008636
22 0.182213 0.841818 0.010517 0.010000
22 0.224051 0.860000 0.008230 0.005455
22 0.197302 0.849773 0.009602 0.009545
22 0.512346 0.844773 0.015089 0.017727
22 0.683128 0.077955 0.007316 0.009545
22 0.679241 0.075227 0.005030 0.007727
22 0.671468 0.072045 0.005944 0.010455
22 0.666667 0.073182 0.003658 0.005455
22 0.443073 0.088409 0.003658 0.007727
22 0.342478 0.080000 0.004572 0.005455
22 0.339735 0.085682 0.006401 0.007727
22 0.264060 0.115000 0.006859 0.007273
22 0.282807 0.113636 0.005944 0.005455
22 0.286008 0.109773 0.006859 0.005000
22 0.316644 0.095682 0.008688 0.009545
22 0.322817 0.788182 0.020119 0.019091
22 0.646776 0.753182 0.007773 0.011818
22 0.647005 0.635000 0.018290 0.016364
22 0.030407 0.492955 0.009602 0.007727
22 0.024463 0.485682 0.009602 0.007727
22 0.033836 0.518182 0.013717 0.013636
22 0.038409 0.537500 0.013717 0.012273
22 0.105396 0.539318 0.012346 0.010455
22 0.129401 0.547727 0.013717 0.011818
22 0.195702 0.558409 0.011888 0.010455
22 0.156607 0.504318 0.015089 0.011364
22 0.160722 0.492500 0.012346 0.011364
22 0.086648 0.503182 0.011431 0.008182
22 0.213535 0.521136 0.015546 0.013182
22 0.217193 0.533636 0.010059 0.010000
22 0.229538 0.532500 0.010059 0.008636
22 0.243713 0.510227 0.010974 0.011364
22 0.230910 0.550455 0.012803 0.011818
22 0.181527 0.580909 0.012803 0.011818
22 0.213306 0.578182 0.012346 0.010909
22 0.206904 0.586818 0.010517 0.010000
22 0.248057 0.540455 0.010517 0.010000
22 0.258116 0.525000 0.010517 0.008182
22 0.259488 0.538409 0.007773 0.009545
22 0.258573 0.563864 0.010517 0.009545
22 0.164380 0.609318 0.011431 0.010455
22 0.171468 0.602045 0.014632 0.013182
22 0.209419 0.598409 0.011888 0.011364
22 0.230453 0.593636 0.011888 0.010909
22 0.248743 0.598409 0.010974 0.009545
22 0.257202 0.611364 0.013260 0.011818
22 0.235482 0.606136 0.013717 0.010455
22 0.234797 0.618182 0.009602 0.010000
22 0.240283 0.625909 0.009602 0.010909
22 0.184042 0.650455 0.014175 0.011818
22 0.287837 0.649773 0.011431 0.013182
22 0.291267 0.605682 0.013717 0.015909
22 0.309099 0.588636 0.013717 0.011818
22 0.318701 0.573182 0.011888 0.010000
22 0.296982 0.628636 0.012346 0.010909
22 0.299497 0.617273 0.010059 0.008182
22 0.305213 0.611364 0.008688 0.009091
22 0.312529 0.614318 0.008688 0.010455
22 0.295839 0.666818 0.010974 0.011818
22 0.190901 0.638636 0.009602 0.009091
22 0.215135 0.674091 0.010517 0.007273
22 0.218793 0.678409 0.007773 0.007727
22 0.255830 0.703409 0.011431 0.011364
22 0.272291 0.700000 0.010517 0.010909
22 0.278464 0.714773 0.010974 0.012273
22 0.288523 0.727955 0.007316 0.007727
22 0.300869 0.684773 0.010059 0.008636
22 0.301097 0.691136 0.011431 0.010455
22 0.318701 0.672500 0.013717 0.011364
22 0.336305 0.666818 0.009602 0.008182
22 0.337449 0.658409 0.010059 0.009545
22 0.341335 0.646591 0.009602 0.009545
22 0.356882 0.645909 0.011431 0.010000
22 0.395519 0.627955 0.013717 0.010455
22 0.410837 0.650227 0.012346 0.013182
22 0.464335 0.640455 0.011431 0.010909
22 0.444902 0.683864 0.010059 0.009545
22 0.431642 0.692727 0.011888 0.010909
22 0.370599 0.726818 0.011431 0.010000
22 0.380201 0.735227 0.010517 0.008636
22 0.291495 0.766364 0.011431 0.009091
22 0.229767 0.691136 0.011431 0.008636
22 0.130316 0.701364 0.013717 0.012727
22 0.140604 0.738864 0.010517 0.009545
22 0.138089 0.746136 0.010059 0.009545
22 0.144947 0.761818 0.010974 0.010909
22 0.148834 0.774318 0.010517 0.008636
22 0.164380 0.776818 0.008688 0.008182
22 0.177183 0.783864 0.010517 0.010455
22 0.162323 0.788182 0.009145 0.009091
22 0.205761 0.754091 0.010974 0.010000
22 0.211020 0.764545 0.009602 0.009091
22 0.250343 0.747727 0.011431 0.010909
22 0.219479 0.786818 0.008230 0.010000
22 0.226109 0.788182 0.008688 0.010000
22 0.184957 0.792045 0.011431 0.011364
22 0.191587 0.804545 0.009145 0.008182
22 0.181070 0.809091 0.008230 0.009091
22 0.198674 0.821136 0.006859 0.006818
22 0.254915 0.808636 0.010517 0.009091
22 0.269776 0.800455 0.010974 0.010909
22 0.259945 0.827273 0.008688 0.007273
22 0.255144 0.848182 0.009145 0.010000
22 0.239826 0.847955 0.012346 0.008636
22 0.271148 0.848636 0.010974 0.009091
22 0.284636 0.854091 0.010517 0.010000
22 0.224508 0.850682 0.008230 0.006818
22 0.222222 0.854773 0.007316 0.006818
22 0.259031 0.858182 0.008688 0.008182
22 0.268633 0.864545 0.009602 0.009091
22 0.264746 0.872045 0.008230 0.007727
22 0.299268 0.871591 0.007773 0.009545
22 0.289438 0.875227 0.007316 0.008636
22 0.282579 0.885455 0.009145 0.009091
22 0.290352 0.895909 0.010059 0.010000
22 0.307270 0.886364 0.008230 0.009091
22 0.320988 0.889091 0.009145 0.009091
22 0.336534 0.884545 0.010974 0.009091
22 0.347965 0.871364 0.011888 0.010909
22 0.318244 0.904091 0.009145 0.007273
22 0.321216 0.909091 0.008688 0.006364
22 0.360768 0.903864 0.011888 0.012273
22 0.361225 0.922727 0.011888 0.010000
22 0.374714 0.917500 0.012346 0.012273
22 0.409922 0.913864 0.012346 0.010455
22 0.315043 0.916818 0.011888 0.010000
22 0.374943 0.940682 0.012803 0.011364
22 0.488112 0.883864 0.012346 0.009545
22 0.491312 0.923409 0.011431 0.014091
22 0.482167 0.936818 0.012346 0.011818
22 0.500914 0.925682 0.008688 0.008636
22 0.507087 0.921818 0.008230 0.010000
22 0.515318 0.918182 0.010059 0.010000
22 0.538409 0.922045 0.007773 0.011364
22 0.545267 0.923864 0.009602 0.011364
22 0.625057 0.922727 0.011888 0.011818
22 0.650892 0.920227 0.010517 0.009545
22 0.648834 0.928636 0.013717 0.010000
22 0.676955 0.878409 0.011431 0.010455
22 0.695473 0.885909 0.010059 0.010000
22 0.708276 0.873864 0.012803 0.015000
22 0.825103 0.815682 0.012346 0.010455
22 0.816644 0.824318 0.010974 0.010455
22 0.805441 0.830455 0.012346 0.012727
22 0.797211 0.680909 0.013260 0.010000
22 0.811157 0.676136 0.011888 0.009545
22 0.891632 0.686591 0.010974 0.011364
22 0.911294 0.684091 0.012803 0.011818
22 0.887060 0.703182 0.011888 0.010909
22 0.785551 0.605227 0.012803 0.011364
22 0.809785 0.628864 0.010059 0.008636
22 0.821674 0.625000 0.010974 0.010909
22 0.882945 0.591364 0.010974 0.009091
22 0.905121 0.601136 0.012346 0.009545
22 0.912209 0.626818 0.012803 0.011818
22 0.795839 0.518636 0.011431 0.010909
22 0.866255 0.559091 0.013260 0.010909
22 0.875857 0.552500 0.010517 0.009545
22 0.890261 0.508409 0.011888 0.010455
22 0.899634 0.532955 0.010517 0.010455
22 0.897348 0.553636 0.009602 0.010000
22 0.948788 0.576818 0.012803 0.010909
22 0.952904 0.539091 0.012803 0.010000
22 0.957247 0.527727 0.010517 0.010000
22 0.943301 0.516364 0.011888 0.010000
22 0.944444 0.498636 0.012346 0.010000
22 0.959305 0.499318 0.011888 0.011364
22 0.865569 0.477727 0.015546 0.013636
22 0.908551 0.445227 0.011888 0.010455
22 0.929584 0.449091 0.013717 0.010909
22 0.915181 0.467045 0.012346 0.011364
22 0.933699 0.475455 0.012803 0.010909
22 0.930498 0.428182 0.012803 0.010909
22 0.950160 0.424773 0.011888 0.012273
22 0.961820 0.413409 0.012346 0.012273
22 0.960448 0.393864 0.011431 0.011364
22 0.951303 0.400455 0.009602 0.009091
22 0.917467 0.390455 0.011431 0.010000
22 0.933928 0.383636 0.010517 0.009091
22 0.962506 0.447045 0.010059 0.010455
22 0.977824 0.452955 0.012346 0.012273
22 0.977824 0.464091 0.011431 0.010000
22 0.959762 0.465000 0.010974 0.009091
22 0.960219 0.473182 0.010059 0.008182
22 0.888203 0.304545 0.014175 0.013636
22 0.924554 0.298409 0.011888 0.011364
22 0.927755 0.310455 0.012803 0.011818
22 0.925469 0.338182 0.010059 0.010000
22 0.925926 0.344091 0.010059 0.008182
22 0.935299 0.342273 0.009602 0.009091
22 0.941015 0.349318 0.007316 0.008636
22 0.941015 0.361136 0.011888 0.009545
22 0.909008 0.295000 0.010974 0.010909
22 0.937357 0.282727 0.008230 0.010000
22 0.908779 0.281364 0.010517 0.008182
22 0.908093 0.272273 0.010059 0.008182
22 0.904664 0.264545 0.010517 0.010909
22 0.884774 0.275909 0.010059 0.010000
22 0.898491 0.272955 0.010974 0.012273
22 0.867398 0.262955 0.010059 0.008636
22 0.850023 0.247955 0.013717 0.013182
22 0.859625 0.235227 0.011888 0.010455
22 0.869227 0.228182 0.011888 0.010000
22 0.859854 0.221818 0.009602 0.009091
22 0.883402 0.217727 0.010974 0.010000
22 0.890947 0.238182 0.009602 0.010000
22 0.900777 0.232955 0.010974 0.009545
22 0.877915 0.240682 0.009145 0.010455
22 0.869913 0.255000 0.010517 0.010000
22 0.876772 0.247955 0.010517 0.009545
22 0.849337 0.213182 0.010517 0.009091
22 0.850251 0.202045 0.010517 0.009545
22 0.875629 0.196136 0.007316 0.010455
22 0.863969 0.182045 0.007773 0.008636
22 0.868770 0.186364 0.009145 0.008182
22 0.853452 0.174773 0.009602 0.009545
22 0.838134 0.187273 0.010059 0.009091
22 0.842021 0.193409 0.007773 0.007727
22 0.833333 0.201364 0.010517 0.010000
22 0.841335 0.200682 0.009145 0.008636
22 0.825560 0.181364 0.008688 0.009091
22 0.832190 0.181364 0.009145 0.008182
22 0.814358 0.194091 0.012803 0.010909
22 0.804298 0.182955 0.010974 0.009545
22 0.813900 0.140000 0.010059 0.010000
22 0.799726 0.141364 0.010974 0.011818
22 0.807499 0.155227 0.009145 0.011364
22 0.788752 0.153864 0.010059 0.009545
22 0.772291 0.147045 0.008230 0.009545
22 0.778921 0.151136 0.009602 0.008636
22 0.752629 0.157500 0.010974 0.011364
22 0.810700 0.171818 0.010974 0.009091
22 0.827389 0.163636 0.007773 0.010000
22 0.824188 0.153182 0.006859 0.009091
22 0.855510 0.166818 0.009145 0.010000
22 0.828989 0.152500 0.008230 0.008636
22 0.754915 0.128636 0.009145 0.007273
22 0.770233 0.130455 0.011431 0.010000
22 0.754687 0.138409 0.009602 0.009545
22 0.735254 0.125455 0.010059 0.010000
22 0.729767 0.120909 0.010059 0.009091
22 0.730681 0.106818 0.009145 0.010000
22 0.736854 0.108864 0.008688 0.008636
22 0.748971 0.107273 0.010059 0.010000
22 0.742341 0.113409 0.008688 0.008636
22 0.747371 0.117955 0.008688 0.009545
22 0.603109 0.095227 0.010059 0.010455
22 0.616598 0.097045 0.009602 0.011364
22 0.625743 0.103864 0.008688 0.009545
22 0.634202 0.100909 0.009145 0.008182
22 0.615226 0.152045 0.011431 0.010455
22 0.666667 0.105227 0.010059 0.010455
22 0.668496 0.121818 0.012803 0.010000
22 0.672611 0.135000 0.010974 0.010000
22 0.682670 0.126364 0.010059 0.010000
22 0.690672 0.136364 0.010517 0.010909
22 0.656836 0.171364 0.008688 0.010909
22 0.671239 0.168182 0.010974 0.013636
22 0.703932 0.105000 0.011431 0.010909
22 0.635117 0.039773 0.009145 0.008636
22 0.625286 0.054773 0.007773 0.011364
22 0.635802 0.058636 0.008688 0.010000
22 0.646548 0.070000 0.008230 0.009091
22 0.616827 0.067955 0.010059 0.008636
22 0.629172 0.069318 0.007316 0.005000
22 0.628487 0.064091 0.006859 0.008182
22 0.661866 0.068864 0.006859 0.009545
22 0.611111 0.056818 0.008688 0.008182
22 0.612026 0.051136 0.009602 0.009545
22 0.605167 0.042273 0.008688 0.010000
22 0.593736 0.045682 0.009602 0.009545
22 0.587563 0.044545 0.007316 0.008182
22 0.593507 0.058409 0.008230 0.008636
22 0.599223 0.060227 0.007773 0.007727
22 0.589163 0.069318 0.008688 0.008636
22 0.578875 0.067045 0.010059 0.009545
22 0.569273 0.057500 0.009145 0.006818
22 0.575217 0.041591 0.010059 0.009545
22 0.566072 0.040000 0.007316 0.008182
22 0.558299 0.044318 0.009145 0.009545
22 0.550069 0.052727 0.007316 0.007273
22 0.556241 0.062500 0.009602 0.008636
22 0.538637 0.063864 0.008230 0.007727
22 0.538866 0.054773 0.007773 0.006818
22 0.533836 0.051136 0.005030 0.006818
22 0.535208 0.034091 0.009602 0.009091
22 0.526063 0.033409 0.008688 0.008636
22 0.514632 0.033636 0.010517 0.008182
22 0.524005 0.056364 0.009145 0.009091
22 0.507773 0.049773 0.009602 0.007727
22 0.504572 0.045227 0.010517 0.008636
22 0.483996 0.049773 0.008688 0.008636
22 0.476909 0.050909 0.008230 0.009091
22 0.478509 0.065455 0.008688 0.006364
22 0.513946 0.068182 0.008230 0.009091
22 0.468450 0.712500 0.011431 0.009545
22 0.482396 0.736591 0.014632 0.013182
22 0.461820 0.749545 0.014632 0.012727
22 0.483082 0.689773 0.015089 0.013182
22 0.587791 0.778409 0.016004 0.015000
22 0.600823 0.801364 0.012803 0.010000
22 0.607910 0.791591 0.012346 0.012273
22 0.681756 0.746818 0.013717 0.012727
22 0.522405 0.810227 0.013260 0.012273
22 0.688843 0.683182 0.011431 0.011818
22 0.709648 0.703864 0.012803 0.012273
22 0.663237 0.577500 0.015089 0.014091
22 0.481710 0.517273 0.016004 0.010909
22 0.566758 0.503409 0.014175 0.013182
22 0.561957 0.579318 0.013717 0.011364
22 0.505487 0.571591 0.012346 0.010455
22 0.450846 0.574091 0.014632 0.010909
22 0.384316 0.472273 0.011431 0.010909
22 0.397577 0.487045 0.010517 0.011364
22 0.407865 0.512955 0.011888 0.010455
22 0.427298 0.501818 0.011431 0.010000
22 0.434842 0.495455 0.011888 0.010000
22 0.482853 0.483636 0.010974 0.011818
22 0.464106 0.467045 0.011888 0.011364
22 0.476680 0.444318 0.009602 0.010455
22 0.458619 0.451364 0.009145 0.008182
22 0.466164 0.446591 0.008688 0.008636
22 0.470050 0.457273 0.009145 0.009091
22 0.485825 0.457045 0.008688 0.006818
22 0.492684 0.448864 0.011431 0.009545
22 0.480796 0.461136 0.010517 0.009545
22 0.485368 0.465455 0.009602 0.007273
22 0.348194 0.503864 0.012346 0.009545
22 0.339049 0.492273 0.009602 0.009091
22 0.337906 0.499091 0.007316 0.008182
22 0.343393 0.537045 0.013717 0.012273
22 0.368313 0.439545 0.009602 0.008182
22 0.336763 0.469545 0.012346 0.011818
22 0.375171 0.431136 0.006859 0.007727
22 0.379973 0.435227 0.008230 0.008636
22 0.383859 0.426136 0.009602 0.009545
22 0.392090 0.421818 0.008688 0.010000
22 0.384545 0.392500 0.010059 0.012273
22 0.414952 0.386591 0.013260 0.009545
22 0.434614 0.382500 0.009602 0.009545
22 0.437586 0.407727 0.010974 0.011818
22 0.311157 0.396818 0.011431 0.010909
22 0.297668 0.390227 0.010974 0.008636
22 0.281664 0.385682 0.010059 0.009545
22 0.270462 0.421364 0.006859 0.010000
22 0.282122 0.424545 0.010059 0.009091
22 0.299268 0.412727 0.011431 0.008182
22 0.298125 0.419318 0.009145 0.008636
22 0.315272 0.432955 0.011431 0.010455
22 0.300183 0.460227 0.013260 0.011364
22 0.320073 0.453182 0.008230 0.009091
22 0.328761 0.453182 0.009145 0.010000
22 0.315272 0.475000 0.010517 0.010000
22 0.266804 0.351136 0.012346 0.011364
22 0.259488 0.339318 0.009602 0.008636
22 0.274577 0.335227 0.009602 0.009545
22 0.294239 0.347273 0.008688 0.010000
22 0.293553 0.358182 0.009145 0.009091
22 0.313214 0.349545 0.006401 0.008182
22 0.327389 0.341591 0.010974 0.010455
22 0.321445 0.323409 0.010059 0.010455
22 0.331962 0.360909 0.010974 0.010000
22 0.252172 0.384773 0.009602 0.009545
22 0.294925 0.374773 0.009145 0.006818
22 0.294467 0.380909 0.009145 0.008182
22 0.306584 0.370909 0.013260 0.014545
22 0.337220 0.310455 0.011431 0.011818
22 0.353452 0.307273 0.010974 0.010000
22 0.382945 0.308864 0.008688 0.010455
22 0.390947 0.308636 0.010974 0.012727
22 0.387974 0.329318 0.010517 0.010455
22 0.383402 0.349545 0.010517 0.010000
22 0.411523 0.344091 0.010974 0.011818
22 0.420210 0.364318 0.011888 0.011364
22 0.254230 0.311591 0.009145 0.009545
22 0.239369 0.320455 0.011431 0.010909
22 0.240512 0.340000 0.010059 0.009091
22 0.264060 0.318864 0.009602 0.009545
22 0.269319 0.312500 0.010059 0.008636
22 0.185871 0.287273 0.012346 0.011818
22 0.185642 0.324318 0.009145 0.009545
22 0.229995 0.334318 0.011888 0.010455
22 0.200960 0.346136 0.010517 0.010455
22 0.217878 0.348636 0.011431 0.010909
22 0.195702 0.360227 0.009145 0.010455
22 0.192958 0.367273 0.009145 0.008182
22 0.206904 0.374091 0.007773 0.007273
22 0.204847 0.378409 0.010059 0.007727
22 0.176726 0.386136 0.013260 0.012273
22 0.250343 0.417727 0.009602 0.010909
22 0.167353 0.435909 0.011888 0.012727
22 0.129630 0.395909 0.012346 0.011818
22 0.128029 0.371364 0.011888 0.010909
22 0.131001 0.343636 0.011431 0.009091
22 0.100366 0.392273 0.013260 0.012727
22 0.105624 0.430909 0.010974 0.011818
22 0.062414 0.410455 0.012346 0.011818
22 0.075446 0.406818 0.012803 0.010000
22 0.082990 0.424773 0.011431 0.011364
22 0.087791 0.431364 0.009145 0.010000
22 0.101509 0.442955 0.008230 0.008636
22 0.100823 0.450455 0.010517 0.010000
22 0.042524 0.438182 0.010974 0.010000
22 0.086877 0.469318 0.008230 0.008636
22 0.093050 0.468409 0.008688 0.010455
22 0.135117 0.466818 0.011431 0.012727
22 0.084362 0.490682 0.013260 0.011364
22 0.192501 0.464545 0.011888 0.011818
22 0.189758 0.488636 0.011888 0.012727
22 0.243256 0.482273 0.010974 0.010000
22 0.269547 0.514545 0.010517 0.008182
22 0.314129 0.502727 0.009145 0.009091
22 0.319159 0.511136 0.009145 0.008636
22 0.330361 0.505909 0.008688 0.009091
22 0.279150 0.529091 0.008688 0.009091
22 0.265889 0.542273 0.007773 0.008182
22 0.272977 0.541364 0.010059 0.010909
22 0.270919 0.552727 0.010517 0.009091
22 0.284636 0.557273 0.009602 0.009091
22 0.280979 0.564091 0.007773 0.008182
22 0.297668 0.549091 0.010974 0.010909
22 0.317558 0.539773 0.009602 0.009545
22 0.327160 0.540909 0.010517 0.010909
22 0.363283 0.559773 0.013260 0.013182
22 0.351852 0.571818 0.012346 0.010909
22 0.432785 0.543864 0.009602 0.010455
22 0.482167 0.608864 0.007773 0.007727
22 0.487426 0.621136 0.014632 0.012273
22 0.603567 0.399545 0.010059 0.010000
22 0.610654 0.398864 0.009602 0.013182
22 0.655921 0.393864 0.011431 0.009545
22 0.680841 0.403864 0.010974 0.008636
22 0.714449 0.386591 0.012346 0.012273
22 0.677183 0.433409 0.012803 0.011364
22 0.685642 0.442500 0.011431 0.011364
22 0.748285 0.505227 0.013260 0.012273
22 0.533608 0.375909 0.011888 0.010909
22 0.553269 0.387273 0.011888 0.011818
22 0.567673 0.395682 0.010517 0.009545
22 0.584819 0.307955 0.010974 0.008636
22 0.583676 0.314091 0.008688 0.007273
22 0.597851 0.335000 0.010517 0.010000
22 0.504344 0.345227 0.008230 0.008636
22 0.499543 0.354545 0.012346 0.010909
22 0.494970 0.337273 0.014175 0.011818
22 0.330133 0.215909 0.011888 0.010909
22 0.332647 0.241364 0.013260 0.013636
22 0.374028 0.245000 0.012803 0.012727
22 0.411294 0.227500 0.011431 0.012273
22 0.434156 0.227273 0.015089 0.016364
22 0.482625 0.237727 0.012346 0.010909
22 0.396433 0.252727 0.012803 0.011818
22 0.420439 0.268636 0.015089 0.014545
22 0.320759 0.260682 0.011431 0.010455
22 0.244627 0.236591 0.011888 0.011364
22 0.264746 0.270000 0.010974 0.010909
22 0.308413 0.195682 0.012346 0.010455
22 0.320302 0.192955 0.010517 0.010455
22 0.207133 0.252500 0.013717 0.012273
22 0.194102 0.264091 0.012346 0.011818
22 0.270005 0.285455 0.013260 0.010909
22 0.276177 0.297273 0.011888 0.010000
22 0.104481 0.323409 0.011431 0.009545
22 0.130544 0.324091 0.012346 0.011818
22 0.125057 0.300000 0.008688 0.008182
22 0.127572 0.291818 0.010059 0.010909
22 0.136717 0.283409 0.011888 0.009545
22 0.133745 0.262045 0.007773 0.009545
22 0.139232 0.260682 0.007773 0.010455
22 0.148377 0.263182 0.009602 0.010000
22 0.143576 0.270455 0.010974 0.009091
22 0.134431 0.245000 0.009145 0.007273
22 0.135802 0.239773 0.007316 0.006818
22 0.141061 0.233182 0.008688 0.008182
22 0.171011 0.230000 0.010974 0.010909
22 0.167810 0.218182 0.007316 0.008182
22 0.165295 0.212045 0.008688 0.006818
22 0.166667 0.203409 0.007773 0.008636
22 0.173525 0.204091 0.009602 0.008182
22 0.149063 0.201818 0.009145 0.010000
22 0.157064 0.222045 0.009602 0.008636
22 0.159579 0.215909 0.009145 0.007273
22 0.139232 0.209773 0.009602 0.008636
22 0.109053 0.251591 0.009602 0.008636
22 0.102881 0.260455 0.009145 0.007273
22 0.208962 0.174091 0.012803 0.011818
22 0.206904 0.154091 0.007773 0.007273
22 0.287380 0.163409 0.014175 0.014091
22 0.312529 0.161818 0.013260 0.012727
22 0.312757 0.132727 0.013717 0.013636
22 0.277092 0.125227 0.010059 0.010455
22 0.261317 0.106364 0.011431 0.009091
22 0.298811 0.112273 0.009602 0.009091
22 0.272062 0.116818 0.006401 0.007273
22 0.276635 0.114091 0.010059 0.008182
22 0.252629 0.124318 0.009602 0.009545
22 0.233653 0.132727 0.008230 0.008182
22 0.230681 0.137727 0.008688 0.008182
22 0.218564 0.146818 0.010974 0.007273
22 0.240741 0.113409 0.007773 0.008636
22 0.234111 0.116364 0.010059 0.009091
22 0.359168 0.139545 0.012346 0.010909
22 0.369913 0.132500 0.010974 0.010455
22 0.391632 0.104545 0.012346 0.012727
22 0.386831 0.129545 0.010974 0.010000
22 0.395748 0.132273 0.010517 0.010909
22 0.412894 0.122955 0.010059 0.011364
22 0.407179 0.134091 0.012346 0.012727
22 0.424783 0.133182 0.010059 0.010909
22 0.443301 0.122955 0.010517 0.010455
22 0.437128 0.149091 0.010974 0.011818
22 0.497714 0.171818 0.013260 0.011818
22 0.395519 0.072955 0.010974 0.007727
22 0.377915 0.068864 0.007773 0.007727
22 0.404207 0.063182 0.009145 0.006364
22 0.375400 0.087045 0.008230 0.007727
22 0.425240 0.085000 0.009145 0.008182
22 0.447188 0.073182 0.008230 0.008182
22 0.467307 0.069773 0.005487 0.006818
22 0.443530 0.038409 0.010059 0.009545
22 0.424783 0.057955 0.009145 0.006818
22 0.421811 0.075455 0.005944 0.008182
22 0.437586 0.079318 0.009145 0.008636
22 0.451532 0.083182 0.009602 0.010000
22 0.451075 0.057273 0.006859 0.010000
22 0.349794 0.067273 0.010974 0.010000
22 0.324646 0.072727 0.010059 0.009091
22 0.334934 0.076818 0.009602 0.008182
22 0.369684 0.070455 0.008688 0.007273
22 0.368770 0.075909 0.006859 0.006364
22 0.365341 0.082500 0.008230 0.008636
22 0.357567 0.080455 0.008230 0.008182
22 0.350480 0.078636 0.008688 0.008182
22 0.324417 0.091818 0.007773 0.009091
22 0.289438 0.092045 0.009145 0.007727
22 0.286465 0.100000 0.007773 0.007273
22 0.296982 0.093409 0.006859 0.007727
22 0.379287 0.081364 0.008688 0.011818
22 0.416324 0.079318 0.006859 0.008636
22 0.601738 0.203409 0.011888 0.011364
22 0.674668 0.220682 0.012346 0.011364
22 0.708733 0.238864 0.011888 0.009545