22 0.208930 0.179780 0.015164 0.019459
22 0.306866 0.129019 0.018113 0.021151
22 0.352148 0.099196 0.016007 0.017343
22 0.350463 0.061971 0.018534 0.018190
22 0.408172 0.049069 0.016007 0.016074
22 0.431550 0.027707 0.012216 0.013113
22 0.400590 0.079738 0.013479 0.016497
22 0.387742 0.083756 0.008003 0.015228
22 0.292755 0.259095 0.018534 0.017343
22 0.276327 0.266497 0.016007 0.015228
22 0.136479 0.268824 0.010952 0.018190
22 0.147641 0.271362 0.012216 0.016497
22 0.274221 0.332276 0.020219 0.028342
22 0.369840 0.346658 0.020219 0.017343
22 0.392165 0.317893 0.014322 0.018190
22 0.413437 0.307530 0.013058 0.014382
22 0.411120 0.274958 0.016007 0.013536
22 0.398694 0.263959 0.013058 0.010152
22 0.449031 0.311337 0.015164 0.016074
22 0.424179 0.364002 0.013479 0.012267
22 0.420809 0.380711 0.015164 0.019459
22 0.379739 0.372885 0.012216 0.018190
22 0.049495 0.409898 0.017270 0.018613
22 0.116049 0.472081 0.018113 0.021151
22 0.161542 0.467005 0.016428 0.019459
22 0.063395 0.517555 0.016428 0.018190
22 0.089722 0.521997 0.018534 0.021151
22 0.241786 0.557107 0.016007 0.016074
22 0.339933 0.452834 0.015164 0.017343
22 0.350674 0.435702 0.016428 0.016074
22 0.427548 0.460025 0.014322 0.021574
22 0.398905 0.464044 0.009267 0.013536
22 0.370261 0.459814 0.010952 0.010998
22 0.362890 0.468486 0.011373 0.008037
22 0.380371 0.523266 0.010952 0.010998
22 0.358256 0.473773 0.008003 0.010152
22 0.371735 0.477580 0.012216 0.013536
22 0.364785 0.487733 0.010110 0.010152
22 0.405855 0.526015 0.011373 0.017343
22 0.389217 0.542513 0.010952 0.017343
22 0.378686 0.539552 0.010110 0.013113
22 0.425232 0.541244 0.012216 0.017343
22 0.509899 0.536379 0.013058 0.013536
22 0.530539 0.508883 0.013058 0.013536
22 0.517902 0.480964 0.008846 0.014382
22 0.502106 0.490271 0.013479 0.018613
22 0.501264 0.471235 0.020219 0.015228
22 0.575400 0.556684 0.010110 0.013536
22 0.586352 0.552030 0.009267 0.013536
22 0.592249 0.514171 0.009267 0.013113
22 0.602780 0.511844 0.010110 0.015228
22 0.729149 0.548223 0.015164 0.018613
22 0.854254 0.523054 0.015164 0.017343
22 0.833614 0.544416 0.010952 0.010998
22 0.842671 0.552876 0.008846 0.010152
22 0.834457 0.556472 0.010952 0.013113
22 0.855939 0.549281 0.013479 0.012267
22 0.624895 0.493655 0.013058 0.015228
22 0.617944 0.473773 0.009267 0.014382
22 0.608045 0.472293 0.012216 0.013113
22 0.612890 0.442682 0.010110 0.013113
22 0.635425 0.436337 0.016428 0.017343
22 0.637321 0.451777 0.013479 0.015228
22 0.639006 0.397631 0.021061 0.018613
22 0.572452 0.388748 0.018534 0.025381
22 0.546335 0.369289 0.016007 0.015228
22 0.523168 0.357868 0.015164 0.018613
22 0.548652 0.332064 0.011373 0.014382
22 0.483361 0.293147 0.018113 0.019459
22 0.502738 0.298858 0.008846 0.011421
22 0.512005 0.291667 0.011373 0.008883
22 0.513690 0.307530 0.008003 0.020305
22 0.523168 0.303299 0.015164 0.010152
22 0.463985 0.219332 0.016428 0.017343
22 0.460826 0.191201 0.018534 0.023689
22 0.452822 0.123308 0.018534 0.016497
22 0.467776 0.136633 0.017270 0.016074
22 0.528644 0.071277 0.016007 0.018190
22 0.552654 0.040186 0.010952 0.015228
22 0.581929 0.057107 0.017270 0.016074
22 0.610994 0.052665 0.012216 0.017343
22 0.573083 0.086717 0.011373 0.018613
22 0.531382 0.130922 0.013058 0.017343
22 0.514111 0.136210 0.013058 0.019459
22 0.487995 0.182107 0.007161 0.010575
22 0.491575 0.578257 0.014322 0.015228
22 0.372367 0.565144 0.013479 0.015228
22 0.079823 0.568739 0.016428 0.013113
22 0.085088 0.585025 0.019377 0.018613
22 0.150800 0.759941 0.014322 0.022420
22 0.182393 0.755499 0.013479 0.015228
22 0.198189 0.768401 0.018113 0.013113
22 0.299073 0.646574 0.019377 0.021574
22 0.204297 0.796320 0.016007 0.011421
22 0.209983 0.810068 0.013058 0.018613
22 0.221778 0.815778 0.013058 0.021574
22 0.237784 0.805203 0.012216 0.016497
22 0.248104 0.811125 0.010110 0.013113
22 0.256740 0.803511 0.011373 0.011421
22 0.257161 0.828680 0.016428 0.015228
22 0.266849 0.857657 0.018113 0.016497
22 0.309393 0.840948 0.017270 0.013536
22 0.302654 0.870770 0.018113 0.018190
22 0.324768 0.902707 0.013479 0.021151
22 0.341407 0.873731 0.012216 0.011421
22 0.350463 0.865059 0.014322 0.010152
22 0.368155 0.870347 0.015164 0.011421
22 0.388585 0.877750 0.011373 0.013536
22 0.379107 0.884095 0.009267 0.016074
22 0.359099 0.888325 0.011373 0.014382
22 0.357203 0.901227 0.015164 0.013113
22 0.354254 0.916667 0.016007 0.014382
22 0.387532 0.921320 0.016007 0.025381
22 0.411542 0.921320 0.010952 0.010998
22 0.421230 0.924704 0.013479 0.019459
22 0.466723 0.900169 0.020219 0.021151
22 0.468197 0.835871 0.018113 0.015228
22 0.417439 0.761210 0.020219 0.023266
22 0.470093 0.950931 0.010110 0.015228
22 0.477675 0.942893 0.008425 0.011844
22 0.481887 0.931049 0.010110 0.013536
22 0.493892 0.920262 0.008846 0.012267
22 0.488837 0.946701 0.008003 0.013536
22 0.497473 0.944374 0.008425 0.013113
22 0.518745 0.946277 0.016428 0.016074
22 0.518113 0.928299 0.012637 0.017343
22 0.534120 0.910533 0.013479 0.014805
22 0.552022 0.908418 0.012216 0.015651
22 0.570345 0.910110 0.016007 0.015651
22 0.606992 0.923435 0.016849 0.018613
22 0.578770 0.887267 0.011794 0.016497
22 0.561500 0.886844 0.012637 0.017343
22 0.562763 0.867386 0.013479 0.013113
22 0.538332 0.861041 0.014322 0.017343
22 0.529907 0.767978 0.009267 0.011421
22 0.538543 0.774112 0.009688 0.016074
22 0.559183 0.782360 0.013058 0.015651
22 0.577717 0.797800 0.015586 0.017766
22 0.605729 0.803723 0.016007 0.014382
22 0.640691 0.865059 0.011794 0.013536
22 0.671230 0.811548 0.010531 0.019036
22 0.704507 0.726311 0.014743 0.017766
22 0.641533 0.825296 0.009267 0.010152
22 0.634794 0.829949 0.010110 0.009306
22 0.633530 0.840948 0.011794 0.012690
22 0.706403 0.849831 0.015164 0.017766
22 0.668492 0.869924 0.011794 0.012267
22 0.659436 0.876904 0.007161 0.008460
22 0.665333 0.881345 0.008846 0.014805
22 0.712089 0.878807 0.013058 0.017343
22 0.662805 0.900381 0.007161 0.014805
22 0.671862 0.902496 0.009267 0.012267
22 0.338458 0.679146 0.005476 0.009729
22 0.342671 0.674492 0.007161 0.010575
22 0.353412 0.646362 0.013479 0.011844
22 0.370893 0.619712 0.008846 0.009306
22 0.368576 0.630922 0.011794 0.013959
22 0.383319 0.622039 0.009267 0.013113
22 0.390691 0.575085 0.012216 0.011421
22 0.409857 0.593909 0.012637 0.013536
22 0.415122 0.606810 0.010531 0.010575
22 0.409857 0.690990 0.009267 0.011421
22 0.400590 0.694374 0.008425 0.008883
22 0.397430 0.701565 0.015586 0.009729
22 0.394903 0.710025 0.010531 0.009729
22 0.360573 0.709391 0.014322 0.011844
22 0.367734 0.696912 0.014322 0.015651
22 0.368366 0.681895 0.017270 0.008460
22 0.509688 0.741328 0.012637 0.013959
22 0.543808 0.660321 0.008425 0.013536
22 0.605307 0.650592 0.015164 0.017766
22 0.591407 0.630922 0.010110 0.014805
22 0.615628 0.589467 0.011373 0.013959
22 0.593513 0.577200 0.007582 0.012267
22 0.586563 0.575085 0.008846 0.011421
22 0.576243 0.580795 0.010110 0.011844
22 0.568871 0.572547 0.008846 0.008883
22 0.553707 0.569585 0.009688 0.008037
22 0.555602 0.581430 0.009267 0.012267
22 0.566133 0.596658 0.009267 0.011421
22 0.532435 0.564086 0.007582 0.007191
22 0.535805 0.569797 0.011794 0.005922
22 0.536015 0.576565 0.007161 0.010152
22 0.543387 0.579738 0.007582 0.006345
22 0.529275 0.589679 0.008003 0.008460
22 0.530750 0.598350 0.009267 0.007191
22 0.523799 0.610618 0.008846 0.008037
22 0.521272 0.618020 0.008846 0.010152
22 0.511794 0.611041 0.007582 0.008037
22 0.512637 0.639171 0.008425 0.011844
22 0.507582 0.622885 0.007582 0.012267
22 0.499368 0.620135 0.008003 0.010152
22 0.492628 0.633460 0.010531 0.013959
22 0.450716 0.632826 0.010110 0.012690
22 0.427548 0.625846 0.006740 0.008883
22 0.436184 0.629653 0.009688 0.010575
22 0.435762 0.639805 0.010531 0.012267
22 0.420809 0.649958 0.008425 0.011421
22 0.448610 0.665398 0.011794 0.012690
22 0.447978 0.679780 0.012216 0.010152
22 0.461247 0.701565 0.010110 0.013113
22 0.450927 0.726100 0.006318 0.010575
22 0.456613 0.732657 0.006740 0.010152
22 0.476411 0.726100 0.009267 0.013113
22 0.492839 0.721447 0.010110 0.013959
22 0.474305 0.700508 0.006740 0.009306
22 0.479149 0.707276 0.008846 0.011844
22 0.489680 0.698181 0.008846 0.013113
22 0.584457 0.087775 0.007161 0.009729
22 0.590143 0.079526 0.007582 0.009306
22 0.592039 0.088409 0.007161 0.009306
22 0.597725 0.083122 0.008425 0.011421
22 0.607414 0.082276 0.013479 0.012267
22 0.605939 0.157149 0.015586 0.015651
22 0.570977 0.162437 0.010531 0.011844
22 0.559815 0.171954 0.011794 0.012267
22 0.534751 0.173646 0.012216 0.014805
22 0.515586 0.179146 0.009267 0.012267
22 0.494524 0.174704 0.006740 0.014382
22 0.502317 0.173223 0.009688 0.013959
22 0.506740 0.184222 0.008425 0.008883
22 0.517060 0.192047 0.011373 0.015228
22 0.548652 0.183587 0.010531 0.012690
22 0.544019 0.193739 0.013058 0.009306
22 0.530539 0.215102 0.015586 0.016497
22 0.552443 0.223139 0.011373 0.011421
22 0.562553 0.220178 0.011373 0.015651
22 0.575611 0.214255 0.014743 0.013113
22 0.589301 0.203892 0.013479 0.014382
22 0.590143 0.188875 0.009267 0.010575
22 0.596672 0.181261 0.011373 0.007191
22 0.610362 0.194374 0.012637 0.013959
22 0.637110 0.118655 0.013901 0.013113
22 0.671019 0.123519 0.016007 0.011844
22 0.671230 0.137267 0.013058 0.013113
22 0.650168 0.131768 0.008846 0.011421
22 0.640691 0.137690 0.010110 0.013959
22 0.662805 0.148266 0.011373 0.009729
22 0.653117 0.153976 0.008003 0.010152
22 0.611837 0.212563 0.013058 0.014805
22 0.606782 0.239636 0.012216 0.017343
22 0.589090 0.240482 0.012216 0.013959
22 0.566765 0.256557 0.012216 0.015651
22 0.568871 0.292936 0.007161 0.013113
22 0.576664 0.292090 0.008425 0.014805
22 0.600885 0.274746 0.011373 0.013113
22 0.620682 0.281937 0.013901 0.011421
22 0.628896 0.299915 0.012637 0.010152
22 0.619419 0.302030 0.008003 0.009306
22 0.613521 0.296954 0.007161 0.009306
22 0.603201 0.306684 0.010110 0.007614
22 0.582140 0.317259 0.010110 0.014382
22 0.596251 0.321066 0.009688 0.008460
22 0.597936 0.331853 0.011373 0.014805
22 0.612890 0.322335 0.011794 0.013536
22 0.610994 0.337352 0.008003 0.013113
22 0.641955 0.259941 0.016007 0.020728
22 0.659857 0.238367 0.010531 0.014805
22 0.652906 0.214044 0.010110 0.014382
22 0.666175 0.216794 0.014743 0.013113
22 0.678180 0.201777 0.017692 0.012690
22 0.679865 0.245135 0.015164 0.016497
22 0.661331 0.177876 0.013479 0.014805
22 0.666807 0.168782 0.011794 0.009306
22 0.676917 0.157995 0.014322 0.011421
22 0.692713 0.151438 0.013058 0.015228
22 0.709983 0.133460 0.014743 0.013959
22 0.566133 0.026438 0.011794 0.012267
22 0.741365 0.125423 0.013479 0.017343
22 0.717144 0.155457 0.013058 0.019882
22 0.764532 0.177876 0.015164 0.019036
22 0.777380 0.189721 0.011373 0.017343
22 0.793387 0.169416 0.012216 0.013959
22 0.802654 0.184222 0.013058 0.015651
22 0.817607 0.208545 0.012637 0.010152
22 0.825611 0.218063 0.012637 0.013959
22 0.847094 0.226946 0.015164 0.011421
22 0.845619 0.240482 0.015586 0.013113
22 0.851516 0.255288 0.013058 0.015651
22 0.853833 0.271785 0.009267 0.014805
22 0.863100 0.269459 0.007582 0.015228
22 0.868366 0.289552 0.012216 0.013959
22 0.861415 0.301184 0.012637 0.012690
22 0.949874 0.335660 0.014322 0.015651
22 0.950295 0.351734 0.018534 0.013113
22 0.851306 0.565144 0.011794 0.019459
22 0.731887 0.676607 0.015586 0.019036
22 0.776959 0.678511 0.015586 0.021997
22 0.797178 0.635152 0.013058 0.013113
22 0.807709 0.647843 0.013058 0.014805
22 0.850674 0.644459 0.011373 0.013959
22 0.861626 0.640228 0.010531 0.014805
22 0.874052 0.644882 0.012637 0.016497
22 0.835088 0.688663 0.013058 0.013536
22 0.859941 0.699450 0.015586 0.015651
22 0.856992 0.719120 0.013058 0.017766
22 0.802443 0.756768 0.019377 0.017766
22 0.774221 0.832276 0.011794 0.017343
22 0.786015 0.836929 0.012637 0.015651
22 0.800969 0.824873 0.013058 0.015228
22 0.812553 0.808799 0.013479 0.015228