22 0.067493 0.411980 0.011019 0.010059
22 0.047750 0.399634 0.013774 0.015546
22 0.030762 0.403064 0.010101 0.009602
22 0.025712 0.412894 0.012856 0.012803
22 0.026630 0.444444 0.015611 0.011888
22 0.024793 0.478052 0.019284 0.026063
22 0.068411 0.607225 0.014692 0.017375
22 0.054867 0.611797 0.012397 0.016461
22 0.054637 0.634888 0.023875 0.019662
22 0.040863 0.620256 0.014692 0.018747
22 0.078742 0.640146 0.015152 0.018290
22 0.067723 0.655464 0.016070 0.017833
22 0.070018 0.703704 0.017906 0.017375
22 0.056703 0.683585 0.012397 0.013717
22 0.336088 0.615455 0.015611 0.010974
22 0.331497 0.610197 0.009183 0.007773
22 0.324839 0.612254 0.009642 0.015546
22 0.098485 0.714220 0.021579 0.022862
22 0.117998 0.776406 0.013774 0.018290
22 0.102388 0.784179 0.013774 0.012803
22 0.140266 0.795839 0.020661 0.023320
22 0.169192 0.828761 0.015152 0.015089
22 0.221993 0.879287 0.015152 0.020119
22 0.668503 0.960905 0.018365 0.014175
22 0.492424 0.958162 0.015152 0.019662
22 0.230257 0.104710 0.016070 0.018290
22 0.295455 0.051440 0.019743 0.016918
22 0.365243 0.048925 0.009642 0.013717
22 0.377410 0.079104 0.023875 0.019204
22 0.631543 0.046639 0.023416 0.025606
22 0.216024 0.545725 0.015152 0.015089
22 0.105372 0.516461 0.014233 0.014175
22 0.065427 0.525377 0.016070 0.014632
22 0.082645 0.543210 0.015611 0.014632
22 0.109963 0.543896 0.014233 0.011431
22 0.105831 0.554412 0.008724 0.009602
22 0.113407 0.558985 0.010101 0.011431
22 0.131772 0.558070 0.011938 0.011431
22 0.143021 0.550754 0.012397 0.012346
22 0.140266 0.516461 0.012397 0.010517
22 0.172406 0.514632 0.013315 0.011431
22 0.146235 0.573388 0.009642 0.010974
22 0.185721 0.583676 0.012397 0.010517
22 0.112718 0.581390 0.009642 0.010517
22 0.085629 0.588706 0.010560 0.008688
22 0.087006 0.594422 0.008724 0.007316
22 0.089761 0.600366 0.008724 0.007316
22 0.095730 0.593050 0.008724 0.009145
22 0.102617 0.594193 0.006887 0.006859
22 0.114784 0.595793 0.009183 0.008230
22 0.116391 0.603795 0.010560 0.010517
22 0.107668 0.604710 0.011478 0.009602
22 0.096878 0.638317 0.012856 0.010974
22 0.113177 0.627572 0.009642 0.011431
22 0.122590 0.628029 0.010101 0.009602
22 0.138430 0.610654 0.010560 0.011431
22 0.159780 0.613855 0.013774 0.011431
22 0.154500 0.631687 0.010560 0.011431
22 0.128329 0.639003 0.010560 0.010517
22 0.123278 0.649749 0.010560 0.010974
22 0.144399 0.655464 0.012397 0.011431
22 0.168274 0.587334 0.009642 0.008688
22 0.177916 0.592821 0.009642 0.010517
22 0.211433 0.636717 0.014233 0.013260
22 0.177227 0.660951 0.016529 0.014175
22 0.198577 0.660494 0.012397 0.012346
22 0.212810 0.668038 0.015152 0.011888
22 0.234848 0.662094 0.015152 0.010974
22 0.249541 0.650663 0.015152 0.010974
22 0.208448 0.703018 0.014692 0.012346
22 0.311295 0.657064 0.013774 0.010974
22 0.224977 0.740283 0.013774 0.011888
22 0.239899 0.750114 0.014233 0.011431
22 0.226584 0.768861 0.012397 0.012346
22 0.236226 0.768633 0.013315 0.011888
22 0.251837 0.783722 0.013315 0.011888
22 0.295914 0.718793 0.012397 0.011888
22 0.332185 0.727938 0.013315 0.010974
22 0.365243 0.729995 0.012397 0.010517
22 0.369376 0.757888 0.012397 0.012346
22 0.161616 0.765203 0.014692 0.012346
22 0.202938 0.781893 0.015611 0.012803
22 0.212580 0.809099 0.015611 0.013260
22 0.250000 0.833333 0.013315 0.010517
22 0.253444 0.841335 0.011938 0.010974
22 0.279844 0.842707 0.015152 0.011888
22 0.290404 0.831504 0.015152 0.014175
22 0.310147 0.819845 0.015152 0.013717
22 0.333792 0.814586 0.012856 0.012346
22 0.294536 0.854824 0.013315 0.014175
22 0.354454 0.840649 0.014692 0.013260
22 0.369376 0.865569 0.017906 0.013717
22 0.334022 0.882716 0.016070 0.013260
22 0.395317 0.762003 0.015611 0.011431
22 0.371442 0.797439 0.011938 0.011888
22 0.411616 0.803841 0.012397 0.011888
22 0.428375 0.805213 0.015611 0.012803
22 0.440312 0.778006 0.012856 0.011431
22 0.449036 0.767032 0.012856 0.011431
22 0.483701 0.774348 0.013315 0.012346
22 0.501148 0.757888 0.013315 0.012346
22 0.523416 0.806584 0.014692 0.015546
22 0.457759 0.824646 0.016529 0.015089
22 0.515381 0.858711 0.013315 0.012803
22 0.533287 0.863740 0.015152 0.012803
22 0.523416 0.872885 0.014692 0.013717
22 0.515152 0.882716 0.012856 0.011431
22 0.472222 0.885231 0.014233 0.013717
22 0.510101 0.899863 0.014692 0.012803
22 0.480257 0.922497 0.010101 0.010517
22 0.488751 0.923411 0.010560 0.012346
22 0.488981 0.936671 0.012856 0.012346
22 0.512626 0.946959 0.019743 0.015546
22 0.345271 0.904664 0.015611 0.014175
22 0.386134 0.909694 0.011938 0.013260
22 0.405418 0.922497 0.012856 0.013260
22 0.420340 0.918610 0.015152 0.013717
22 0.426538 0.952218 0.016529 0.013260
22 0.692378 0.847737 0.015611 0.014632
22 0.726354 0.860082 0.018365 0.014632
22 0.769284 0.848880 0.016070 0.016918
22 0.741965 0.872657 0.012856 0.014175
22 0.754132 0.879973 0.014233 0.014175
22 0.781451 0.880201 0.019284 0.016461
22 0.823232 0.828989 0.014692 0.013717
22 0.826905 0.845222 0.013774 0.015089
22 0.813361 0.860311 0.015152 0.014175
22 0.828512 0.866484 0.014233 0.011888
22 0.910468 0.747599 0.014692 0.017375
22 0.887971 0.782350 0.018365 0.016461
22 0.955005 0.582076 0.020202 0.017375
22 0.957071 0.615912 0.016070 0.017375
22 0.933655 0.624829 0.016988 0.014175
22 0.924472 0.633745 0.014233 0.012803
22 0.819330 0.418610 0.017906 0.015089
22 0.956382 0.436900 0.015611 0.016004
22 0.965794 0.469136 0.016988 0.015546
22 0.910239 0.454047 0.015152 0.013717
22 0.923783 0.450617 0.013774 0.013260
22 0.929522 0.481024 0.013315 0.012803
22 0.951102 0.492913 0.011478 0.009145
22 0.984389 0.501143 0.013774 0.011888
22 0.984848 0.525606 0.012856 0.012346
22 0.641414 0.475080 0.013774 0.012803
22 0.640955 0.516690 0.014692 0.015546
22 0.617998 0.521033 0.011938 0.011431
22 0.621671 0.535894 0.015611 0.016461
22 0.689394 0.502515 0.016988 0.014632
22 0.753903 0.490855 0.015611 0.015089
22 0.764463 0.523548 0.016529 0.016461
22 0.643251 0.371742 0.018365 0.017375
22 0.663682 0.412209 0.017906 0.017833
22 0.775023 0.367856 0.016529 0.014175
22 0.777778 0.409236 0.014692 0.015546
22 0.756428 0.414037 0.021579 0.017833
22 0.820478 0.331047 0.017447 0.017375
22 0.867769 0.333105 0.017447 0.015089
22 0.887052 0.344307 0.016529 0.015546
22 0.925390 0.332190 0.018825 0.016918
22 0.909320 0.364426 0.018825 0.014632
22 0.757346 0.206219 0.016988 0.013717
22 0.852388 0.250114 0.017906 0.016461
22 0.873967 0.264289 0.017906 0.016461
22 0.659320 0.224051 0.016529 0.015546
22 0.687557 0.172154 0.016070 0.015089
22 0.714187 0.155235 0.016988 0.016004
22 0.801194 0.145633 0.015611 0.015089
22 0.742883 0.102881 0.018365 0.018290
22 0.763774 0.104710 0.019743 0.017375
22 0.436180 0.022405 0.014692 0.013717
22 0.450643 0.022176 0.014233 0.012346
22 0.435950 0.055556 0.016070 0.015089
22 0.520891 0.066758 0.016988 0.013717
22 0.536042 0.065386 0.018825 0.020119
22 0.563131 0.035208 0.015152 0.016461
22 0.388659 0.056241 0.015152 0.014632
22 0.418274 0.046639 0.014692 0.014632
22 0.351699 0.059442 0.016529 0.010974
22 0.352847 0.050297 0.015152 0.010974
22 0.243802 0.099909 0.016529 0.014175
22 0.256657 0.096479 0.016529 0.018290
22 0.166667 0.164380 0.014692 0.015089
22 0.173095 0.192958 0.019284 0.017375
22 0.097567 0.232510 0.015152 0.013260
22 0.095041 0.242798 0.014692 0.011888
22 0.105831 0.240741 0.012397 0.015089
22 0.093205 0.256744 0.016529 0.014175
22 0.084711 0.279835 0.016070 0.015546
22 0.129936 0.397577 0.014692 0.015089
22 0.160009 0.414952 0.018825 0.016918
22 0.196281 0.405121 0.013315 0.012803
22 0.203627 0.414037 0.016988 0.015089
22 0.117539 0.411523 0.018365 0.015546
22 0.101928 0.408093 0.015611 0.014175
22 0.078742 0.405350 0.014233 0.012346
22 0.077135 0.431642 0.012856 0.013717
22 0.064279 0.443301 0.011938 0.010517
22 0.092516 0.451303 0.015152 0.014632
22 0.117309 0.458848 0.015152 0.013260
22 0.120983 0.472565 0.013315 0.015089
22 0.138200 0.470965 0.018365 0.017375
22 0.146924 0.496799 0.010101 0.011431
22 0.169192 0.499771 0.013315 0.012803
22 0.215794 0.489026 0.018365 0.016918
22 0.359045 0.704618 0.012856 0.011888
22 0.356061 0.714906 0.010560 0.009602
22 0.419192 0.698903 0.012856 0.011431
22 0.401745 0.722451 0.009183 0.010974
22 0.415289 0.720622 0.008724 0.007316
22 0.445133 0.708505 0.013315 0.012346
22 0.424013 0.669182 0.012397 0.013260
22 0.450872 0.675583 0.013774 0.013260
22 0.468549 0.676040 0.013315 0.013260
22 0.486685 0.711477 0.014692 0.013717
22 0.453168 0.732282 0.011938 0.010517
22 0.470156 0.733653 0.013774 0.013260
22 0.453857 0.643804 0.016988 0.011888
22 0.465565 0.652492 0.014692 0.013717
22 0.352847 0.591449 0.016070 0.014175
22 0.386134 0.597394 0.015611 0.013260
22 0.338384 0.640375 0.012856 0.014175
22 0.356749 0.638317 0.011938 0.011888
22 0.372130 0.638089 0.012397 0.011431
22 0.388430 0.629172 0.014692 0.011888
22 0.477273 0.636946 0.016988 0.013717
22 0.461892 0.578875 0.016529 0.013717
22 0.539256 0.636946 0.014233 0.012803
22 0.568411 0.677641 0.014692 0.015546
22 0.343434 0.445816 0.015611 0.015546
22 0.368687 0.431642 0.014692 0.014632
22 0.390955 0.487426 0.017906 0.015546
22 0.475207 0.442387 0.012856 0.014175
22 0.528696 0.479424 0.018825 0.017833
22 0.488981 0.421811 0.015611 0.015089
22 0.476584 0.369913 0.018365 0.015546
22 0.522498 0.371742 0.017447 0.015546
22 0.507117 0.402149 0.015152 0.015089
22 0.482094 0.408093 0.017447 0.016918
22 0.610882 0.332190 0.015152 0.014175
22 0.441230 0.306356 0.014692 0.014632
22 0.519972 0.319159 0.016070 0.014632
22 0.268365 0.297668 0.016988 0.012803
22 0.346189 0.294925 0.013774 0.012803
22 0.358127 0.318473 0.016529 0.015089
22 0.360193 0.344765 0.016070 0.016461
22 0.367769 0.357110 0.014692 0.013717
22 0.417355 0.362369 0.012856 0.013260
22 0.321855 0.392547 0.015611 0.015089
22 0.311295 0.222451 0.016529 0.016004
22 0.420110 0.237997 0.016529 0.013260
22 0.432966 0.248285 0.015611 0.013717
22 0.447199 0.224508 0.013774 0.011888
22 0.446281 0.213992 0.011938 0.011888
22 0.548898 0.137174 0.018825 0.016461
22 0.535124 0.214220 0.016988 0.017833
22 0.559688 0.233425 0.018365 0.015089
22 0.582645 0.735940 0.015611 0.015089
22 0.715794 0.678784 0.014692 0.014175
22 0.707530 0.713535 0.015611 0.013260
22 0.719697 0.722451 0.016988 0.015546
22 0.042241 0.348880 0.018365 0.021033
22 0.052112 0.367170 0.029844 0.018290