22 0.619428 0.899916 0.013457 0.024020
22 0.694281 0.879688 0.016821 0.027391
22 0.674306 0.820691 0.023970 0.032448
22 0.616064 0.795407 0.016821 0.025706
22 0.609336 0.845554 0.016821 0.024020
22 0.549201 0.830173 0.021867 0.020228
22 0.772498 0.766330 0.020185 0.032448
22 0.810135 0.647282 0.023970 0.018542
22 0.772498 0.580910 0.020185 0.025706
22 0.738436 0.603877 0.020185 0.020228
22 0.712994 0.671724 0.023970 0.020228
22 0.632675 0.664981 0.025652 0.020228
22 0.592515 0.606616 0.020185 0.029077
22 0.543314 0.564686 0.016821 0.020228
22 0.572119 0.405605 0.027334 0.032448
22 0.714676 0.356932 0.027334 0.016856
22 0.747687 0.163295 0.021867 0.024020
22 0.594407 0.260219 0.027334 0.024020
22 0.651177 0.276233 0.025652 0.025706
22 0.798570 0.222503 0.021867 0.016856
22 0.854710 0.227771 0.032380 0.027391
22 0.554458 0.660135 0.029016 0.030763
22 0.396341 0.626001 0.029016 0.024020
22 0.343776 0.632533 0.025652 0.020228
22 0.375315 0.665192 0.030698 0.024020
22 0.371951 0.746945 0.027334 0.034134
22 0.452691 0.867467 0.029016 0.040877
22 0.511775 0.853982 0.021867 0.027391
22 0.195122 0.839444 0.020185 0.021913
22 0.235282 0.851243 0.025652 0.021913
22 0.250421 0.874210 0.025652 0.024020
22 0.285955 0.857354 0.015139 0.027391
22 0.371741 0.864096 0.016821 0.024020
22 0.116064 0.732828 0.018503 0.020228
22 0.095879 0.690265 0.021867 0.020228
22 0.026913 0.615887 0.020185 0.027391
22 0.064340 0.610830 0.016821 0.027391
22 0.055088 0.660135 0.018503 0.024020
22 0.084104 0.480615 0.021867 0.025706
22 0.138352 0.494100 0.021867 0.025706
22 0.098402 0.364517 0.020185 0.021913
22 0.121110 0.350190 0.021867 0.020228
22 0.046888 0.483144 0.025652 0.024020
22 0.021026 0.470291 0.018503 0.015171
22 0.017662 0.491361 0.015139 0.020228
22 0.263246 0.353561 0.016821 0.020228
22 0.269344 0.259166 0.035744 0.018542
22 0.260513 0.144332 0.029016 0.027391
22 0.343566 0.152760 0.018503 0.037505
22 0.286796 0.206700 0.020185 0.029077
22 0.309924 0.286346 0.018503 0.029077
22 0.506728 0.243363 0.015139 0.024020
22 0.523759 0.290982 0.025652 0.027391
22 0.661270 0.140750 0.018923 0.020228
22 0.631413 0.142857 0.017241 0.021070
22 0.589151 0.127476 0.016821 0.027391
22 0.624685 0.079646 0.023970 0.020228
22 0.573802 0.063633 0.027334 0.021913
22 0.462574 0.250105 0.018503 0.027391
22 0.446804 0.222714 0.023970 0.024020
22 0.443019 0.176780 0.023970 0.027391
22 0.375946 0.214918 0.021867 0.021913
22 0.391295 0.247577 0.025652 0.025706
22 0.346089 0.252423 0.020185 0.021913
22 0.320858 0.218289 0.013457 0.018542
22 0.364172 0.109566 0.018503 0.015171
22 0.368377 0.139064 0.020185 0.016856
22 0.420942 0.107248 0.016821 0.024020
22 0.443230 0.097345 0.020185 0.021913
22 0.435240 0.077118 0.018503 0.021913
22 0.429352 0.454909 0.020185 0.025706
22 0.431034 0.417404 0.020185 0.025706
22 0.458368 0.417404 0.013457 0.029077
22 0.514298 0.362200 0.020185 0.024020
22 0.497477 0.399705 0.020185 0.024020
22 0.519344 0.402866 0.016821 0.020228
22 0.756098 0.458070 0.018503 0.018542
22 0.773129 0.449853 0.018082 0.015592
22 0.859756 0.420143 0.023129 0.020228
22 0.861018 0.388116 0.016400 0.017699
22 0.872792 0.357775 0.023970 0.021913
22 0.876787 0.296671 0.018503 0.021913
22 0.854920 0.277708 0.021867 0.021913
22 0.801304 0.244838 0.023970 0.016856
22 0.798570 0.367046 0.011775 0.015171
22 0.823802 0.339654 0.012616 0.012642
22 0.601766 0.748420 0.021867 0.016856
22 0.552565 0.751791 0.021867 0.020228
22 0.586627 0.904130 0.018503 0.025706
22 0.550042 0.881163 0.013457 0.016856
22 0.575694 0.852086 0.013457 0.020228
22 0.331791 0.276865 0.018503 0.020228
22 0.393608 0.306153 0.015139 0.014749
22 0.414844 0.314791 0.018082 0.013485
22 0.469092 0.312052 0.016400 0.013906
22 0.450589 0.320691 0.011354 0.013485
22 0.481077 0.333544 0.012616 0.015592
22 0.571068 0.327434 0.013457 0.013485
22 0.571909 0.305731 0.010934 0.013906
22 0.587679 0.304678 0.012195 0.012642
22 0.589151 0.315845 0.009251 0.009692
22 0.599664 0.312052 0.010934 0.013906
22 0.606392 0.320902 0.008410 0.010535
22 0.657906 0.341129 0.011354 0.013906
22 0.538267 0.443531 0.010934 0.015592
22 0.526913 0.437210 0.013457 0.015592
22 0.501892 0.485040 0.012195 0.015171
22 0.512405 0.497050 0.012195 0.012221
22 0.363961 0.496839 0.012195 0.016856
22 0.391505 0.381163 0.012616 0.013906
22 0.387300 0.364517 0.015139 0.013485
22 0.407696 0.345554 0.012195 0.013485
22 0.417788 0.339444 0.011354 0.013906
22 0.434609 0.346186 0.013877 0.015592
22 0.465517 0.337126 0.009251 0.010957
22 0.451850 0.348083 0.014718 0.013485
22 0.451640 0.364517 0.013457 0.013485
22 0.436712 0.373156 0.013877 0.011378
22 0.432927 0.386220 0.012195 0.013906
22 0.419680 0.383270 0.012616 0.010535
22 0.414424 0.392120 0.014718 0.010535
22 0.340833 0.487147 0.013877 0.013485
22 0.374054 0.543405 0.014718 0.014749
22 0.338940 0.574800 0.010934 0.010957
22 0.350715 0.561947 0.017662 0.014749
22 0.339992 0.504635 0.009672 0.011378
22 0.350084 0.515171 0.010513 0.010535
22 0.336417 0.420775 0.010934 0.010535
22 0.344617 0.395702 0.011354 0.010957
22 0.338940 0.384534 0.010934 0.009692
22 0.330320 0.385799 0.010513 0.011378
22 0.606392 0.685841 0.013457 0.009692
22 0.607653 0.675306 0.012616 0.011378
22 0.396341 0.890434 0.013877 0.017699
22 0.383936 0.888538 0.010934 0.013906
22 0.347351 0.858618 0.008410 0.011378
22 0.340202 0.864728 0.008410 0.012642
22 0.555299 0.858618 0.012195 0.014749
22 0.593987 0.835230 0.010513 0.015171
22 0.564971 0.708807 0.010513 0.015171
22 0.556770 0.717657 0.008410 0.012642
22 0.580320 0.773493 0.010934 0.011378
22 0.564340 0.786979 0.008410 0.012221
22 0.572960 0.786979 0.007990 0.009692
22 0.577796 0.791825 0.009251 0.012642
22 0.340202 0.695744 0.008410 0.008428
22 0.349243 0.702065 0.010513 0.012642
22 0.344197 0.713654 0.011354 0.010535
22 0.321909 0.701011 0.009672 0.008007
22 0.321489 0.708175 0.011354 0.008007
22 0.326114 0.713232 0.010513 0.010535
22 0.645711 0.376106 0.008831 0.011378
22 0.638982 0.368942 0.007990 0.009692
22 0.639193 0.359461 0.012616 0.011799
22 0.638982 0.349136 0.009672 0.008850
22 0.620900 0.364307 0.010513 0.011378
22 0.620900 0.348504 0.007990 0.007585
22 0.631203 0.342815 0.008410 0.008007
22 0.625315 0.339444 0.005887 0.008007
22 0.618587 0.340919 0.009251 0.008428
22 0.614802 0.331226 0.008410 0.005900
22 0.623423 0.327855 0.008831 0.007585
22 0.615643 0.321955 0.006728 0.010114
22 0.621531 0.318373 0.007569 0.008850
22 0.632254 0.317109 0.012195 0.013906
22 0.633726 0.332491 0.008410 0.008428
22 0.721615 0.431100 0.014298 0.013485
22 0.731918 0.425622 0.010513 0.012642
22 0.737384 0.451960 0.008831 0.008850
22 0.734020 0.442478 0.012195 0.009271
22 0.821278 0.380531 0.011775 0.015171
22 0.810135 0.318795 0.011354 0.012221
22 0.818966 0.307838 0.011354 0.012221
22 0.812027 0.295196 0.012616 0.013064
22 0.800883 0.277286 0.012195 0.014328
22 0.820017 0.277918 0.008410 0.008007
22 0.820017 0.286346 0.007569 0.008007
22 0.828007 0.282975 0.008410 0.008007
22 0.830320 0.469659 0.009672 0.015592
22 0.817704 0.483776 0.013036 0.007585
22 0.814130 0.492415 0.010093 0.010535
22 0.831161 0.509692 0.010513 0.012221
22 0.830740 0.269701 0.012195 0.014328
22 0.689235 0.106405 0.011775 0.018121
22 0.677040 0.102402 0.010093 0.016856
22 0.662742 0.100927 0.010093 0.011378
22 0.661270 0.084492 0.013877 0.015592
22 0.597981 0.092078 0.008410 0.016435
22 0.590412 0.091235 0.010093 0.014749
22 0.575484 0.092710 0.013036 0.015171
22 0.823171 0.364307 0.013036 0.012221
22 0.827376 0.544669 0.012195 0.013906
22 0.806140 0.680995 0.010934 0.010114
22 0.810765 0.692583 0.012616 0.014749
22 0.798360 0.711757 0.009672 0.010957
22 0.794786 0.721239 0.008410 0.009692
22 0.691968 0.733038 0.017241 0.013064
22 0.697014 0.750948 0.011354 0.007585
22 0.689865 0.754319 0.010513 0.009271
22 0.710892 0.780025 0.013036 0.012642
22 0.693230 0.794775 0.013877 0.015171
22 0.719933 0.797092 0.011775 0.014749
22 0.847561 0.300885 0.009672 0.010957
22 0.854500 0.309735 0.009251 0.008428
22 0.853028 0.318795 0.008831 0.009692
22 0.861228 0.324905 0.008410 0.009271
22 0.853028 0.326380 0.007990 0.009692
22 0.855130 0.336072 0.012195 0.008850
22 0.839781 0.401812 0.008410 0.007164
22 0.849243 0.446060 0.008831 0.010535
22 0.855130 0.452592 0.009672 0.009271
22 0.855551 0.461231 0.011354 0.007164
22 0.852817 0.466709 0.010093 0.008007
22 0.843146 0.535188 0.013457 0.010957
22 0.843356 0.546355 0.013036 0.010535
22 0.833263 0.562368 0.014718 0.013064
22 0.850715 0.499157 0.010934 0.010535
22 0.840412 0.490729 0.010513 0.013064
22 0.849664 0.487358 0.011354 0.009692
22 0.851766 0.481247 0.011354 0.010114
22 0.134987 0.763801 0.016821 0.016435
22 0.074012 0.633165 0.012616 0.016435
22 0.060765 0.640329 0.010513 0.013064
22 0.142347 0.659292 0.015559 0.013064
22 0.165475 0.661399 0.016400 0.021492
22 0.302355 0.684998 0.015139 0.013906
22 0.290580 0.656342 0.010093 0.015592
22 0.277754 0.656764 0.011354 0.018963
22 0.163583 0.783397 0.011775 0.015171
22 0.170101 0.798989 0.013036 0.015171
22 0.146762 0.793721 0.011775 0.013906
22 0.139193 0.804467 0.011775 0.012642
22 0.270606 0.520017 0.013877 0.011799
22 0.242431 0.561104 0.020606 0.018121
22 0.199537 0.557522 0.013877 0.012642
22 0.200589 0.579225 0.015139 0.015592
22 0.170521 0.583017 0.015559 0.013906
22 0.142767 0.585124 0.015559 0.015592
22 0.123003 0.591235 0.013036 0.014328
22 0.127839 0.564686 0.009251 0.015171
22 0.137090 0.546987 0.012616 0.012642
22 0.139403 0.561104 0.010513 0.010535
22 0.156644 0.555836 0.011354 0.017699
22 0.176198 0.558365 0.015139 0.022756
22 0.218671 0.466709 0.010093 0.013906
22 0.230656 0.475980 0.016400 0.013064
22 0.238436 0.493047 0.017662 0.011799
22 0.303827 0.484619 0.013036 0.015171
22 0.305088 0.458702 0.011354 0.010535
22 0.297309 0.466077 0.010093 0.010114
22 0.093566 0.434893 0.008831 0.010114
22 0.089992 0.441214 0.006728 0.010114
22 0.165265 0.302571 0.020185 0.017699
22 0.182506 0.291193 0.010093 0.011799
22 0.186922 0.282975 0.007990 0.008850
22 0.199327 0.274758 0.012616 0.016856
22 0.304247 0.365360 0.018923 0.017699
22 0.283011 0.378845 0.014298 0.014328
22 0.259462 0.394859 0.009251 0.010114
22 0.270606 0.408976 0.010513 0.010535
22 0.273339 0.398862 0.007569 0.010535
22 0.283011 0.394437 0.015139 0.011799
22 0.300042 0.393595 0.011354 0.012642
22 0.192389 0.386852 0.016400 0.015171
22 0.175988 0.365360 0.011354 0.012642
22 0.190496 0.368099 0.012616 0.011378
22 0.190496 0.346818 0.010093 0.011799
22 0.202691 0.349136 0.010093 0.010535
22 0.195753 0.356089 0.013036 0.009271
22 0.099453 0.395070 0.011354 0.008007
22 0.099033 0.404130 0.007990 0.011799
22 0.091043 0.412347 0.011354 0.010535
22 0.107864 0.406237 0.010513 0.010114
22 0.101135 0.415297 0.008831 0.008007
22 0.110177 0.420143 0.007569 0.015171
22 0.117325 0.412979 0.011775 0.009271
22 0.236543 0.444374 0.011354 0.013906
22 0.264718 0.462073 0.013877 0.010535
22 0.254836 0.449010 0.010093 0.008007
22 0.254415 0.443742 0.009251 0.007585
22 0.251682 0.434893 0.010513 0.010114
22 0.237595 0.433839 0.010093 0.005478
22 0.239277 0.424779 0.009251 0.009271
22 0.339781 0.312895 0.025231 0.013064
22 0.313499 0.334808 0.013036 0.013064
22 0.330320 0.328276 0.005467 0.006743
22 0.332212 0.334808 0.005046 0.008007
22 0.338310 0.333333 0.008831 0.010114
22 0.349033 0.331226 0.014298 0.007585
22 0.355341 0.339865 0.011775 0.010535
22 0.346720 0.343447 0.007990 0.011799
22 0.362489 0.344501 0.011775 0.008850
22 0.360597 0.356511 0.010513 0.010114
22 0.162742 0.612305 0.017662 0.015171
22 0.145290 0.647071 0.011354 0.008850
22 0.144029 0.636957 0.010513 0.011378
22 0.179142 0.632954 0.012616 0.014328
22 0.189655 0.631268 0.006728 0.015171
22 0.202691 0.623683 0.010093 0.017699
22 0.221194 0.605352 0.012616 0.011378
22 0.218881 0.619258 0.011354 0.013906
22 0.231497 0.615676 0.010513 0.017699
22 0.241379 0.614623 0.007569 0.018121
22 0.250841 0.611884 0.011354 0.016856
22 0.262195 0.597977 0.008831 0.007585
22 0.259882 0.607670 0.006728 0.009271
22 0.268503 0.603034 0.008831 0.006743
22 0.270185 0.611252 0.015559 0.013064
22 0.289950 0.579857 0.007990 0.012642
22 0.282170 0.574168 0.007569 0.010535
22 0.283011 0.565950 0.006728 0.010114
22 0.296468 0.565950 0.011775 0.006743
22 0.292683 0.560261 0.011775 0.011378
22 0.287426 0.550780 0.010513 0.011799
22 0.302565 0.544248 0.013877 0.016435
22 0.298150 0.509903 0.011775 0.010114
22 0.296888 0.520228 0.014298 0.011378
22 0.319596 0.504003 0.006728 0.010114
22 0.326325 0.508639 0.007569 0.009271
22 0.328848 0.517488 0.010093 0.010114
22 0.333474 0.525074 0.007569 0.011799
22 0.340622 0.523810 0.007569 0.011799
22 0.350294 0.528234 0.010093 0.010535
22 0.360387 0.524442 0.009251 0.008007
22 0.359125 0.533713 0.006728 0.011378
22 0.355971 0.540666 0.006308 0.011799
22 0.343146 0.534977 0.010093 0.010535
22 0.345248 0.544248 0.012616 0.008850
22 0.265559 0.424779 0.007990 0.009271
22 0.272498 0.427307 0.009251 0.007585
22 0.267241 0.434260 0.008831 0.010535
22 0.273549 0.439107 0.006308 0.012642
22 0.280908 0.436789 0.010093 0.010535
22 0.282380 0.446060 0.010513 0.011378
22 0.322750 0.419511 0.008831 0.011378
22 0.317073 0.417826 0.011775 0.008850
22 0.330109 0.405183 0.010093 0.006321
22 0.326745 0.398230 0.011775 0.007585
22 0.320227 0.406026 0.010513 0.010535
22 0.312027 0.407712 0.009251 0.008850
22 0.330950 0.212811 0.005887 0.015171
22 0.337468 0.213232 0.007990 0.014328
22 0.412952 0.206279 0.012616 0.013906
22 0.407696 0.191319 0.013877 0.010957
22 0.414844 0.177413 0.010513 0.014328
22 0.416526 0.163506 0.016400 0.016856
22 0.412742 0.142646 0.015559 0.015592
22 0.419050 0.083439 0.010513 0.012642
22 0.407696 0.086810 0.009672 0.015171
22 0.501682 0.132533 0.005887 0.015592
22 0.511564 0.137590 0.013877 0.013906
22 0.513457 0.152760 0.015139 0.013906
22 0.550252 0.125369 0.009672 0.018121
22 0.563499 0.134850 0.012616 0.014328
22 0.538898 0.068900 0.009672 0.019806
22 0.527965 0.066793 0.009672 0.015592