22 0.887494 0.712155 0.008965 0.007230
22 0.897131 0.713511 0.007620 0.009038
22 0.893994 0.705829 0.008516 0.008134
22 0.884581 0.704700 0.008516 0.008586
22 0.120574 0.222775 0.012550 0.018075
22 0.100628 0.251695 0.013895 0.018979
22 0.114747 0.313601 0.014343 0.017171
22 0.074630 0.386127 0.011206 0.014912
22 0.064545 0.384094 0.008068 0.016268
22 0.047736 0.384998 0.012999 0.012653
22 0.417078 0.616132 0.021067 0.019431
22 0.396683 0.625621 0.016136 0.019431
22 0.347154 0.684139 0.013895 0.011749
22 0.363290 0.694306 0.017481 0.013104
22 0.385926 0.682332 0.014343 0.013556
22 0.327432 0.711930 0.012999 0.011297
22 0.313761 0.718256 0.014343 0.014008
22 0.278351 0.725486 0.017033 0.013104
22 0.289556 0.734071 0.015240 0.013104
22 0.352532 0.736105 0.014792 0.012653
22 0.377409 0.728423 0.017033 0.013556
22 0.283281 0.680750 0.015240 0.012201
22 0.261766 0.665160 0.016136 0.011749
22 0.178844 0.689562 0.016136 0.014460
22 0.202152 0.697244 0.017929 0.016268
22 0.245630 0.701310 0.016136 0.014460
22 0.208427 0.730456 0.017033 0.015816
22 0.208427 0.757795 0.016136 0.015364
22 0.123487 0.671713 0.015688 0.013104
22 0.120350 0.681880 0.015688 0.012653
22 0.142761 0.695888 0.013895 0.012653
22 0.155536 0.690465 0.014343 0.014460
22 0.148588 0.713963 0.017481 0.016268
22 0.171448 0.758021 0.017481 0.014008
22 0.169431 0.781066 0.016136 0.014008
22 0.203944 0.807275 0.015240 0.014008
22 0.213805 0.828061 0.012550 0.014008
22 0.226804 0.830773 0.014343 0.014008
22 0.305693 0.767284 0.014343 0.017171
22 0.287091 0.826932 0.015688 0.015364
22 0.216495 0.864211 0.017033 0.017623
22 0.276558 0.864437 0.011654 0.012653
22 0.285298 0.868052 0.011206 0.012653
22 0.280143 0.881157 0.014343 0.014460
22 0.269610 0.899910 0.014792 0.014912
22 0.292918 0.901039 0.018377 0.016268
22 0.315329 0.859467 0.013895 0.014460
22 0.327208 0.845911 0.011654 0.013556
22 0.338637 0.840940 0.012999 0.013556
22 0.337293 0.824446 0.012102 0.011297
22 0.350964 0.839132 0.014343 0.015364
22 0.421784 0.991640 0.012550 0.012201
22 0.498655 0.902169 0.018377 0.014912
22 0.520843 0.929507 0.017929 0.016268
22 0.528463 0.948486 0.015240 0.013556
22 0.535186 0.959331 0.015240 0.016268
22 0.562080 0.939901 0.014343 0.019883
22 0.559166 0.974469 0.014792 0.017623
22 0.619677 0.948486 0.015688 0.015364
22 0.612954 0.965883 0.014792 0.014912
22 0.596145 0.971080 0.014343 0.016268
22 0.604886 0.985992 0.014792 0.012653
22 0.699462 0.941482 0.014792 0.014912
22 0.734648 0.921600 0.012550 0.015816
22 0.800986 0.827836 0.016136 0.016268
22 0.814209 0.825802 0.016584 0.020334
22 0.854325 0.798690 0.020619 0.017623
22 0.836844 0.829869 0.016136 0.015816
22 0.904303 0.766155 0.012102 0.013104
22 0.915509 0.744013 0.012999 0.014008
22 0.875392 0.665838 0.010758 0.014008
22 0.888615 0.667872 0.012999 0.013556
22 0.924473 0.670809 0.017481 0.014008
22 0.879202 0.697018 0.011206 0.013104
22 0.915509 0.705829 0.017481 0.014460
22 0.891080 0.718708 0.010758 0.010393
22 0.784177 0.562359 0.015688 0.014008
22 0.815778 0.589697 0.013447 0.015364
22 0.909458 0.559196 0.013447 0.015816
22 0.919095 0.587438 0.018377 0.016268
22 0.948902 0.567781 0.018826 0.017623
22 0.764680 0.555129 0.017929 0.017623
22 0.801883 0.523498 0.017929 0.014008
22 0.860152 0.514008 0.017033 0.014912
22 0.897580 0.539313 0.017481 0.014008
22 0.926490 0.460235 0.018826 0.015816
22 0.937696 0.483958 0.020619 0.018075
22 0.772748 0.342521 0.018826 0.017171
22 0.822725 0.311568 0.016584 0.014008
22 0.853429 0.309761 0.016136 0.014912
22 0.865979 0.374605 0.016136 0.015364
22 0.932541 0.343425 0.018377 0.016268
22 0.902958 0.279033 0.016584 0.014912
22 0.922008 0.290104 0.016136 0.013556
22 0.730614 0.137596 0.015240 0.015816
22 0.746750 0.145052 0.019722 0.018075
22 0.783057 0.131044 0.017929 0.016268
22 0.833707 0.171035 0.018826 0.015816
22 0.720305 0.212381 0.017929 0.017171
22 0.590094 0.047447 0.012999 0.011749
22 0.595921 0.040895 0.012999 0.012201
22 0.609144 0.045865 0.016136 0.015816
22 0.600852 0.073204 0.017481 0.015364
22 0.623263 0.061907 0.013895 0.013556
22 0.656208 0.068459 0.015240 0.014912
22 0.663828 0.085856 0.017033 0.014460
22 0.680412 0.058292 0.012550 0.013556
22 0.692515 0.063488 0.013447 0.014008
22 0.378306 0.048577 0.017929 0.014912
22 0.369565 0.074785 0.014792 0.015816
22 0.458315 0.026661 0.012102 0.010845
22 0.476916 0.030728 0.012550 0.015364
22 0.490587 0.030276 0.016584 0.016268
22 0.465710 0.025757 0.010758 0.012653
22 0.178844 0.147311 0.014343 0.013556
22 0.180188 0.161319 0.014343 0.012653
22 0.251457 0.109128 0.015240 0.015816
22 0.266472 0.091731 0.012102 0.009941
22 0.263111 0.102576 0.010758 0.014460
22 0.273420 0.101898 0.011654 0.014008
22 0.277678 0.081789 0.012999 0.011749
22 0.284177 0.071848 0.014343 0.013556
22 0.291573 0.082919 0.013895 0.013104
22 0.160018 0.192951 0.018826 0.014460
22 0.138055 0.195888 0.013447 0.010393
22 0.142985 0.187076 0.014343 0.017171
22 0.171448 0.215319 0.014792 0.013104
22 0.182654 0.213963 0.013895 0.013104
22 0.171224 0.235201 0.011654 0.012201
22 0.152398 0.241301 0.013447 0.013556
22 0.202600 0.226841 0.012550 0.012653
22 0.212237 0.236331 0.013895 0.014460
22 0.231511 0.231812 0.015688 0.013556
22 0.174585 0.260506 0.012999 0.013104
22 0.249216 0.262088 0.017033 0.018075
22 0.190273 0.280163 0.014792 0.015364
22 0.187808 0.294397 0.014343 0.016719
22 0.203720 0.300949 0.016584 0.015364
22 0.285746 0.271351 0.012999 0.012201
22 0.287763 0.281970 0.016136 0.012653
22 0.152174 0.323543 0.012102 0.013556
22 0.183550 0.341844 0.012999 0.013104
22 0.198342 0.327836 0.012102 0.008586
22 0.203496 0.334388 0.011654 0.009941
22 0.216495 0.341844 0.014343 0.014008
22 0.119453 0.335291 0.012999 0.011749
22 0.139848 0.349977 0.011654 0.013104
22 0.134693 0.358789 0.010309 0.009941
22 0.139399 0.365341 0.012550 0.011297
22 0.155536 0.373927 0.013447 0.011297
22 0.168310 0.374831 0.011206 0.011297
22 0.212013 0.355852 0.013447 0.014008
22 0.260870 0.354270 0.017929 0.016268
22 0.232407 0.404654 0.014792 0.015816
22 0.162259 0.395391 0.017033 0.012653
22 0.127521 0.385450 0.013895 0.010845
22 0.100852 0.376186 0.011654 0.010393
22 0.098386 0.383416 0.008516 0.007682
22 0.097714 0.390420 0.009861 0.009941
22 0.107127 0.385901 0.008965 0.007230
22 0.111609 0.390872 0.008068 0.006326
22 0.121470 0.398328 0.009861 0.009489
22 0.110937 0.403299 0.009413 0.010393
22 0.118333 0.407140 0.008965 0.009038
22 0.133124 0.422503 0.010758 0.010845
22 0.171896 0.418437 0.012102 0.010845
22 0.176827 0.426796 0.012999 0.012201
22 0.113626 0.442612 0.011206 0.011297
22 0.083819 0.425441 0.011654 0.011297
22 0.103989 0.424537 0.012550 0.011297
22 0.111609 0.431315 0.011654 0.011297
22 0.102645 0.449842 0.012550 0.010393
22 0.117660 0.465657 0.013895 0.013104
22 0.138727 0.449390 0.014792 0.014008
22 0.150829 0.436060 0.014792 0.013556
22 0.189825 0.423407 0.013895 0.013556
22 0.143433 0.485766 0.012550 0.014460
22 0.162259 0.496159 0.015240 0.011749
22 0.186239 0.482377 0.016584 0.014008
22 0.169431 0.509489 0.014343 0.014008
22 0.192739 0.515138 0.014343 0.015364
22 0.212013 0.513104 0.016136 0.016719
22 0.051098 0.399006 0.011654 0.009941
22 0.069476 0.415273 0.015240 0.011749
22 0.054236 0.424311 0.013447 0.014460
22 0.027342 0.445323 0.013447 0.012201
22 0.030704 0.470402 0.015688 0.013556
22 0.049753 0.490737 0.015240 0.011749
22 0.036307 0.557840 0.012550 0.013104
22 0.149036 0.539087 0.014792 0.015364
22 0.078888 0.569815 0.016136 0.014460
22 0.020394 0.557614 0.007620 0.010845
22 0.039668 0.578174 0.011206 0.007682
22 0.050426 0.625395 0.014792 0.014460
22 0.104886 0.603479 0.014343 0.011297
22 0.146347 0.579982 0.014792 0.014008
22 0.153519 0.595798 0.014792 0.014008
22 0.132228 0.606191 0.012550 0.015816
22 0.143433 0.609580 0.011654 0.013556
22 0.101524 0.631948 0.014792 0.014008
22 0.147243 0.630818 0.013895 0.013556
22 0.218064 0.595572 0.013895 0.016268
22 0.244061 0.622006 0.013895 0.015816
22 0.270058 0.619295 0.012102 0.011297
22 0.279247 0.613647 0.012550 0.012653
22 0.269386 0.639629 0.012550 0.012201
22 0.075078 0.695662 0.012999 0.014912
22 0.370910 0.783552 0.016584 0.015364
22 0.457194 0.751469 0.018826 0.016268
22 0.600852 0.766155 0.019274 0.014912
22 0.574854 0.792589 0.014792 0.015364
22 0.583595 0.807727 0.017033 0.014008
22 0.473554 0.693403 0.017481 0.014912
22 0.531152 0.497063 0.009861 0.014460
22 0.539892 0.500226 0.010309 0.014460
22 0.638055 0.552192 0.017481 0.014460
22 0.683102 0.507230 0.016136 0.014008
22 0.664276 0.599413 0.021515 0.018527
22 0.615867 0.588116 0.017033 0.018527
22 0.594128 0.581112 0.015688 0.014460
22 0.588974 0.594216 0.017929 0.015364
22 0.724339 0.621780 0.017033 0.018979
22 0.717391 0.655897 0.021067 0.019431
22 0.470193 0.643470 0.017033 0.016268
22 0.308382 0.651604 0.011654 0.010845
22 0.317571 0.660416 0.009413 0.008586
22 0.322053 0.655671 0.009413 0.009941
22 0.334827 0.638274 0.014343 0.012201
22 0.353653 0.615228 0.014343 0.016719
22 0.349619 0.659060 0.013447 0.011297
22 0.372927 0.631948 0.010758 0.012201
22 0.388391 0.642793 0.013895 0.013104
22 0.390408 0.608676 0.014343 0.013556
22 0.322949 0.563714 0.014792 0.010393
22 0.262887 0.547673 0.016584 0.014460
22 0.300090 0.518301 0.013895 0.012653
22 0.308158 0.522820 0.012999 0.010845
22 0.330121 0.512427 0.015688 0.016268
22 0.356118 0.532535 0.013895 0.012201
22 0.293814 0.547899 0.014792 0.016719
22 0.309278 0.554225 0.013447 0.012201
22 0.341999 0.560777 0.014343 0.013556
22 0.431421 0.553999 0.017481 0.014460
22 0.403182 0.323995 0.020170 0.018075
22 0.393770 0.380027 0.017481 0.018075
22 0.422232 0.380705 0.014343 0.016719
22 0.414164 0.438093 0.017033 0.015816
22 0.499104 0.345007 0.016584 0.014008
22 0.545719 0.380027 0.019274 0.018075
22 0.607127 0.355852 0.016584 0.014912
22 0.583595 0.403977 0.017929 0.014460
22 0.558718 0.422052 0.018377 0.016268
22 0.532048 0.416403 0.017929 0.017623
22 0.534290 0.429507 0.019722 0.014912
22 0.510533 0.441934 0.017929 0.015364
22 0.471089 0.251920 0.017033 0.014912
22 0.469072 0.277000 0.014792 0.017171
22 0.457418 0.298915 0.015688 0.013104
22 0.457418 0.315409 0.014792 0.014460
22 0.546168 0.306371 0.017481 0.015364
22 0.563649 0.237460 0.016584 0.014008
22 0.567683 0.250113 0.012999 0.012201
22 0.595697 0.228649 0.012550 0.011749
22 0.592784 0.238138 0.013895 0.010845
22 0.673241 0.272481 0.020619 0.015364
22 0.684222 0.302079 0.019274 0.016719
22 0.403407 0.212155 0.020619 0.016719
22 0.475796 0.170583 0.019274 0.017623
22 0.680636 0.412336 0.018377 0.015816
22 0.687584 0.462042 0.017033 0.016719