22 0.982540 0.539023 0.015873 0.019169
22 0.162585 0.178229 0.013152 0.009585
22 0.160998 0.170014 0.011791 0.006846
22 0.446259 0.056139 0.009977 0.008215
22 0.481633 0.049521 0.008163 0.004108
22 0.486395 0.042218 0.004989 0.010497
22 0.479592 0.040164 0.004082 0.008215
22 0.475737 0.041762 0.003628 0.007759
22 0.525624 0.046554 0.007256 0.006390
22 0.527664 0.042675 0.004989 0.007759
22 0.546939 0.047010 0.007256 0.008215
22 0.424263 0.068462 0.004989 0.011867
22 0.430159 0.068918 0.005896 0.011867
22 0.406803 0.068462 0.008163 0.012780
22 0.090930 0.648334 0.008617 0.010497
22 0.102494 0.661342 0.007256 0.006390
22 0.096825 0.668416 0.005896 0.006846
22 0.090476 0.687129 0.005896 0.005021
22 0.078685 0.685988 0.009524 0.010954
22 0.666893 0.081926 0.006803 0.009585
22 0.662585 0.078503 0.005442 0.008215
22 0.751701 0.115929 0.008617 0.007303
22 0.754875 0.109083 0.006803 0.008215
22 0.748073 0.110452 0.004989 0.008215
22 0.752608 0.139206 0.007710 0.008215
22 0.745578 0.140803 0.004535 0.008672
22 0.739909 0.136696 0.004989 0.005021
22 0.739002 0.132360 0.005896 0.003651
22 0.734240 0.126883 0.005442 0.005477
22 0.733333 0.123003 0.006349 0.004108
22 0.731973 0.118439 0.005442 0.006846
22 0.724036 0.125513 0.011338 0.010041
22 0.724036 0.116613 0.007710 0.006846
22 0.694558 0.114331 0.006803 0.009585
22 0.774830 0.154267 0.009524 0.005477
22 0.775737 0.149932 0.006803 0.005021
22 0.769388 0.148334 0.006803 0.007303
22 0.817234 0.194888 0.009070 0.009128
22 0.810431 0.194660 0.005442 0.008672
22 0.806122 0.199224 0.005896 0.007759
22 0.802041 0.195116 0.006803 0.009585
22 0.809070 0.176860 0.008163 0.008672
22 0.815193 0.171611 0.004989 0.007303
22 0.809977 0.169557 0.005442 0.006846
22 0.794785 0.172752 0.004989 0.005933
22 0.798639 0.168416 0.005442 0.005477
22 0.730839 0.138749 0.007710 0.010041
22 0.228345 0.503880 0.009524 0.009128
22 0.223583 0.510497 0.009977 0.010497
22 0.046939 0.451392 0.014059 0.010041
22 0.040816 0.469192 0.011791 0.009128
22 0.033560 0.500913 0.009070 0.011410
22 0.053061 0.540849 0.004535 0.005477
22 0.052154 0.546782 0.007256 0.006390
22 0.044444 0.513236 0.005442 0.007759
22 0.038095 0.517115 0.009070 0.010041
22 0.052154 0.582154 0.007256 0.005933
22 0.052154 0.575308 0.005442 0.007759
22 0.102948 0.587175 0.016327 0.015062
22 0.173696 0.598357 0.014512 0.016431
22 0.960771 0.578503 0.010431 0.013236
22 0.939229 0.553400 0.009070 0.011410
22 0.924036 0.556367 0.012245 0.012780
22 0.089796 0.401871 0.014512 0.015974
22 0.165533 0.397992 0.013605 0.011867
22 0.184127 0.401643 0.012698 0.011867
22 0.179365 0.396166 0.010431 0.009128
22 0.180952 0.383615 0.010884 0.009585
22 0.181406 0.390005 0.009070 0.007759
22 0.172109 0.439297 0.010431 0.008672
22 0.171429 0.445687 0.010884 0.007759
22 0.171202 0.463031 0.011338 0.012323
22 0.182086 0.489503 0.012245 0.013236
22 0.196145 0.498403 0.013152 0.013692
22 0.191610 0.513236 0.010431 0.010497
22 0.191156 0.530123 0.013152 0.014149
22 0.149887 0.518485 0.014059 0.013692
22 0.109977 0.493610 0.011338 0.012323
22 0.107256 0.503880 0.011338 0.010954
22 0.069841 0.495664 0.010884 0.009128
22 0.066213 0.480831 0.011791 0.010497
22 0.062358 0.456869 0.011338 0.010954
22 0.056236 0.468051 0.011791 0.011410
22 0.074150 0.435874 0.011338 0.010041
22 0.067347 0.441351 0.010431 0.012780
22 0.047392 0.480602 0.010431 0.009128
22 0.056236 0.487905 0.009977 0.010954
22 0.043991 0.487220 0.009977 0.008672
22 0.048753 0.492241 0.011338 0.010497
22 0.070748 0.505477 0.013605 0.010497
22 0.098186 0.527841 0.012245 0.010497
22 0.103175 0.531036 0.012245 0.010497
22 0.108617 0.565495 0.010431 0.012780
22 0.125624 0.570516 0.013605 0.010954
22 0.165533 0.558649 0.012698 0.013692
22 0.034240 0.539023 0.012245 0.009128
22 0.040363 0.556595 0.013605 0.011410
22 0.066667 0.520767 0.010884 0.012780
22 0.221088 0.379279 0.012245 0.011867
22 0.238095 0.391146 0.010884 0.012780
22 0.248073 0.406892 0.012698 0.012323
22 0.246712 0.422182 0.013605 0.012780
22 0.234014 0.402784 0.012698 0.013236
22 0.226077 0.412369 0.012245 0.011410
22 0.223129 0.421725 0.011791 0.010041
22 0.317460 0.436559 0.013605 0.012323
22 0.300454 0.439069 0.014059 0.010954
22 0.274830 0.441123 0.011791 0.010497
22 0.271882 0.455272 0.011338 0.011410
22 0.264853 0.462118 0.011791 0.015062
22 0.241043 0.471018 0.015873 0.013692
22 0.237188 0.490187 0.015420 0.013692
22 0.248073 0.508215 0.014512 0.012323
22 0.281633 0.455043 0.009070 0.010041
22 0.285714 0.460292 0.011791 0.011410
22 0.283900 0.506162 0.011791 0.012780
22 0.270975 0.511867 0.012245 0.013236
22 0.266893 0.516887 0.013152 0.012323
22 0.293651 0.516203 0.013152 0.012780
22 0.335374 0.528982 0.014966 0.014605
22 0.343084 0.458238 0.014966 0.014605
22 0.358277 0.454587 0.014512 0.010954
22 0.357823 0.424464 0.012698 0.010954
22 0.338322 0.410771 0.013605 0.011867
22 0.344444 0.416705 0.012245 0.011867
22 0.318594 0.403469 0.014059 0.012780
22 0.302721 0.400730 0.010431 0.010954
22 0.294558 0.404382 0.009524 0.011867
22 0.295011 0.387038 0.013152 0.010041
22 0.280045 0.388635 0.013152 0.014149
22 0.317914 0.376312 0.011791 0.010497
22 0.306349 0.381789 0.010431 0.011410
22 0.361905 0.379963 0.013605 0.010497
22 0.357823 0.389548 0.010884 0.011410
22 0.370975 0.393884 0.010884 0.010954
22 0.381859 0.393428 0.010884 0.010954
22 0.387302 0.387951 0.011791 0.010041
22 0.383673 0.404153 0.012698 0.013236
22 0.330839 0.555226 0.014059 0.014149
22 0.055329 0.514833 0.008163 0.008215
22 0.054875 0.522136 0.009977 0.005477
22 0.051927 0.526016 0.007710 0.006846
22 0.058957 0.537198 0.008163 0.009128
22 0.058277 0.543359 0.007710 0.007759
22 0.060091 0.576449 0.010431 0.009128
22 0.070748 0.584665 0.012698 0.009128
22 0.082766 0.595618 0.009524 0.011867
22 0.079819 0.604747 0.009977 0.009128
22 0.092744 0.606116 0.009524 0.009128
22 0.081859 0.616385 0.009524 0.010497
22 0.074150 0.619352 0.009524 0.009128
22 0.099773 0.619580 0.010884 0.008672
22 0.078458 0.641488 0.010884 0.010497
22 0.076190 0.652670 0.009070 0.009128
22 0.091156 0.638978 0.009977 0.008215
22 0.098866 0.640803 0.011791 0.009128
22 0.093878 0.658832 0.009977 0.009585
22 0.084354 0.648562 0.007256 0.007303
22 0.117007 0.676860 0.009977 0.010041
22 0.134467 0.675262 0.011338 0.009585
22 0.091837 0.678229 0.009524 0.008215
22 0.102721 0.669785 0.008617 0.008672
22 0.122222 0.706527 0.012245 0.010954
22 0.107483 0.722958 0.011791 0.010954
22 0.122449 0.727750 0.012698 0.011410
22 0.108617 0.743953 0.013152 0.011867
22 0.150567 0.748973 0.015420 0.012780
22 0.275057 0.767458 0.015873 0.015062
22 0.229932 0.780009 0.015420 0.013692
22 0.188435 0.815381 0.014966 0.013236
22 0.204082 0.810817 0.012698 0.012323
22 0.210884 0.819489 0.009977 0.009585
22 0.217460 0.821086 0.009524 0.010954
22 0.224263 0.823368 0.009524 0.010041
22 0.239683 0.842081 0.009524 0.010041
22 0.243764 0.847102 0.014059 0.010954
22 0.302268 0.901643 0.013152 0.011410
22 0.323583 0.917161 0.011338 0.008672
22 0.313832 0.921269 0.014512 0.012323
22 0.371202 0.904153 0.011338 0.012780
22 0.379138 0.921497 0.011791 0.011867
22 0.395465 0.920812 0.014512 0.014149
22 0.496825 0.955272 0.013152 0.012780
22 0.508844 0.958466 0.012698 0.010954
22 0.522222 0.958923 0.014059 0.012780
22 0.657596 0.908717 0.015420 0.011867
22 0.674830 0.919900 0.017234 0.015062
22 0.642630 0.917389 0.012698 0.010041
22 0.713379 0.877910 0.013605 0.012323
22 0.725624 0.853492 0.014512 0.010954
22 0.775057 0.866043 0.013605 0.013236
22 0.716553 0.833409 0.015420 0.011867
22 0.724263 0.797581 0.015420 0.014149
22 0.737642 0.797125 0.011338 0.010497
22 0.751020 0.813784 0.013605 0.010041
22 0.767120 0.800091 0.014059 0.011867
22 0.778685 0.775673 0.013605 0.011410
22 0.831973 0.781835 0.013152 0.011867
22 0.824263 0.804884 0.012245 0.011410
22 0.810204 0.817891 0.011338 0.012780
22 0.812925 0.835007 0.013152 0.011410
22 0.802948 0.841625 0.012245 0.014605
22 0.833560 0.816066 0.012698 0.011867
22 0.852834 0.797581 0.011338 0.008672
22 0.857143 0.792104 0.009977 0.008672
22 0.871882 0.780694 0.011338 0.012323
22 0.871655 0.802830 0.009977 0.010954
22 0.860998 0.781150 0.010431 0.009585
22 0.878685 0.794158 0.010431 0.009128
22 0.592971 0.840940 0.013152 0.012323
22 0.605896 0.845276 0.015420 0.012780
22 0.636961 0.810817 0.012245 0.012323
22 0.647619 0.814696 0.013605 0.010041
22 0.635601 0.776130 0.014966 0.014149
22 0.702494 0.718393 0.011791 0.010954
22 0.780952 0.736650 0.015420 0.012780
22 0.824490 0.762665 0.014512 0.014605
22 0.832880 0.740073 0.011338 0.009585
22 0.859637 0.743040 0.012245 0.010954
22 0.844218 0.757188 0.012245 0.013692
22 0.876871 0.754222 0.013152 0.011410
22 0.895238 0.754222 0.013605 0.011410
22 0.908390 0.739845 0.014512 0.011867
22 0.896372 0.737335 0.012245 0.009585
22 0.876644 0.707668 0.012698 0.012323
22 0.895238 0.712688 0.014512 0.010497
22 0.915420 0.701050 0.013152 0.010954
22 0.918141 0.674806 0.010431 0.008672
22 0.923583 0.683934 0.009524 0.010497
22 0.921769 0.692150 0.010431 0.009585
22 0.890930 0.724327 0.018594 0.015518
22 0.914512 0.623231 0.015873 0.013236
22 0.931746 0.600867 0.012245 0.010497
22 0.936281 0.630762 0.013152 0.011867
22 0.939683 0.654496 0.013605 0.011867
22 0.945125 0.643998 0.015420 0.011867
22 0.968254 0.613419 0.009977 0.010041
22 0.968707 0.626198 0.009977 0.010041
22 0.965986 0.640803 0.011791 0.010954
22 0.952834 0.604518 0.010884 0.011410
22 0.950567 0.614103 0.010884 0.008672
22 0.943311 0.620949 0.010884 0.009585
22 0.941950 0.609311 0.009070 0.007303
22 0.944444 0.604518 0.009524 0.008672
22 0.927211 0.579872 0.013152 0.010497
22 0.934694 0.575080 0.010884 0.011867
22 0.949433 0.570059 0.010431 0.008215
22 0.945125 0.573939 0.009977 0.009585
22 0.945351 0.580329 0.009524 0.008672
22 0.948980 0.585121 0.011338 0.008215
22 0.972336 0.578731 0.010884 0.009128
22 0.970295 0.556823 0.012245 0.010041
22 0.953061 0.554085 0.012245 0.010954
22 0.949887 0.543587 0.012245 0.009128
22 0.948526 0.530580 0.014966 0.010497
22 0.956916 0.522592 0.011791 0.010041
22 0.976644 0.505705 0.010431 0.010041
22 0.980499 0.517115 0.010884 0.008215
22 0.979365 0.523733 0.011338 0.009585
22 0.934921 0.492926 0.011338 0.009128
22 0.947846 0.473984 0.010884 0.012323
22 0.966667 0.479005 0.011338 0.011410
22 0.956916 0.503195 0.009070 0.009585
22 0.955556 0.510497 0.009070 0.008672
22 0.951474 0.489503 0.007256 0.007759
22 0.957596 0.493610 0.009524 0.009585
22 0.936508 0.477408 0.012698 0.011867
22 0.939002 0.484710 0.007710 0.008215
22 0.949433 0.514605 0.009524 0.007759
22 0.815873 0.416933 0.013605 0.009585
22 0.828345 0.452990 0.011338 0.011410
22 0.915420 0.423323 0.013152 0.011410
22 0.947166 0.414879 0.011338 0.010041
22 0.935601 0.403012 0.009070 0.009128
22 0.929478 0.410771 0.012245 0.010041
22 0.960998 0.443633 0.011791 0.011867
22 0.972562 0.450707 0.011338 0.010497
22 0.958503 0.458923 0.013152 0.011410
22 0.944671 0.445687 0.010884 0.011410
22 0.938776 0.435418 0.009977 0.009128
22 0.938549 0.429256 0.010431 0.007759
22 0.947166 0.383387 0.012245 0.010954
22 0.923583 0.380420 0.012245 0.010497
22 0.924717 0.387951 0.009070 0.009128
22 0.933560 0.371520 0.013152 0.009128
22 0.940590 0.390233 0.010884 0.010041
22 0.937868 0.376997 0.009070 0.008215
22 0.848980 0.375399 0.015420 0.010497
22 0.774376 0.355317 0.012245 0.013236
22 0.820181 0.327248 0.013152 0.012780
22 0.835828 0.369466 0.010884 0.013236
22 0.883220 0.365815 0.013152 0.014149
22 0.884127 0.351894 0.010431 0.011867
22 0.914059 0.351438 0.014059 0.010041
22 0.872109 0.350525 0.012698 0.010041
22 0.876871 0.339343 0.012245 0.011410
22 0.887528 0.326335 0.012698 0.012780
22 0.848753 0.275901 0.012245 0.009585
22 0.858730 0.286171 0.010431 0.009128
22 0.858503 0.297125 0.010884 0.010954
22 0.868254 0.300776 0.013152 0.010954
22 0.896599 0.287312 0.011791 0.009585
22 0.917234 0.313099 0.008617 0.006390
22 0.909297 0.296896 0.009070 0.008672
22 0.913832 0.305112 0.009070 0.008672
22 0.897959 0.271337 0.011791 0.009585
22 0.888662 0.270196 0.007710 0.007303
22 0.864399 0.217024 0.009070 0.008672
22 0.872109 0.227065 0.008163 0.007759
22 0.887075 0.238704 0.011791 0.011867
22 0.910431 0.256732 0.011338 0.011410
22 0.892971 0.261068 0.011791 0.009128
22 0.877098 0.264263 0.010884 0.010041
22 0.875283 0.231858 0.009070 0.008215
22 0.850340 0.226609 0.010884 0.009585
22 0.848980 0.237791 0.009977 0.010041
22 0.855782 0.247604 0.010884 0.010497
22 0.866667 0.242127 0.008163 0.009585
22 0.869388 0.246919 0.006349 0.006390
22 0.880499 0.251940 0.008617 0.007303
22 0.885488 0.247832 0.009524 0.010041
22 0.850113 0.207211 0.010431 0.010041
22 0.860771 0.209493 0.009977 0.010041
22 0.838549 0.209493 0.009070 0.008215
22 0.836961 0.219763 0.010431 0.009585
22 0.823810 0.209493 0.008617 0.010041
22 0.828571 0.202419 0.007256 0.007759
22 0.827664 0.197170 0.008163 0.007303
22 0.841270 0.184847 0.009977 0.010954
22 0.834694 0.178001 0.009524 0.010954
22 0.827664 0.170470 0.010884 0.011410
22 0.691156 0.166362 0.010884 0.009585
22 0.692063 0.183934 0.009977 0.010041
22 0.712925 0.188270 0.011791 0.011410
22 0.691383 0.203332 0.011338 0.011410
22 0.680045 0.172068 0.010431 0.009128
22 0.671882 0.162026 0.010431 0.009128
22 0.724717 0.146965 0.009977 0.008215
22 0.737642 0.151073 0.008617 0.008215
22 0.750340 0.154039 0.010431 0.009585
22 0.745805 0.164765 0.010431 0.009128
22 0.738322 0.161114 0.008163 0.008215
22 0.741950 0.157462 0.010884 0.009128
22 0.767800 0.164765 0.009070 0.010954
22 0.778458 0.170698 0.008617 0.011867
22 0.787302 0.156550 0.007256 0.009128
22 0.792744 0.160885 0.007256 0.008672
22 0.799773 0.162939 0.005896 0.009128
22 0.789796 0.175262 0.006803 0.009128
22 0.795238 0.179598 0.006803 0.009585
22 0.778231 0.159744 0.007256 0.009128
22 0.761905 0.144683 0.009977 0.009128
22 0.772336 0.125057 0.010884 0.010041
22 0.762358 0.117526 0.009070 0.010497
22 0.752154 0.130990 0.008617 0.008215
22 0.743537 0.126883 0.007710 0.007303
22 0.739229 0.118667 0.007256 0.008215
22 0.712472 0.119124 0.009070 0.008215
22 0.723356 0.137380 0.008163 0.010041
22 0.688435 0.139206 0.012698 0.011867
22 0.667347 0.154267 0.010431 0.009128
22 0.653061 0.144683 0.011791 0.010954
22 0.642630 0.142629 0.011791 0.009585
22 0.687528 0.115929 0.010884 0.009128
22 0.702948 0.104062 0.009977 0.010954
22 0.694785 0.099726 0.007256 0.007759
22 0.690930 0.102921 0.006803 0.006846
22 0.684127 0.105431 0.009524 0.008215
22 0.679592 0.098357 0.009524 0.008672
22 0.676417 0.092195 0.009524 0.010041
22 0.663265 0.089685 0.008617 0.008672
22 0.682993 0.081926 0.009977 0.010497
22 0.660091 0.069147 0.009524 0.009585
22 0.647619 0.085349 0.008163 0.010954
22 0.639456 0.081470 0.009977 0.012323
22 0.615193 0.083067 0.011338 0.010954
22 0.610884 0.105431 0.014512 0.011867
22 0.571429 0.110680 0.010884 0.011410
22 0.591156 0.076449 0.012245 0.009585
22 0.592744 0.067321 0.007256 0.007759
22 0.597959 0.067549 0.008617 0.009128
22 0.613152 0.063898 0.008163 0.010041
22 0.622449 0.060931 0.009524 0.008672
22 0.627438 0.066180 0.009524 0.008215
22 0.608163 0.070744 0.007256 0.007303
22 0.587982 0.060246 0.007710 0.008215
22 0.582540 0.059562 0.008617 0.008672
22 0.575737 0.057280 0.007710 0.007759
22 0.592063 0.051118 0.009524 0.009128
22 0.573469 0.041534 0.011338 0.010041
22 0.564399 0.039023 0.009524 0.008672
22 0.538095 0.032634 0.013152 0.012323
22 0.554875 0.052944 0.009524 0.010041
22 0.547846 0.054541 0.009070 0.008672
22 0.539002 0.047923 0.009524 0.009128
22 0.532426 0.052487 0.008163 0.009128
22 0.507029 0.066636 0.012698 0.010954
22 0.519955 0.050205 0.009524 0.009128
22 0.514966 0.041762 0.007710 0.006846
22 0.510658 0.036741 0.008163 0.007759
22 0.490930 0.045641 0.009524 0.006390
22 0.500454 0.042218 0.007710 0.008672
22 0.506576 0.042218 0.008163 0.008672
22 0.431973 0.044500 0.012245 0.011410
22 0.444444 0.044500 0.012698 0.010497
22 0.463946 0.042903 0.011791 0.010954
22 0.442857 0.081698 0.012245 0.011867
22 0.462812 0.065952 0.009524 0.010497
22 0.418141 0.062985 0.011791 0.010041
22 0.390703 0.052487 0.012245 0.008215
22 0.381406 0.055911 0.011791 0.011410
22 0.395692 0.092195 0.009524 0.009128
22 0.403628 0.090826 0.010884 0.010041
22 0.436961 0.065723 0.006803 0.008215
22 0.448753 0.070516 0.008617 0.006846
22 0.450794 0.064354 0.007256 0.008215
22 0.443311 0.064126 0.007710 0.008672
22 0.456689 0.059334 0.009070 0.009128
22 0.369841 0.056595 0.008617 0.009128
22 0.367800 0.065723 0.008163 0.008215
22 0.372336 0.068462 0.007256 0.006390
22 0.393424 0.080785 0.006803 0.009128
22 0.399093 0.082154 0.009977 0.007303
22 0.380045 0.097444 0.010884 0.010497
22 0.295011 0.084208 0.013152 0.012323
22 0.329478 0.068918 0.009524 0.010954
22 0.339229 0.072570 0.009977 0.007303
22 0.347392 0.072570 0.009070 0.008215
22 0.346259 0.066180 0.010431 0.010041
22 0.329705 0.106801 0.009977 0.010954
22 0.348299 0.123231 0.010884 0.010954
22 0.360771 0.101552 0.009524 0.009585
22 0.369388 0.099498 0.010431 0.011867
22 0.356009 0.065723 0.007256 0.008215
22 0.360771 0.064582 0.006803 0.010497
22 0.240136 0.140347 0.012245 0.012323
22 0.251474 0.146965 0.011338 0.010954
22 0.279365 0.154039 0.010884 0.013236
22 0.313379 0.156321 0.012698 0.012323
22 0.336281 0.138749 0.013152 0.012780
22 0.298639 0.177316 0.012245 0.012323
22 0.245351 0.165678 0.014512 0.010041
22 0.244444 0.174350 0.009977 0.010041
22 0.258050 0.185304 0.012698 0.010954
22 0.208390 0.147878 0.014966 0.012780
22 0.220862 0.203104 0.014512 0.013692
22 0.244898 0.194660 0.014512 0.015062
22 0.147846 0.200137 0.015420 0.013236
22 0.135147 0.217481 0.012698 0.010497
22 0.202494 0.214742 0.013152 0.013236
22 0.194331 0.225240 0.010431 0.010497
22 0.184127 0.266089 0.011791 0.012780
22 0.196599 0.286855 0.012245 0.010497
22 0.256689 0.232542 0.014512 0.015062
22 0.243764 0.274532 0.011338 0.013236
22 0.255782 0.268599 0.012698 0.013236
22 0.281633 0.286171 0.015420 0.014605
22 0.299320 0.269512 0.011791 0.015062
22 0.249206 0.584893 0.011338 0.010497
22 0.251020 0.596759 0.012245 0.011410
22 0.317914 0.599270 0.012698 0.010954
22 0.333333 0.602465 0.012698 0.010954
22 0.357143 0.632360 0.014059 0.011410
22 0.331293 0.639890 0.014059 0.012780
22 0.301134 0.662026 0.012698 0.012323
22 0.325170 0.667732 0.015420 0.013692
22 0.377551 0.584208 0.014059 0.015518
22 0.406349 0.584665 0.013605 0.016431
22 0.412245 0.573254 0.010884 0.010954
22 0.303628 0.748060 0.012245 0.010954
22 0.367347 0.796440 0.013605 0.011867
22 0.380272 0.793702 0.012245 0.012780
22 0.372789 0.768827 0.015420 0.013236
22 0.459864 0.809676 0.007256 0.010954
22 0.467347 0.811958 0.010431 0.011867
22 0.513152 0.767230 0.013152 0.013692
22 0.515193 0.797353 0.013605 0.015518
22 0.490023 0.605203 0.015873 0.013692
22 0.565760 0.672296 0.015873 0.013692
22 0.514286 0.701050 0.010884 0.010954
22 0.675510 0.677088 0.014966 0.014149
22 0.433333 0.425605 0.015873 0.011410
22 0.422902 0.451620 0.012245 0.013236
22 0.443764 0.455728 0.011338 0.010497
22 0.456916 0.458010 0.014059 0.013236
22 0.419728 0.492013 0.011338 0.013692
22 0.412245 0.524874 0.012698 0.013692
22 0.473923 0.504792 0.015420 0.015518
22 0.497959 0.480146 0.016327 0.013692
22 0.495238 0.454359 0.011791 0.009585
22 0.501814 0.439297 0.008617 0.009585
22 0.510658 0.441123 0.009977 0.011410
22 0.519728 0.446828 0.011791 0.010954
22 0.507029 0.454131 0.012698 0.011867
22 0.528798 0.460977 0.012698 0.011867
22 0.517914 0.462802 0.009977 0.010041
22 0.509524 0.461205 0.010431 0.009585
22 0.511111 0.468279 0.009070 0.007303
22 0.456689 0.560931 0.016327 0.015518
22 0.545578 0.551803 0.015420 0.016431
22 0.608163 0.434961 0.013605 0.011867
22 0.613832 0.457782 0.014059 0.011867
22 0.619048 0.475126 0.012698 0.014605
22 0.642404 0.500228 0.011338 0.011867
22 0.650567 0.505705 0.010431 0.009128
22 0.682313 0.448654 0.012245 0.012780
22 0.685488 0.532405 0.011338 0.010497
22 0.695692 0.555226 0.010884 0.010497
22 0.732653 0.565495 0.013152 0.010954
22 0.673923 0.574167 0.013605 0.010954
22 0.675283 0.589229 0.014512 0.013692
22 0.605215 0.381105 0.012245 0.013692
22 0.607029 0.393884 0.011338 0.011867
22 0.596372 0.395710 0.011791 0.011867
22 0.531066 0.373802 0.013605 0.013692
22 0.533560 0.349612 0.014059 0.012780
22 0.541270 0.329986 0.013152 0.010954
22 0.685714 0.423094 0.007256 0.010041
22 0.692971 0.422182 0.010884 0.012780
22 0.379138 0.339343 0.011791 0.010497
22 0.409751 0.329073 0.014059 0.010954
22 0.381633 0.362163 0.012245 0.014149
22 0.399546 0.348015 0.009977 0.008672
22 0.405442 0.353948 0.009070 0.010497
22 0.400000 0.369922 0.010884 0.011410
22 0.436508 0.405294 0.014059 0.012780
22 0.443537 0.371520 0.009977 0.011867
22 0.455329 0.368097 0.009070 0.008672
22 0.454875 0.374715 0.008163 0.008215
22 0.464172 0.370835 0.009524 0.010497
22 0.473923 0.374258 0.010884 0.010954
22 0.487982 0.345733 0.011791 0.011410
22 0.513605 0.363076 0.011338 0.010497
22 0.516327 0.394112 0.013152 0.012323
22 0.515873 0.314696 0.014059 0.011410
22 0.373469 0.274304 0.014059 0.012780
22 0.396825 0.251255 0.010884 0.012323
22 0.385488 0.290050 0.009977 0.011410
22 0.392063 0.301232 0.010431 0.010954
22 0.418367 0.271337 0.011338 0.011410
22 0.425397 0.285942 0.010884 0.008672
22 0.405669 0.307166 0.009524 0.009128
22 0.411338 0.305112 0.009070 0.009585
22 0.430839 0.298950 0.012698 0.012780
22 0.443991 0.276358 0.009977 0.010497
22 0.444218 0.259699 0.013152 0.014605
22 0.452608 0.251027 0.010884 0.010954
22 0.444898 0.229576 0.010884 0.010954
22 0.430839 0.236422 0.012698 0.010954
22 0.433107 0.221817 0.009977 0.009128
22 0.489569 0.253309 0.012245 0.010954
22 0.509297 0.252396 0.011791 0.010041
22 0.523583 0.262665 0.012245 0.011410
22 0.480045 0.269512 0.011338 0.009585
22 0.466893 0.269512 0.011338 0.011410
22 0.470748 0.286627 0.012698 0.011867
22 0.531973 0.302602 0.013605 0.010954
22 0.549433 0.289822 0.012245 0.010041
22 0.543764 0.284573 0.010884 0.010497
22 0.299773 0.231858 0.014512 0.013692
22 0.340136 0.201278 0.012698 0.011867
22 0.389342 0.161570 0.013152 0.012780
22 0.364172 0.196257 0.008163 0.010041
22 0.383673 0.186673 0.009977 0.010041
22 0.371202 0.193975 0.009524 0.009128
22 0.369161 0.212460 0.012698 0.011410
22 0.414512 0.197170 0.010884 0.010954
22 0.430159 0.195116 0.010431 0.012323
22 0.417914 0.209950 0.014059 0.011867
22 0.448753 0.198768 0.010431 0.009585
22 0.474376 0.204016 0.013605 0.012780
22 0.477551 0.188498 0.012698 0.010041
22 0.483220 0.175262 0.010431 0.011867
22 0.456689 0.209037 0.009070 0.009128
22 0.449433 0.211091 0.009070 0.008672
22 0.396599 0.201506 0.011338 0.013236
22 0.386848 0.206298 0.012698 0.010954
22 0.414512 0.133044 0.011791 0.010497
22 0.436735 0.121634 0.011791 0.010497
22 0.453288 0.123231 0.014059 0.013692
22 0.489796 0.136239 0.015420 0.013236
22 0.565533 0.149703 0.011791 0.012780
22 0.590703 0.126426 0.014059 0.013692
22 0.576871 0.155408 0.010884 0.011410
22 0.568707 0.178457 0.012698 0.012780
22 0.553968 0.198539 0.014059 0.011867
22 0.529932 0.206755 0.014966 0.012780
22 0.579365 0.229804 0.012245 0.012323
22 0.590703 0.251712 0.011338 0.009585
22 0.620408 0.243268 0.014512 0.013692
22 0.598866 0.280009 0.015873 0.011410
22 0.636508 0.257188 0.013152 0.015974
22 0.720862 0.261296 0.014966 0.013236
22 0.664399 0.298722 0.014512 0.012323
22 0.179365 0.356915 0.010431 0.010954
22 0.187302 0.350068 0.008163 0.007303
22 0.190023 0.356915 0.009977 0.008215
22 0.212245 0.348015 0.014512 0.011410
22 0.237415 0.341625 0.013152 0.011410
22 0.235147 0.367869 0.010431 0.013692
22 0.225397 0.370835 0.009977 0.012323
22 0.267800 0.358512 0.014059 0.015062
22 0.269841 0.336832 0.012698 0.011867
22 0.276190 0.327020 0.016327 0.015974
22 0.279819 0.345048 0.010884 0.012780
22 0.305669 0.338658 0.013605 0.013692
22 0.324263 0.317891 0.012698 0.013236
22 0.319955 0.358284 0.009524 0.009128
22 0.304762 0.357599 0.009977 0.008672
22 0.287982 0.363304 0.011791 0.010954
22 0.295918 0.369922 0.008617 0.008672
22 0.300454 0.375856 0.009524 0.008672