22 0.517133 0.015844 0.019838 0.024445
22 0.338819 0.092349 0.016682 0.020824
22 0.331380 0.113852 0.021641 0.018560
22 0.231289 0.119511 0.018034 0.019919
22 0.194995 0.134676 0.013075 0.014033
22 0.172904 0.181530 0.015780 0.018108
22 0.130072 0.232684 0.018485 0.021729
22 0.144500 0.251245 0.013977 0.018108
22 0.179892 0.252603 0.018034 0.023540
22 0.198602 0.251698 0.018485 0.019013
22 0.208296 0.187415 0.018034 0.022635
22 0.242561 0.163649 0.018034 0.015844
22 0.296438 0.153237 0.013075 0.016750
22 0.351894 0.148936 0.022092 0.017202
22 0.398557 0.132639 0.021641 0.023540
22 0.408476 0.109099 0.025248 0.023540
22 0.262849 0.207786 0.010821 0.014486
22 0.273445 0.204165 0.011271 0.016297
22 0.296438 0.204844 0.019387 0.015844
22 0.307259 0.236080 0.019387 0.016750
22 0.308837 0.252603 0.017133 0.014486
22 0.302074 0.266184 0.017133 0.013581
22 0.248873 0.272522 0.017133 0.019919
22 0.280433 0.313717 0.014427 0.017202
22 0.196348 0.358081 0.013075 0.017202
22 0.286069 0.347216 0.010370 0.016297
22 0.249775 0.368493 0.016231 0.017202
22 0.076195 0.404708 0.014427 0.017202
22 0.285843 0.389543 0.014427 0.018560
22 0.316050 0.365550 0.013526 0.016750
22 0.353922 0.311679 0.018034 0.016750
22 0.354599 0.266636 0.015780 0.018108
22 0.363390 0.234043 0.011722 0.018108
22 0.378945 0.230421 0.015780 0.013581
22 0.392471 0.205070 0.015780 0.018108
22 0.451758 0.192847 0.015329 0.019013
22 0.474527 0.199638 0.022092 0.016297
22 0.517583 0.162291 0.018034 0.016750
22 0.540352 0.181983 0.015780 0.016297
22 0.568305 0.185152 0.018485 0.015392
22 0.566501 0.199185 0.013977 0.010865
22 0.591073 0.196243 0.018936 0.016750
22 0.616997 0.155274 0.021190 0.020824
22 0.654193 0.191716 0.017133 0.015844
22 0.667042 0.216840 0.023895 0.016297
22 0.389991 0.255319 0.015329 0.019013
22 0.407124 0.259393 0.018034 0.017202
22 0.429892 0.244228 0.018485 0.018560
22 0.456718 0.228384 0.018034 0.014033
22 0.483318 0.219104 0.015329 0.012675
22 0.505410 0.225668 0.018034 0.018560
22 0.493913 0.249660 0.013977 0.013128
22 0.521867 0.257356 0.013075 0.015844
22 0.509468 0.275917 0.016231 0.016750
22 0.415464 0.289724 0.019387 0.016297
22 0.553201 0.223178 0.015329 0.009959
22 0.550947 0.232232 0.010821 0.010865
22 0.550045 0.247623 0.013526 0.014486
22 0.574842 0.237211 0.018936 0.015392
22 0.642922 0.262110 0.016231 0.013581
22 0.552074 0.284744 0.013075 0.010865
22 0.426736 0.341331 0.011271 0.013581
22 0.426285 0.352875 0.011271 0.013128
22 0.408702 0.350837 0.015780 0.013581
22 0.376240 0.349253 0.013075 0.013128
22 0.362940 0.359439 0.011722 0.015392
22 0.461903 0.364871 0.013977 0.013581
22 0.555906 0.315301 0.010821 0.011317
22 0.585437 0.307153 0.013977 0.014033
22 0.563796 0.333861 0.015780 0.015844
22 0.626240 0.282254 0.014427 0.014033
22 0.642471 0.286781 0.013526 0.010412
22 0.669522 0.285650 0.015329 0.014486
22 0.631425 0.309416 0.013075 0.014033
22 0.644274 0.325487 0.013526 0.017202
22 0.662308 0.331824 0.014427 0.017202
22 0.541930 0.355364 0.014427 0.016297
22 0.532913 0.367587 0.012624 0.015392
22 0.571235 0.368945 0.011722 0.014486
22 0.582958 0.384563 0.010821 0.011317
22 0.569657 0.394522 0.011271 0.014033
22 0.605275 0.353554 0.008566 0.013581
22 0.618350 0.348121 0.010370 0.010865
22 0.617674 0.359212 0.011722 0.013128
22 0.659603 0.377773 0.013526 0.016750
22 0.631650 0.393843 0.015329 0.016297
22 0.651488 0.405161 0.014427 0.012675
22 0.647656 0.421458 0.011271 0.010865
22 0.629621 0.422816 0.013075 0.016297
22 0.659152 0.435944 0.014427 0.012675
22 0.643147 0.444092 0.010370 0.011770
22 0.624662 0.437981 0.011271 0.015844
22 0.604599 0.432322 0.015329 0.017202
22 0.572137 0.438660 0.009919 0.012675
22 0.585888 0.439113 0.010370 0.012675
22 0.530658 0.431870 0.015329 0.012675
22 0.506988 0.432775 0.011271 0.008148
22 0.510144 0.444545 0.011271 0.012675
22 0.495491 0.397465 0.011722 0.014486
22 0.481064 0.393843 0.014427 0.013581
22 0.463931 0.401992 0.012624 0.012675
22 0.450406 0.425758 0.014427 0.014033
22 0.451533 0.445677 0.016682 0.013128
22 0.415915 0.392712 0.013075 0.018560
22 0.403742 0.408103 0.010370 0.019466
22 0.393823 0.403124 0.011271 0.016750
22 0.333634 0.401766 0.018936 0.016750
22 0.327322 0.425306 0.018936 0.015844
22 0.323264 0.445450 0.016231 0.018108
22 0.350766 0.449072 0.020739 0.025351
22 0.216862 0.421005 0.022543 0.023540
22 0.208521 0.472159 0.015780 0.023540
22 0.014202 0.425985 0.013977 0.016297
22 0.030433 0.466953 0.016682 0.016750
22 0.019612 0.497737 0.016682 0.016750
22 0.011497 0.537347 0.011271 0.013581
22 0.076871 0.492304 0.022092 0.026709
22 0.172453 0.546854 0.016682 0.015392
22 0.191614 0.539384 0.020739 0.021277
22 0.387060 0.456089 0.010370 0.014033
22 0.406222 0.452694 0.013526 0.018108
22 0.388413 0.478044 0.010370 0.016297
22 0.362489 0.491399 0.012624 0.015844
22 0.369702 0.506338 0.011722 0.016750
22 0.388864 0.522635 0.013075 0.016750
22 0.371280 0.526935 0.015780 0.017202
22 0.344905 0.539158 0.017133 0.018108
22 0.467989 0.460842 0.012624 0.014486
22 0.467538 0.474876 0.010821 0.013581
22 0.479937 0.476460 0.011271 0.015844
22 0.503156 0.477592 0.010821 0.013581
22 0.528404 0.480534 0.012624 0.015844
22 0.551849 0.462879 0.009017 0.016750
22 0.625564 0.462200 0.013075 0.010865
22 0.682597 0.462879 0.013526 0.014033
22 0.670875 0.493889 0.011722 0.016297
22 0.662759 0.492531 0.009017 0.011770
22 0.649008 0.496831 0.013977 0.013128
22 0.612489 0.483929 0.015780 0.023540
22 0.588593 0.521277 0.011271 0.014033
22 0.525473 0.516976 0.013075 0.017202
22 0.616997 0.521050 0.010370 0.013581
22 0.597385 0.550475 0.015329 0.013581
22 0.563345 0.556134 0.013075 0.014033
22 0.489856 0.555002 0.013977 0.015392
22 0.464833 0.556134 0.014427 0.016750
22 0.453336 0.574694 0.016682 0.018560
22 0.392696 0.560435 0.015329 0.020824
22 0.352119 0.557718 0.017133 0.015392
22 0.356853 0.579448 0.018485 0.016297
22 0.212804 0.561340 0.018936 0.018108
22 0.182372 0.581485 0.018485 0.018560
22 0.136610 0.569036 0.011722 0.016297
22 0.119928 0.565188 0.016231 0.019466
22 0.077096 0.615437 0.018936 0.016750
22 0.047115 0.679719 0.016682 0.015844
22 0.104148 0.651879 0.018936 0.019013
22 0.136159 0.619285 0.014427 0.019013
22 0.187782 0.655953 0.015780 0.014486
22 0.255861 0.649842 0.018485 0.015844
22 0.108656 0.682662 0.018034 0.015392
22 0.247746 0.676324 0.015780 0.013581
22 0.326420 0.613852 0.022543 0.023540
22 0.531785 0.651200 0.016682 0.016750
22 0.495942 0.578542 0.010821 0.014486
22 0.509243 0.586238 0.013075 0.013581
22 0.523445 0.602082 0.015329 0.013581
22 0.536970 0.572205 0.010821 0.018108
22 0.550496 0.578542 0.013526 0.013581
22 0.575293 0.576279 0.017133 0.011770
22 0.567628 0.593255 0.014427 0.015844
22 0.628720 0.592349 0.013977 0.014033
22 0.649459 0.617021 0.015780 0.015392
22 0.644274 0.643730 0.021641 0.011770
22 0.674256 0.607288 0.019387 0.019466
22 0.679216 0.573336 0.013075 0.015844
22 0.677187 0.515165 0.011722 0.014486
22 0.660956 0.523087 0.010821 0.014033
22 0.639315 0.534405 0.008115 0.014033
22 0.649910 0.532594 0.010370 0.011317
22 0.660054 0.542327 0.015329 0.014486
22 0.669071 0.700543 0.013526 0.015844
22 0.684400 0.720235 0.011722 0.014486
22 0.659603 0.775464 0.016231 0.019919
22 0.608431 0.815980 0.015780 0.019466
22 0.617223 0.897691 0.018936 0.021729
22 0.556357 0.835446 0.019838 0.015844
22 0.526375 0.868493 0.019387 0.018560
22 0.553877 0.786781 0.016682 0.017202
22 0.537647 0.724310 0.010370 0.010865
22 0.532236 0.706655 0.021190 0.018108
22 0.485573 0.671118 0.014427 0.015844
22 0.478359 0.688321 0.017133 0.018560
22 0.469793 0.747850 0.021641 0.019919
22 0.451533 0.789045 0.023895 0.023540
22 0.392922 0.772974 0.022092 0.024898
22 0.371506 0.728158 0.019838 0.027614
22 0.300271 0.698959 0.017133 0.021729
22 0.308611 0.780670 0.019387 0.018560
22 0.260821 0.837709 0.018485 0.022182
22 0.141118 0.824129 0.020739 0.016750
22 0.130748 0.768221 0.024346 0.021729
22 0.148332 0.733137 0.018034 0.015844
22 0.162534 0.755998 0.019387 0.015392
22 0.180343 0.775238 0.019838 0.018560
22 0.137286 0.687641 0.016682 0.024445
22 0.679441 0.948619 0.013526 0.016750
22 0.774346 0.826392 0.019387 0.023993
22 0.843553 0.834541 0.018936 0.015844
22 0.841749 0.818244 0.019838 0.014033
22 0.853922 0.786329 0.021641 0.019013
22 0.773670 0.719104 0.021641 0.021277
22 0.723174 0.699411 0.021641 0.028067
22 0.772994 0.671344 0.021190 0.018108
22 0.729486 0.623812 0.020739 0.016297
22 0.759919 0.599593 0.021190 0.013128
22 0.798242 0.643051 0.019387 0.021277
22 0.821461 0.645541 0.016231 0.018108
22 0.926510 0.628791 0.020739 0.019919
22 0.959874 0.611136 0.012624 0.017202
22 0.973625 0.649163 0.008566 0.011770
22 0.957619 0.655500 0.017133 0.015392
22 0.938233 0.689905 0.021641 0.016297
22 0.918846 0.713898 0.021641 0.018108
22 0.933499 0.747171 0.013977 0.016750
22 0.915239 0.747171 0.013526 0.014033
22 0.908927 0.751019 0.015329 0.012675
22 0.891118 0.757809 0.013977 0.012675
22 0.906673 0.769353 0.018034 0.014033
22 0.978359 0.542780 0.016231 0.017202
22 0.951984 0.546854 0.018485 0.016297
22 0.926060 0.528746 0.015329 0.018108
22 0.912985 0.540742 0.016231 0.018560
22 0.858882 0.507922 0.017133 0.015392
22 0.820108 0.513581 0.014427 0.008601
22 0.794860 0.499095 0.018936 0.014033
22 0.813571 0.487325 0.019387 0.013128
22 0.750000 0.509054 0.013075 0.013128
22 0.765104 0.523993 0.018034 0.013128
22 0.770514 0.538253 0.016231 0.013581
22 0.792831 0.543911 0.016682 0.019466
22 0.809739 0.534631 0.015329 0.013581
22 0.690487 0.526256 0.013075 0.014033
22 0.711903 0.527841 0.018034 0.012675
22 0.710775 0.554550 0.013075 0.015392
22 0.724752 0.561114 0.010370 0.013128
22 0.736700 0.562245 0.007214 0.016297
22 0.751578 0.561340 0.015329 0.013581
22 0.740757 0.575826 0.014427 0.009054
22 0.732867 0.584880 0.013075 0.016297
22 0.983318 0.615437 0.010821 0.010412
22 0.981966 0.604572 0.012624 0.010412
22 0.977457 0.595066 0.013526 0.014033
22 0.984671 0.584654 0.011722 0.008601
22 0.686204 0.289498 0.016231 0.015844
22 0.713931 0.234269 0.019387 0.016750
22 0.705140 0.174966 0.024346 0.021277
22 0.703336 0.152558 0.019838 0.015392
22 0.744590 0.208692 0.016682 0.019919
22 0.762399 0.230874 0.016231 0.020824
22 0.806357 0.205297 0.023895 0.021277
22 0.844454 0.218425 0.016231 0.016750
22 0.838593 0.177682 0.015329 0.021277
22 0.799820 0.161838 0.016231 0.023993
22 0.804103 0.233590 0.011271 0.012675
22 0.815600 0.232458 0.010821 0.013128
22 0.868801 0.232911 0.013526 0.015844
22 0.872408 0.201901 0.016231 0.011770
22 0.875789 0.215935 0.015780 0.011770
22 0.889540 0.223178 0.011722 0.014486
22 0.929216 0.274785 0.014427 0.011770
22 0.933724 0.318923 0.018034 0.021277
22 0.887511 0.300589 0.015780 0.016297
22 0.867448 0.302852 0.011722 0.014486
22 0.851668 0.304210 0.012624 0.016297
22 0.836790 0.298325 0.011722 0.018108
22 0.825518 0.295609 0.009017 0.011770
22 0.811317 0.294703 0.013075 0.019919
22 0.787421 0.286102 0.016682 0.026256
22 0.754058 0.311227 0.015780 0.016750
22 0.778179 0.325260 0.017133 0.018560
22 0.886610 0.328656 0.015780 0.016297
22 0.875564 0.342915 0.018034 0.016750
22 0.880974 0.361702 0.018936 0.016297
22 0.842876 0.367361 0.021190 0.016750
22 0.751353 0.334314 0.015780 0.015844
22 0.725428 0.344500 0.015329 0.014486
22 0.689134 0.331598 0.015780 0.015844
22 0.686204 0.352875 0.015329 0.015844
22 0.706943 0.356043 0.015329 0.016750
22 0.691839 0.376415 0.015780 0.015844
22 0.730613 0.374151 0.016682 0.008601
22 0.726330 0.384337 0.012624 0.012675
22 0.819657 0.409009 0.018034 0.015844
22 0.839495 0.411951 0.016231 0.014486
22 0.842426 0.434133 0.016682 0.015392
22 0.892696 0.435038 0.018936 0.013581
22 0.888188 0.447488 0.015329 0.013128
22 0.758792 0.426664 0.012624 0.010412
22 0.768936 0.436849 0.013075 0.013581
22 0.735122 0.447035 0.015780 0.013128
22 0.733093 0.460389 0.013526 0.012675
22 0.753832 0.464464 0.017133 0.014486
22 0.724977 0.121775 0.018034 0.020824
22 0.756087 0.088275 0.011722 0.019013
22 0.769612 0.096650 0.013526 0.023993