22 0.541441 0.198422 0.027111 0.026824
22 0.535244 0.254241 0.021689 0.025641
22 0.512393 0.254241 0.024012 0.026430
22 0.447715 0.279290 0.027885 0.027613
22 0.427769 0.263314 0.021301 0.021696
22 0.429512 0.293491 0.030984 0.029191
22 0.415763 0.304339 0.026723 0.031164
22 0.457591 0.328205 0.018203 0.021302
22 0.664601 0.328600 0.023238 0.029980
22 0.603602 0.330966 0.017428 0.025247
22 0.587916 0.333531 0.020914 0.024063
22 0.591789 0.351479 0.028660 0.018935
22 0.571069 0.340434 0.021301 0.030769
22 0.388265 0.410454 0.025949 0.026430
22 0.516266 0.804734 0.022463 0.021302
22 0.237800 0.712426 0.022463 0.019724
22 0.240318 0.822091 0.039117 0.033925
22 0.214562 0.789546 0.030984 0.028797
22 0.506584 0.036292 0.019365 0.018146
22 0.522851 0.037870 0.020139 0.020513
22 0.637490 0.072189 0.017041 0.014201
22 0.636716 0.085602 0.014717 0.015779
22 0.651239 0.087574 0.017428 0.015779
22 0.647754 0.113807 0.018203 0.020907
22 0.559450 0.110256 0.017428 0.018540
22 0.530596 0.107298 0.019365 0.018146
22 0.514911 0.096844 0.021301 0.016963
22 0.449845 0.119724 0.015879 0.016174
22 0.464950 0.125641 0.015879 0.015385
22 0.456235 0.131164 0.013168 0.013807
22 0.447909 0.135897 0.017428 0.015385
22 0.432029 0.132742 0.016654 0.016963
22 0.411696 0.115582 0.019365 0.018146
22 0.384392 0.093886 0.023625 0.019724
22 0.314679 0.114596 0.015879 0.016963
22 0.326491 0.120118 0.013943 0.016174
22 0.333269 0.123471 0.019752 0.017357
22 0.319132 0.130966 0.020139 0.017357
22 0.282533 0.128402 0.022851 0.016174
22 0.301317 0.157791 0.020914 0.023669
22 0.351859 0.168442 0.023625 0.020513
22 0.271689 0.174162 0.022851 0.024063
22 0.268203 0.216174 0.024400 0.022091
22 0.352053 0.221302 0.020914 0.018146
22 0.425445 0.158185 0.020527 0.017357
22 0.427188 0.180868 0.017816 0.016174
22 0.463788 0.161144 0.018978 0.015385
22 0.482184 0.177120 0.017816 0.016568
22 0.504454 0.168836 0.018203 0.014990
22 0.532339 0.163314 0.015105 0.014990
22 0.540666 0.172978 0.017816 0.013807
22 0.571844 0.168047 0.011232 0.012623
22 0.576878 0.162919 0.012006 0.014201
22 0.585593 0.165286 0.013943 0.015779
22 0.617932 0.142604 0.019752 0.017751
22 0.642525 0.147929 0.020914 0.015779
22 0.503679 0.189152 0.018203 0.014596
22 0.475213 0.197041 0.015492 0.013018
22 0.437839 0.193491 0.015105 0.013807
22 0.446747 0.197436 0.013555 0.011440
22 0.452363 0.204339 0.013168 0.014990
22 0.430287 0.210848 0.015492 0.012229
22 0.410728 0.214596 0.018978 0.013412
22 0.495933 0.209862 0.015879 0.012623
22 0.482378 0.220118 0.015105 0.014201
22 0.474826 0.232347 0.017041 0.014990
22 0.503873 0.214004 0.014717 0.012229
22 0.503873 0.225247 0.014717 0.014201
22 0.526143 0.225049 0.015105 0.014596
22 0.545895 0.222682 0.017428 0.014596
22 0.562548 0.208087 0.014330 0.011440
22 0.588304 0.192702 0.017816 0.016963
22 0.579396 0.217160 0.015492 0.014596
22 0.554802 0.254635 0.012781 0.013807
22 0.574748 0.245759 0.014717 0.014201
22 0.579589 0.264300 0.014330 0.013412
22 0.597211 0.264103 0.015492 0.013807
22 0.611154 0.256213 0.014717 0.014596
22 0.615802 0.241420 0.011619 0.011834
22 0.614833 0.233531 0.012781 0.013412
22 0.627033 0.230375 0.013168 0.012623
22 0.627227 0.237475 0.012006 0.008679
22 0.621418 0.201775 0.015105 0.015385
22 0.609605 0.209862 0.016266 0.014201
22 0.642912 0.217751 0.019365 0.018146
22 0.658404 0.244970 0.016266 0.013412
22 0.637490 0.256805 0.016266 0.014990
22 0.657049 0.262919 0.015105 0.015385
22 0.666150 0.280868 0.020914 0.014990
22 0.586561 0.283037 0.013555 0.011440
22 0.580751 0.287179 0.010457 0.007890
22 0.690744 0.231953 0.018978 0.015779
22 0.698877 0.212821 0.014330 0.013807
22 0.707204 0.216568 0.013943 0.014990
22 0.716692 0.191913 0.016654 0.017751
22 0.731603 0.193294 0.012393 0.011834
22 0.739349 0.192702 0.011619 0.012229
22 0.740318 0.202761 0.014330 0.012623
22 0.753486 0.203748 0.013555 0.016963
22 0.777885 0.237475 0.018203 0.020513
22 0.829202 0.219527 0.014717 0.014596
22 0.838691 0.220907 0.012006 0.015779
22 0.856894 0.249507 0.019752 0.018540
22 0.752517 0.259172 0.016266 0.011834
22 0.751162 0.269231 0.013555 0.013018
22 0.765879 0.267456 0.014330 0.017357
22 0.777885 0.270414 0.014330 0.013018
22 0.736445 0.280276 0.016654 0.016963
22 0.719985 0.284813 0.017816 0.015779
22 0.833269 0.186785 0.017428 0.017751
22 0.850697 0.185602 0.013555 0.016963
22 0.856507 0.192702 0.016654 0.015385
22 0.799961 0.318935 0.019752 0.020907
22 0.821844 0.337870 0.020914 0.016963
22 0.849148 0.339448 0.012781 0.016174
22 0.856119 0.334911 0.011232 0.012623
22 0.866576 0.337870 0.012781 0.016963
22 0.886716 0.340434 0.016654 0.014990
22 0.903369 0.324852 0.017428 0.016963
22 0.873354 0.351282 0.017041 0.013807
22 0.884779 0.360552 0.014330 0.014201
22 0.857475 0.374753 0.015492 0.017357
22 0.872773 0.374556 0.012006 0.010651
22 0.873160 0.379882 0.012781 0.009467
22 0.875678 0.387574 0.013168 0.013018
22 0.865995 0.406312 0.018590 0.017357
22 0.884973 0.402564 0.014717 0.013018
22 0.887878 0.384221 0.009682 0.011045
22 0.892525 0.388363 0.012781 0.012229
22 0.902014 0.375345 0.012393 0.014596
22 0.916538 0.348126 0.015105 0.013807
22 0.928156 0.356016 0.014330 0.015385
22 0.910341 0.358383 0.014330 0.011440
22 0.916731 0.364892 0.013168 0.011834
22 0.920217 0.380868 0.012393 0.013018
22 0.909954 0.385602 0.015105 0.013807
22 0.931836 0.388757 0.012393 0.011440
22 0.940550 0.380079 0.012006 0.009862
22 0.944036 0.390927 0.008133 0.011045
22 0.951394 0.389941 0.008908 0.010651
22 0.963013 0.394675 0.010457 0.010651
22 0.930674 0.408087 0.013943 0.011440
22 0.931448 0.416371 0.013168 0.012229
22 0.942099 0.422880 0.013555 0.011834
22 0.961077 0.407495 0.006584 0.012623
22 0.966886 0.405523 0.008133 0.010256
22 0.696553 0.339842 0.018203 0.013807
22 0.689969 0.314398 0.018203 0.014990
22 0.683385 0.327811 0.012781 0.012623
22 0.598373 0.303748 0.016266 0.014990
22 0.617545 0.328008 0.018203 0.017751
22 0.620837 0.372781 0.020914 0.018146
22 0.595275 0.366667 0.018590 0.013018
22 0.696553 0.352663 0.021301 0.016568
22 0.966112 0.422485 0.013555 0.010256
22 0.967467 0.430572 0.009295 0.009073
22 0.967661 0.437081 0.009682 0.008679
22 0.969210 0.460552 0.012781 0.012229
22 0.947328 0.458185 0.017041 0.015385
22 0.922734 0.487574 0.018203 0.015779
22 0.949070 0.489349 0.015879 0.014596
22 0.941712 0.501183 0.015105 0.014596
22 0.845662 0.472387 0.018203 0.014596
22 0.836754 0.483826 0.020527 0.018540
22 0.780790 0.487179 0.020139 0.019724
22 0.805771 0.516371 0.013555 0.016568
22 0.816809 0.515187 0.012393 0.015779
22 0.815647 0.545957 0.021689 0.018146
22 0.891751 0.531558 0.018203 0.020118
22 0.876452 0.561341 0.017816 0.017357
22 0.916538 0.528008 0.014330 0.013807
22 0.914601 0.535306 0.012006 0.008679
22 0.911696 0.541223 0.012393 0.010256
22 0.916925 0.551677 0.012781 0.013018
22 0.922928 0.540828 0.012393 0.011834
22 0.928931 0.549310 0.012781 0.010651
22 0.939194 0.545562 0.013168 0.013412
22 0.923122 0.562130 0.014330 0.012623
22 0.949458 0.527219 0.016654 0.013018
22 0.972889 0.521302 0.013168 0.013807
22 0.681448 0.577515 0.022851 0.018146
22 0.769558 0.599014 0.021689 0.020907
22 0.809063 0.621105 0.022463 0.018540
22 0.878776 0.591716 0.020139 0.017357
22 0.922928 0.580868 0.015492 0.017751
22 0.918861 0.596844 0.016654 0.016568
22 0.957010 0.585404 0.017041 0.017357
22 0.954686 0.628600 0.013943 0.014596
22 0.943842 0.628402 0.013943 0.014201
22 0.911890 0.630966 0.018978 0.016174
22 0.883036 0.615779 0.020914 0.016568
22 0.874129 0.642012 0.017816 0.016963
22 0.836948 0.659369 0.017816 0.017751
22 0.863865 0.669822 0.018978 0.017357
22 0.847792 0.679093 0.015492 0.014596
22 0.798799 0.702959 0.018203 0.018146
22 0.846824 0.704142 0.017428 0.018146
22 0.706429 0.681065 0.020139 0.017751
22 0.672734 0.671203 0.020914 0.017751
22 0.855732 0.798817 0.016654 0.018146
22 0.824942 0.722880 0.013943 0.013018
22 0.819907 0.733333 0.017041 0.015779
22 0.795120 0.740434 0.017041 0.017357
22 0.770914 0.723471 0.018978 0.018935
22 0.775174 0.761538 0.015105 0.010651
22 0.776723 0.769822 0.012781 0.011440
22 0.759295 0.774162 0.010457 0.011440
22 0.767235 0.772781 0.013168 0.014990
22 0.784276 0.795858 0.014717 0.012229
22 0.779628 0.805128 0.013168 0.013412
22 0.792022 0.803748 0.014717 0.014596
22 0.755616 0.819921 0.019365 0.016174
22 0.750000 0.804734 0.014330 0.011834
22 0.746514 0.798422 0.015105 0.011834
22 0.743610 0.792308 0.015492 0.011440
22 0.707785 0.802959 0.016654 0.015385
22 0.716692 0.756805 0.017428 0.016174
22 0.694423 0.756213 0.018590 0.017357
22 0.644655 0.764103 0.019752 0.014201
22 0.665182 0.702959 0.016654 0.015779
22 0.601472 0.705720 0.017816 0.014201
22 0.603989 0.716174 0.015879 0.013807
22 0.634005 0.783826 0.014717 0.016568
22 0.613284 0.767061 0.019752 0.014596
22 0.612316 0.776923 0.015492 0.014596
22 0.600116 0.773570 0.013555 0.011834
22 0.593919 0.777712 0.012781 0.013807
22 0.620062 0.803156 0.016266 0.014990
22 0.667893 0.797239 0.015879 0.014201
22 0.691131 0.803945 0.017428 0.016568
22 0.675833 0.809073 0.014717 0.013412
22 0.664214 0.811243 0.016266 0.013807
22 0.655306 0.815779 0.011619 0.011045
22 0.648335 0.818935 0.013168 0.014201
22 0.636328 0.820316 0.010070 0.007495
22 0.637103 0.826036 0.013943 0.013412
22 0.673703 0.828008 0.013555 0.015779
22 0.685709 0.829586 0.015105 0.016568
22 0.718823 0.847337 0.017041 0.015779
22 0.706816 0.851874 0.017041 0.014596
22 0.626065 0.834714 0.010457 0.008679
22 0.629938 0.841420 0.015105 0.012623
22 0.619094 0.836686 0.010457 0.011045
22 0.614059 0.840631 0.011232 0.012623
22 0.606119 0.842406 0.013168 0.012229
22 0.584624 0.835700 0.014330 0.013018
22 0.592177 0.845562 0.013943 0.013807
22 0.593919 0.805325 0.015879 0.015385
22 0.582494 0.807101 0.010844 0.011834
22 0.575910 0.808679 0.009295 0.011045
22 0.563517 0.833531 0.013943 0.012623
22 0.553447 0.842012 0.011619 0.011440
22 0.576685 0.853846 0.015492 0.012229
22 0.705848 0.878895 0.019752 0.019724
22 0.658598 0.881262 0.020527 0.018146
22 0.608830 0.879882 0.017041 0.014596
22 0.614833 0.889941 0.015879 0.016568
22 0.565066 0.887968 0.012393 0.014201
22 0.557514 0.886588 0.011232 0.012229
22 0.540666 0.912032 0.016266 0.016568
22 0.526723 0.916963 0.016266 0.016963
22 0.549574 0.859961 0.009295 0.011834
22 0.558095 0.862722 0.013943 0.011834
22 0.540473 0.838462 0.010457 0.010651
22 0.539311 0.830375 0.011232 0.011045
22 0.537180 0.816568 0.012393 0.011834
22 0.532727 0.836686 0.008908 0.007890
22 0.527692 0.835503 0.009682 0.009467
22 0.527885 0.828994 0.010070 0.010651
22 0.519946 0.825247 0.012006 0.011045
22 0.513555 0.820710 0.010844 0.010651
22 0.504260 0.819724 0.013168 0.012623
22 0.510844 0.840434 0.012393 0.012229
22 0.512393 0.852860 0.010844 0.009467
22 0.517041 0.857002 0.011619 0.010651
22 0.513168 0.862327 0.013943 0.011045
22 0.496321 0.850690 0.015105 0.013807
22 0.486251 0.847337 0.014330 0.013412
22 0.484895 0.839053 0.014717 0.011834
22 0.477149 0.843984 0.010844 0.010651
22 0.470565 0.832347 0.015492 0.013412
22 0.469985 0.822091 0.015879 0.011045
22 0.470759 0.799606 0.015879 0.014990
22 0.453718 0.799014 0.015105 0.015385
22 0.444229 0.803550 0.017041 0.014201
22 0.397560 0.889349 0.027498 0.022485
22 0.421572 0.854241 0.026723 0.024063
22 0.372192 0.833136 0.020914 0.021302
22 0.387490 0.804734 0.018978 0.013412
22 0.393106 0.796450 0.017041 0.017357
22 0.524400 0.766864 0.013943 0.014201
22 0.535438 0.757988 0.016654 0.016963
22 0.519946 0.757396 0.015879 0.015779
22 0.326491 0.772584 0.019365 0.018540
22 0.349729 0.805128 0.018590 0.020513
22 0.315066 0.836489 0.021301 0.017751
22 0.291828 0.844970 0.020527 0.019724
22 0.286406 0.812229 0.022851 0.019724
22 0.272851 0.764497 0.014330 0.012623
22 0.191905 0.803353 0.023625 0.020907
22 0.208947 0.818738 0.020527 0.021696
22 0.175445 0.781854 0.023238 0.022091
22 0.182029 0.743195 0.017816 0.019724
22 0.208366 0.729586 0.014717 0.012229
22 0.214950 0.738659 0.014717 0.015385
22 0.223664 0.751085 0.015879 0.014990
22 0.242835 0.747337 0.014717 0.013018
22 0.277304 0.757002 0.016266 0.014201
22 0.240899 0.740237 0.015492 0.012229
22 0.247095 0.730966 0.014717 0.014201
22 0.240899 0.726036 0.013943 0.010651
22 0.225600 0.727219 0.014330 0.013018
22 0.229280 0.736292 0.010844 0.013018
22 0.190356 0.712623 0.018203 0.013807
22 0.159566 0.711243 0.020139 0.017357
22 0.131487 0.624260 0.023625 0.020118
22 0.143687 0.659172 0.018590 0.020513
22 0.153950 0.680473 0.018203 0.018146
22 0.174284 0.680671 0.013943 0.011440
22 0.173509 0.690335 0.012393 0.012623
22 0.184547 0.687771 0.013555 0.014596
22 0.183966 0.661341 0.014717 0.014596
22 0.193067 0.667258 0.015105 0.013018
22 0.198877 0.688363 0.015105 0.013412
22 0.226569 0.681460 0.014717 0.016174
22 0.218435 0.689744 0.013168 0.013807
22 0.226569 0.693097 0.012393 0.011834
22 0.220759 0.701183 0.014717 0.013018
22 0.252517 0.663708 0.020139 0.020118
22 0.286019 0.694083 0.018978 0.019329
22 0.350116 0.661933 0.018590 0.018146
22 0.335593 0.653452 0.015105 0.015385
22 0.354570 0.637278 0.015105 0.015385
22 0.340240 0.630178 0.016654 0.013018
22 0.341596 0.640039 0.015492 0.012229
22 0.423315 0.695266 0.017816 0.019329
22 0.445778 0.757791 0.022463 0.018146
22 0.485476 0.706903 0.018203 0.018935
22 0.476569 0.671598 0.021301 0.020118
22 0.584043 0.679882 0.020139 0.021696
22 0.603215 0.687574 0.018203 0.018146
22 0.635747 0.677712 0.017428 0.017357
22 0.643687 0.667061 0.011619 0.014990
22 0.651433 0.670809 0.012393 0.015385
22 0.660147 0.540631 0.022076 0.020907
22 0.636909 0.570611 0.019752 0.020118
22 0.631294 0.601578 0.013168 0.012623
22 0.638265 0.609467 0.011619 0.013412
22 0.627614 0.610454 0.012781 0.013018
22 0.617545 0.614793 0.018978 0.019329
22 0.518590 0.573570 0.020139 0.018935
22 0.503098 0.576726 0.017816 0.018935
22 0.450426 0.540039 0.019365 0.020513
22 0.399690 0.622485 0.018590 0.020513
22 0.391944 0.599211 0.018590 0.015779
22 0.382649 0.571006 0.015492 0.015385
22 0.371418 0.575345 0.010844 0.011440
22 0.362316 0.576331 0.012006 0.014990
22 0.323586 0.600000 0.018203 0.015779
22 0.327266 0.549310 0.018590 0.013018
22 0.344500 0.531953 0.014330 0.015385
22 0.324942 0.537870 0.017041 0.014596
22 0.304996 0.508876 0.019752 0.017357
22 0.440550 0.519527 0.015105 0.014990
22 0.435128 0.511045 0.014330 0.016174
22 0.142138 0.529191 0.022463 0.021696
22 0.162277 0.559961 0.021689 0.019329
22 0.230829 0.589546 0.021689 0.020907
22 0.220759 0.527022 0.018590 0.019724
22 0.249613 0.526430 0.018203 0.016963
22 0.264524 0.547140 0.017041 0.018146
22 0.246514 0.499606 0.018203 0.020907
22 0.426414 0.506509 0.013943 0.014990
22 0.420023 0.502959 0.013555 0.013412
22 0.426026 0.464497 0.017816 0.016963
22 0.378970 0.451479 0.018978 0.016174
22 0.382455 0.475937 0.016654 0.016963
22 0.382455 0.497830 0.016654 0.015779
22 0.361348 0.499606 0.017816 0.013807
22 0.366189 0.510454 0.015105 0.014990
22 0.269946 0.457396 0.017816 0.016174
22 0.259295 0.444773 0.015879 0.014596
22 0.246708 0.458777 0.017816 0.014990
22 0.218242 0.470414 0.017428 0.016963
22 0.575329 0.286391 0.006584 0.005523
22 0.576878 0.291716 0.008908 0.007495
22 0.577266 0.298028 0.009682 0.009862
22 0.571263 0.289941 0.006197 0.007101
22 0.564872 0.290730 0.008908 0.007101
22 0.567583 0.296450 0.008133 0.007495
22 0.560225 0.301578 0.008133 0.009073
22 0.545895 0.282051 0.011232 0.011045
22 0.542796 0.288363 0.011232 0.010256
22 0.544926 0.296647 0.008521 0.007101
22 0.552091 0.299408 0.005035 0.007101
22 0.545314 0.307890 0.009295 0.009073
22 0.536600 0.301972 0.010457 0.009073
22 0.539698 0.310848 0.009682 0.010256
22 0.530984 0.306903 0.010070 0.009467
22 0.506584 0.309665 0.011619 0.011045
22 0.502905 0.287179 0.013555 0.011045
22 0.489349 0.319132 0.011232 0.011834
22 0.556933 0.326036 0.011619 0.012229
22 0.546476 0.327416 0.010844 0.009467
22 0.550155 0.331558 0.011232 0.009073
22 0.538536 0.335503 0.012006 0.009862
22 0.486445 0.239250 0.012393 0.009862
22 0.480248 0.250493 0.010844 0.009467
22 0.484702 0.256410 0.010457 0.007890
22 0.481216 0.259566 0.010457 0.009467
22 0.536019 0.348521 0.013168 0.013018
22 0.525949 0.341223 0.011619 0.011045
22 0.512006 0.337673 0.011619 0.011834
22 0.508327 0.349507 0.011232 0.011045
22 0.518397 0.348323 0.012006 0.012623
22 0.489737 0.337278 0.011232 0.011834
22 0.472502 0.328797 0.011619 0.010651
22 0.476762 0.334911 0.010070 0.010256
22 0.466112 0.334714 0.010457 0.009862
22 0.479473 0.344773 0.010070 0.010256
22 0.472889 0.346548 0.009295 0.009862
22 0.462432 0.361538 0.013943 0.011440
22 0.493029 0.358580 0.010844 0.009467
22 0.495740 0.363314 0.010070 0.007890
22 0.498644 0.370809 0.013555 0.011045
22 0.484895 0.369034 0.010070 0.011440
22 0.479086 0.371598 0.010070 0.011045
22 0.470178 0.374951 0.012393 0.012229
22 0.477343 0.380276 0.013555 0.012623
22 0.491867 0.396055 0.017041 0.014201
22 0.525368 0.389744 0.016654 0.017357
22 0.568745 0.379882 0.015879 0.014201
22 0.578621 0.370611 0.016266 0.016174
22 0.451782 0.371795 0.016654 0.013807
22 0.444229 0.342604 0.013168 0.010651
22 0.448877 0.349112 0.013943 0.011834
22 0.418280 0.352268 0.018590 0.014201
22 0.400271 0.375740 0.015879 0.014596
22 0.352634 0.345957 0.018978 0.014990
22 0.366383 0.383432 0.018590 0.014990
22 0.371030 0.393688 0.016266 0.014990
22 0.422347 0.414004 0.023625 0.021696
22 0.280790 0.429389 0.015492 0.016963
22 0.304996 0.407890 0.017428 0.018935
22 0.325136 0.421696 0.017428 0.017357
22 0.253486 0.367850 0.019752 0.020118
22 0.197715 0.410651 0.024400 0.020513
22 0.194810 0.455030 0.018590 0.018540
22 0.180674 0.468836 0.020527 0.020118
22 0.192486 0.301578 0.020139 0.023274
22 0.211077 0.301183 0.018590 0.020907
22 0.267041 0.331953 0.018978 0.017751
22 0.317390 0.336489 0.015879 0.018935
22 0.294539 0.297633 0.015879 0.016174
22 0.304996 0.294872 0.015879 0.017751
22 0.300155 0.281460 0.017816 0.015385
22 0.285631 0.261538 0.018203 0.017357
22 0.273625 0.270020 0.017428 0.015385
22 0.357088 0.304931 0.020139 0.018146
22 0.383424 0.307495 0.014717 0.016963
22 0.401239 0.317554 0.012393 0.013412
22 0.398528 0.296450 0.016266 0.016174
22 0.414407 0.259172 0.010844 0.014201
22 0.421960 0.253057 0.012781 0.012229
22 0.446940 0.246351 0.011619 0.013018
22 0.452943 0.241223 0.010457 0.013018
22 0.225213 0.230375 0.020527 0.020513
22 0.391944 0.234911 0.014717 0.014596
22 0.402789 0.239448 0.013168 0.016568
22 0.732959 0.090533 0.022076 0.023274