23 0.469692 0.202353 0.027768 0.028981
23 0.607518 0.215479 0.029800 0.035459
23 0.729258 0.405217 0.028784 0.023525
23 0.891974 0.555745 0.035218 0.030003
23 0.735862 0.585578 0.035218 0.032390
23 0.677955 0.654449 0.035218 0.028981
23 0.749915 0.697238 0.037589 0.033413
23 0.767525 0.804978 0.030816 0.028640
23 0.640196 0.723662 0.032171 0.031026
23 0.684897 0.698773 0.034203 0.023525
23 0.568574 0.609274 0.033187 0.026594
23 0.634778 0.536140 0.036234 0.027617
23 0.623264 0.481077 0.039621 0.027958
23 0.570775 0.893454 0.028784 0.025571
23 0.538097 0.911695 0.033187 0.031367
23 0.447342 0.943062 0.022350 0.027958
23 0.474771 0.941357 0.026414 0.024548
23 0.505926 0.952779 0.020996 0.014661
23 0.454453 0.595465 0.031832 0.027617
23 0.487301 0.569042 0.029800 0.021139
23 0.412462 0.442550 0.033187 0.021139
23 0.342025 0.387146 0.029800 0.020116
23 0.301558 0.302421 0.027430 0.024548
23 0.566881 0.496591 0.018964 0.025571
23 0.584152 0.493011 0.019641 0.025230
23 0.250931 0.553188 0.025059 0.024207
23 0.196410 0.604501 0.033187 0.025230
23 0.169489 0.453461 0.026075 0.022503
23 0.268202 0.445619 0.023705 0.020457
23 0.258720 0.467439 0.022350 0.021139
23 0.247206 0.504603 0.025737 0.023866
23 0.079919 0.572792 0.028446 0.025230
23 0.061463 0.489260 0.030816 0.027958
23 0.060108 0.465905 0.028107 0.024207
23 0.701490 0.358336 0.022689 0.016365
23 0.713681 0.377088 0.024721 0.024548
23 0.700135 0.369928 0.028107 0.012274