23 0.304412 0.059966 0.033007 0.027365
23 0.553922 0.157432 0.031373 0.025676
23 0.492484 0.162500 0.041176 0.032432
23 0.520752 0.199324 0.033007 0.022297
23 0.510948 0.235304 0.026471 0.027365
23 0.485131 0.247635 0.026471 0.022297
23 0.424510 0.251014 0.028105 0.025676
23 0.649837 0.313682 0.023203 0.020608
23 0.628922 0.277703 0.019935 0.029054
23 0.642647 0.323818 0.021895 0.027365
23 0.561765 0.278547 0.028105 0.023986
23 0.794444 0.327027 0.031373 0.024324
23 0.719444 0.376351 0.033007 0.022297
23 0.686275 0.384459 0.021569 0.025676
23 0.781373 0.385304 0.028105 0.027365
23 0.777614 0.414527 0.026471 0.022297
23 0.797712 0.528041 0.028105 0.025676
23 0.781373 0.568243 0.028105 0.022297
23 0.825980 0.452196 0.029739 0.030743
23 0.847712 0.479730 0.024837 0.022297
23 0.790359 0.550000 0.029739 0.025676
23 0.468301 0.335304 0.024837 0.023986
23 0.517484 0.379730 0.023203 0.022297
23 0.502124 0.372973 0.021895 0.022297
23 0.158170 0.224324 0.024837 0.025676
23 0.163889 0.283615 0.023203 0.020608
23 0.151634 0.314527 0.018301 0.018919
23 0.304412 0.347973 0.023203 0.022297
23 0.162255 0.314527 0.019935 0.018919
23 0.298693 0.362838 0.028105 0.022297
23 0.144444 0.381250 0.020261 0.019257
23 0.154902 0.383784 0.018301 0.017568
23 0.154085 0.394595 0.019935 0.015541
23 0.286438 0.382095 0.023203 0.024324
23 0.146895 0.458953 0.021895 0.020608
23 0.065359 0.545777 0.020261 0.023986
23 0.089706 0.603378 0.023203 0.018919
23 0.440850 0.797804 0.018301 0.020608
23 0.430229 0.802872 0.016667 0.020608
23 0.405229 0.792736 0.024837 0.020608
23 0.327778 0.702534 0.021569 0.023986
23 0.307680 0.709291 0.023203 0.020608
23 0.296242 0.697466 0.019935 0.023986
23 0.272059 0.681757 0.013399 0.022297
23 0.282516 0.681757 0.015359 0.018919
23 0.267157 0.701689 0.016667 0.018919
23 0.257516 0.682601 0.020261 0.020608
23 0.281863 0.616554 0.023203 0.025676
23 0.314052 0.585642 0.020261 0.020608
23 0.335131 0.575845 0.019935 0.020608
23 0.521569 0.533108 0.018301 0.022297
23 0.509314 0.528885 0.019935 0.020608
23 0.409314 0.590709 0.023203 0.020608
23 0.396242 0.600845 0.023203 0.023986
23 0.383497 0.624155 0.023203 0.017230
23 0.502124 0.751014 0.021895 0.020946
23 0.488399 0.761824 0.026471 0.029054
23 0.217974 0.633446 0.021569 0.025676
23 0.173529 0.739358 0.023529 0.027365
23 0.156536 0.736824 0.018301 0.029054
23 0.207353 0.678378 0.019935 0.022297
23 0.168791 0.630912 0.019935 0.027365
23 0.225327 0.567399 0.019935 0.023986
23 0.175163 0.526351 0.023529 0.025676
23 0.100000 0.655068 0.021569 0.025676
23 0.252778 0.738514 0.026471 0.022297
23 0.356863 0.825338 0.021569 0.025676
23 0.461765 0.444595 0.021569 0.022297
23 0.355229 0.453885 0.018301 0.027365
23 0.360948 0.591554 0.016667 0.022297
23 0.269608 0.627534 0.018301 0.020608
23 0.200163 0.632601 0.018627 0.020608
23 0.373693 0.685135 0.019935 0.025676
23 0.221242 0.670777 0.021569 0.023986
23 0.269608 0.829561 0.024837 0.023986
23 0.458497 0.896115 0.024837 0.027365
23 0.322059 0.863007 0.023203 0.027365
23 0.388399 0.815203 0.019935 0.025676
23 0.586111 0.772804 0.025163 0.027365
23 0.419771 0.843581 0.021895 0.025676
23 0.437582 0.831250 0.021569 0.020608
23 0.531863 0.683446 0.026471 0.029054
23 0.406046 0.665203 0.026471 0.025676
23 0.426961 0.684291 0.023203 0.023986
23 0.406863 0.503041 0.028105 0.025676
23 0.476961 0.638345 0.026471 0.026014
23 0.464216 0.667399 0.026471 0.027365
23 0.536765 0.583277 0.033007 0.035473
23 0.469935 0.525676 0.024837 0.030405
23 0.491667 0.475507 0.029739 0.027365
23 0.506046 0.453885 0.023203 0.030743