23 0.239551 0.870690 0.021071 0.020000
23 0.308808 0.256207 0.022798 0.021379
23 0.330052 0.271379 0.018998 0.017931
23 0.391537 0.306724 0.024525 0.027931
23 0.574266 0.378103 0.025216 0.025862
23 0.701382 0.195690 0.020380 0.025172
23 0.646287 0.188103 0.022798 0.025862
23 0.652677 0.240862 0.021071 0.029310
23 0.733333 0.235345 0.022107 0.023103
23 0.719344 0.253448 0.029361 0.026897
23 0.400691 0.214138 0.022107 0.017241
23 0.395164 0.415345 0.023489 0.020345
23 0.364249 0.432931 0.023143 0.020345
23 0.331434 0.515172 0.029361 0.026207
23 0.501209 0.467241 0.022107 0.022759
23 0.521244 0.559655 0.026943 0.022069
23 0.158204 0.672069 0.023489 0.018621
23 0.139724 0.634655 0.026598 0.016207
23 0.326943 0.829655 0.025216 0.027586
23 0.712435 0.579310 0.023834 0.022759
23 0.782902 0.590690 0.024525 0.017931
23 0.822453 0.700000 0.026943 0.022069
23 0.828497 0.728966 0.025907 0.020690
23 0.726943 0.761897 0.018998 0.023793
23 0.722971 0.644310 0.012435 0.013448
23 0.701209 0.646724 0.017271 0.019655
23 0.668221 0.683966 0.025216 0.023793
23 0.689983 0.729655 0.018998 0.017241
23 0.402591 0.183621 0.018998 0.014828
23 0.400864 0.195517 0.018998 0.009655
23 0.781002 0.659828 0.017271 0.018966
23 0.765630 0.673793 0.018307 0.017241
23 0.762867 0.656207 0.018307 0.017241
23 0.697409 0.751552 0.019344 0.020345
23 0.706390 0.743448 0.013817 0.017931
23 0.127116 0.587759 0.020035 0.012759
23 0.125734 0.561034 0.020035 0.013103
23 0.129706 0.575690 0.022453 0.010000
23 0.124007 0.569483 0.022107 0.010000
23 0.442142 0.905345 0.024180 0.024483