23 0.155427 0.300099 0.043674 0.040675
23 0.263327 0.259590 0.025048 0.027778
23 0.282916 0.265046 0.027617 0.033399
23 0.262845 0.297123 0.035645 0.040013
23 0.239242 0.339782 0.031471 0.029431
23 0.272158 0.346396 0.033076 0.034061
23 0.256423 0.378968 0.035645 0.035053
23 0.284200 0.379134 0.034682 0.026786
23 0.318722 0.381614 0.031792 0.025132
23 0.197977 0.340939 0.029223 0.021825
23 0.211143 0.357639 0.026654 0.026786
23 0.177746 0.389881 0.026012 0.038360
23 0.159762 0.420304 0.028581 0.025132
23 0.233622 0.419643 0.042710 0.041667
23 0.276172 0.428241 0.036609 0.035714
23 0.238439 0.469577 0.036288 0.021164
23 0.212267 0.523313 0.034040 0.022817
23 0.122832 0.480324 0.041426 0.039352
23 0.085100 0.516700 0.049454 0.029431
23 0.332370 0.462136 0.025048 0.027447
23 0.174213 0.505622 0.020231 0.035053
23 0.389049 0.436177 0.032434 0.028439
23 0.366891 0.467097 0.020231 0.026124
23 0.361753 0.485780 0.032434 0.021825
23 0.391779 0.523313 0.033398 0.029431
23 0.422447 0.404762 0.032434 0.018519
23 0.421965 0.389054 0.021195 0.023479
23 0.458092 0.204200 0.029223 0.036045
23 0.442678 0.356812 0.035645 0.031746
23 0.474470 0.346396 0.033076 0.022817
23 0.507707 0.357639 0.037251 0.023479
23 0.509794 0.379960 0.026654 0.028439
23 0.464836 0.422454 0.026654 0.022817
23 0.457129 0.458003 0.035645 0.025794
23 0.539178 0.460483 0.021195 0.029431
23 0.580764 0.515873 0.035645 0.022487
23 0.634554 0.477348 0.027617 0.026786
23 0.682402 0.472057 0.021837 0.022817
23 0.651413 0.451554 0.022800 0.026124
23 0.581567 0.444775 0.024406 0.019180
23 0.598908 0.447255 0.026975 0.016204
23 0.599711 0.457176 0.025369 0.020833
23 0.535003 0.286872 0.027617 0.030754
23 0.503693 0.252646 0.029223 0.035053
23 0.565992 0.243552 0.025369 0.033399
23 0.544316 0.241898 0.025048 0.023479
23 0.530347 0.225694 0.019589 0.020833
23 0.536769 0.202546 0.026012 0.032738
23 0.600193 0.338955 0.024406 0.021164
23 0.679994 0.343089 0.031792 0.026124
23 0.663455 0.350198 0.021195 0.021825
23 0.697335 0.287698 0.022800 0.027778
23 0.708895 0.284888 0.020231 0.030093
23 0.715800 0.300099 0.021195 0.026124
23 0.710501 0.314153 0.020231 0.024471
23 0.723828 0.323247 0.027617 0.027447
23 0.751124 0.320767 0.027617 0.039021
23 0.785806 0.340608 0.041105 0.022487
23 0.833012 0.421296 0.030829 0.025132
23 0.840559 0.440807 0.033076 0.019180
23 0.892742 0.508433 0.036609 0.027447
23 0.778259 0.509921 0.032434 0.021825
23 0.787572 0.529431 0.023443 0.025132
23 0.814387 0.530754 0.034040 0.022487
23 0.856294 0.543155 0.038857 0.029431
23 0.854207 0.572421 0.031471 0.038360
23 0.472864 0.549438 0.028581 0.030093
23 0.411047 0.605985 0.041105 0.026124
23 0.433526 0.639385 0.030186 0.023479
23 0.295440 0.582341 0.037893 0.041667
23 0.306198 0.629960 0.042068 0.017857
23 0.298330 0.656415 0.037251 0.027778
23 0.289017 0.670470 0.033398 0.020833
23 0.855331 0.609788 0.042068 0.031746
23 0.881503 0.629134 0.034682 0.040675
23 0.476718 0.815146 0.036930 0.032407
23 0.314708 0.844577 0.036609 0.028439
23 0.333976 0.815146 0.025048 0.035714
23 0.307161 0.807209 0.016378 0.041667
23 0.289981 0.804233 0.013487 0.017196
23 0.078998 0.618386 0.034040 0.042328
23 0.091843 0.633763 0.021195 0.023479
23 0.110790 0.634094 0.025048 0.024140
23 0.106294 0.650959 0.027617 0.023479
23 0.236352 0.615079 0.027617 0.035714
23 0.197977 0.678737 0.042068 0.024140
23 0.206326 0.694444 0.038215 0.024471
23 0.262845 0.707672 0.048491 0.025794
23 0.268626 0.731647 0.029223 0.026124
23 0.226397 0.719577 0.044316 0.025132
23 0.184329 0.753142 0.024406 0.030754
23 0.209538 0.798115 0.025369 0.026786
23 0.226397 0.801091 0.021837 0.029431
23 0.236031 0.815642 0.018626 0.023479
23 0.251285 0.807705 0.018947 0.024140
23 0.267341 0.813492 0.015735 0.022487
23 0.246949 0.769345 0.021195 0.020172
23 0.258510 0.769676 0.017341 0.020833
23 0.276654 0.780258 0.014451 0.014881
23 0.257707 0.782077 0.008671 0.011243
23 0.263809 0.786706 0.009955 0.011243
23 0.277136 0.792328 0.015414 0.007937
23 0.265414 0.795304 0.013166 0.013889
23 0.271034 0.799272 0.012203 0.009921
23 0.282916 0.802910 0.010276 0.013889