23 0.401611 0.181514 0.027768 0.022773
23 0.398183 0.195914 0.020912 0.016075
23 0.398697 0.215171 0.026054 0.017080
23 0.302365 0.251005 0.023312 0.025117
23 0.327220 0.265405 0.027768 0.027127
23 0.649126 0.192565 0.020912 0.031480
23 0.659239 0.246651 0.032225 0.020429
23 0.384813 0.300737 0.020912 0.031480
23 0.572335 0.383456 0.043538 0.033490
23 0.711004 0.202612 0.032225 0.038178
23 0.724717 0.264233 0.023312 0.024782
23 0.740315 0.245479 0.027768 0.022773
23 0.390470 0.413262 0.041138 0.031480
23 0.354131 0.427495 0.032225 0.033825
23 0.322592 0.512559 0.037024 0.035834
23 0.490915 0.471701 0.030168 0.037843
23 0.511313 0.564300 0.052451 0.024782
23 0.106959 0.544541 0.034282 0.038178
23 0.106959 0.578868 0.021255 0.027127
23 0.118272 0.622907 0.030168 0.031480
23 0.134042 0.662425 0.025369 0.031480
23 0.707748 0.586403 0.034625 0.020764
23 0.713404 0.654889 0.023312 0.029136
23 0.777683 0.596283 0.034625 0.040522
23 0.691978 0.656062 0.025711 0.022773
23 0.656839 0.694575 0.032225 0.033490
23 0.756428 0.668118 0.027768 0.024782
23 0.775454 0.667950 0.021255 0.020429
23 0.760884 0.683523 0.018855 0.020764
23 0.679808 0.741125 0.020569 0.021433
23 0.819506 0.711152 0.027768 0.035834
23 0.823963 0.741962 0.027768 0.027127
23 0.698492 0.750837 0.011313 0.016075
23 0.686322 0.762224 0.016455 0.015405
23 0.716832 0.772773 0.025369 0.027127
23 0.301166 0.827026 0.034625 0.033825
23 0.418581 0.906397 0.030168 0.033825
23 0.212033 0.864367 0.018855 0.029471