23 0.695630 0.481592 0.019986 0.017910
23 0.161247 0.490879 0.015583 0.020564
23 0.533367 0.186567 0.020664 0.026866
23 0.517276 0.186567 0.025068 0.028856
23 0.490515 0.173466 0.025068 0.029187
23 0.413618 0.189884 0.023035 0.031509
23 0.393462 0.187728 0.027439 0.031177
23 0.371274 0.205141 0.023035 0.022222
23 0.162432 0.220398 0.034214 0.026866
23 0.665650 0.074129 0.023035 0.018242
23 0.171409 0.160365 0.029810 0.016252
23 0.036416 0.493698 0.022696 0.026866
23 0.897866 0.275124 0.027439 0.026866
23 0.762873 0.155887 0.029810 0.037811
23 0.714770 0.244610 0.031843 0.026866
23 0.193767 0.218242 0.025068 0.017910
23 0.442581 0.332007 0.022696 0.031177
23 0.194953 0.234660 0.027439 0.016252
23 0.199356 0.246766 0.032182 0.022554
23 0.203760 0.293698 0.027439 0.020232
23 0.204946 0.312106 0.016260 0.022554
23 0.206131 0.327529 0.027439 0.022222
23 0.188178 0.329851 0.022696 0.026866
23 0.142446 0.479768 0.016599 0.019569
23 0.133469 0.490381 0.021003 0.024876
23 0.294207 0.424710 0.025407 0.020232
23 0.268462 0.278275 0.027439 0.029187
23 0.315549 0.438972 0.027439 0.035489
23 0.299627 0.437811 0.027439 0.024544
23 0.521850 0.348259 0.029472 0.033167
23 0.656843 0.330846 0.031843 0.024876
23 0.826558 0.351575 0.023035 0.031177
23 0.738313 0.325373 0.020664 0.022554
23 0.256267 0.378773 0.029472 0.037811
23 0.091125 0.377944 0.029810 0.026866
23 0.096714 0.448756 0.036247 0.024544
23 0.167005 0.428027 0.029810 0.031509
23 0.135671 0.548259 0.034214 0.031177
23 0.112297 0.474959 0.027439 0.029187
23 0.135840 0.520896 0.038618 0.020232
23 0.114668 0.534992 0.027439 0.031177
23 0.880251 0.483748 0.020664 0.028856
23 0.671409 0.380100 0.029810 0.022554
23 0.857046 0.498342 0.031843 0.018242
23 0.625508 0.466169 0.027439 0.020232
23 0.621104 0.483748 0.027439 0.020232
23 0.855352 0.534992 0.031843 0.031177
23 0.600949 0.552570 0.031843 0.031177
23 0.603320 0.571144 0.031843 0.020564
23 0.636687 0.388557 0.027439 0.026866
23 0.463753 0.413930 0.025068 0.024544
23 0.659045 0.397512 0.027439 0.026866
23 0.775237 0.655390 0.036247 0.022554
23 0.774051 0.670647 0.033875 0.017910
23 0.682419 0.602819 0.020664 0.035489
23 0.646850 0.595191 0.025407 0.028856
23 0.707148 0.458706 0.020664 0.022554
23 0.686992 0.463018 0.025068 0.031177
23 0.814194 0.546103 0.020664 0.035489
23 0.872290 0.600829 0.029810 0.026866
23 0.820969 0.705473 0.020664 0.031177
23 0.776253 0.635655 0.034214 0.026866
23 0.698171 0.506799 0.033875 0.031177
23 0.672595 0.565837 0.027439 0.031177
23 0.276423 0.561360 0.029810 0.031509
23 0.245088 0.573300 0.025407 0.024876
23 0.250678 0.466335 0.031843 0.024544
23 0.433604 0.449917 0.031843 0.031509
23 0.279810 0.526368 0.023035 0.031177
23 0.252879 0.548259 0.022696 0.031177
23 0.298611 0.494693 0.034214 0.028856
23 0.360095 0.484743 0.023035 0.026866
23 0.622290 0.544942 0.029810 0.024544
23 0.481707 0.470647 0.029810 0.029187
23 0.660230 0.528524 0.029810 0.026866
23 0.631098 0.626866 0.029810 0.022554
23 0.689194 0.537148 0.029472 0.026866
23 0.650237 0.629187 0.027439 0.022554
23 0.527270 0.508955 0.027439 0.035489
23 0.712568 0.593035 0.018631 0.024544
23 0.535230 0.575456 0.025068 0.029187
23 0.589939 0.649751 0.027439 0.029187
23 0.733909 0.607131 0.025407 0.026866
23 0.705962 0.801824 0.031843 0.026866
23 0.245088 0.668325 0.029472 0.031177
23 0.193767 0.658541 0.025068 0.028856
23 0.147866 0.658541 0.027439 0.028856
23 0.168022 0.678275 0.031843 0.029187
23 0.692581 0.832338 0.027439 0.035489
23 0.670224 0.843284 0.027439 0.026866