5 0.452344 0.338281 0.042188 0.032813
0 0.488281 0.336719 0.045312 0.042188
0 0.467187 0.875000 0.028125 0.025000
5 0.578125 0.637500 0.037500 0.040625
4 0.572656 0.114062 0.023438 0.031250
0 0.403906 0.669531 0.104688 0.104688
0 0.711719 0.317188 0.042188 0.053125
4 0.775781 0.734375 0.014063 0.012500
5 0.319531 0.517969 0.042188 0.051562
3 0.156250 0.639844 0.090625 0.092188
2 0.517969 0.577344 0.064062 0.064062
0 0.189844 0.366406 0.042188 0.039062
0 0.629687 0.755469 0.062500 0.048438
0 0.832812 0.657813 0.062500 0.053125
4 0.104688 0.407031 0.075000 0.070312
5 0.171875 0.232813 0.050000 0.050000
2 0.832031 0.664844 0.057813 0.048438
4 0.554688 0.741406 0.196875 0.195312
0 0.504687 0.709375 0.084375 0.096875
1 0.210938 0.613281 0.125000 0.107813
5 0.382031 0.808594 0.035937 0.042188
4 0.528906 0.429688 0.064062 0.084375
1 0.626563 0.672656 0.134375 0.126562
4 0.577344 0.832812 0.073438 0.065625
4 0.741406 0.496875 0.039062 0.034375
5 0.449219 0.497656 0.042188 0.042188
3 0.660156 0.361719 0.098437 0.098437
0 0.339062 0.778906 0.093750 0.104688
3 0.605469 0.714844 0.101562 0.101562
1 0.329688 0.794531 0.075000 0.110937
4 0.505469 0.606250 0.026562 0.028125
1 0.234375 0.467969 0.093750 0.076563
3 0.761719 0.551562 0.198437 0.215625
4 0.631250 0.244531 0.059375 0.057813
2 0.458594 0.187500 0.060937 0.046875
0 0.674219 0.717187 0.035937 0.031250
3 0.384375 0.388281 0.281250 0.223438
2 0.198437 0.677344 0.043750 0.042188
4 0.443750 0.779687 0.059375 0.065625
0 0.338281 0.407031 0.051562 0.048438
5 0.232813 0.621875 0.071875 0.059375
1 0.164062 0.639844 0.037500 0.042188
2 0.703125 0.685937 0.090625 0.090625
1 0.603906 0.750000 0.042188 0.050000
2 0.603906 0.328906 0.023438 0.026562
4 0.417969 0.796094 0.145313 0.145313
4 0.574219 0.419531 0.039062 0.032813
2 0.677344 0.621094 0.029687 0.023438
1 0.396875 0.242188 0.071875 0.053125
2 0.383594 0.902344 0.035937 0.045312
3 0.239844 0.763281 0.123438 0.123438
1 0.149219 0.537500 0.079687 0.071875
3 0.285938 0.764062 0.134375 0.134375
5 0.260156 0.854688 0.023438 0.037500