1 0.617969 0.858594 0.048438 0.048438
1 0.758594 0.307812 0.051562 0.050000
2 0.091406 0.582812 0.054688 0.062500
5 0.331250 0.734375 0.046875 0.046875
4 0.302344 0.796875 0.101562 0.103125
4 0.560156 0.743750 0.026562 0.025000
3 0.421094 0.375000 0.157812 0.153125
3 0.383594 0.364844 0.117188 0.117188
4 0.842187 0.771875 0.021875 0.025000
1 0.335156 0.610156 0.101562 0.114062
3 0.596094 0.715625 0.082812 0.040625
4 0.732031 0.264844 0.014063 0.017188
0 0.718750 0.499219 0.131250 0.120313
2 0.721875 0.189062 0.037500 0.031250
5 0.457813 0.831250 0.043750 0.050000
4 0.320312 0.521875 0.037500 0.043750
4 0.566406 0.879687 0.054688 0.040625
4 0.606250 0.410938 0.059375 0.046875
3 0.596875 0.315625 0.306250 0.340625
0 0.825000 0.471094 0.125000 0.110937
5 0.279687 0.310156 0.037500 0.054688
4 0.855469 0.515625 0.042188 0.043750
5 0.468750 0.710938 0.021875 0.034375
0 0.154688 0.710938 0.040625 0.037500
1 0.594531 0.355469 0.142187 0.179688
0 0.578125 0.182812 0.084375 0.071875
0 0.522656 0.523438 0.035937 0.037500
0 0.601562 0.821875 0.043750 0.046875
1 0.864062 0.450781 0.090625 0.082812
3 0.539062 0.518750 0.096875 0.096875
4 0.216406 0.547656 0.029687 0.026562
3 0.657031 0.441406 0.048438 0.045312
2 0.538281 0.317969 0.054688 0.039062
5 0.239844 0.250000 0.029687 0.034375
4 0.380469 0.586719 0.098437 0.095312
4 0.501563 0.213281 0.015625 0.017188
0 0.431250 0.838281 0.150000 0.135937
0 0.392188 0.721094 0.093750 0.101562
2 0.833594 0.404687 0.020313 0.021875
1 0.214062 0.543750 0.096875 0.090625
1 0.506250 0.681250 0.078125 0.112500
1 0.670312 0.156250 0.056250 0.071875
2 0.471875 0.578125 0.043750 0.037500
4 0.294531 0.263281 0.048438 0.067187
1 0.355469 0.792188 0.026562 0.040625
0 0.334375 0.851562 0.084375 0.062500
3 0.544531 0.888281 0.092188 0.117188
1 0.803125 0.591406 0.153125 0.145313
3 0.698438 0.210938 0.075000 0.103125
0 0.371875 0.127344 0.059375 0.057813
5 0.825781 0.655469 0.029687 0.035937
4 0.127344 0.579688 0.026562 0.028125
0 0.440625 0.307031 0.050000 0.048438
1 0.457031 0.503906 0.085938 0.085938
0 0.685156 0.327344 0.173437 0.154688
2 0.791406 0.635938 0.051562 0.053125
2 0.500000 0.108594 0.037500 0.032813
1 0.539844 0.690625 0.142187 0.181250
0 0.906250 0.589063 0.037500 0.031250
5 0.144531 0.449219 0.020313 0.017188
3 0.243750 0.546875 0.137500 0.137500
2 0.220312 0.217188 0.059375 0.053125
2 0.539062 0.082812 0.034375 0.034375
4 0.834375 0.567187 0.043750 0.046875
4 0.278125 0.808594 0.037500 0.045312
2 0.734375 0.585156 0.021875 0.017188
1 0.555469 0.572656 0.079687 0.076563
2 0.641406 0.409375 0.029687 0.037500
2 0.296094 0.296875 0.048438 0.043750
4 0.527344 0.508594 0.045312 0.051562
1 0.252344 0.539062 0.060937 0.050000
2 0.547656 0.489063 0.060937 0.056250
4 0.454688 0.546875 0.025000 0.018750
4 0.416406 0.573438 0.026562 0.028125
3 0.617188 0.797656 0.181250 0.135937
0 0.613281 0.489063 0.114062 0.106250
5 0.579688 0.470313 0.034375 0.031250
3 0.348438 0.612500 0.109375 0.109375