2 0.471875 0.881250 0.028125 0.028125
2 0.592969 0.260937 0.092188 0.087500
0 0.585938 0.565625 0.053125 0.043750
3 0.332813 0.704688 0.090625 0.090625
4 0.438281 0.885156 0.076563 0.079687
3 0.373437 0.657813 0.134375 0.118750
2 0.775781 0.732031 0.029687 0.029687
5 0.657813 0.877344 0.053125 0.051562
1 0.675781 0.850000 0.060937 0.059375
5 0.220312 0.731250 0.053125 0.050000
0 0.529687 0.242188 0.071875 0.062500
0 0.476562 0.773438 0.053125 0.050000
3 0.525781 0.633594 0.110937 0.110937
0 0.529687 0.849219 0.059375 0.054688
1 0.290625 0.585156 0.109375 0.107813
0 0.434375 0.119531 0.096875 0.114062
0 0.443750 0.892969 0.059375 0.051562
0 0.489063 0.874219 0.109375 0.089063
2 0.553906 0.667969 0.142187 0.123438
0 0.603125 0.775000 0.037500 0.040625
2 0.545312 0.688281 0.034375 0.032813
0 0.263281 0.643750 0.095312 0.078125
1 0.326562 0.646094 0.100000 0.114062
2 0.526563 0.081250 0.018750 0.018750
2 0.200000 0.396875 0.078125 0.065625
1 0.271875 0.497656 0.081250 0.067187
5 0.521875 0.246875 0.053125 0.050000
5 0.334375 0.549219 0.043750 0.039062
5 0.176563 0.685937 0.031250 0.037500
4 0.427344 0.499219 0.026562 0.026562
1 0.739062 0.814063 0.065625 0.059375
3 0.323437 0.528125 0.209375 0.156250
5 0.449219 0.908594 0.054688 0.057813
0 0.742188 0.738281 0.128125 0.107813
3 0.289844 0.471875 0.135937 0.165625
4 0.522656 0.637500 0.045312 0.046875
4 0.464062 0.453125 0.065625 0.040625
1 0.559375 0.796875 0.121875 0.112500
0 0.236719 0.674219 0.167187 0.167187
4 0.553906 0.554688 0.032813 0.025000
5 0.563281 0.679688 0.045312 0.046875
4 0.485938 0.682031 0.018750 0.020313
0 0.075781 0.507031 0.048438 0.042188
4 0.189844 0.710938 0.054688 0.062500
1 0.657813 0.169531 0.078125 0.064062
2 0.419531 0.224219 0.042188 0.054688
1 0.536719 0.846875 0.064062 0.068750
0 0.560156 0.260156 0.060937 0.051562
3 0.392188 0.734375 0.159375 0.159375
1 0.554688 0.171875 0.087500 0.068750
5 0.495312 0.779687 0.037500 0.043750
2 0.379688 0.123438 0.056250 0.034375
5 0.710156 0.435937 0.017188 0.015625
3 0.318750 0.504687 0.103125 0.103125
2 0.201563 0.301563 0.053125 0.062500
4 0.314063 0.269531 0.203125 0.282813