3 0.711719 0.767969 0.107813 0.107813
2 0.743750 0.271875 0.090625 0.087500
4 0.385937 0.838281 0.021875 0.017188
0 0.426563 0.727344 0.021875 0.017188
0 0.253125 0.188281 0.065625 0.060937
4 0.521875 0.505469 0.084375 0.082812
2 0.371094 0.783594 0.035937 0.042188
1 0.589844 0.478125 0.070312 0.062500
3 0.715625 0.348438 0.075000 0.075000
3 0.392188 0.817187 0.112500 0.112500
4 0.537500 0.321094 0.156250 0.148438
0 0.388281 0.297656 0.026562 0.020313
3 0.587500 0.576562 0.218750 0.218750
3 0.343750 0.381250 0.403125 0.425000
0 0.228906 0.664062 0.070312 0.043750
1 0.746094 0.625000 0.064062 0.062500
3 0.550781 0.227344 0.292187 0.248438
3 0.271875 0.464062 0.134375 0.134375
3 0.345313 0.756250 0.181250 0.234375
5 0.770312 0.550781 0.068750 0.067187
2 0.323437 0.767188 0.068750 0.068750
2 0.621094 0.842969 0.020313 0.017188
4 0.564844 0.163281 0.026562 0.023438
2 0.638281 0.650000 0.051562 0.050000
0 0.393750 0.728906 0.059375 0.039062
2 0.607031 0.303125 0.073438 0.071875
4 0.396875 0.586719 0.121875 0.120313
3 0.311719 0.146094 0.079687 0.079687
5 0.585938 0.250000 0.050000 0.046875
4 0.760156 0.600781 0.039062 0.023438
2 0.317188 0.696094 0.043750 0.042188
0 0.672656 0.578125 0.104688 0.100000
2 0.229687 0.628906 0.046875 0.048438
1 0.589844 0.468750 0.098437 0.059375
5 0.332813 0.383594 0.043750 0.042188
0 0.317969 0.756250 0.017188 0.018750
1 0.196094 0.368750 0.073438 0.103125
0 0.278125 0.610156 0.053125 0.054688
2 0.191406 0.777344 0.026562 0.032813
2 0.140625 0.446094 0.056250 0.042188
5 0.324219 0.368750 0.039062 0.043750
3 0.602344 0.216406 0.110937 0.110937
4 0.426563 0.088281 0.028125 0.026562
1 0.168750 0.462500 0.112500 0.087500
1 0.304688 0.517188 0.065625 0.065625
0 0.799219 0.417969 0.029687 0.032813
0 0.565625 0.387500 0.059375 0.062500
3 0.396875 0.621875 0.168750 0.387500
5 0.867969 0.689844 0.039062 0.039062
2 0.373437 0.668750 0.056250 0.065625
4 0.221094 0.567969 0.029687 0.042188
3 0.542188 0.581250 0.300000 0.300000
3 0.682031 0.615625 0.264062 0.196875
4 0.780469 0.290625 0.032813 0.034375
4 0.344531 0.170313 0.020313 0.018750
2 0.708594 0.432031 0.023438 0.026562
5 0.496094 0.338281 0.032813 0.045312
2 0.217969 0.756250 0.026562 0.037500
3 0.764844 0.236719 0.079687 0.079687
5 0.586719 0.637500 0.032813 0.034375
4 0.760156 0.629687 0.029687 0.034375
4 0.766406 0.469531 0.026562 0.032813
0 0.458594 0.100781 0.092188 0.085938
2 0.526563 0.328125 0.071875 0.112500
0 0.460156 0.851562 0.045312 0.037500
4 0.400000 0.159375 0.025000 0.018750
3 0.350000 0.342187 0.325000 0.256250
1 0.762500 0.522656 0.131250 0.139063
4 0.193750 0.407031 0.156250 0.164062
5 0.466406 0.716406 0.054688 0.051562
0 0.407031 0.264062 0.101562 0.118750
1 0.707031 0.521875 0.054688 0.056250
3 0.662500 0.389062 0.159375 0.159375
4 0.462500 0.431250 0.025000 0.031250
5 0.583594 0.728906 0.039062 0.042188
1 0.643750 0.806250 0.140625 0.140625
5 0.758594 0.207031 0.032813 0.051562
1 0.821875 0.662500 0.103125 0.096875
5 0.270313 0.801562 0.034375 0.037500
0 0.273438 0.319531 0.034375 0.029687
2 0.282813 0.129688 0.028125 0.037500
3 0.649219 0.543750 0.329688 0.353125