5 0.339844 0.115625 0.042188 0.043750
3 0.433594 0.421875 0.376563 0.403125
3 0.642188 0.687500 0.084375 0.115625
5 0.312500 0.484375 0.078125 0.071875
2 0.396094 0.175000 0.017188 0.012500
0 0.510938 0.172656 0.050000 0.045312
2 0.453125 0.803125 0.062500 0.056250
5 0.602344 0.857031 0.029687 0.029687
5 0.175781 0.235156 0.060937 0.048438
2 0.807031 0.217188 0.039062 0.040625
5 0.528125 0.695312 0.053125 0.062500
5 0.365625 0.332813 0.056250 0.053125
4 0.332813 0.382812 0.056250 0.065625
5 0.519531 0.165625 0.039062 0.043750
2 0.639062 0.616406 0.090625 0.101562
2 0.398438 0.181250 0.043750 0.040625
1 0.811719 0.584375 0.110937 0.103125
4 0.638281 0.711719 0.120313 0.120313
3 0.822656 0.358594 0.101562 0.101562
2 0.703906 0.392969 0.017188 0.017188
5 0.209375 0.567187 0.028125 0.037500
4 0.387500 0.413281 0.037500 0.029687
4 0.595313 0.115625 0.065625 0.056250
2 0.433594 0.646875 0.048438 0.115625
1 0.429688 0.852344 0.137500 0.110937
2 0.410938 0.486719 0.031250 0.029687
5 0.178906 0.417187 0.039062 0.040625
2 0.560156 0.164062 0.057813 0.046875
1 0.450000 0.268750 0.050000 0.034375
1 0.788281 0.460938 0.101562 0.100000
2 0.485156 0.846875 0.039062 0.050000
2 0.594531 0.238281 0.026562 0.035937
2 0.277344 0.646094 0.042188 0.060937
0 0.428906 0.702344 0.042188 0.039062
4 0.475781 0.535937 0.067187 0.093750
2 0.512500 0.753906 0.071875 0.067187
4 0.410156 0.561719 0.220312 0.220312
2 0.782031 0.741406 0.023438 0.020313
2 0.765625 0.430469 0.075000 0.079687
4 0.532813 0.687500 0.025000 0.031250
3 0.339062 0.631250 0.153125 0.153125
1 0.773438 0.452344 0.118750 0.095312
3 0.183594 0.335156 0.176563 0.176563
3 0.560937 0.853125 0.090625 0.090625
0 0.560156 0.094531 0.029687 0.035937
4 0.514844 0.385156 0.098437 0.104688
5 0.356250 0.249219 0.046875 0.035937
1 0.314063 0.606250 0.078125 0.071875
5 0.646094 0.230469 0.039062 0.039062
1 0.380469 0.808594 0.117188 0.135937
2 0.462500 0.607031 0.025000 0.023438
3 0.696875 0.298438 0.306250 0.306250
1 0.406250 0.540625 0.053125 0.046875
3 0.601562 0.514844 0.106250 0.117188
3 0.800000 0.455469 0.212500 0.220312
3 0.500000 0.471875 0.175000 0.131250
2 0.724219 0.706250 0.032813 0.034375
5 0.642188 0.800781 0.071875 0.079687
5 0.300781 0.562500 0.042188 0.034375
5 0.446875 0.893750 0.028125 0.025000
2 0.172656 0.652344 0.051562 0.045312
0 0.167969 0.570312 0.064062 0.062500
4 0.371094 0.715625 0.089063 0.090625
3 0.893750 0.414062 0.087500 0.087500
3 0.235156 0.252344 0.148438 0.148438
5 0.500781 0.496875 0.051562 0.050000
2 0.252344 0.364844 0.051562 0.042188
3 0.598437 0.671875 0.106250 0.106250
1 0.718750 0.442188 0.121875 0.121875
3 0.739844 0.631250 0.226562 0.262500
1 0.800000 0.597656 0.065625 0.057813
5 0.215625 0.546875 0.028125 0.028125
4 0.226562 0.565625 0.028125 0.028125
1 0.820312 0.350781 0.062500 0.067187
2 0.293750 0.446875 0.075000 0.068750