4 0.496875 0.286719 0.118750 0.120313
2 0.279687 0.706250 0.093750 0.087500
3 0.643750 0.650000 0.325000 0.228125
4 0.485156 0.799219 0.098437 0.064062
5 0.869531 0.292187 0.035937 0.034375
5 0.807813 0.615625 0.050000 0.046875
2 0.850781 0.710938 0.039062 0.050000
5 0.456250 0.713281 0.021875 0.020313
3 0.836719 0.497656 0.076563 0.076563
5 0.249219 0.235937 0.045312 0.040625
1 0.553125 0.885156 0.040625 0.054688
3 0.543750 0.441406 0.262500 0.282813
5 0.292969 0.431250 0.051562 0.046875
5 0.139063 0.408594 0.031250 0.032813
2 0.821875 0.338281 0.062500 0.048438
3 0.311719 0.203906 0.148438 0.148438
3 0.379688 0.200000 0.084375 0.084375
3 0.425781 0.388281 0.120313 0.120313
3 0.353125 0.354687 0.190625 0.190625
5 0.342969 0.506250 0.039062 0.037500
5 0.466406 0.708594 0.035937 0.035937
0 0.171875 0.646094 0.062500 0.051562
2 0.699219 0.163281 0.048438 0.035937
2 0.341406 0.246875 0.048438 0.050000
5 0.126562 0.507031 0.037500 0.039062
3 0.493750 0.705469 0.203125 0.245312
2 0.867969 0.510156 0.029687 0.048438
5 0.313281 0.193750 0.035937 0.037500
5 0.490625 0.796094 0.028125 0.026562
2 0.146094 0.632812 0.057813 0.050000
3 0.428906 0.216406 0.239063 0.239063
2 0.183594 0.383594 0.045312 0.051562
1 0.500781 0.503906 0.117188 0.135937
1 0.622656 0.318750 0.048438 0.040625
1 0.710156 0.728125 0.160938 0.131250
2 0.853906 0.432812 0.114062 0.153125
0 0.193750 0.661719 0.056250 0.035937
0 0.536719 0.422656 0.089063 0.104688
1 0.653125 0.838281 0.103125 0.095312
4 0.217188 0.400000 0.196875 0.184375
5 0.350000 0.722656 0.034375 0.029687
1 0.750781 0.187500 0.064062 0.068750
3 0.384375 0.343750 0.109375 0.081250
2 0.712500 0.403906 0.068750 0.070312
0 0.746094 0.446094 0.054688 0.051562
1 0.607031 0.521875 0.051562 0.046875
0 0.342969 0.482031 0.089063 0.079687
4 0.835156 0.441406 0.014063 0.014063
1 0.497656 0.368750 0.079687 0.071875
3 0.500000 0.220312 0.121875 0.121875
2 0.650781 0.550000 0.064062 0.075000
4 0.453906 0.311719 0.132812 0.164062
2 0.627344 0.364063 0.070312 0.062500
3 0.207031 0.544531 0.098437 0.098437
2 0.184375 0.714844 0.028125 0.023438
3 0.327344 0.496094 0.073438 0.107813
4 0.625000 0.872656 0.084375 0.098437
2 0.712500 0.184375 0.046875 0.046875
5 0.711719 0.789062 0.035937 0.043750
1 0.337500 0.495312 0.159375 0.156250
2 0.821875 0.715625 0.106250 0.096875
2 0.786719 0.640625 0.042188 0.046875
3 0.266406 0.486719 0.089063 0.089063
2 0.587500 0.521875 0.040625 0.037500
5 0.331250 0.860938 0.028125 0.031250
4 0.584375 0.098437 0.031250 0.031250
5 0.210938 0.674219 0.025000 0.026562
4 0.161719 0.619531 0.057813 0.054688
4 0.743750 0.807031 0.050000 0.042188
5 0.104688 0.432812 0.043750 0.043750
2 0.631250 0.705469 0.053125 0.051562
5 0.742969 0.222656 0.042188 0.057813
2 0.875781 0.438281 0.045312 0.048438
2 0.196094 0.805469 0.032813 0.026562
4 0.789062 0.402344 0.046875 0.051562
0 0.393750 0.565625 0.078125 0.075000
4 0.660937 0.821875 0.090625 0.090625
3 0.518750 0.626563 0.093750 0.093750
1 0.225781 0.747656 0.067187 0.082812
1 0.394531 0.300781 0.032813 0.039062
1 0.218750 0.341406 0.081250 0.073438
2 0.838281 0.408594 0.098437 0.070312
2 0.233594 0.678125 0.032813 0.037500
3 0.244531 0.764844 0.132812 0.132812
5 0.885156 0.328906 0.035937 0.035937
5 0.328125 0.163281 0.046875 0.045312
0 0.198437 0.494531 0.065625 0.045312
2 0.788281 0.392969 0.073438 0.067187
0 0.145313 0.329688 0.050000 0.068750
3 0.250000 0.367969 0.203125 0.235937
4 0.743750 0.513281 0.068750 0.073438
5 0.360938 0.128906 0.043750 0.035937
1 0.697656 0.561719 0.120313 0.107813
5 0.410156 0.717969 0.073438 0.067187
2 0.372656 0.655469 0.073438 0.064062
1 0.592969 0.763281 0.054688 0.051562
1 0.357031 0.314063 0.079687 0.071875
1 0.774219 0.507031 0.073438 0.089063
1 0.728906 0.502344 0.039062 0.039062
3 0.749219 0.622656 0.060937 0.060937
0 0.535156 0.159375 0.064062 0.046875
3 0.380469 0.428906 0.329688 0.329688
0 0.542969 0.317188 0.076563 0.065625
0 0.299219 0.407031 0.032813 0.026562
1 0.490625 0.847656 0.075000 0.076563
4 0.358594 0.630469 0.060937 0.057813
1 0.634375 0.335938 0.056250 0.046875
3 0.407031 0.583594 0.145313 0.145313
1 0.303125 0.321875 0.078125 0.071875
1 0.611719 0.597656 0.048438 0.048438
0 0.299219 0.555469 0.029687 0.026562
2 0.300000 0.382812 0.159375 0.153125
3 0.170313 0.428125 0.146875 0.146875
2 0.488281 0.735938 0.039062 0.034375
4 0.204687 0.225781 0.034375 0.026562
3 0.498437 0.723437 0.115625 0.084375
0 0.717969 0.690625 0.057813 0.059375
4 0.226562 0.706250 0.078125 0.081250
0 0.396094 0.678906 0.029687 0.029687
0 0.707812 0.303125 0.053125 0.043750
0 0.572656 0.517188 0.054688 0.043750
3 0.268750 0.573438 0.184375 0.306250
3 0.428125 0.373437 0.071875 0.071875
3 0.164844 0.547656 0.098437 0.132812
0 0.284375 0.626563 0.084375 0.084375
1 0.287500 0.564844 0.106250 0.101562
4 0.313281 0.380469 0.185938 0.170313
0 0.181250 0.238281 0.053125 0.054688
5 0.434375 0.475000 0.043750 0.040625
3 0.805469 0.453906 0.076563 0.076563