4 0.517188 0.777344 0.034375 0.029687
0 0.210938 0.632812 0.034375 0.028125
2 0.360156 0.102344 0.023438 0.020313
3 0.469531 0.682031 0.129688 0.129688
5 0.866406 0.691406 0.035937 0.035937
4 0.565625 0.544531 0.018750 0.020313
0 0.578125 0.679688 0.056250 0.059375
5 0.585938 0.180469 0.059375 0.057813
2 0.170313 0.692969 0.037500 0.035937
4 0.421094 0.416406 0.023438 0.026562
3 0.151562 0.492188 0.118750 0.118750
0 0.263281 0.525000 0.079687 0.068750
5 0.551562 0.826562 0.025000 0.025000
2 0.919531 0.555469 0.035937 0.042188
1 0.343750 0.223438 0.087500 0.081250
5 0.666406 0.765625 0.042188 0.043750
3 0.754687 0.400781 0.206250 0.207813
4 0.799219 0.457813 0.079687 0.093750
3 0.276562 0.685937 0.109375 0.109375
4 0.679688 0.157812 0.078125 0.087500
1 0.739844 0.258594 0.048438 0.048438
5 0.381250 0.752344 0.043750 0.035937
3 0.785156 0.293750 0.104688 0.106250
2 0.500000 0.296875 0.031250 0.025000
2 0.196875 0.794531 0.034375 0.032813
3 0.460938 0.250000 0.100000 0.100000
5 0.664844 0.285156 0.051562 0.051562
3 0.307031 0.765625 0.123438 0.087500
5 0.348438 0.875000 0.065625 0.062500
3 0.800781 0.735156 0.070312 0.070312
3 0.365625 0.696875 0.100000 0.100000
4 0.314844 0.205469 0.064062 0.057813
3 0.583594 0.357031 0.060937 0.076563
1 0.195312 0.753125 0.081250 0.087500
4 0.120313 0.595313 0.025000 0.043750
1 0.440625 0.816406 0.071875 0.073438
0 0.182812 0.350000 0.100000 0.087500
1 0.370312 0.739844 0.175000 0.107813
3 0.235937 0.557031 0.090625 0.085938
2 0.620313 0.305469 0.100000 0.089063
4 0.391406 0.484375 0.020313 0.021875
1 0.550000 0.342969 0.065625 0.060937
1 0.861719 0.559375 0.114062 0.096875
1 0.436719 0.614062 0.132812 0.137500
2 0.386719 0.799219 0.051562 0.042188
4 0.371094 0.578125 0.035937 0.037500
1 0.425000 0.442969 0.068750 0.082812
0 0.828906 0.539844 0.048438 0.048438
4 0.150781 0.294531 0.017188 0.017188
2 0.285938 0.772656 0.043750 0.045312
5 0.438281 0.533594 0.057813 0.064062
4 0.605469 0.537500 0.032813 0.031250
0 0.842187 0.592187 0.143750 0.143750
1 0.247656 0.595313 0.098437 0.087500
1 0.776563 0.722656 0.081250 0.079687
2 0.488281 0.321875 0.039062 0.028125
3 0.220312 0.449219 0.115625 0.257812
3 0.721094 0.416406 0.135937 0.182812
4 0.588281 0.208594 0.057813 0.048438
5 0.888281 0.481250 0.054688 0.050000
0 0.210156 0.401562 0.129688 0.109375
5 0.439063 0.678125 0.031250 0.031250
3 0.817187 0.326562 0.106250 0.106250
2 0.765625 0.813281 0.046875 0.048438
4 0.598437 0.462500 0.109375 0.121875
0 0.614062 0.410156 0.065625 0.067187
5 0.262500 0.477344 0.028125 0.026562
5 0.725781 0.241406 0.042188 0.032813
5 0.371875 0.610156 0.050000 0.048438
0 0.475781 0.657031 0.023438 0.020313
2 0.759375 0.570312 0.015625 0.015625
1 0.830469 0.482031 0.045312 0.042188
0 0.850000 0.522656 0.025000 0.020313
5 0.425781 0.350000 0.039062 0.040625
1 0.401562 0.752344 0.090625 0.095312
3 0.189844 0.567969 0.226562 0.226562
3 0.871875 0.600781 0.121875 0.089063
0 0.110156 0.508594 0.051562 0.029687
2 0.238281 0.367969 0.035937 0.035937
2 0.650781 0.196875 0.045312 0.040625
4 0.259375 0.434375 0.078125 0.087500
0 0.909375 0.392188 0.037500 0.034375
0 0.762500 0.719531 0.131250 0.126562
4 0.237500 0.567187 0.078125 0.084375
0 0.616406 0.447656 0.023438 0.032813
4 0.556250 0.491406 0.112500 0.120313
0 0.417187 0.651563 0.056250 0.056250
2 0.397656 0.858594 0.032813 0.032813
0 0.590625 0.193750 0.059375 0.059375
5 0.156250 0.579688 0.050000 0.050000
2 0.367188 0.576562 0.062500 0.062500
2 0.855469 0.292187 0.035937 0.043750
0 0.235937 0.833594 0.046875 0.035937
4 0.670312 0.417187 0.034375 0.034375
2 0.259375 0.474219 0.062500 0.048438
0 0.512500 0.853125 0.078125 0.071875
1 0.569531 0.209375 0.057813 0.075000
4 0.322656 0.312500 0.020313 0.018750
2 0.237500 0.790625 0.043750 0.046875
0 0.283594 0.175000 0.032813 0.028125
1 0.200781 0.585938 0.135937 0.087500
3 0.548438 0.415625 0.334375 0.403125
2 0.644531 0.495312 0.032813 0.028125