2 0.774219 0.777344 0.048438 0.042188
2 0.661719 0.340625 0.039062 0.043750
1 0.465625 0.338281 0.118750 0.132812
3 0.526563 0.634375 0.175000 0.203125
2 0.586719 0.291406 0.035937 0.035937
0 0.511719 0.166406 0.042188 0.035937
3 0.304688 0.707812 0.059375 0.059375
2 0.139844 0.603125 0.023438 0.028125
5 0.569531 0.216406 0.042188 0.039062
1 0.131250 0.580469 0.071875 0.085938
1 0.204687 0.670312 0.121875 0.090625
0 0.807031 0.318750 0.085938 0.078125
0 0.692969 0.326562 0.085938 0.084375
4 0.447656 0.748437 0.310937 0.381250
0 0.296094 0.703125 0.070312 0.084375
5 0.457031 0.717969 0.042188 0.048438
0 0.108594 0.656250 0.035937 0.043750
0 0.580469 0.567969 0.089063 0.076563
3 0.299219 0.408594 0.317188 0.320312
4 0.725000 0.449219 0.025000 0.026562
3 0.398438 0.701562 0.093750 0.093750
0 0.606250 0.330469 0.081250 0.076563
1 0.229687 0.468750 0.115625 0.115625
4 0.274219 0.617969 0.039062 0.023438
0 0.639844 0.259375 0.048438 0.071875
0 0.514844 0.280469 0.107813 0.104688
1 0.400781 0.580469 0.092188 0.076563
0 0.561719 0.837500 0.048438 0.059375
4 0.161719 0.384375 0.035937 0.028125
0 0.630469 0.466406 0.082812 0.095312
2 0.610156 0.087500 0.026562 0.028125
1 0.331250 0.560156 0.050000 0.051562
4 0.433594 0.711719 0.042188 0.067187
1 0.810156 0.629687 0.126562 0.140625
1 0.726562 0.279687 0.040625 0.043750
5 0.509375 0.428125 0.031250 0.037500
3 0.418750 0.717187 0.090625 0.090625
0 0.525781 0.887500 0.035937 0.037500
2 0.760156 0.494531 0.057813 0.054688
1 0.531250 0.715625 0.118750 0.071875
3 0.288281 0.278906 0.110937 0.135937
5 0.693750 0.808594 0.034375 0.035937
2 0.719531 0.281250 0.035937 0.046875
4 0.833594 0.646875 0.039062 0.031250
3 0.471094 0.377344 0.164062 0.145313
4 0.460938 0.589844 0.134375 0.179688
4 0.244531 0.484375 0.048438 0.043750
5 0.172656 0.350000 0.032813 0.040625
5 0.584375 0.790625 0.046875 0.040625
2 0.359375 0.110937 0.053125 0.056250
1 0.231250 0.378906 0.062500 0.067187
3 0.446094 0.757812 0.060937 0.075000
4 0.161719 0.697656 0.039062 0.039062
5 0.693750 0.406250 0.028125 0.025000
4 0.507031 0.707031 0.079687 0.082812
4 0.240625 0.766406 0.059375 0.054688
4 0.908594 0.396875 0.057813 0.046875
4 0.387500 0.893750 0.025000 0.034375
3 0.737500 0.328125 0.087500 0.087500
0 0.228125 0.548438 0.146875 0.131250
5 0.290625 0.591406 0.053125 0.051562
0 0.269531 0.772656 0.067187 0.064062
2 0.372656 0.720313 0.092188 0.078125
0 0.625000 0.277344 0.031250 0.032813
0 0.674219 0.526563 0.039062 0.040625
0 0.635156 0.610156 0.029687 0.026562
3 0.543750 0.161719 0.062500 0.064062
2 0.465625 0.713281 0.040625 0.045312
2 0.421875 0.201563 0.037500 0.037500
1 0.232031 0.630469 0.107813 0.120313
1 0.531250 0.827344 0.143750 0.145313
0 0.493750 0.381250 0.100000 0.087500
0 0.617188 0.250000 0.106250 0.096875
5 0.324219 0.303906 0.029687 0.023438
1 0.403125 0.529687 0.078125 0.128125
2 0.691406 0.646875 0.051562 0.040625
3 0.276562 0.426563 0.106250 0.106250
0 0.636719 0.719531 0.132812 0.114062
2 0.626563 0.455469 0.059375 0.048438
0 0.452344 0.175781 0.035937 0.054688
1 0.267969 0.764844 0.070312 0.070312
4 0.222656 0.731250 0.073438 0.062500
4 0.510156 0.825781 0.104688 0.073438
3 0.428906 0.138281 0.092188 0.092188
5 0.414844 0.707031 0.042188 0.029687
4 0.565625 0.438281 0.100000 0.082812
1 0.593750 0.207031 0.118750 0.104688
0 0.352344 0.292969 0.048438 0.048438
0 0.909375 0.567187 0.028125 0.028125
0 0.538281 0.153906 0.095312 0.101562
2 0.517188 0.751563 0.040625 0.046875
0 0.619531 0.317188 0.132812 0.112500
0 0.265625 0.558594 0.081250 0.117188
1 0.737500 0.733594 0.096875 0.107813
5 0.550000 0.389844 0.087500 0.070312
4 0.499219 0.775781 0.067187 0.057813
3 0.541406 0.639062 0.276562 0.287500
5 0.753125 0.803125 0.031250 0.034375
0 0.885156 0.670312 0.048438 0.050000
4 0.319531 0.795312 0.014063 0.015625
1 0.785937 0.252344 0.140625 0.120313