5 0.675000 0.869531 0.040625 0.035937
2 0.731250 0.673438 0.034375 0.043750
3 0.364844 0.678906 0.185938 0.185938
1 0.514062 0.245312 0.084375 0.115625
5 0.294531 0.865625 0.032813 0.056250
4 0.207813 0.789062 0.021875 0.021875
3 0.501563 0.235937 0.171875 0.231250
2 0.553906 0.468750 0.020313 0.021875
5 0.816406 0.387500 0.039062 0.040625
0 0.548438 0.570312 0.046875 0.040625
1 0.240625 0.642188 0.065625 0.084375
2 0.266406 0.548438 0.060937 0.059375
4 0.368750 0.212500 0.025000 0.025000
1 0.171094 0.672656 0.070312 0.064062
5 0.533594 0.914844 0.051562 0.051562
4 0.332813 0.620313 0.025000 0.025000
5 0.349219 0.432812 0.035937 0.031250
3 0.450781 0.332031 0.120313 0.120313
2 0.453906 0.734375 0.042188 0.037500
2 0.325781 0.750000 0.042188 0.040625
1 0.876563 0.380469 0.103125 0.092188
4 0.532031 0.232031 0.035937 0.039062
2 0.641406 0.854688 0.026562 0.025000
5 0.530469 0.871875 0.042188 0.056250
1 0.724219 0.759375 0.098437 0.096875
4 0.287500 0.708594 0.071875 0.054688
5 0.464844 0.577344 0.035937 0.035937
5 0.451562 0.741406 0.050000 0.054688
4 0.665625 0.591406 0.050000 0.057813
0 0.423438 0.618750 0.103125 0.093750
2 0.525781 0.127344 0.026562 0.020313
3 0.203906 0.522656 0.254688 0.214062
4 0.585938 0.261719 0.018750 0.032813
5 0.673438 0.300000 0.025000 0.025000
4 0.094531 0.451562 0.035937 0.037500
0 0.850000 0.296875 0.068750 0.075000
5 0.799219 0.762500 0.051562 0.050000
1 0.196094 0.686719 0.057813 0.064062
3 0.357812 0.332813 0.296875 0.296875
1 0.099219 0.584375 0.070312 0.068750
5 0.582031 0.684375 0.045312 0.040625
4 0.723437 0.741406 0.087500 0.114062
5 0.724219 0.509375 0.020313 0.015625
2 0.584375 0.681250 0.034375 0.034375
2 0.796094 0.302344 0.026562 0.032813
5 0.610938 0.309375 0.037500 0.053125
0 0.655469 0.296094 0.051562 0.054688
4 0.769531 0.376563 0.026562 0.025000
3 0.464062 0.348438 0.100000 0.065625
1 0.572656 0.242188 0.114062 0.096875
3 0.736719 0.656250 0.126562 0.106250
0 0.625000 0.474219 0.046875 0.045312
4 0.871875 0.680469 0.021875 0.026562
3 0.596875 0.665625 0.271875 0.271875
2 0.275781 0.335938 0.014063 0.025000
5 0.378906 0.564063 0.054688 0.046875
0 0.207813 0.479687 0.093750 0.068750
5 0.733594 0.625781 0.042188 0.042188
4 0.833594 0.467969 0.039062 0.035937
1 0.592187 0.428125 0.046875 0.043750
0 0.463281 0.378906 0.045312 0.045312
0 0.811719 0.639062 0.082812 0.084375
0 0.382031 0.229687 0.048438 0.043750
2 0.875781 0.471094 0.070312 0.079687
3 0.687500 0.805469 0.134375 0.085938
2 0.496094 0.380469 0.298438 0.276562
3 0.480469 0.589844 0.098437 0.110937
1 0.301563 0.185938 0.056250 0.084375
0 0.199219 0.592969 0.051562 0.045312
0 0.553125 0.195312 0.062500 0.065625
1 0.237500 0.213281 0.065625 0.054688
4 0.762500 0.409375 0.040625 0.037500
3 0.522656 0.790625 0.185938 0.193750
1 0.614062 0.868750 0.031250 0.031250
1 0.325000 0.575781 0.143750 0.151562
3 0.778906 0.746094 0.076563 0.076563
2 0.649219 0.218750 0.101562 0.090625
4 0.417187 0.270313 0.075000 0.087500
4 0.367969 0.824219 0.042188 0.045312
3 0.503125 0.609375 0.081250 0.081250
4 0.296875 0.793750 0.021875 0.021875
1 0.464062 0.590625 0.046875 0.053125
3 0.283594 0.203906 0.117188 0.117188
1 0.697656 0.425000 0.067187 0.096875
4 0.164844 0.775000 0.026562 0.028125
0 0.460938 0.256250 0.050000 0.043750
3 0.439063 0.770312 0.312500 0.337500
2 0.525781 0.598437 0.064062 0.056250
0 0.440625 0.350781 0.112500 0.110937
2 0.340625 0.343750 0.053125 0.046875
1 0.754687 0.786719 0.109375 0.117188
4 0.203906 0.603906 0.032813 0.029687
2 0.415625 0.536719 0.078125 0.076563
2 0.206250 0.726562 0.053125 0.053125
1 0.203906 0.442969 0.060937 0.076563
5 0.282031 0.242969 0.076563 0.067187
4 0.250781 0.464062 0.060937 0.050000
3 0.732812 0.332813 0.112500 0.112500
3 0.313281 0.828906 0.132812 0.132812
5 0.121875 0.642188 0.040625 0.050000
3 0.153906 0.391406 0.070312 0.070312
2 0.545312 0.634375 0.034375 0.037500
5 0.284375 0.717969 0.025000 0.029687
4 0.450781 0.142969 0.014063 0.014063
4 0.406250 0.866406 0.059375 0.048438
0 0.264844 0.175781 0.076563 0.070312
3 0.504687 0.340625 0.146875 0.146875
3 0.545312 0.680469 0.362500 0.232813
3 0.337500 0.576562 0.056250 0.056250
4 0.557031 0.779687 0.029687 0.040625
5 0.346094 0.477344 0.042188 0.042188
0 0.700781 0.832031 0.114062 0.110937
2 0.580469 0.397656 0.182812 0.139063
2 0.577344 0.680469 0.029687 0.029687
4 0.495312 0.118750 0.100000 0.112500
0 0.718750 0.579688 0.050000 0.062500
4 0.416406 0.796094 0.042188 0.042188