2 0.825781 0.514844 0.060937 0.060937
2 0.586719 0.754687 0.035937 0.031250
0 0.471875 0.446875 0.050000 0.065625
5 0.253906 0.671094 0.023438 0.029687
4 0.561719 0.560156 0.117188 0.126562
5 0.376563 0.303906 0.037500 0.035937
4 0.331250 0.442969 0.037500 0.048438
2 0.383594 0.218750 0.098437 0.115625
5 0.834375 0.236719 0.025000 0.023438
2 0.343750 0.203125 0.028125 0.037500
4 0.413281 0.442188 0.110937 0.162500
3 0.623437 0.545312 0.106250 0.106250
4 0.483594 0.731250 0.042188 0.050000
4 0.651563 0.373437 0.034375 0.037500
1 0.567969 0.208594 0.064062 0.064062
3 0.527344 0.802344 0.107813 0.107813
0 0.128125 0.489844 0.062500 0.057813
2 0.793750 0.655469 0.034375 0.032813
4 0.131250 0.554688 0.021875 0.021875
2 0.676562 0.643750 0.046875 0.050000
1 0.205469 0.564063 0.082812 0.093750
4 0.289844 0.669531 0.098437 0.092188
4 0.721094 0.227344 0.017188 0.014063
3 0.571094 0.477344 0.092188 0.092188
0 0.119531 0.543750 0.048438 0.056250
3 0.198437 0.292969 0.059375 0.079687
1 0.762500 0.657813 0.075000 0.062500
3 0.564063 0.467187 0.193750 0.143750
0 0.226562 0.809375 0.053125 0.040625
0 0.771875 0.475781 0.106250 0.095312
0 0.260156 0.272656 0.064062 0.067187
0 0.487500 0.670312 0.150000 0.146875
0 0.239844 0.176563 0.032813 0.031250
0 0.467969 0.454688 0.129688 0.143750
2 0.190625 0.459375 0.050000 0.053125
2 0.690625 0.301563 0.040625 0.046875
2 0.360938 0.573438 0.056250 0.053125
5 0.825781 0.646875 0.020313 0.025000
5 0.132031 0.669531 0.045312 0.045312
0 0.420312 0.371875 0.065625 0.059375
2 0.381250 0.498437 0.065625 0.046875
5 0.536719 0.460938 0.039062 0.046875
4 0.587500 0.188281 0.031250 0.023438
4 0.388281 0.137500 0.014063 0.018750
2 0.762500 0.467969 0.031250 0.029687
2 0.211719 0.532031 0.048438 0.051562
1 0.687500 0.596875 0.084375 0.071875
2 0.864844 0.625000 0.051562 0.056250
4 0.297656 0.193750 0.076563 0.065625
0 0.353125 0.748437 0.028125 0.025000
0 0.243750 0.353125 0.062500 0.050000
3 0.175000 0.671875 0.112500 0.112500
1 0.742969 0.567969 0.092188 0.079687
5 0.385937 0.534375 0.037500 0.034375
5 0.546875 0.490625 0.028125 0.028125
3 0.250781 0.533594 0.157812 0.132812
3 0.698438 0.328906 0.290625 0.257812
4 0.423438 0.082031 0.028125 0.023438
1 0.535937 0.489063 0.093750 0.096875
4 0.325781 0.596094 0.039062 0.023438
3 0.769531 0.438281 0.204687 0.204687
4 0.510938 0.079687 0.018750 0.021875
0 0.404687 0.661719 0.037500 0.035937
5 0.571875 0.117188 0.034375 0.031250
4 0.810156 0.221094 0.035937 0.035937
2 0.407031 0.357812 0.048438 0.043750
1 0.884375 0.549219 0.028125 0.054688
0 0.468750 0.464062 0.062500 0.053125
3 0.555469 0.449219 0.270313 0.160938
0 0.317969 0.466406 0.085938 0.085938
3 0.271094 0.260937 0.132812 0.168750
4 0.714844 0.815625 0.023438 0.031250
4 0.736719 0.307812 0.057813 0.056250
3 0.292187 0.631250 0.103125 0.103125
4 0.193750 0.800000 0.025000 0.021875
5 0.142969 0.392188 0.042188 0.037500
4 0.810937 0.555469 0.021875 0.020313
5 0.695312 0.590625 0.084375 0.062500
0 0.302344 0.213281 0.092188 0.073438
4 0.764062 0.380469 0.031250 0.032813
4 0.255469 0.653125 0.076563 0.075000
5 0.647656 0.729688 0.029687 0.025000
2 0.365625 0.608594 0.034375 0.035937
0 0.341406 0.496875 0.054688 0.053125
2 0.708594 0.850781 0.060937 0.073438
2 0.310156 0.635938 0.073438 0.071875
5 0.749219 0.625781 0.023438 0.023438
2 0.385156 0.787500 0.048438 0.056250
5 0.248438 0.772656 0.037500 0.035937
4 0.511719 0.847656 0.026562 0.023438
2 0.677344 0.447656 0.042188 0.042188
4 0.460156 0.496094 0.026562 0.032813
2 0.429688 0.337500 0.018750 0.018750
0 0.554688 0.137500 0.034375 0.037500
4 0.400000 0.830469 0.018750 0.014063
2 0.168750 0.689063 0.096875 0.081250
4 0.314063 0.728906 0.031250 0.045312
5 0.842187 0.656250 0.043750 0.046875
0 0.606250 0.433594 0.053125 0.051562
2 0.850781 0.577344 0.045312 0.048438