1 0.234375 0.424219 0.078125 0.092188
3 0.373437 0.415625 0.106250 0.106250
4 0.203125 0.762500 0.050000 0.046875
0 0.728125 0.618750 0.040625 0.034375
4 0.403125 0.340625 0.096875 0.081250
1 0.304688 0.494531 0.112500 0.104688
3 0.394531 0.639844 0.067187 0.067187
3 0.339844 0.531250 0.148438 0.212500
3 0.308594 0.830469 0.085938 0.085938
3 0.412500 0.736719 0.153125 0.248438
5 0.545312 0.714063 0.031250 0.025000
0 0.325000 0.766406 0.056250 0.067187
0 0.292969 0.146094 0.032813 0.032813
0 0.545312 0.535156 0.046875 0.045312
5 0.496875 0.648438 0.056250 0.059375
0 0.564063 0.467187 0.168750 0.153125
2 0.409375 0.586719 0.081250 0.067187
3 0.612500 0.384375 0.071875 0.093750
5 0.620313 0.369531 0.034375 0.035937
0 0.207031 0.295312 0.057813 0.050000
2 0.528906 0.296875 0.020313 0.021875
0 0.523438 0.563281 0.059375 0.057813
3 0.255469 0.259375 0.060937 0.103125
4 0.823438 0.290625 0.056250 0.059375
5 0.772656 0.594531 0.042188 0.042188
1 0.246094 0.635156 0.085938 0.098437
2 0.225000 0.413281 0.087500 0.060937
0 0.706250 0.167969 0.025000 0.026562
3 0.403906 0.858594 0.076563 0.076563
4 0.588281 0.321094 0.017188 0.017188
5 0.696094 0.514062 0.060937 0.062500
5 0.224219 0.482031 0.045312 0.039062
2 0.858594 0.681250 0.026562 0.025000
0 0.538281 0.607031 0.135937 0.123438
3 0.494531 0.389062 0.095312 0.125000
3 0.210938 0.328125 0.159375 0.159375
1 0.569531 0.406250 0.170313 0.118750
2 0.110156 0.653906 0.029687 0.048438
0 0.358594 0.692187 0.129688 0.153125
4 0.281250 0.285938 0.068750 0.059375
2 0.342187 0.751563 0.025000 0.025000
0 0.715625 0.703906 0.125000 0.123438
1 0.412500 0.225781 0.046875 0.048438
0 0.831250 0.567969 0.106250 0.089063
3 0.565625 0.210938 0.243750 0.243750
3 0.514844 0.282031 0.082812 0.082812
3 0.747656 0.524219 0.110937 0.110937
3 0.421875 0.609375 0.178125 0.396875
3 0.521875 0.587500 0.078125 0.078125
3 0.196094 0.350781 0.104688 0.104688
0 0.645312 0.417187 0.043750 0.037500
1 0.788281 0.689844 0.029687 0.039062
2 0.778125 0.310156 0.081250 0.070312
2 0.802344 0.230469 0.029687 0.029687
4 0.145313 0.638281 0.050000 0.048438
5 0.375781 0.108594 0.054688 0.048438
2 0.782813 0.667188 0.078125 0.081250
4 0.180469 0.622656 0.039062 0.039062
4 0.508594 0.681250 0.035937 0.031250
4 0.267969 0.313281 0.067187 0.067187
5 0.721875 0.153906 0.050000 0.051562
0 0.459375 0.083594 0.040625 0.032813
5 0.334375 0.353906 0.037500 0.048438
1 0.163281 0.497656 0.085938 0.082812
2 0.133594 0.511719 0.054688 0.048438
1 0.696875 0.794531 0.081250 0.085938
1 0.512500 0.857031 0.162500 0.182812
1 0.662500 0.609375 0.081250 0.090625
3 0.704688 0.730469 0.115625 0.092188
0 0.575781 0.503906 0.076563 0.079687
3 0.588281 0.387500 0.226562 0.328125
4 0.538281 0.820312 0.070312 0.062500
1 0.250000 0.628906 0.137500 0.170313
3 0.875000 0.439844 0.062500 0.064062
3 0.810937 0.779687 0.059375 0.059375
0 0.514062 0.550000 0.081250 0.090625
5 0.358594 0.694531 0.032813 0.032813
0 0.333594 0.484375 0.064062 0.065625
3 0.787500 0.223438 0.068750 0.068750
0 0.400000 0.741406 0.093750 0.076563
3 0.374219 0.633594 0.132812 0.220312
3 0.620313 0.715625 0.150000 0.150000
1 0.714844 0.811719 0.126562 0.135937
0 0.631250 0.285938 0.062500 0.056250
4 0.588281 0.384375 0.045312 0.046875
1 0.770312 0.335938 0.106250 0.109375
3 0.768750 0.215625 0.106250 0.106250
2 0.362500 0.356250 0.037500 0.056250
5 0.743750 0.345313 0.028125 0.034375
2 0.733594 0.516406 0.054688 0.067187
2 0.599219 0.091406 0.045312 0.045312
0 0.099219 0.507812 0.054688 0.046875
5 0.733594 0.493750 0.026562 0.028125
3 0.339844 0.716406 0.110937 0.110937
5 0.677344 0.846875 0.060937 0.056250
0 0.593750 0.421875 0.078125 0.053125
4 0.555469 0.903906 0.054688 0.045312
0 0.114062 0.630469 0.081250 0.073438
4 0.704688 0.300781 0.031250 0.032813
4 0.265625 0.610156 0.018750 0.023438
0 0.535156 0.397656 0.048438 0.064062
4 0.637500 0.516406 0.146875 0.157812
5 0.185938 0.432031 0.015625 0.017188
5 0.584375 0.805469 0.043750 0.029687
5 0.487500 0.260156 0.031250 0.045312
4 0.621094 0.310937 0.039062 0.028125
3 0.300781 0.435937 0.373437 0.271875
3 0.882031 0.554688 0.107813 0.106250
3 0.312500 0.539844 0.168750 0.220312
3 0.679688 0.383594 0.362500 0.329688
4 0.377344 0.661719 0.089063 0.082812
5 0.464844 0.211719 0.042188 0.042188
2 0.731250 0.355469 0.025000 0.042188
4 0.282031 0.428906 0.039062 0.032813
3 0.725781 0.450781 0.129688 0.154688
4 0.388281 0.857812 0.051562 0.056250
4 0.635938 0.416406 0.031250 0.026562
4 0.282031 0.163281 0.023438 0.026562
0 0.884375 0.655469 0.065625 0.060937
2 0.318750 0.360938 0.040625 0.053125
4 0.857812 0.682031 0.031250 0.026562
2 0.796094 0.578906 0.207813 0.220312
2 0.632812 0.320312 0.046875 0.059375
1 0.317188 0.578906 0.100000 0.101562