3 0.203906 0.286719 0.123438 0.123438
1 0.473438 0.792969 0.075000 0.082812
1 0.754687 0.368750 0.087500 0.090625
0 0.416406 0.116406 0.064062 0.054688
4 0.412500 0.295312 0.121875 0.159375
4 0.515625 0.351562 0.053125 0.062500
1 0.209375 0.377344 0.137500 0.098437
2 0.298438 0.564844 0.034375 0.035937
1 0.506250 0.696875 0.040625 0.068750
0 0.804688 0.701562 0.028125 0.043750
3 0.373437 0.443750 0.096875 0.096875
2 0.670312 0.144531 0.056250 0.035937
5 0.843750 0.694531 0.025000 0.023438
2 0.435937 0.567187 0.031250 0.021875
4 0.407813 0.116406 0.028125 0.029687
3 0.409375 0.246094 0.193750 0.189062
0 0.759375 0.214062 0.040625 0.034375
0 0.645312 0.639062 0.031250 0.043750
0 0.810937 0.323437 0.106250 0.100000
5 0.486719 0.509375 0.045312 0.056250
2 0.616406 0.234375 0.051562 0.056250
5 0.610156 0.205469 0.039062 0.042188
2 0.367969 0.225000 0.067187 0.068750
2 0.352344 0.567187 0.048438 0.056250
1 0.263281 0.736719 0.073438 0.064062
2 0.449219 0.153125 0.054688 0.050000
1 0.526563 0.639844 0.100000 0.092188
4 0.677344 0.151562 0.101562 0.075000
4 0.477344 0.285156 0.023438 0.023438
1 0.424219 0.568750 0.060937 0.068750
2 0.440625 0.708594 0.050000 0.054688
0 0.742188 0.238281 0.037500 0.035937
1 0.742188 0.342969 0.106250 0.082812
3 0.529687 0.667188 0.287500 0.256250
0 0.364063 0.701562 0.034375 0.050000
4 0.589844 0.519531 0.032813 0.032813
0 0.656250 0.524219 0.081250 0.085938
2 0.428125 0.685156 0.206250 0.176563
1 0.809375 0.746094 0.100000 0.079687
0 0.882812 0.513281 0.106250 0.098437
3 0.496875 0.553125 0.084375 0.084375
4 0.703125 0.700000 0.037500 0.031250
4 0.835156 0.318750 0.048438 0.043750
1 0.786719 0.560156 0.132812 0.095312
0 0.384375 0.702344 0.046875 0.054688
3 0.328125 0.602344 0.087500 0.042188
5 0.650000 0.217188 0.037500 0.034375
3 0.247656 0.432031 0.142187 0.142187
2 0.168750 0.676562 0.078125 0.059375
4 0.660937 0.431250 0.015625 0.015625
0 0.375000 0.142187 0.100000 0.081250
2 0.450781 0.268750 0.020313 0.021875
4 0.735938 0.245312 0.090625 0.078125
2 0.140625 0.634375 0.059375 0.046875
2 0.625781 0.657813 0.101562 0.081250
4 0.299219 0.228125 0.032813 0.034375
4 0.178906 0.523438 0.029687 0.021875
4 0.468750 0.871875 0.025000 0.021875
1 0.150781 0.476562 0.089063 0.112500
4 0.125781 0.470313 0.026562 0.028125
2 0.715625 0.796094 0.043750 0.035937
2 0.118750 0.447656 0.031250 0.042188
2 0.342969 0.869531 0.045312 0.054688
4 0.539844 0.141406 0.054688 0.048438
5 0.207031 0.789844 0.042188 0.035937
5 0.708594 0.138281 0.032813 0.032813
1 0.580469 0.408594 0.051562 0.042188
1 0.282031 0.270313 0.073438 0.071875
0 0.859375 0.367969 0.050000 0.045312
0 0.621094 0.237500 0.060937 0.059375
1 0.504687 0.260937 0.156250 0.156250
0 0.809375 0.255469 0.056250 0.051562
2 0.439063 0.509375 0.259375 0.281250
0 0.864062 0.415625 0.028125 0.037500
4 0.326562 0.285156 0.025000 0.023438
0 0.407031 0.773438 0.064062 0.068750
0 0.606250 0.437500 0.231250 0.162500
3 0.556250 0.703125 0.343750 0.343750
4 0.717969 0.785156 0.026562 0.023438
3 0.328906 0.510156 0.248438 0.179688
1 0.231250 0.764062 0.025000 0.025000
4 0.706250 0.742188 0.031250 0.034375
3 0.709375 0.715625 0.125000 0.125000
4 0.483594 0.696875 0.017188 0.021875
2 0.103125 0.581250 0.084375 0.078125
5 0.489844 0.864062 0.051562 0.053125
5 0.167187 0.597656 0.050000 0.051562
0 0.553906 0.114844 0.023438 0.020313
0 0.607812 0.198437 0.115625 0.115625
0 0.444531 0.320312 0.082812 0.084375
2 0.349219 0.597656 0.079687 0.085938
3 0.432812 0.803906 0.121875 0.104688
3 0.311719 0.767188 0.201563 0.240625
1 0.766406 0.752344 0.098437 0.104688
3 0.571094 0.785937 0.289062 0.234375
4 0.520312 0.550000 0.025000 0.034375
0 0.431250 0.116406 0.037500 0.035937
0 0.371094 0.182812 0.029687 0.025000
5 0.389062 0.136719 0.056250 0.054688
4 0.412500 0.921094 0.025000 0.020313
4 0.320312 0.682813 0.059375 0.065625
3 0.785156 0.523438 0.076563 0.100000
5 0.789844 0.546875 0.032813 0.043750
3 0.301563 0.271875 0.253125 0.253125
1 0.494531 0.517969 0.135937 0.079687
5 0.462500 0.900000 0.062500 0.062500
5 0.250000 0.499219 0.025000 0.048438
3 0.262500 0.703125 0.065625 0.065625
4 0.671875 0.564844 0.043750 0.045312
1 0.397656 0.421875 0.098437 0.137500
0 0.339062 0.357812 0.100000 0.087500
4 0.305469 0.702344 0.023438 0.020313
3 0.353906 0.432031 0.245312 0.245312
0 0.300781 0.806250 0.148438 0.134375
2 0.205469 0.239844 0.032813 0.035937
2 0.655469 0.210938 0.026562 0.025000
5 0.325000 0.792969 0.059375 0.054688
1 0.717187 0.855469 0.050000 0.042188
5 0.831250 0.407031 0.031250 0.026562
0 0.871875 0.620313 0.040625 0.037500
5 0.828125 0.399219 0.046875 0.045312
4 0.523438 0.829688 0.059375 0.071875
0 0.409375 0.545312 0.025000 0.015625
2 0.137500 0.364063 0.075000 0.109375
1 0.146875 0.442188 0.084375 0.075000
4 0.328125 0.387500 0.137500 0.146875
0 0.313281 0.554688 0.039062 0.043750
4 0.471094 0.150000 0.042188 0.046875
4 0.544531 0.157031 0.098437 0.079687
5 0.756250 0.425781 0.043750 0.045312
1 0.718750 0.155469 0.043750 0.039062
5 0.378125 0.473438 0.043750 0.043750
5 0.531250 0.435937 0.059375 0.043750
5 0.120313 0.425781 0.040625 0.035937
4 0.421875 0.861719 0.025000 0.020313
4 0.654687 0.227344 0.171875 0.157812
3 0.433594 0.598437 0.098437 0.100000