3 0.310937 0.454688 0.103125 0.103125
1 0.484375 0.834375 0.106250 0.100000
4 0.136719 0.446875 0.020313 0.018750
0 0.775781 0.348438 0.057813 0.050000
1 0.323437 0.298438 0.146875 0.106250
3 0.177344 0.536719 0.076563 0.076563
0 0.110937 0.563281 0.078125 0.073438
1 0.156250 0.589063 0.062500 0.062500
5 0.307812 0.418750 0.043750 0.043750
2 0.148438 0.562500 0.053125 0.050000
3 0.481250 0.609375 0.237500 0.237500
0 0.275000 0.480469 0.028125 0.026562
2 0.743750 0.767969 0.034375 0.032813
5 0.632031 0.602344 0.026562 0.045312
2 0.528125 0.485156 0.084375 0.123438
3 0.642969 0.791406 0.076563 0.092188
0 0.283594 0.190625 0.067187 0.081250
0 0.888281 0.346875 0.051562 0.046875
1 0.637500 0.718750 0.093750 0.096875
0 0.829688 0.603906 0.037500 0.032813
1 0.816406 0.425781 0.039062 0.092188
1 0.526563 0.362500 0.075000 0.103125
0 0.790625 0.349219 0.068750 0.064062
4 0.253906 0.232813 0.020313 0.018750
3 0.748437 0.727344 0.090625 0.129688
2 0.240625 0.320312 0.046875 0.043750
0 0.403906 0.390625 0.045312 0.037500
4 0.171094 0.353906 0.035937 0.032813
1 0.791406 0.762500 0.110937 0.090625
0 0.413281 0.382812 0.076563 0.075000
2 0.421875 0.237500 0.034375 0.037500
4 0.541406 0.257812 0.029687 0.037500
4 0.646875 0.189062 0.037500 0.031250
4 0.745313 0.681250 0.025000 0.028125
5 0.664844 0.885156 0.023438 0.023438
1 0.288281 0.812500 0.085938 0.093750
5 0.542188 0.600000 0.028125 0.025000
0 0.338281 0.867188 0.073438 0.062500
4 0.603125 0.400000 0.178125 0.178125
3 0.352344 0.143750 0.107813 0.109375
1 0.398438 0.476562 0.068750 0.087500
5 0.785937 0.273438 0.028125 0.025000
2 0.539844 0.429688 0.023438 0.021875
1 0.240625 0.460156 0.062500 0.057813
4 0.703906 0.692187 0.023438 0.021875
1 0.523438 0.384375 0.106250 0.100000
1 0.549219 0.440625 0.057813 0.081250
1 0.563281 0.232813 0.073438 0.109375
1 0.647656 0.793750 0.076563 0.068750
5 0.714063 0.413281 0.046875 0.035937
5 0.339844 0.310937 0.017188 0.021875