0 0.653906 0.714844 0.101562 0.095312
5 0.632031 0.705469 0.045312 0.048438
0 0.869531 0.420312 0.023438 0.021875
4 0.316406 0.485156 0.070312 0.064062
1 0.109375 0.602344 0.071875 0.057813
5 0.336719 0.763281 0.048438 0.048438
2 0.789062 0.689844 0.031250 0.026562
4 0.469531 0.115625 0.023438 0.025000
0 0.542969 0.871094 0.104688 0.110937
3 0.338281 0.592969 0.126562 0.135937
1 0.328906 0.392188 0.067187 0.068750
3 0.278125 0.706250 0.084375 0.084375
3 0.378125 0.255469 0.078125 0.104688
0 0.137500 0.498437 0.031250 0.034375
3 0.167969 0.352344 0.085938 0.085938
5 0.456250 0.185938 0.078125 0.075000
2 0.560156 0.089844 0.039062 0.029687
0 0.482812 0.517188 0.128125 0.134375
1 0.178906 0.398438 0.151562 0.146875
3 0.140625 0.480469 0.125000 0.120313
2 0.137500 0.510156 0.046875 0.064062
5 0.757031 0.715625 0.042188 0.037500
5 0.788281 0.583594 0.057813 0.029687
3 0.514062 0.583594 0.315625 0.332813
2 0.889844 0.294531 0.017188 0.017188
4 0.567187 0.130469 0.053125 0.070312
0 0.653906 0.244531 0.095312 0.082812
4 0.327344 0.131250 0.048438 0.050000
0 0.422656 0.453906 0.045312 0.042188
4 0.472656 0.150000 0.051562 0.053125
0 0.714063 0.201563 0.106250 0.106250
3 0.305469 0.440625 0.095312 0.131250
3 0.632031 0.474219 0.054688 0.054688
5 0.366406 0.679688 0.035937 0.040625
0 0.847656 0.598437 0.032813 0.031250
5 0.516406 0.332031 0.039062 0.042188
4 0.235156 0.480469 0.070312 0.060937
2 0.894531 0.591406 0.048438 0.064062
4 0.558594 0.650000 0.060937 0.056250
4 0.918750 0.524219 0.043750 0.035937
2 0.082812 0.460156 0.046875 0.045312
3 0.585156 0.519531 0.257812 0.351562
5 0.685937 0.113281 0.031250 0.029687
3 0.739062 0.678125 0.275000 0.228125
2 0.412500 0.488281 0.056250 0.054688
1 0.450000 0.867188 0.115625 0.087500
5 0.611719 0.319531 0.042188 0.042188
4 0.289062 0.861719 0.056250 0.045312
3 0.578125 0.295312 0.131250 0.131250
2 0.553906 0.221094 0.079687 0.070312
2 0.140625 0.435156 0.053125 0.042188
4 0.663281 0.497656 0.023438 0.023438
1 0.639844 0.599219 0.054688 0.073438