2 0.347656 0.353125 0.051562 0.034375
0 0.853125 0.575781 0.134375 0.110937
5 0.838281 0.635156 0.045312 0.048438
3 0.673438 0.526563 0.212500 0.187500
5 0.464062 0.466406 0.046875 0.060937
5 0.261719 0.747656 0.054688 0.060937
4 0.194531 0.771875 0.020313 0.021875
3 0.460938 0.435937 0.490625 0.387500
4 0.482812 0.466406 0.018750 0.020313
1 0.591406 0.672656 0.064062 0.070312
2 0.367188 0.582031 0.037500 0.029687
3 0.334375 0.239063 0.050000 0.050000
4 0.670312 0.676562 0.021875 0.021875
0 0.463281 0.612500 0.054688 0.053125
1 0.741406 0.384375 0.073438 0.081250
3 0.657813 0.391406 0.209375 0.464062
5 0.414844 0.793750 0.023438 0.025000
2 0.200000 0.278906 0.028125 0.023438
0 0.438281 0.753906 0.092188 0.089063
4 0.484375 0.839063 0.025000 0.018750
5 0.316406 0.183594 0.039062 0.045312
0 0.298438 0.228906 0.059375 0.060937
2 0.432812 0.152344 0.068750 0.064062
4 0.277344 0.310156 0.060937 0.054688
2 0.561719 0.134375 0.064062 0.065625
4 0.487500 0.167969 0.056250 0.070312
2 0.317188 0.132812 0.034375 0.025000
2 0.676562 0.771094 0.050000 0.042188
3 0.276562 0.522656 0.081250 0.110937
1 0.620313 0.556250 0.075000 0.078125
2 0.543750 0.334375 0.025000 0.015625
0 0.380469 0.885156 0.054688 0.085938
4 0.403125 0.510156 0.037500 0.042188
2 0.410156 0.590625 0.045312 0.046875
4 0.472656 0.385156 0.020313 0.020313
3 0.303125 0.486719 0.150000 0.151562
4 0.275781 0.352344 0.117188 0.095312
5 0.251563 0.215625 0.021875 0.021875
0 0.813281 0.335156 0.035937 0.032813
5 0.598437 0.880469 0.043750 0.042188
0 0.556250 0.300781 0.053125 0.048438
5 0.141406 0.425781 0.023438 0.029687
3 0.682813 0.647656 0.184375 0.160938
1 0.149219 0.429688 0.101562 0.115625
0 0.646094 0.862500 0.117188 0.103125
2 0.096875 0.435156 0.043750 0.048438
2 0.543750 0.784375 0.015625 0.012500
5 0.276562 0.345313 0.037500 0.034375
1 0.687500 0.482812 0.096875 0.090625
5 0.407031 0.776563 0.045312 0.040625
1 0.664062 0.175781 0.025000 0.039062
3 0.642188 0.225781 0.265625 0.235937
4 0.104688 0.501563 0.059375 0.062500
3 0.420312 0.701562 0.081250 0.081250
0 0.575781 0.736719 0.029687 0.026562
0 0.624219 0.646094 0.064062 0.064062
0 0.347656 0.641406 0.070312 0.057813
0 0.632031 0.372656 0.076563 0.070312
0 0.148438 0.587500 0.096875 0.090625
3 0.739844 0.636719 0.129688 0.129688
3 0.528125 0.704688 0.125000 0.112500
0 0.327344 0.302344 0.057813 0.054688
2 0.504687 0.532813 0.043750 0.037500
0 0.493750 0.814844 0.062500 0.067187
1 0.376563 0.710938 0.071875 0.065625
2 0.314063 0.595313 0.053125 0.050000
2 0.228125 0.563281 0.065625 0.051562
5 0.164062 0.236719 0.028125 0.035937
5 0.773438 0.549219 0.037500 0.042188
5 0.157812 0.338281 0.040625 0.039062
3 0.603125 0.183594 0.221875 0.173437
2 0.885938 0.576562 0.012500 0.018750
3 0.629687 0.417969 0.056250 0.057813
3 0.543750 0.816406 0.103125 0.089063
1 0.600000 0.660156 0.056250 0.064062
3 0.775781 0.702344 0.167187 0.167187
4 0.385937 0.887500 0.025000 0.031250
3 0.449219 0.452344 0.095312 0.095312
1 0.833594 0.670312 0.073438 0.090625
3 0.474219 0.350000 0.129688 0.090625
5 0.430469 0.851562 0.045312 0.056250
1 0.677344 0.250781 0.051562 0.054688
0 0.875000 0.567969 0.034375 0.029687
1 0.260156 0.631250 0.098437 0.090625
0 0.270313 0.742969 0.053125 0.048438
3 0.488281 0.496875 0.451562 0.440625
2 0.764844 0.428906 0.054688 0.057813
5 0.755469 0.748437 0.057813 0.056250
4 0.179688 0.364063 0.025000 0.025000
5 0.639062 0.842969 0.031250 0.032813
2 0.428906 0.331250 0.042188 0.043750
3 0.363281 0.201563 0.082812 0.081250
1 0.632031 0.573438 0.060937 0.068750
1 0.141406 0.564063 0.110937 0.096875
1 0.727344 0.270313 0.026562 0.028125
5 0.483594 0.903906 0.042188 0.045312
5 0.210938 0.784375 0.025000 0.034375
5 0.230469 0.685937 0.064062 0.056250
5 0.525000 0.247656 0.034375 0.035937
5 0.251563 0.262500 0.050000 0.040625
5 0.334375 0.823438 0.056250 0.056250
1 0.131250 0.486719 0.071875 0.051562
2 0.813281 0.559375 0.051562 0.043750
0 0.773438 0.551562 0.050000 0.050000
2 0.530469 0.680469 0.017188 0.014063
2 0.257812 0.571094 0.040625 0.042188