2 0.639844 0.733594 0.029687 0.029687
0 0.469531 0.571094 0.073438 0.070312
4 0.429688 0.342969 0.025000 0.020313
5 0.412500 0.153906 0.034375 0.029687
0 0.145313 0.637500 0.071875 0.065625
5 0.433594 0.252344 0.067187 0.067187
0 0.908594 0.454688 0.032813 0.031250
3 0.422656 0.168750 0.167187 0.128125
4 0.432812 0.128125 0.037500 0.034375
2 0.798438 0.644531 0.050000 0.045312
2 0.815625 0.440625 0.121875 0.140625
4 0.654687 0.846875 0.118750 0.125000
1 0.528906 0.682813 0.054688 0.068750
5 0.397656 0.779687 0.079687 0.068750
3 0.335938 0.646875 0.140625 0.121875
0 0.098437 0.365625 0.028125 0.028125
0 0.530469 0.851562 0.039062 0.040625
5 0.631250 0.700781 0.028125 0.029687
4 0.314063 0.629687 0.021875 0.021875
2 0.503906 0.563281 0.042188 0.032813
5 0.227344 0.570312 0.051562 0.043750
4 0.301563 0.763281 0.021875 0.014063
5 0.435937 0.864844 0.040625 0.045312
3 0.683594 0.347656 0.104688 0.104688
5 0.124219 0.356250 0.032813 0.034375
3 0.417187 0.487500 0.150000 0.143750
5 0.635938 0.160938 0.021875 0.034375
0 0.530469 0.114062 0.095312 0.096875
3 0.698438 0.578125 0.118750 0.118750
4 0.839844 0.318750 0.064062 0.065625
4 0.229687 0.378906 0.040625 0.042188
2 0.157031 0.665625 0.042188 0.040625
2 0.379688 0.450781 0.043750 0.035937
3 0.334375 0.329688 0.259375 0.259375
2 0.289844 0.793750 0.020313 0.018750
4 0.385156 0.700781 0.020313 0.032813
0 0.348438 0.306250 0.028125 0.021875
2 0.201563 0.317969 0.034375 0.042188
5 0.551562 0.590625 0.043750 0.046875
0 0.187500 0.602344 0.021875 0.023438
4 0.591406 0.263281 0.089063 0.085938
2 0.610938 0.643750 0.118750 0.118750
1 0.442969 0.488281 0.120313 0.132812
5 0.677344 0.592969 0.064062 0.064062
1 0.517969 0.377344 0.170313 0.154688
3 0.863281 0.402344 0.092188 0.092188
1 0.306250 0.182031 0.103125 0.101562
5 0.332813 0.431250 0.031250 0.031250
0 0.491406 0.180469 0.035937 0.032813
0 0.297656 0.200781 0.085938 0.076563
4 0.533594 0.239844 0.117188 0.114062
3 0.628906 0.396875 0.232813 0.384375
1 0.651563 0.416406 0.131250 0.107813
1 0.285938 0.850000 0.065625 0.078125
0 0.795312 0.318750 0.106250 0.103125
5 0.742188 0.814063 0.031250 0.037500
0 0.499219 0.666406 0.064062 0.054688
3 0.389844 0.578906 0.301563 0.257812
4 0.420312 0.596094 0.018750 0.017188
1 0.731250 0.679688 0.140625 0.140625
0 0.812500 0.554688 0.128125 0.121875
4 0.387500 0.492969 0.025000 0.029687
5 0.376563 0.438281 0.025000 0.023438
5 0.358594 0.143750 0.026562 0.028125
5 0.835156 0.572656 0.042188 0.029687
0 0.245312 0.180469 0.053125 0.048438
2 0.596875 0.150781 0.025000 0.023438
3 0.397656 0.336719 0.148438 0.151562
3 0.498437 0.214062 0.093750 0.093750
4 0.439063 0.464844 0.018750 0.017188
4 0.878906 0.596094 0.020313 0.032813
3 0.889844 0.590625 0.101562 0.084375
4 0.435937 0.785937 0.090625 0.081250
3 0.386719 0.635156 0.160938 0.160938
3 0.587500 0.484375 0.087500 0.087500
0 0.220312 0.419531 0.090625 0.089063
1 0.403125 0.414844 0.121875 0.110937
2 0.457031 0.161719 0.042188 0.057813
5 0.614844 0.189844 0.057813 0.051562
4 0.498437 0.885938 0.037500 0.043750
4 0.421875 0.607812 0.021875 0.031250