1 0.608594 0.652344 0.064062 0.060937
4 0.598437 0.874219 0.109375 0.092188
5 0.155469 0.328125 0.057813 0.043750
3 0.434375 0.815625 0.125000 0.134375
1 0.768750 0.540625 0.121875 0.084375
2 0.432812 0.807813 0.025000 0.025000
3 0.567969 0.398438 0.101562 0.106250
2 0.690625 0.409375 0.037500 0.046875
2 0.096094 0.565625 0.048438 0.043750
0 0.267188 0.271094 0.031250 0.026562
4 0.418750 0.292969 0.015625 0.020313
3 0.417187 0.265625 0.156250 0.103125
1 0.694531 0.618750 0.095312 0.125000
5 0.735938 0.309375 0.050000 0.046875
2 0.191406 0.690625 0.154688 0.159375
4 0.549219 0.914062 0.035937 0.034375
5 0.717969 0.716406 0.073438 0.064062
1 0.315625 0.720313 0.112500 0.140625
2 0.756250 0.646094 0.031250 0.035937
4 0.659375 0.591406 0.031250 0.029687
5 0.282031 0.668750 0.026562 0.028125
4 0.227344 0.363281 0.076563 0.089063
5 0.450000 0.757812 0.018750 0.037500
4 0.636719 0.250000 0.023438 0.021875
5 0.461719 0.878125 0.035937 0.028125
0 0.207813 0.506250 0.046875 0.040625
2 0.492188 0.409375 0.065625 0.056250
4 0.598437 0.117188 0.028125 0.037500
4 0.474219 0.524219 0.039062 0.057813
2 0.325781 0.249219 0.026562 0.029687
2 0.757812 0.186719 0.031250 0.035937
0 0.694531 0.697656 0.070312 0.073438
3 0.694531 0.235937 0.201563 0.137500
0 0.121875 0.375781 0.046875 0.042188
3 0.817969 0.692969 0.142187 0.142187
5 0.376563 0.719531 0.028125 0.029687
4 0.263281 0.500781 0.248438 0.229687
4 0.389062 0.160938 0.021875 0.025000
0 0.580469 0.924219 0.026562 0.026562
0 0.497656 0.228125 0.082812 0.081250
2 0.367969 0.180469 0.051562 0.054688
0 0.314063 0.786719 0.084375 0.060937
3 0.750000 0.678125 0.062500 0.062500
5 0.756250 0.832031 0.046875 0.042188
5 0.745313 0.174219 0.053125 0.039062
3 0.496094 0.580469 0.114062 0.101562
4 0.381250 0.821094 0.062500 0.057813
4 0.810156 0.482812 0.023438 0.025000
5 0.162500 0.638281 0.021875 0.020313
5 0.185938 0.692187 0.018750 0.018750
3 0.629687 0.332813 0.137500 0.181250
0 0.751563 0.260156 0.103125 0.117188
1 0.225781 0.785937 0.076563 0.106250
0 0.715625 0.292969 0.059375 0.048438
4 0.453906 0.397656 0.114062 0.120313
4 0.564844 0.605469 0.023438 0.023438
4 0.193750 0.289062 0.050000 0.053125
4 0.500781 0.481250 0.042188 0.037500
0 0.231250 0.235156 0.050000 0.060937
1 0.359375 0.839063 0.053125 0.068750
1 0.389844 0.595313 0.101562 0.131250
1 0.124219 0.434375 0.092188 0.078125
3 0.364063 0.134375 0.093750 0.093750
4 0.332813 0.782031 0.084375 0.067187
1 0.588281 0.342187 0.070312 0.068750
3 0.473438 0.819531 0.090625 0.089063
1 0.425000 0.314063 0.062500 0.065625
0 0.806250 0.517188 0.096875 0.078125
4 0.453906 0.229687 0.026562 0.034375
3 0.386719 0.492969 0.207813 0.207813
1 0.163281 0.299219 0.051562 0.048438
0 0.869531 0.398438 0.045312 0.037500
4 0.677344 0.182031 0.082812 0.092188
5 0.796094 0.289844 0.064062 0.064062
1 0.303125 0.254688 0.075000 0.068750
1 0.653125 0.675000 0.096875 0.100000
2 0.578125 0.210938 0.087500 0.090625
2 0.508594 0.330469 0.032813 0.032813
2 0.397656 0.310156 0.070312 0.076563
4 0.517969 0.437500 0.014063 0.018750
2 0.480469 0.214062 0.057813 0.062500
2 0.100781 0.588281 0.057813 0.076563
4 0.542188 0.785937 0.021875 0.021875
1 0.564844 0.231250 0.064062 0.068750
1 0.173437 0.693750 0.046875 0.046875
0 0.478906 0.698438 0.107813 0.056250
5 0.160938 0.323437 0.043750 0.043750
5 0.732031 0.453906 0.026562 0.026562
4 0.543750 0.327344 0.018750 0.020313
1 0.376563 0.514844 0.071875 0.064062
1 0.767188 0.689844 0.109375 0.107813
1 0.407031 0.246875 0.145313 0.146875
5 0.623437 0.363281 0.034375 0.026562
3 0.271094 0.576562 0.414062 0.368750
2 0.317188 0.782031 0.037500 0.020313
1 0.825781 0.550000 0.142187 0.115625
4 0.493750 0.375000 0.090625 0.078125
0 0.523438 0.383594 0.112500 0.148438
4 0.644531 0.227344 0.048438 0.042188
2 0.257031 0.674219 0.042188 0.042188
1 0.282813 0.800000 0.046875 0.037500