5 0.774219 0.419531 0.048438 0.042188
1 0.129688 0.661719 0.068750 0.073438
0 0.796875 0.245312 0.037500 0.037500
0 0.287500 0.170313 0.046875 0.043750
5 0.182812 0.706250 0.059375 0.062500
0 0.454688 0.378906 0.043750 0.039062
0 0.541406 0.348438 0.064062 0.065625
3 0.731250 0.682813 0.062500 0.062500
4 0.352344 0.088281 0.020313 0.020313
4 0.492188 0.185156 0.050000 0.060937
2 0.637500 0.580469 0.028125 0.023438
3 0.411719 0.231250 0.067187 0.093750
5 0.733594 0.267969 0.039062 0.048438
1 0.368750 0.548438 0.106250 0.100000
0 0.231250 0.507031 0.065625 0.054688
1 0.567187 0.228125 0.137500 0.140625
3 0.520312 0.309375 0.159375 0.159375
0 0.510156 0.157031 0.051562 0.042188
5 0.228125 0.382812 0.031250 0.031250
5 0.405469 0.891406 0.029687 0.029687
4 0.216406 0.706250 0.079687 0.075000
5 0.821875 0.585938 0.021875 0.021875
1 0.448437 0.567187 0.084375 0.084375
4 0.567969 0.763281 0.042188 0.054688
1 0.728125 0.677344 0.084375 0.110937
4 0.734375 0.238281 0.087500 0.095312
1 0.403906 0.334375 0.110937 0.075000
5 0.237500 0.477344 0.040625 0.048438
1 0.145313 0.567187 0.078125 0.065625
1 0.753906 0.377344 0.139063 0.185938
4 0.206250 0.539062 0.112500 0.115625
3 0.625781 0.594531 0.082812 0.082812
0 0.140625 0.666406 0.031250 0.045312
1 0.782031 0.651563 0.151562 0.134375
5 0.291406 0.807031 0.048438 0.048438
0 0.489844 0.770312 0.051562 0.050000
4 0.857031 0.450781 0.051562 0.029687
2 0.803125 0.461719 0.040625 0.039062
4 0.180469 0.449219 0.042188 0.045312
5 0.775781 0.629687 0.060937 0.056250
0 0.816406 0.481250 0.110937 0.087500
0 0.802344 0.336719 0.098437 0.092188
1 0.500000 0.393750 0.093750 0.062500
5 0.553125 0.673438 0.046875 0.059375
2 0.245312 0.482031 0.046875 0.045312
4 0.578906 0.464844 0.023438 0.017188
4 0.376563 0.188281 0.021875 0.020313
2 0.296094 0.192969 0.092188 0.098437
3 0.717187 0.546094 0.218750 0.342187
2 0.178906 0.494531 0.045312 0.045312
2 0.657813 0.414062 0.043750 0.046875
2 0.458594 0.186719 0.057813 0.042188
5 0.206250 0.501563 0.062500 0.059375
5 0.812500 0.549219 0.021875 0.039062
0 0.519531 0.284375 0.132812 0.115625
2 0.499219 0.644531 0.073438 0.079687
1 0.769531 0.237500 0.104688 0.093750
4 0.659375 0.292969 0.025000 0.017188
5 0.475781 0.869531 0.051562 0.054688
1 0.765625 0.692969 0.065625 0.073438
4 0.192188 0.676562 0.131250 0.171875
3 0.710156 0.394531 0.142187 0.142187
0 0.745313 0.664844 0.037500 0.032813
5 0.534375 0.744531 0.043750 0.054688
2 0.358594 0.376563 0.017188 0.012500
2 0.361719 0.821094 0.060937 0.067187
4 0.378906 0.782813 0.148438 0.168750
5 0.552344 0.080469 0.029687 0.029687
5 0.307031 0.572656 0.042188 0.048438
5 0.514844 0.636719 0.064062 0.060937
5 0.357031 0.749219 0.023438 0.026562
3 0.433594 0.340625 0.185938 0.196875
5 0.843750 0.664062 0.031250 0.034375
5 0.353906 0.535937 0.042188 0.043750
3 0.879687 0.498437 0.096875 0.096875
2 0.436719 0.583594 0.020313 0.023438
3 0.770312 0.660937 0.221875 0.221875
0 0.304688 0.167969 0.040625 0.051562
5 0.731250 0.428906 0.028125 0.026562
2 0.468750 0.821094 0.087500 0.076563
5 0.207031 0.790625 0.042188 0.040625
3 0.130469 0.617969 0.079687 0.079687
3 0.645312 0.739062 0.296875 0.296875
5 0.271875 0.682031 0.037500 0.029687
2 0.230469 0.356250 0.045312 0.040625
2 0.644531 0.544531 0.067187 0.057813
1 0.249219 0.216406 0.039062 0.039062
3 0.704688 0.706250 0.125000 0.125000
4 0.578125 0.452344 0.025000 0.023438
1 0.542188 0.413281 0.100000 0.076563
1 0.730469 0.654687 0.085938 0.078125
0 0.439844 0.885938 0.035937 0.034375
1 0.257031 0.509375 0.079687 0.071875
1 0.519531 0.123438 0.089063 0.084375
1 0.657031 0.748437 0.098437 0.096875
3 0.151562 0.395313 0.150000 0.150000
4 0.735938 0.518750 0.031250 0.028125
5 0.374219 0.444531 0.048438 0.048438
2 0.207031 0.540625 0.032813 0.050000
4 0.328906 0.690625 0.079687 0.084375
4 0.826562 0.528125 0.050000 0.046875
5 0.607812 0.264844 0.040625 0.042188
0 0.501563 0.403906 0.046875 0.042188
0 0.563281 0.246875 0.085938 0.065625
4 0.534375 0.376563 0.078125 0.068750
0 0.418750 0.410938 0.084375 0.071875
1 0.564063 0.368750 0.106250 0.100000
5 0.353906 0.500781 0.032813 0.029687
4 0.214844 0.322656 0.173437 0.145313
1 0.417969 0.406250 0.076563 0.081250
4 0.727344 0.676562 0.039062 0.028125
5 0.428125 0.632812 0.043750 0.043750
5 0.560156 0.537500 0.067187 0.062500
4 0.254688 0.525000 0.084375 0.081250
1 0.693750 0.182031 0.050000 0.051562
2 0.627344 0.717187 0.120313 0.100000
3 0.628125 0.674219 0.271875 0.257812
1 0.400781 0.212500 0.092188 0.121875
0 0.738281 0.517188 0.054688 0.053125
5 0.647656 0.722656 0.067187 0.057813
0 0.555469 0.076563 0.042188 0.040625
0 0.320312 0.485156 0.034375 0.032813
1 0.775000 0.539062 0.100000 0.078125
1 0.275781 0.163281 0.070312 0.057813
5 0.307812 0.825000 0.031250 0.031250
4 0.521094 0.638281 0.026562 0.029687
3 0.756250 0.517188 0.175000 0.175000
1 0.118750 0.539844 0.106250 0.114062
2 0.325000 0.345313 0.040625 0.046875
1 0.503906 0.800781 0.070312 0.079687
2 0.763281 0.350000 0.051562 0.046875