3 0.659375 0.788281 0.175000 0.192188
1 0.657031 0.259375 0.079687 0.103125
0 0.727344 0.189062 0.032813 0.034375
4 0.814063 0.504687 0.050000 0.071875
3 0.275781 0.516406 0.114062 0.114062
4 0.767188 0.782031 0.031250 0.035937
0 0.286719 0.828906 0.048438 0.042188
2 0.728906 0.604688 0.023438 0.028125
2 0.700781 0.225781 0.035937 0.045312
2 0.204687 0.701562 0.137500 0.125000
4 0.739844 0.651563 0.245312 0.246875
5 0.311719 0.284375 0.051562 0.053125
0 0.121875 0.493750 0.040625 0.031250
5 0.500000 0.597656 0.043750 0.039062
5 0.735938 0.473438 0.034375 0.031250
1 0.517969 0.439063 0.095312 0.150000
4 0.767969 0.198437 0.026562 0.034375
0 0.728125 0.375000 0.103125 0.106250
2 0.789062 0.812500 0.018750 0.015625
0 0.256250 0.234375 0.037500 0.028125
1 0.461719 0.560156 0.114062 0.098437
2 0.255469 0.550000 0.020313 0.018750
5 0.800000 0.458594 0.059375 0.045312
5 0.311719 0.494531 0.073438 0.054688
2 0.311719 0.173437 0.035937 0.046875
4 0.678125 0.649219 0.031250 0.023438
1 0.282031 0.274219 0.057813 0.098437
1 0.762500 0.686719 0.165625 0.157812
1 0.385937 0.460156 0.100000 0.089063
5 0.823438 0.395313 0.040625 0.040625
0 0.653125 0.339844 0.137500 0.129688
3 0.706250 0.263281 0.146875 0.201563
4 0.728906 0.715625 0.217188 0.181250
1 0.294531 0.476562 0.110937 0.115625
5 0.406250 0.200000 0.025000 0.025000
1 0.288281 0.215625 0.076563 0.103125
3 0.390625 0.848437 0.093750 0.093750
0 0.394531 0.303125 0.060937 0.053125
3 0.456250 0.823438 0.065625 0.065625
1 0.429688 0.774219 0.059375 0.057813
2 0.774219 0.452344 0.073438 0.067187
1 0.622656 0.280469 0.070312 0.079687
5 0.803906 0.427344 0.054688 0.051562
0 0.650781 0.867969 0.020313 0.017188
4 0.888281 0.375781 0.017188 0.014063
3 0.818750 0.542188 0.175000 0.190625
4 0.160156 0.600781 0.048438 0.060937
0 0.756250 0.463281 0.196875 0.164062
4 0.414844 0.192969 0.101562 0.114062
0 0.257812 0.222656 0.131250 0.129688
1 0.798438 0.274219 0.062500 0.067187
1 0.862500 0.535937 0.065625 0.056250
5 0.175000 0.660156 0.031250 0.029687
0 0.330469 0.167187 0.123438 0.121875
1 0.115625 0.409375 0.040625 0.028125
2 0.308594 0.681250 0.051562 0.050000
2 0.103906 0.489844 0.057813 0.051562
0 0.512500 0.871094 0.109375 0.092188
1 0.817969 0.292969 0.057813 0.060937
5 0.834375 0.538281 0.046875 0.045312
4 0.539844 0.599219 0.029687 0.023438
0 0.770312 0.307812 0.043750 0.046875
2 0.608594 0.376563 0.023438 0.021875
4 0.775000 0.446094 0.028125 0.029687
4 0.553125 0.384375 0.075000 0.062500
1 0.502344 0.361719 0.104688 0.067187
3 0.814844 0.638281 0.085938 0.085938
2 0.187500 0.408594 0.059375 0.070312
4 0.506250 0.290625 0.078125 0.081250
2 0.396875 0.446875 0.056250 0.059375
0 0.464062 0.834375 0.106250 0.096875
0 0.728125 0.735938 0.096875 0.096875
1 0.557031 0.222656 0.057813 0.057813
0 0.441406 0.396875 0.110937 0.078125
0 0.231250 0.820312 0.018750 0.015625
0 0.293750 0.490625 0.062500 0.087500
1 0.637500 0.672656 0.071875 0.067187
5 0.251563 0.716406 0.053125 0.048438
4 0.611719 0.425000 0.035937 0.037500
5 0.657813 0.206250 0.053125 0.056250
2 0.440625 0.735938 0.034375 0.037500
0 0.449219 0.575000 0.076563 0.071875
1 0.409375 0.140625 0.056250 0.050000
5 0.488281 0.371094 0.064062 0.039062
1 0.278906 0.417187 0.067187 0.062500
2 0.432812 0.753125 0.040625 0.037500
3 0.201563 0.356250 0.084375 0.084375
4 0.369531 0.332813 0.029687 0.028125
1 0.400000 0.805469 0.118750 0.157812
4 0.887500 0.395313 0.071875 0.065625
2 0.446094 0.886719 0.076563 0.057813
2 0.489063 0.718750 0.084375 0.100000
1 0.550781 0.349219 0.035937 0.045312
5 0.764062 0.439063 0.078125 0.078125
0 0.403906 0.685156 0.123438 0.117188
4 0.211719 0.329688 0.023438 0.015625
1 0.415625 0.407031 0.068750 0.070312
5 0.388281 0.164062 0.032813 0.031250
4 0.833594 0.762500 0.017188 0.018750
1 0.398438 0.557813 0.050000 0.050000
3 0.816406 0.491406 0.098437 0.098437
0 0.513281 0.835156 0.045312 0.035937
2 0.170313 0.361719 0.037500 0.032813
2 0.185938 0.253906 0.071875 0.060937
0 0.325781 0.294531 0.026562 0.023438
3 0.634375 0.750000 0.262500 0.262500
2 0.635156 0.453125 0.039062 0.037500
5 0.599219 0.805469 0.051562 0.054688
0 0.567187 0.150781 0.028125 0.023438
4 0.713281 0.513281 0.029687 0.026562