2 0.864844 0.344531 0.026562 0.026562
1 0.803906 0.307812 0.079687 0.106250
0 0.246875 0.174219 0.056250 0.032813
3 0.535937 0.545312 0.121875 0.121875
2 0.678125 0.304688 0.037500 0.043750
0 0.556250 0.314844 0.046875 0.032813
0 0.856250 0.366406 0.050000 0.045312
3 0.391406 0.454688 0.151562 0.131250
4 0.677344 0.408594 0.179688 0.195312
2 0.407031 0.204687 0.095312 0.081250
3 0.514844 0.246875 0.364063 0.375000
5 0.502344 0.649219 0.032813 0.032813
2 0.244531 0.332813 0.057813 0.056250
2 0.378125 0.865625 0.040625 0.034375
5 0.494531 0.842969 0.032813 0.051562
1 0.523438 0.284375 0.096875 0.084375
4 0.487500 0.796094 0.018750 0.017188
3 0.443750 0.343750 0.125000 0.125000
4 0.405469 0.210156 0.042188 0.035937
1 0.499219 0.478906 0.123438 0.107813
2 0.385156 0.766406 0.232813 0.282813
4 0.264844 0.489844 0.042188 0.051562
4 0.579688 0.282813 0.193750 0.181250
1 0.342187 0.428125 0.165625 0.134375
2 0.319531 0.363281 0.057813 0.060937
0 0.220312 0.792188 0.084375 0.081250
5 0.244531 0.295312 0.029687 0.040625
5 0.341406 0.377344 0.032813 0.032813
3 0.705469 0.367969 0.170313 0.170313
3 0.514844 0.541406 0.167187 0.167187
4 0.627344 0.837500 0.120313 0.109375
3 0.213281 0.355469 0.164062 0.157812
1 0.400781 0.139063 0.151562 0.140625
4 0.726562 0.286719 0.034375 0.032813
2 0.654687 0.710938 0.037500 0.031250
5 0.793750 0.339062 0.043750 0.043750
1 0.200000 0.338281 0.062500 0.082812
1 0.553906 0.593750 0.101562 0.100000
1 0.800781 0.731250 0.060937 0.056250
1 0.207031 0.574219 0.070312 0.064062
1 0.205469 0.405469 0.067187 0.060937
2 0.414844 0.886719 0.042188 0.045312
5 0.396875 0.581250 0.034375 0.031250
3 0.666406 0.604688 0.104688 0.143750
2 0.189062 0.721875 0.050000 0.040625
3 0.504687 0.531250 0.109375 0.109375
2 0.405469 0.678125 0.029687 0.031250
4 0.311719 0.704688 0.101562 0.096875
1 0.574219 0.528125 0.048438 0.065625
0 0.736719 0.564844 0.035937 0.023438
4 0.660156 0.198437 0.051562 0.046875
1 0.449219 0.384375 0.095312 0.081250
2 0.842187 0.547656 0.075000 0.073438
1 0.453906 0.259375 0.104688 0.128125
0 0.614062 0.715625 0.043750 0.046875
5 0.474219 0.131250 0.051562 0.056250
0 0.464844 0.327344 0.032813 0.026562
2 0.568750 0.202344 0.087500 0.101562
5 0.768750 0.410938 0.034375 0.034375
4 0.284375 0.759375 0.043750 0.037500
5 0.371875 0.723437 0.050000 0.046875
0 0.556250 0.132031 0.084375 0.070312
5 0.270313 0.463281 0.046875 0.045312
2 0.242188 0.658594 0.071875 0.082812
0 0.878125 0.509375 0.062500 0.053125
1 0.276562 0.436719 0.065625 0.101562
2 0.397656 0.365625 0.039062 0.034375
4 0.438281 0.435937 0.032813 0.034375
0 0.622656 0.390625 0.098437 0.096875
2 0.583594 0.431250 0.095312 0.087500
0 0.172656 0.625000 0.095312 0.090625
0 0.267969 0.510938 0.039062 0.053125
1 0.290625 0.402344 0.090625 0.123438
4 0.183594 0.336719 0.032813 0.032813
3 0.687500 0.195312 0.075000 0.075000
3 0.753125 0.276562 0.100000 0.068750
3 0.477344 0.642969 0.098437 0.098437
4 0.648438 0.201563 0.062500 0.062500
0 0.535937 0.859375 0.018750 0.025000
2 0.760938 0.614062 0.068750 0.071875
4 0.464844 0.647656 0.039062 0.045312
1 0.541406 0.154688 0.085938 0.096875
3 0.638281 0.405469 0.089063 0.089063
0 0.412500 0.388281 0.025000 0.067187
5 0.825000 0.465625 0.046875 0.040625
4 0.521875 0.307031 0.093750 0.092188
3 0.831250 0.579688 0.131250 0.131250
2 0.720313 0.485156 0.037500 0.048438
1 0.592969 0.650000 0.095312 0.059375
5 0.595313 0.707031 0.034375 0.035937
0 0.382031 0.303125 0.045312 0.043750
2 0.271875 0.372656 0.071875 0.082812
2 0.660156 0.588281 0.039062 0.042188
3 0.414844 0.436719 0.110937 0.110937
4 0.553906 0.162500 0.154688 0.137500
2 0.486719 0.097656 0.054688 0.054688
0 0.748437 0.403125 0.031250 0.025000