0 0.558594 0.872656 0.042188 0.039062
5 0.160156 0.352344 0.042188 0.045312
5 0.322656 0.541406 0.048438 0.051562
5 0.717187 0.821094 0.050000 0.045312
5 0.878125 0.353906 0.037500 0.035937
3 0.414844 0.841406 0.098437 0.073438
2 0.298438 0.299219 0.043750 0.042188
0 0.455469 0.632031 0.098437 0.110937
1 0.175000 0.232813 0.046875 0.050000
1 0.778906 0.739062 0.054688 0.046875
1 0.296094 0.732031 0.104688 0.114062
1 0.570312 0.472656 0.153125 0.167187
0 0.496094 0.428125 0.098437 0.065625
5 0.225781 0.560156 0.048438 0.054688
4 0.735156 0.314844 0.020313 0.020313
0 0.285938 0.462500 0.053125 0.046875
3 0.584375 0.787500 0.281250 0.281250
5 0.900000 0.571875 0.037500 0.037500
1 0.150781 0.348438 0.051562 0.050000
3 0.650000 0.692187 0.084375 0.084375
1 0.184375 0.297656 0.046875 0.042188
1 0.357812 0.214844 0.046875 0.045312
5 0.147656 0.322656 0.048438 0.048438
5 0.260156 0.691406 0.048438 0.054688
2 0.143750 0.296094 0.053125 0.042188
4 0.677344 0.405469 0.104688 0.104688
0 0.784375 0.557813 0.046875 0.040625
5 0.098437 0.447656 0.050000 0.045312
2 0.886719 0.391406 0.042188 0.042188
4 0.121875 0.307812 0.021875 0.018750
5 0.595313 0.401562 0.028125 0.031250
0 0.265625 0.625000 0.081250 0.078125
2 0.871094 0.619531 0.085938 0.092188
0 0.546094 0.242969 0.048438 0.054688
5 0.274219 0.303906 0.057813 0.048438
2 0.645312 0.153125 0.056250 0.053125
1 0.280469 0.840625 0.060937 0.056250
5 0.457813 0.457031 0.043750 0.048438
4 0.132812 0.315625 0.018750 0.018750
2 0.626563 0.481250 0.078125 0.056250
4 0.271094 0.546094 0.023438 0.020313
5 0.600781 0.784375 0.048438 0.043750
4 0.380469 0.296094 0.048438 0.051562
3 0.268750 0.655469 0.128125 0.132812
1 0.668750 0.201563 0.131250 0.112500
5 0.521094 0.917969 0.051562 0.051562
2 0.488281 0.317969 0.051562 0.051562
2 0.459375 0.178906 0.037500 0.057813
4 0.868750 0.426563 0.050000 0.081250
3 0.407813 0.425000 0.128125 0.128125
0 0.360156 0.432812 0.048438 0.046875
4 0.235937 0.596094 0.068750 0.054688
0 0.795312 0.658594 0.071875 0.076563
1 0.319531 0.285938 0.098437 0.087500
3 0.451562 0.425000 0.103125 0.103125
5 0.732031 0.528906 0.054688 0.051562
1 0.517188 0.610156 0.043750 0.045312
1 0.744531 0.404687 0.026562 0.040625
1 0.437500 0.400000 0.093750 0.078125
3 0.162500 0.339062 0.050000 0.050000
4 0.110156 0.482812 0.064062 0.065625
3 0.574219 0.324219 0.073438 0.098437
3 0.368750 0.703125 0.100000 0.100000
3 0.195312 0.703125 0.106250 0.100000
4 0.767188 0.449219 0.031250 0.023438
4 0.674219 0.607031 0.017188 0.017188
4 0.568750 0.892188 0.046875 0.040625
5 0.413281 0.488281 0.060937 0.060937
4 0.628906 0.641406 0.035937 0.039062
4 0.125781 0.430469 0.067187 0.042188
1 0.862500 0.665625 0.062500 0.062500
3 0.421875 0.502344 0.300000 0.407813
0 0.264062 0.317188 0.115625 0.112500
5 0.529687 0.528906 0.025000 0.020313
0 0.291406 0.566406 0.057813 0.048438
2 0.142969 0.689063 0.048438 0.037500
0 0.439844 0.502344 0.045312 0.045312
0 0.113281 0.487500 0.082812 0.084375
4 0.468750 0.842969 0.031250 0.026562
1 0.808594 0.645312 0.051562 0.053125
3 0.669531 0.442969 0.076563 0.076563
4 0.597656 0.378125 0.107813 0.121875
2 0.248438 0.699219 0.040625 0.032813
5 0.624219 0.090625 0.032813 0.037500
1 0.132812 0.541406 0.043750 0.042188
2 0.788281 0.722656 0.032813 0.039062
2 0.722656 0.586719 0.045312 0.057813
5 0.638281 0.214844 0.042188 0.035937
0 0.525000 0.659375 0.056250 0.037500
1 0.307812 0.454688 0.065625 0.056250
5 0.183594 0.542969 0.045312 0.039062
2 0.353906 0.389062 0.035937 0.034375
2 0.114062 0.682031 0.037500 0.039062
2 0.351562 0.817187 0.065625 0.053125
3 0.798438 0.336719 0.190625 0.204687
4 0.225781 0.600000 0.117188 0.118750
4 0.722656 0.185938 0.070312 0.068750
4 0.475000 0.827344 0.028125 0.026562
3 0.624219 0.713281 0.251563 0.242188
0 0.379688 0.285156 0.103125 0.076563
0 0.510938 0.627344 0.053125 0.042188