1 0.746875 0.665625 0.068750 0.062500
4 0.690625 0.489844 0.075000 0.060937
3 0.274219 0.278906 0.145313 0.145313
0 0.171094 0.277344 0.035937 0.042188
0 0.289844 0.592187 0.023438 0.028125
4 0.465625 0.550781 0.034375 0.035937
1 0.542969 0.446875 0.082812 0.075000
3 0.629687 0.777344 0.246875 0.235937
2 0.234375 0.797656 0.053125 0.064062
1 0.653125 0.469531 0.090625 0.089063
2 0.592969 0.100000 0.023438 0.025000
4 0.148438 0.539844 0.050000 0.048438
3 0.307031 0.292187 0.120313 0.090625
3 0.459375 0.151562 0.115625 0.171875
0 0.444531 0.668750 0.114062 0.106250
1 0.844531 0.377344 0.076563 0.060937
0 0.596094 0.834375 0.048438 0.046875
3 0.273438 0.765625 0.162500 0.162500
0 0.365625 0.581250 0.062500 0.050000
3 0.646094 0.538281 0.292187 0.304688
3 0.337500 0.537500 0.093750 0.093750
3 0.463281 0.583594 0.067187 0.067187
3 0.323437 0.756250 0.146875 0.143750
0 0.667188 0.231250 0.100000 0.065625
0 0.169531 0.369531 0.032813 0.032813
1 0.178125 0.615625 0.084375 0.096875
4 0.471875 0.468750 0.034375 0.031250
3 0.763281 0.613281 0.092188 0.092188
3 0.514844 0.615625 0.179688 0.209375
2 0.910937 0.360938 0.025000 0.028125
0 0.793750 0.600781 0.128125 0.101562
1 0.348438 0.186719 0.037500 0.073438
5 0.732812 0.188281 0.040625 0.048438
1 0.523438 0.750781 0.103125 0.101562
0 0.109375 0.535156 0.043750 0.045312
3 0.818750 0.276562 0.109375 0.109375
4 0.652344 0.871875 0.045312 0.050000
4 0.267969 0.614062 0.110937 0.100000
0 0.889062 0.360938 0.062500 0.071875
2 0.866406 0.467187 0.079687 0.087500
4 0.571875 0.305469 0.056250 0.076563
5 0.550781 0.354687 0.048438 0.043750
1 0.242188 0.395313 0.125000 0.143750
4 0.734375 0.839844 0.040625 0.039062
4 0.584375 0.192188 0.028125 0.028125
0 0.254688 0.622656 0.059375 0.042188
3 0.543750 0.265625 0.118750 0.118750
0 0.203906 0.582812 0.035937 0.034375
4 0.681250 0.553906 0.125000 0.139063
2 0.440625 0.807031 0.062500 0.064062
0 0.587500 0.100000 0.075000 0.068750
2 0.257031 0.311719 0.095312 0.132812
0 0.682813 0.671094 0.059375 0.060937
2 0.229687 0.536719 0.043750 0.032813
5 0.661719 0.656250 0.035937 0.037500
2 0.669531 0.309375 0.017188 0.021875
3 0.369531 0.661719 0.110937 0.110937
1 0.228906 0.628125 0.076563 0.090625
0 0.597656 0.896875 0.029687 0.031250
0 0.400781 0.184375 0.060937 0.056250
1 0.593750 0.342187 0.062500 0.062500
0 0.813281 0.408594 0.051562 0.057813
3 0.371094 0.667969 0.101562 0.101562
5 0.346094 0.477344 0.026562 0.026562
2 0.292187 0.666406 0.062500 0.054688
3 0.800000 0.403125 0.168750 0.168750
1 0.789062 0.609375 0.078125 0.100000
5 0.395313 0.370312 0.028125 0.028125
0 0.656250 0.524219 0.062500 0.060937
2 0.753906 0.709375 0.098437 0.087500
1 0.482812 0.476562 0.068750 0.071875
2 0.842187 0.354687 0.059375 0.050000
2 0.707031 0.327344 0.039062 0.042188
3 0.258594 0.514062 0.370312 0.209375
1 0.498437 0.367969 0.115625 0.135937
4 0.546094 0.546094 0.032813 0.035937
0 0.554688 0.842969 0.137500 0.120313
3 0.593750 0.530469 0.362500 0.254688
0 0.141406 0.557813 0.029687 0.028125
1 0.212500 0.307031 0.196875 0.145313
0 0.271875 0.275781 0.037500 0.032813
4 0.896094 0.477344 0.085938 0.051562
3 0.625000 0.834375 0.150000 0.150000
0 0.191406 0.249219 0.054688 0.054688
4 0.649219 0.525781 0.023438 0.017188
0 0.357812 0.589063 0.040625 0.040625
3 0.492969 0.092969 0.067187 0.067187
3 0.576562 0.619531 0.246875 0.254688
4 0.537500 0.828906 0.034375 0.029687
3 0.738281 0.530469 0.110937 0.110937
5 0.446875 0.596094 0.043750 0.042188
3 0.582812 0.201563 0.071875 0.071875
0 0.882812 0.359375 0.040625 0.050000
0 0.494531 0.864844 0.129688 0.114062
1 0.507031 0.836719 0.145313 0.132812
2 0.582812 0.337500 0.018750 0.018750
5 0.667188 0.407031 0.040625 0.048438
3 0.510938 0.410938 0.321875 0.281250
0 0.669531 0.307031 0.148438 0.151562
2 0.581250 0.784375 0.043750 0.043750
1 0.496094 0.217969 0.048438 0.048438
1 0.869531 0.655469 0.067187 0.073438
3 0.636719 0.853906 0.070312 0.070312
1 0.582812 0.723437 0.134375 0.112500
5 0.703906 0.753125 0.045312 0.043750
5 0.427344 0.677344 0.085938 0.079687
2 0.692187 0.480469 0.034375 0.032813
0 0.786719 0.567969 0.076563 0.073438
3 0.531250 0.308594 0.309375 0.285938
2 0.842187 0.696094 0.025000 0.026562
0 0.220312 0.334375 0.037500 0.037500
5 0.239844 0.810156 0.029687 0.029687
1 0.371875 0.350000 0.125000 0.121875
2 0.583594 0.337500 0.042188 0.046875
4 0.717969 0.323437 0.035937 0.046875
3 0.614062 0.440625 0.087500 0.087500
0 0.439844 0.468750 0.057813 0.053125
0 0.325781 0.642969 0.051562 0.051562
5 0.728906 0.400781 0.042188 0.051562
1 0.219531 0.639844 0.095312 0.082812
0 0.204687 0.685937 0.059375 0.056250
2 0.666406 0.653125 0.017188 0.025000
5 0.667188 0.810156 0.046875 0.042188
3 0.564063 0.723437 0.381250 0.428125
4 0.469531 0.460938 0.098437 0.071875
2 0.292969 0.614844 0.051562 0.057813
4 0.331250 0.535937 0.034375 0.031250
5 0.130469 0.345313 0.042188 0.043750
0 0.758594 0.327344 0.042188 0.032813
5 0.778125 0.554688 0.040625 0.037500
1 0.308594 0.782031 0.082812 0.073438
3 0.412500 0.873437 0.118750 0.118750
1 0.537500 0.707031 0.021875 0.039062
4 0.541406 0.525000 0.042188 0.031250
2 0.702344 0.389062 0.076563 0.096875
3 0.305469 0.367188 0.242188 0.190625
2 0.725781 0.207031 0.032813 0.032813
0 0.529687 0.226562 0.106250 0.084375
3 0.273438 0.515625 0.112500 0.115625
3 0.895312 0.553906 0.096875 0.082812
4 0.514844 0.308594 0.035937 0.023438
2 0.660937 0.478906 0.043750 0.042188
1 0.224219 0.225781 0.082812 0.092188
0 0.164062 0.570312 0.096875 0.096875