5 0.340625 0.217969 0.037500 0.029687
3 0.502344 0.771094 0.142187 0.142187
3 0.713281 0.173437 0.060937 0.081250
2 0.595313 0.569531 0.159375 0.185938
1 0.424219 0.478125 0.114062 0.103125
3 0.427344 0.802344 0.110937 0.110937
1 0.314063 0.243750 0.134375 0.121875
0 0.651563 0.531250 0.050000 0.043750
4 0.387500 0.100000 0.018750 0.028125
1 0.238281 0.225781 0.120313 0.114062
4 0.554688 0.184375 0.034375 0.040625
2 0.848437 0.464844 0.056250 0.045312
0 0.125000 0.596094 0.053125 0.048438
0 0.580469 0.914062 0.035937 0.031250
0 0.774219 0.331250 0.051562 0.040625
0 0.201563 0.470313 0.025000 0.021875
2 0.586719 0.396094 0.073438 0.117188
3 0.809375 0.404687 0.096875 0.096875
1 0.785156 0.657031 0.076563 0.079687
3 0.225781 0.632031 0.048438 0.092188
3 0.146875 0.485938 0.115625 0.115625
2 0.197656 0.778906 0.048438 0.070312
0 0.604688 0.643750 0.043750 0.050000
0 0.367188 0.732031 0.131250 0.129688
4 0.267969 0.302344 0.023438 0.020313
2 0.627344 0.532031 0.076563 0.057813
0 0.225000 0.520312 0.043750 0.040625
4 0.203125 0.328125 0.021875 0.015625
3 0.833594 0.717969 0.089063 0.089063
1 0.740625 0.449219 0.059375 0.054688
4 0.418750 0.475000 0.034375 0.025000
1 0.726562 0.715625 0.118750 0.103125
0 0.089063 0.478125 0.059375 0.056250
1 0.253906 0.423438 0.060937 0.053125
1 0.536719 0.558594 0.076563 0.073438
3 0.350781 0.869531 0.089063 0.089063
3 0.485156 0.775781 0.214062 0.320312
5 0.319531 0.404687 0.048438 0.046875
0 0.582031 0.536719 0.042188 0.042188
4 0.146875 0.300781 0.059375 0.035937
4 0.458594 0.278906 0.045312 0.039062
3 0.537500 0.474219 0.218750 0.192188
4 0.139844 0.360156 0.023438 0.020313
1 0.477344 0.153906 0.095312 0.123438
3 0.475000 0.140625 0.087500 0.087500
5 0.592969 0.148438 0.032813 0.028125
3 0.763281 0.554688 0.179688 0.140625
2 0.520312 0.500781 0.056250 0.057813
3 0.285938 0.215625 0.053125 0.053125
0 0.551562 0.328906 0.031250 0.032813
3 0.503906 0.783594 0.092188 0.060937
2 0.162500 0.732812 0.071875 0.068750
0 0.609375 0.512500 0.109375 0.106250
2 0.586719 0.257031 0.076563 0.076563
3 0.193750 0.305469 0.109375 0.110937
0 0.273438 0.483594 0.059375 0.045312
3 0.864062 0.511719 0.109375 0.092188
1 0.883594 0.489063 0.120313 0.100000
5 0.551562 0.518750 0.031250 0.031250
0 0.446875 0.217969 0.121875 0.114062
4 0.742969 0.705469 0.029687 0.023438
3 0.286719 0.379688 0.098437 0.137500
4 0.833594 0.261719 0.070312 0.060937
1 0.600000 0.721875 0.100000 0.087500
5 0.790625 0.606250 0.021875 0.021875
0 0.763281 0.610938 0.045312 0.034375
4 0.855469 0.710156 0.023438 0.026562
2 0.226562 0.460156 0.053125 0.048438
0 0.649219 0.661719 0.020313 0.020313
4 0.825000 0.637500 0.075000 0.068750
5 0.440625 0.215625 0.025000 0.018750
3 0.711719 0.269531 0.179688 0.201563
0 0.239063 0.292187 0.025000 0.031250
3 0.482031 0.797656 0.251563 0.189062
5 0.651563 0.104688 0.031250 0.028125
0 0.260156 0.682031 0.067187 0.067187
5 0.182812 0.401562 0.043750 0.037500
0 0.408594 0.614844 0.079687 0.070312
5 0.446094 0.689063 0.048438 0.043750
0 0.620313 0.682813 0.128125 0.112500
2 0.640625 0.645312 0.059375 0.046875
4 0.540625 0.534375 0.012500 0.015625
4 0.913281 0.550000 0.029687 0.028125
0 0.278906 0.272656 0.042188 0.057813
0 0.266406 0.657813 0.039062 0.037500
2 0.217188 0.239063 0.043750 0.043750
4 0.449219 0.804688 0.017188 0.025000
2 0.518750 0.382031 0.031250 0.029687
4 0.619531 0.871094 0.035937 0.045312
5 0.536719 0.482812 0.051562 0.053125
5 0.364844 0.551562 0.051562 0.053125
4 0.549219 0.435937 0.098437 0.081250
4 0.584375 0.568750 0.153125 0.175000
5 0.863281 0.593750 0.060937 0.043750
2 0.382812 0.732812 0.059375 0.056250
3 0.782031 0.497656 0.217188 0.217188
5 0.469531 0.339844 0.048438 0.048438
4 0.108594 0.520312 0.017188 0.018750
2 0.649219 0.300781 0.032813 0.032813
1 0.686719 0.195312 0.067187 0.059375
1 0.421875 0.329688 0.125000 0.153125
2 0.663281 0.639844 0.070312 0.064062
3 0.535937 0.745313 0.090625 0.090625
1 0.400000 0.514844 0.087500 0.076563
0 0.837500 0.610156 0.100000 0.085938
1 0.714063 0.748437 0.068750 0.087500
4 0.775000 0.553906 0.028125 0.029687
4 0.635156 0.308594 0.089063 0.089063
1 0.875000 0.636719 0.075000 0.064062
4 0.886719 0.581250 0.048438 0.056250
0 0.464062 0.732812 0.028125 0.028125
3 0.418750 0.631250 0.134375 0.134375
0 0.720313 0.300000 0.034375 0.028125
4 0.253125 0.807813 0.068750 0.065625
5 0.113281 0.616406 0.023438 0.026562
4 0.772656 0.626563 0.029687 0.037500
4 0.566406 0.438281 0.076563 0.098437
1 0.621094 0.396875 0.154688 0.193750
3 0.824219 0.472656 0.142187 0.170313
2 0.839844 0.593750 0.026562 0.031250
2 0.096875 0.357031 0.025000 0.020313
3 0.511719 0.299219 0.079687 0.079687
1 0.727344 0.260156 0.110937 0.104688
1 0.448437 0.691406 0.071875 0.057813
2 0.324219 0.580469 0.154688 0.089063
3 0.434375 0.668750 0.456250 0.362500
4 0.348438 0.220312 0.021875 0.031250
1 0.629687 0.380469 0.065625 0.064062
0 0.289844 0.449219 0.035937 0.023438
3 0.360156 0.730469 0.092188 0.092188
0 0.377344 0.714063 0.114062 0.118750
3 0.618750 0.395313 0.062500 0.062500
4 0.543750 0.625000 0.303125 0.275000
4 0.160938 0.686719 0.031250 0.032813
1 0.850000 0.496094 0.103125 0.098437
1 0.816406 0.747656 0.032813 0.032813
0 0.171094 0.565625 0.039062 0.028125
5 0.500000 0.159375 0.028125 0.037500
2 0.822656 0.413281 0.079687 0.098437
1 0.126562 0.529687 0.112500 0.106250
2 0.815625 0.278125 0.031250 0.034375
4 0.302344 0.697656 0.026562 0.023438
4 0.375781 0.221875 0.060937 0.043750
2 0.722656 0.709375 0.060937 0.068750
0 0.096875 0.464844 0.065625 0.057813
4 0.321875 0.479687 0.031250 0.031250
4 0.854688 0.431250 0.043750 0.040625
0 0.682813 0.233594 0.071875 0.073438