2 0.280469 0.363281 0.217188 0.132812
3 0.600000 0.609375 0.203125 0.453125
0 0.483594 0.729688 0.029687 0.028125
4 0.844531 0.307031 0.029687 0.023438
4 0.820312 0.382812 0.065625 0.065625
3 0.810156 0.433594 0.207813 0.207813
1 0.729688 0.573438 0.146875 0.134375
5 0.525781 0.801562 0.035937 0.040625
2 0.570312 0.339844 0.025000 0.029687
2 0.269531 0.831250 0.051562 0.059375
3 0.287500 0.728125 0.075000 0.075000
5 0.192969 0.591406 0.035937 0.029687
1 0.435937 0.885938 0.065625 0.075000
0 0.335938 0.793750 0.040625 0.043750
5 0.601562 0.520312 0.031250 0.028125
1 0.857031 0.360156 0.110937 0.079687
5 0.425781 0.531250 0.045312 0.037500
5 0.293750 0.546094 0.028125 0.032813
3 0.488281 0.546094 0.107813 0.107813
2 0.389844 0.224219 0.035937 0.045312
4 0.714844 0.446094 0.029687 0.026562
5 0.517188 0.358594 0.021875 0.026562
3 0.692187 0.703125 0.125000 0.125000
5 0.532813 0.359375 0.043750 0.037500
3 0.506250 0.171875 0.196875 0.184375
0 0.878906 0.471094 0.029687 0.026562
0 0.371875 0.505469 0.109375 0.101562
2 0.391406 0.789062 0.110937 0.093750
5 0.538281 0.281250 0.073438 0.075000
3 0.678125 0.443750 0.087500 0.087500
0 0.625000 0.440625 0.037500 0.059375
2 0.358594 0.127344 0.085938 0.092188
3 0.757031 0.412500 0.076563 0.056250
1 0.593750 0.213281 0.153125 0.129688
0 0.637500 0.459375 0.053125 0.050000
1 0.357031 0.535156 0.117188 0.142187
0 0.275781 0.364844 0.054688 0.064062
5 0.657031 0.259375 0.045312 0.050000
2 0.791406 0.439844 0.042188 0.032813
4 0.414844 0.696094 0.079687 0.070312
1 0.665625 0.611719 0.084375 0.076563
3 0.318750 0.475000 0.121875 0.121875
2 0.337500 0.835938 0.037500 0.053125
2 0.615625 0.246875 0.031250 0.031250
5 0.164844 0.546094 0.042188 0.039062
2 0.594531 0.502344 0.032813 0.032813
2 0.548438 0.249219 0.046875 0.048438
2 0.671094 0.175000 0.032813 0.018750
3 0.525000 0.474219 0.175000 0.167187
3 0.367969 0.632031 0.120313 0.120313
0 0.501563 0.568750 0.103125 0.109375
4 0.539062 0.382812 0.034375 0.037500
4 0.237500 0.717969 0.187500 0.217188
0 0.138281 0.407813 0.089063 0.084375
4 0.255469 0.425000 0.029687 0.028125
4 0.375781 0.653906 0.026562 0.023438
2 0.463281 0.177344 0.017188 0.017188
0 0.442969 0.220312 0.035937 0.034375
2 0.582031 0.824219 0.057813 0.051562
0 0.805469 0.259375 0.048438 0.040625
0 0.279687 0.694531 0.075000 0.073438
2 0.499219 0.639062 0.235937 0.206250
3 0.442969 0.646094 0.320312 0.320312
5 0.156250 0.707031 0.065625 0.067187
0 0.385156 0.300000 0.073438 0.068750
1 0.799219 0.355469 0.067187 0.076563
1 0.314063 0.413281 0.087500 0.070312
5 0.388281 0.442969 0.032813 0.045312
0 0.675000 0.260156 0.050000 0.045312
1 0.763281 0.729688 0.070312 0.093750
2 0.209375 0.660937 0.071875 0.075000
5 0.752344 0.724219 0.045312 0.054688
2 0.265625 0.386719 0.012500 0.020313
2 0.643750 0.673438 0.040625 0.028125
4 0.731250 0.636719 0.246875 0.235937
5 0.271094 0.298438 0.035937 0.043750
5 0.257812 0.546875 0.037500 0.031250
4 0.185156 0.639062 0.048438 0.056250
1 0.829688 0.301563 0.059375 0.043750
1 0.805469 0.421094 0.189062 0.185938
2 0.711719 0.823438 0.026562 0.025000
3 0.215625 0.417187 0.068750 0.068750
0 0.343750 0.440625 0.037500 0.031250
1 0.442969 0.794531 0.085938 0.085938
3 0.382031 0.142969 0.107813 0.107813
4 0.578906 0.403906 0.060937 0.067187
5 0.593750 0.425781 0.043750 0.054688
3 0.250000 0.480469 0.318750 0.354687
4 0.439844 0.698438 0.020313 0.018750
4 0.454688 0.265625 0.034375 0.040625
1 0.426563 0.334375 0.078125 0.081250
3 0.550000 0.710938 0.125000 0.125000
3 0.602344 0.211719 0.110937 0.110937
0 0.677344 0.644531 0.064062 0.073438
4 0.559375 0.910937 0.028125 0.025000
0 0.778906 0.487500 0.107813 0.112500
3 0.537500 0.665625 0.087500 0.087500
1 0.467187 0.799219 0.100000 0.101562
1 0.570312 0.234375 0.087500 0.078125
0 0.750781 0.532813 0.023438 0.037500
4 0.635156 0.660156 0.232813 0.235937
2 0.574219 0.787500 0.126562 0.109375