1 0.294531 0.514062 0.029687 0.031250
1 0.587500 0.536719 0.090625 0.076563
1 0.869531 0.443750 0.045312 0.050000
4 0.348438 0.588281 0.034375 0.032813
1 0.298438 0.675781 0.134375 0.189062
2 0.900781 0.649219 0.042188 0.035937
1 0.797656 0.256250 0.076563 0.081250
0 0.347656 0.732031 0.035937 0.048438
1 0.628906 0.563281 0.164062 0.132812
3 0.489844 0.414844 0.157812 0.132812
1 0.677344 0.771875 0.154688 0.112500
1 0.863281 0.622656 0.085938 0.076563
0 0.481250 0.630469 0.034375 0.032813
5 0.769531 0.240625 0.039062 0.050000
0 0.522656 0.563281 0.057813 0.054688
3 0.363281 0.230469 0.139063 0.139063
1 0.143750 0.604688 0.118750 0.112500
5 0.443750 0.510156 0.050000 0.048438
4 0.386719 0.322656 0.082812 0.101562
2 0.547656 0.893750 0.023438 0.053125
5 0.198437 0.313281 0.081250 0.060937
2 0.498437 0.269531 0.031250 0.039062
4 0.679688 0.127344 0.021875 0.023438
4 0.457031 0.811719 0.064062 0.054688
3 0.541406 0.444531 0.085938 0.085938
3 0.557031 0.436719 0.110937 0.110937
0 0.683594 0.774219 0.029687 0.042188
0 0.246094 0.506250 0.101562 0.096875
5 0.476562 0.442188 0.037500 0.043750
3 0.801562 0.612500 0.146875 0.181250
3 0.531250 0.645312 0.065625 0.034375
3 0.751563 0.317188 0.118750 0.118750
4 0.504687 0.246094 0.143750 0.132812
3 0.240625 0.562500 0.118750 0.118750
0 0.831250 0.417969 0.031250 0.032813
0 0.143750 0.601562 0.050000 0.056250
0 0.510156 0.158594 0.070312 0.064062
1 0.646875 0.807813 0.096875 0.150000
0 0.832031 0.511719 0.060937 0.048438
0 0.452344 0.675000 0.045312 0.040625
2 0.357812 0.843750 0.015625 0.021875
2 0.471875 0.466406 0.056250 0.057813
2 0.303125 0.357812 0.025000 0.037500
1 0.216406 0.596094 0.067187 0.064062
2 0.243750 0.267969 0.046875 0.045312
5 0.618750 0.299219 0.043750 0.042188
0 0.359375 0.195312 0.090625 0.065625
0 0.902344 0.606250 0.026562 0.028125
5 0.676562 0.613281 0.031250 0.035937
1 0.357031 0.389844 0.173437 0.160938
1 0.622656 0.130469 0.092188 0.104688
2 0.308594 0.384375 0.051562 0.046875
0 0.448437 0.470313 0.031250 0.025000
3 0.546094 0.285156 0.142187 0.114062
0 0.795312 0.753125 0.106250 0.109375
0 0.532031 0.628906 0.045312 0.042188
5 0.486719 0.456250 0.029687 0.025000
4 0.388281 0.643750 0.039062 0.040625
1 0.173437 0.693750 0.103125 0.115625
1 0.463281 0.260937 0.067187 0.056250
1 0.416406 0.606250 0.182812 0.137500
4 0.642969 0.324219 0.051562 0.070312
3 0.585156 0.744531 0.085938 0.085938
2 0.221875 0.782813 0.068750 0.056250
4 0.410938 0.681250 0.084375 0.093750
2 0.831250 0.373437 0.031250 0.034375
3 0.117969 0.563281 0.082812 0.101562
3 0.654687 0.529687 0.087500 0.087500
5 0.146875 0.402344 0.021875 0.023438
4 0.528906 0.692187 0.032813 0.028125
5 0.546875 0.159375 0.034375 0.034375
3 0.210938 0.592187 0.156250 0.150000
0 0.471094 0.838281 0.017188 0.020313
3 0.780469 0.335156 0.117188 0.117188
1 0.883594 0.339844 0.067187 0.057813
1 0.439063 0.496875 0.106250 0.100000
0 0.673438 0.151562 0.028125 0.028125
1 0.576562 0.788281 0.093750 0.095312
2 0.201563 0.352344 0.065625 0.079687
4 0.739062 0.189062 0.087500 0.100000
2 0.725781 0.642969 0.048438 0.023438
5 0.903906 0.375000 0.039062 0.040625
1 0.573438 0.672656 0.071875 0.079687
4 0.578125 0.153125 0.021875 0.021875
5 0.402344 0.275781 0.085938 0.064062
1 0.161719 0.518750 0.067187 0.078125
1 0.649219 0.650000 0.098437 0.087500
3 0.342969 0.441406 0.295312 0.332813
3 0.563281 0.653906 0.292187 0.198437
4 0.588281 0.663281 0.026562 0.026562
4 0.601562 0.236719 0.040625 0.039062
5 0.346094 0.150781 0.060937 0.057813
4 0.405469 0.825000 0.014063 0.018750
2 0.318750 0.124219 0.025000 0.029687
4 0.350000 0.844531 0.025000 0.026562
0 0.367969 0.715625 0.051562 0.043750
3 0.509375 0.204687 0.115625 0.115625
2 0.247656 0.453906 0.020313 0.017188
4 0.497656 0.409375 0.260937 0.218750
4 0.676562 0.263281 0.062500 0.054688
2 0.437500 0.518750 0.037500 0.040625
3 0.451562 0.307812 0.087500 0.065625
4 0.834375 0.525000 0.031250 0.028125
1 0.287500 0.772656 0.087500 0.085938
2 0.432812 0.857812 0.059375 0.062500
5 0.828125 0.661719 0.034375 0.035937
4 0.492188 0.123438 0.025000 0.021875
1 0.363281 0.285156 0.064062 0.057813
2 0.141406 0.354687 0.026562 0.031250
3 0.175781 0.717187 0.060937 0.056250