1 0.446094 0.391406 0.092188 0.076563
0 0.449219 0.806250 0.045312 0.053125
2 0.444531 0.257031 0.114062 0.117188
5 0.353125 0.399219 0.046875 0.048438
0 0.242969 0.798438 0.085938 0.068750
2 0.686719 0.769531 0.035937 0.039062
4 0.597656 0.697656 0.054688 0.064062
1 0.564844 0.278125 0.139063 0.153125
3 0.147656 0.592969 0.098437 0.098437
0 0.268750 0.750781 0.125000 0.101562
2 0.539062 0.896094 0.046875 0.035937
2 0.605469 0.229687 0.073438 0.096875
3 0.398438 0.570312 0.140625 0.140625
2 0.648438 0.682813 0.040625 0.037500
0 0.432812 0.116406 0.081250 0.073438
5 0.130469 0.533594 0.039062 0.039062
4 0.832031 0.564844 0.020313 0.023438
0 0.278906 0.696094 0.045312 0.039062
1 0.453906 0.144531 0.067187 0.064062
0 0.434375 0.333594 0.071875 0.067187
2 0.530469 0.364844 0.054688 0.082812
0 0.660156 0.579688 0.035937 0.037500
0 0.208594 0.462500 0.120313 0.121875
0 0.757812 0.626563 0.053125 0.062500
3 0.825781 0.400000 0.192188 0.196875
2 0.819531 0.434375 0.064062 0.056250
3 0.564063 0.348438 0.062500 0.062500
3 0.605469 0.341406 0.129688 0.129688
2 0.760156 0.591406 0.098437 0.089063
2 0.292187 0.713281 0.246875 0.176563
5 0.552344 0.667188 0.048438 0.046875
3 0.633594 0.699219 0.254688 0.295312
1 0.405469 0.226562 0.076563 0.093750
1 0.678906 0.435937 0.073438 0.084375
3 0.575781 0.502344 0.101562 0.101562
1 0.588281 0.100781 0.054688 0.073438
3 0.444531 0.801562 0.232813 0.218750
2 0.317188 0.871875 0.043750 0.037500
2 0.725000 0.698438 0.018750 0.018750
1 0.173437 0.415625 0.084375 0.150000
1 0.498437 0.430469 0.062500 0.064062
1 0.370312 0.503906 0.115625 0.110937
0 0.697656 0.357031 0.089063 0.082812
1 0.487500 0.653125 0.090625 0.109375
0 0.278906 0.650781 0.101562 0.104688
4 0.599219 0.744531 0.026562 0.023438
0 0.445312 0.119531 0.084375 0.104688
5 0.518750 0.632812 0.028125 0.028125
5 0.331250 0.582812 0.043750 0.046875
5 0.324219 0.623437 0.042188 0.053125
2 0.081250 0.603125 0.025000 0.025000
4 0.678906 0.503125 0.032813 0.031250
2 0.461719 0.388281 0.045312 0.048438
5 0.385937 0.310937 0.034375 0.034375
4 0.267188 0.646875 0.015625 0.034375
2 0.210156 0.767188 0.039062 0.059375
4 0.694531 0.617188 0.076563 0.068750
1 0.408594 0.309375 0.151562 0.159375
2 0.785937 0.777344 0.040625 0.039062
3 0.294531 0.189844 0.089063 0.089063
2 0.825781 0.301563 0.042188 0.053125
1 0.767188 0.666406 0.071875 0.082812
4 0.160156 0.344531 0.060937 0.070312
4 0.388281 0.228125 0.023438 0.021875
4 0.553906 0.451562 0.017188 0.018750
1 0.525781 0.807813 0.064062 0.065625
3 0.466406 0.826562 0.167187 0.221875
0 0.748437 0.509375 0.153125 0.134375