2 0.239063 0.281250 0.031250 0.043750
5 0.539062 0.742188 0.025000 0.025000
3 0.664844 0.445312 0.220312 0.165625
1 0.226562 0.788281 0.043750 0.060937
5 0.332813 0.357031 0.059375 0.042188
0 0.457813 0.579688 0.078125 0.068750
3 0.760156 0.511719 0.123438 0.123438
1 0.485938 0.382812 0.106250 0.093750
4 0.514844 0.332031 0.145313 0.104688
0 0.588281 0.550000 0.042188 0.046875
3 0.706250 0.615625 0.096875 0.096875
3 0.644531 0.378906 0.120313 0.120313
1 0.916406 0.483594 0.060937 0.067187
3 0.649219 0.667188 0.248438 0.412500
4 0.500781 0.108594 0.032813 0.026562
4 0.293750 0.785156 0.018750 0.017188
2 0.272656 0.563281 0.029687 0.026562
5 0.485156 0.911719 0.023438 0.023438
4 0.293750 0.229687 0.025000 0.021875
1 0.192188 0.371094 0.056250 0.054688
4 0.365625 0.330469 0.018750 0.017188
2 0.696875 0.722656 0.046875 0.042188
4 0.519531 0.188281 0.017188 0.032813
1 0.165625 0.703125 0.068750 0.078125
3 0.264844 0.221094 0.151562 0.167187
0 0.775781 0.305469 0.079687 0.070312
3 0.557813 0.276562 0.109375 0.109375
2 0.669531 0.271875 0.039062 0.046875
3 0.343750 0.584375 0.037500 0.037500
5 0.789062 0.299219 0.059375 0.060937
1 0.380469 0.642188 0.117188 0.112500
1 0.533594 0.796094 0.048438 0.057813
1 0.723437 0.831250 0.096875 0.096875
2 0.507031 0.452344 0.039062 0.048438
5 0.196094 0.736719 0.026562 0.029687
1 0.413281 0.828906 0.079687 0.095312
1 0.146875 0.443750 0.112500 0.112500
3 0.331250 0.646875 0.134375 0.134375
3 0.645312 0.689063 0.084375 0.084375
4 0.369531 0.627344 0.020313 0.029687
4 0.259375 0.715625 0.031250 0.028125
1 0.266406 0.699219 0.095312 0.095312
5 0.160156 0.575781 0.064062 0.054688
1 0.138281 0.506250 0.110937 0.125000
5 0.835156 0.747656 0.023438 0.023438
5 0.346094 0.239844 0.085938 0.085938
4 0.591406 0.315625 0.095312 0.128125
0 0.547656 0.787500 0.073438 0.068750
1 0.540625 0.658594 0.156250 0.142187
4 0.392969 0.657813 0.107813 0.103125
2 0.526563 0.591406 0.043750 0.045312
0 0.564063 0.879687 0.112500 0.100000
3 0.559375 0.640625 0.150000 0.150000
4 0.872656 0.695312 0.023438 0.021875
5 0.921875 0.535156 0.034375 0.035937
3 0.625781 0.517969 0.129688 0.129688
5 0.889844 0.672656 0.048438 0.045312
2 0.642969 0.139844 0.042188 0.048438
3 0.799219 0.618750 0.123438 0.137500
5 0.217969 0.642969 0.026562 0.029687
1 0.185156 0.698438 0.089063 0.096875
5 0.354687 0.545312 0.031250 0.040625
4 0.246875 0.703125 0.059375 0.028125
1 0.459375 0.847656 0.078125 0.064062
5 0.703906 0.563281 0.029687 0.026562
1 0.293750 0.778906 0.115625 0.114062
2 0.111719 0.600000 0.057813 0.053125
5 0.364844 0.475781 0.020313 0.020313
0 0.528125 0.663281 0.103125 0.114062
3 0.650781 0.809375 0.095312 0.071875
1 0.860938 0.552344 0.109375 0.098437
1 0.682813 0.167969 0.121875 0.098437
0 0.282031 0.302344 0.098437 0.082812
3 0.508594 0.480469 0.232813 0.248438
0 0.437500 0.594531 0.056250 0.045312
0 0.619531 0.475000 0.082812 0.075000
2 0.590625 0.685937 0.081250 0.071875
2 0.733594 0.214844 0.085938 0.067187
4 0.533594 0.395313 0.173437 0.131250
5 0.500781 0.878125 0.057813 0.046875
3 0.642969 0.316406 0.117188 0.101562
5 0.574219 0.810156 0.026562 0.029687
3 0.432031 0.250781 0.126562 0.126562
3 0.530469 0.324219 0.154688 0.154688
5 0.691406 0.882812 0.029687 0.031250