4 0.463281 0.256250 0.095312 0.093750
4 0.255469 0.457813 0.095312 0.087500
3 0.616406 0.435156 0.079687 0.079687
5 0.167969 0.633594 0.032813 0.035937
2 0.835156 0.428125 0.064062 0.071875
4 0.457813 0.257031 0.075000 0.079687
4 0.885938 0.574219 0.021875 0.020313
3 0.415625 0.759375 0.140625 0.140625
3 0.578906 0.676562 0.260937 0.181250
3 0.608594 0.290625 0.123438 0.112500
5 0.635156 0.696875 0.048438 0.053125
5 0.310156 0.545312 0.035937 0.028125
1 0.559375 0.465625 0.121875 0.093750
3 0.222656 0.653125 0.110937 0.134375
3 0.405469 0.608594 0.092188 0.092188
1 0.711719 0.758594 0.107813 0.092188
1 0.290625 0.518750 0.068750 0.068750
2 0.680469 0.355469 0.042188 0.032813
3 0.207813 0.343750 0.159375 0.159375
0 0.179688 0.734375 0.018750 0.018750
0 0.399219 0.593750 0.057813 0.075000
2 0.517188 0.171094 0.053125 0.045312
2 0.851562 0.713281 0.043750 0.048438
3 0.774219 0.308594 0.139063 0.139063
1 0.235156 0.678906 0.145313 0.092188
0 0.114844 0.525781 0.054688 0.054688
2 0.319531 0.623437 0.026562 0.028125
3 0.629687 0.575000 0.162500 0.121875
2 0.461719 0.435937 0.032813 0.031250
2 0.654687 0.298438 0.031250 0.031250
4 0.857031 0.401562 0.026562 0.025000
2 0.205469 0.339844 0.051562 0.045312
1 0.800000 0.324219 0.065625 0.089063
3 0.271875 0.581250 0.250000 0.234375
4 0.518750 0.591406 0.015625 0.017188
3 0.728125 0.460938 0.287500 0.287500
2 0.586719 0.480469 0.064062 0.042188
4 0.684375 0.618750 0.037500 0.043750
3 0.662500 0.309375 0.093750 0.093750
4 0.692969 0.386719 0.032813 0.032813
1 0.910937 0.437500 0.056250 0.056250
2 0.744531 0.564063 0.029687 0.034375
4 0.373437 0.678125 0.021875 0.025000
1 0.757812 0.658594 0.037500 0.048438
2 0.429688 0.810156 0.196875 0.167187
3 0.434375 0.890625 0.065625 0.065625
4 0.800000 0.783594 0.021875 0.023438
5 0.182031 0.588281 0.048438 0.039062
0 0.156250 0.592187 0.100000 0.096875
5 0.415625 0.356250 0.050000 0.043750
4 0.350000 0.653125 0.037500 0.040625
5 0.450781 0.544531 0.045312 0.039062
3 0.564063 0.331250 0.096875 0.096875
1 0.349219 0.171094 0.126562 0.126562
4 0.289844 0.658594 0.023438 0.023438
2 0.126562 0.477344 0.059375 0.067187
0 0.653906 0.326562 0.039062 0.034375
3 0.448437 0.716406 0.265625 0.273438
4 0.336719 0.257812 0.048438 0.050000
4 0.754687 0.189844 0.037500 0.035937
3 0.482031 0.285938 0.223438 0.278125
0 0.154688 0.296875 0.093750 0.059375
4 0.542188 0.650000 0.046875 0.059375
2 0.514062 0.893750 0.046875 0.046875
2 0.497656 0.866406 0.070312 0.067187
1 0.443750 0.789062 0.162500 0.162500
0 0.735156 0.500000 0.039062 0.046875
3 0.265625 0.246875 0.056250 0.056250
2 0.800781 0.352344 0.042188 0.051562
5 0.765625 0.561719 0.034375 0.032813
2 0.702344 0.565625 0.032813 0.050000
2 0.794531 0.612500 0.023438 0.015625
1 0.367188 0.611719 0.121875 0.129688
2 0.415625 0.478125 0.028125 0.028125
3 0.192188 0.504687 0.084375 0.084375
2 0.442188 0.123438 0.081250 0.078125
3 0.253125 0.679688 0.093750 0.093750
4 0.744531 0.169531 0.073438 0.054688
1 0.717187 0.622656 0.050000 0.045312
5 0.256250 0.847656 0.031250 0.035937
2 0.599219 0.340625 0.082812 0.068750