1 0.724219 0.270313 0.126562 0.109375
0 0.537500 0.181250 0.043750 0.037500
0 0.141406 0.330469 0.042188 0.039062
4 0.780469 0.726562 0.129688 0.143750
4 0.662500 0.506250 0.025000 0.031250
3 0.322656 0.590625 0.304688 0.221875
5 0.829688 0.625000 0.046875 0.040625
0 0.828906 0.405469 0.017188 0.014063
2 0.528125 0.463281 0.231250 0.135937
3 0.714844 0.518750 0.214062 0.262500
4 0.670312 0.531250 0.037500 0.025000
3 0.859375 0.618750 0.056250 0.071875
4 0.777344 0.255469 0.060937 0.064062
3 0.471094 0.242969 0.160938 0.160938
5 0.384375 0.181250 0.021875 0.025000
4 0.086719 0.587500 0.039062 0.037500
1 0.297656 0.485156 0.092188 0.107813
1 0.463281 0.292187 0.048438 0.075000
4 0.367969 0.462500 0.026562 0.021875
3 0.416406 0.760156 0.067187 0.067187
5 0.547656 0.712500 0.029687 0.028125
2 0.735938 0.311719 0.196875 0.167187
1 0.241406 0.714063 0.060937 0.071875
2 0.228125 0.765625 0.031250 0.028125
0 0.242188 0.810937 0.065625 0.046875
2 0.263281 0.799219 0.023438 0.026562
2 0.513281 0.683594 0.032813 0.035937
2 0.425781 0.714063 0.023438 0.021875
4 0.581250 0.610938 0.090625 0.093750
2 0.809375 0.447656 0.237500 0.170313
5 0.306250 0.246094 0.062500 0.060937
0 0.202344 0.222656 0.035937 0.035937
1 0.748437 0.704688 0.093750 0.103125
5 0.907031 0.532813 0.076563 0.078125
3 0.469531 0.774219 0.151562 0.154688
2 0.810156 0.462500 0.067187 0.056250
1 0.507812 0.455469 0.046875 0.042188
1 0.467969 0.309375 0.101562 0.096875
0 0.448437 0.725000 0.087500 0.087500
0 0.425000 0.639062 0.109375 0.106250
0 0.535156 0.528906 0.051562 0.054688
3 0.825781 0.283594 0.064062 0.085938
3 0.773438 0.209375 0.043750 0.056250
2 0.094531 0.595313 0.035937 0.037500
4 0.275000 0.139844 0.043750 0.045312
3 0.496094 0.851562 0.145313 0.146875
1 0.502344 0.153125 0.048438 0.043750
2 0.234375 0.689844 0.075000 0.060937
0 0.329688 0.761719 0.081250 0.092188
1 0.278906 0.558594 0.101562 0.101562
5 0.507812 0.413281 0.056250 0.051562
5 0.542188 0.888281 0.028125 0.020313
0 0.634375 0.367969 0.100000 0.107813
4 0.503906 0.171875 0.020313 0.018750
0 0.613281 0.117969 0.057813 0.054688
1 0.728125 0.745313 0.118750 0.121875
2 0.371875 0.178906 0.028125 0.026562
3 0.532813 0.700000 0.078125 0.078125
3 0.217969 0.550781 0.092188 0.048438
2 0.637500 0.660156 0.025000 0.039062
0 0.757812 0.758594 0.031250 0.026562
1 0.360156 0.296094 0.032813 0.032813
3 0.414844 0.685156 0.145313 0.201563
5 0.739844 0.454688 0.035937 0.034375
2 0.443750 0.435937 0.053125 0.056250
4 0.804688 0.784375 0.059375 0.050000
2 0.319531 0.487500 0.039062 0.040625
4 0.333594 0.217969 0.117188 0.107813
4 0.629687 0.419531 0.196875 0.273438
2 0.753125 0.484375 0.046875 0.046875
3 0.596875 0.705469 0.253125 0.298438
0 0.553125 0.421094 0.115625 0.101562
2 0.524219 0.685937 0.067187 0.075000
4 0.333594 0.185156 0.048438 0.051562
0 0.789062 0.752344 0.043750 0.039062
4 0.579688 0.889062 0.025000 0.021875
2 0.747656 0.500000 0.054688 0.043750
5 0.382031 0.278125 0.048438 0.043750
5 0.446875 0.698438 0.037500 0.037500
5 0.318750 0.380469 0.037500 0.039062
3 0.691406 0.330469 0.248438 0.220312
3 0.373437 0.448437 0.075000 0.075000
4 0.412500 0.608594 0.050000 0.051562
3 0.223438 0.298438 0.175000 0.165625
1 0.243750 0.421875 0.068750 0.084375
2 0.410938 0.191406 0.081250 0.048438
5 0.764844 0.204687 0.045312 0.043750
2 0.756250 0.763281 0.062500 0.051562
4 0.523438 0.914062 0.028125 0.034375
2 0.363281 0.351562 0.170313 0.203125
5 0.625000 0.556250 0.025000 0.025000
4 0.288281 0.131250 0.026562 0.025000
5 0.261719 0.273438 0.035937 0.034375
5 0.263281 0.194531 0.029687 0.035937
5 0.453125 0.667969 0.081250 0.076563
1 0.686719 0.804688 0.067187 0.075000