3 0.707812 0.389844 0.109375 0.107813
4 0.123438 0.678125 0.021875 0.021875
4 0.713281 0.332031 0.079687 0.070312
3 0.274219 0.421094 0.079687 0.079687
3 0.549219 0.522656 0.132812 0.145313
1 0.448437 0.131250 0.106250 0.103125
0 0.491406 0.467969 0.060937 0.070312
5 0.856250 0.315625 0.031250 0.031250
4 0.642188 0.738281 0.250000 0.270313
0 0.851562 0.668750 0.043750 0.046875
5 0.846094 0.751563 0.026562 0.028125
4 0.269531 0.464844 0.032813 0.045312
2 0.220312 0.320312 0.046875 0.056250
5 0.169531 0.725000 0.039062 0.046875
0 0.311719 0.500781 0.064062 0.057813
0 0.707031 0.691406 0.035937 0.032813
5 0.832812 0.249219 0.056250 0.054688
4 0.678125 0.259375 0.081250 0.059375
4 0.240625 0.192969 0.015625 0.020313
3 0.342187 0.592187 0.128125 0.146875
2 0.816406 0.565625 0.039062 0.037500
1 0.796875 0.479687 0.071875 0.065625
2 0.396875 0.683594 0.056250 0.060937
1 0.784375 0.339062 0.090625 0.075000
4 0.367188 0.818750 0.015625 0.015625
5 0.692969 0.314063 0.051562 0.040625
5 0.586719 0.408594 0.039062 0.035937
4 0.453906 0.607031 0.048438 0.042188
3 0.506250 0.889062 0.071875 0.071875
0 0.710156 0.476562 0.098437 0.090625
0 0.592969 0.176563 0.042188 0.040625
1 0.846094 0.419531 0.098437 0.085938
5 0.211719 0.391406 0.051562 0.045312
4 0.464844 0.321875 0.020313 0.028125
1 0.586719 0.701562 0.126562 0.109375
1 0.272656 0.260156 0.067187 0.092188
4 0.625781 0.284375 0.023438 0.018750
4 0.565625 0.512500 0.028125 0.025000
0 0.732031 0.661719 0.045312 0.042188
1 0.319531 0.385937 0.070312 0.096875
4 0.604688 0.441406 0.225000 0.245312
0 0.813281 0.359375 0.120313 0.103125
5 0.239844 0.653906 0.051562 0.054688
2 0.572656 0.307812 0.026562 0.025000
3 0.292187 0.528125 0.090625 0.090625
3 0.706250 0.512500 0.131250 0.131250
0 0.629687 0.110937 0.028125 0.021875
0 0.579688 0.239844 0.056250 0.070312
5 0.418750 0.485938 0.025000 0.025000
0 0.571094 0.640625 0.057813 0.053125
0 0.264844 0.653125 0.054688 0.037500
2 0.179688 0.664062 0.068750 0.068750
1 0.671094 0.265625 0.154688 0.190625
4 0.775781 0.623437 0.020313 0.021875
0 0.594531 0.374219 0.054688 0.060937
4 0.394531 0.210938 0.048438 0.037500
2 0.554688 0.465625 0.128125 0.128125
2 0.394531 0.415625 0.076563 0.078125
4 0.544531 0.898438 0.029687 0.031250
3 0.542969 0.188281 0.242188 0.242188
5 0.727344 0.291406 0.073438 0.067187
4 0.364063 0.713281 0.034375 0.045312
0 0.846094 0.514844 0.029687 0.029687
4 0.320312 0.753906 0.031250 0.023438
0 0.840625 0.542188 0.162500 0.150000
2 0.340625 0.446094 0.046875 0.032813
5 0.301563 0.313281 0.050000 0.054688
5 0.521094 0.714844 0.039062 0.039062
2 0.749219 0.424219 0.035937 0.026562
3 0.551562 0.710938 0.246875 0.250000
1 0.265625 0.269531 0.143750 0.145313
4 0.092969 0.611719 0.026562 0.029687
2 0.682813 0.867969 0.031250 0.020313
0 0.266406 0.350781 0.014063 0.014063
5 0.380469 0.275000 0.067187 0.068750
3 0.606250 0.596875 0.262500 0.306250