5 0.347656 0.175000 0.054688 0.046875
1 0.617188 0.601562 0.096875 0.090625
4 0.844531 0.526563 0.051562 0.043750
1 0.789062 0.503906 0.150000 0.170313
2 0.650000 0.628906 0.081250 0.079687
0 0.406250 0.195312 0.021875 0.021875
3 0.272656 0.389844 0.182812 0.204687
5 0.410938 0.462500 0.065625 0.062500
5 0.455469 0.095312 0.048438 0.053125
1 0.779687 0.389062 0.040625 0.056250
3 0.473438 0.408594 0.200000 0.157812
4 0.649219 0.807031 0.051562 0.064062
1 0.552344 0.843750 0.060937 0.062500
2 0.621875 0.175000 0.025000 0.028125
3 0.714063 0.320312 0.156250 0.156250
4 0.629687 0.858594 0.031250 0.029687
1 0.133594 0.571875 0.142187 0.125000
5 0.321875 0.464062 0.065625 0.059375
1 0.278906 0.359375 0.085938 0.087500
1 0.384375 0.339844 0.103125 0.117188
2 0.100000 0.525000 0.046875 0.056250
0 0.326562 0.635938 0.050000 0.050000
5 0.810156 0.611719 0.026562 0.039062
1 0.739062 0.434375 0.065625 0.078125
1 0.622656 0.194531 0.117188 0.095312
2 0.638281 0.129688 0.029687 0.031250
4 0.793750 0.451562 0.025000 0.025000
1 0.374219 0.637500 0.132812 0.103125
1 0.699219 0.394531 0.089063 0.104688
0 0.535937 0.073438 0.043750 0.043750
4 0.472656 0.581250 0.235937 0.212500
1 0.512500 0.173437 0.028125 0.037500
4 0.303125 0.431250 0.043750 0.040625
3 0.384375 0.839063 0.131250 0.131250
1 0.798438 0.250781 0.103125 0.082812
2 0.899219 0.510938 0.054688 0.050000
3 0.149219 0.510156 0.082812 0.082812
3 0.828906 0.335156 0.089063 0.067187
4 0.475000 0.692187 0.109375 0.109375
1 0.732812 0.708594 0.228125 0.226562
1 0.266406 0.615625 0.139063 0.143750
1 0.683594 0.587500 0.085938 0.090625
3 0.728906 0.313281 0.279687 0.179688
2 0.351562 0.148438 0.056250 0.056250
0 0.389844 0.746094 0.032813 0.026562
3 0.499219 0.427344 0.060937 0.079687
4 0.763281 0.525781 0.089063 0.101562
2 0.387500 0.144531 0.062500 0.051562
4 0.357031 0.417969 0.151562 0.126562
0 0.160156 0.253125 0.048438 0.053125
1 0.762500 0.421875 0.109375 0.093750
0 0.426563 0.308594 0.043750 0.039062
2 0.146875 0.546094 0.037500 0.042188
0 0.350781 0.137500 0.048438 0.046875
5 0.370312 0.300000 0.031250 0.037500
0 0.652344 0.629687 0.064062 0.062500
3 0.425781 0.629687 0.198437 0.128125
0 0.711719 0.850781 0.017188 0.017188
5 0.250781 0.656250 0.032813 0.031250
3 0.400000 0.488281 0.325000 0.239063
5 0.178906 0.384375 0.035937 0.050000
3 0.403906 0.296875 0.239063 0.193750
5 0.177344 0.596875 0.032813 0.031250
5 0.765625 0.324219 0.040625 0.045312
2 0.830469 0.439844 0.026562 0.026562
4 0.335938 0.659375 0.050000 0.046875
1 0.450781 0.097656 0.082812 0.064062
3 0.256250 0.335938 0.140625 0.112500
1 0.629687 0.737500 0.081250 0.081250
5 0.121094 0.353125 0.023438 0.028125
0 0.786719 0.529687 0.032813 0.028125
4 0.328125 0.157812 0.025000 0.028125
2 0.155469 0.272656 0.048438 0.064062
2 0.249219 0.317969 0.082812 0.073438
1 0.817187 0.734375 0.053125 0.053125
1 0.628125 0.598437 0.090625 0.118750
1 0.273438 0.514062 0.121875 0.106250
1 0.552344 0.654687 0.051562 0.062500
2 0.262500 0.208594 0.078125 0.070312
0 0.684375 0.382031 0.025000 0.026562
3 0.382812 0.629687 0.237500 0.150000
2 0.617969 0.750000 0.070312 0.075000
2 0.606250 0.909375 0.053125 0.050000
4 0.371094 0.804688 0.067187 0.065625
3 0.668750 0.552344 0.368750 0.395313
0 0.531250 0.305469 0.159375 0.120313
0 0.633594 0.102344 0.057813 0.048438
5 0.653906 0.563281 0.026562 0.023438
2 0.560156 0.458594 0.032813 0.026562
3 0.355469 0.601562 0.395313 0.240625
2 0.329688 0.694531 0.043750 0.051562
3 0.353125 0.187500 0.090625 0.090625
1 0.260156 0.369531 0.051562 0.035937
4 0.160938 0.499219 0.068750 0.060937
2 0.802344 0.529687 0.054688 0.046875
4 0.498437 0.657031 0.131250 0.123438
5 0.531250 0.364844 0.043750 0.057813
2 0.485938 0.884375 0.046875 0.034375
5 0.848437 0.450000 0.028125 0.018750
3 0.591406 0.700781 0.054688 0.057813
1 0.873437 0.578906 0.087500 0.073438
0 0.611719 0.628906 0.076563 0.060937
5 0.730469 0.665625 0.035937 0.043750
5 0.694531 0.313281 0.064062 0.064062
0 0.794531 0.281250 0.060937 0.093750
5 0.823438 0.732812 0.040625 0.037500
1 0.721094 0.599219 0.142187 0.164062
5 0.700781 0.712500 0.023438 0.021875
1 0.493750 0.093750 0.028125 0.040625
5 0.685156 0.664062 0.048438 0.040625
3 0.557813 0.721094 0.128125 0.098437
0 0.560156 0.804688 0.045312 0.031250
3 0.300000 0.460156 0.059375 0.057813
4 0.514844 0.431250 0.020313 0.015625
4 0.345313 0.321094 0.021875 0.020313
3 0.170313 0.357812 0.096875 0.096875
5 0.478125 0.853906 0.040625 0.045312
4 0.389062 0.807813 0.190625 0.196875
4 0.431250 0.758594 0.081250 0.095312
2 0.744531 0.438281 0.064062 0.060937