0 0.250781 0.305469 0.089063 0.089063
3 0.218750 0.314063 0.100000 0.100000
5 0.742969 0.615625 0.029687 0.034375
5 0.377344 0.883594 0.035937 0.032813
3 0.426563 0.321875 0.096875 0.096875
0 0.450781 0.580469 0.064062 0.064062
1 0.732812 0.310937 0.050000 0.065625
5 0.110156 0.364063 0.048438 0.046875
5 0.194531 0.381250 0.020313 0.034375
4 0.610156 0.608594 0.017188 0.026562
1 0.428125 0.824219 0.059375 0.057813
5 0.245312 0.200000 0.037500 0.040625
2 0.512500 0.314063 0.046875 0.071875
1 0.485938 0.523438 0.131250 0.137500
1 0.420312 0.353125 0.078125 0.068750
3 0.451562 0.464062 0.109375 0.109375
4 0.420312 0.115625 0.084375 0.075000
3 0.600781 0.592969 0.173437 0.120313
2 0.767188 0.635938 0.046875 0.046875
0 0.655469 0.221094 0.051562 0.039062
5 0.817969 0.425781 0.070312 0.073438
2 0.278125 0.304688 0.034375 0.031250
3 0.148438 0.475781 0.081250 0.082812
0 0.470313 0.114062 0.037500 0.043750
2 0.707812 0.354687 0.025000 0.062500
2 0.610156 0.798438 0.054688 0.037500
4 0.169531 0.259375 0.026562 0.025000
3 0.352344 0.642969 0.226562 0.154688
0 0.536719 0.397656 0.129688 0.129688
0 0.703906 0.871875 0.026562 0.034375
5 0.710156 0.160156 0.020313 0.020313
3 0.318750 0.295312 0.118750 0.118750
3 0.814063 0.312500 0.087500 0.087500
1 0.859375 0.482812 0.090625 0.075000
5 0.730469 0.739844 0.045312 0.045312
2 0.435937 0.108594 0.084375 0.082812
4 0.442969 0.489844 0.023438 0.020313
0 0.249219 0.687500 0.032813 0.034375
0 0.693750 0.657031 0.046875 0.048438
0 0.195312 0.537500 0.196875 0.165625
1 0.237500 0.318750 0.112500 0.090625
3 0.649219 0.802344 0.117188 0.117188
2 0.507812 0.410156 0.015625 0.020313
3 0.791406 0.284375 0.135937 0.100000
0 0.471875 0.474219 0.053125 0.035937
0 0.410938 0.639062 0.078125 0.075000
3 0.631250 0.423438 0.165625 0.140625
0 0.667188 0.834375 0.068750 0.065625
4 0.607031 0.532813 0.020313 0.021875
1 0.131250 0.306250 0.056250 0.062500
1 0.510156 0.756250 0.104688 0.118750
4 0.428906 0.120313 0.020313 0.025000
0 0.153125 0.378125 0.062500 0.065625
2 0.335156 0.536719 0.032813 0.042188
2 0.590625 0.524219 0.028125 0.026562
0 0.917188 0.477344 0.062500 0.054688
4 0.281250 0.306250 0.021875 0.021875
3 0.506250 0.453125 0.093750 0.118750
5 0.153906 0.644531 0.039062 0.045312
0 0.385937 0.270313 0.121875 0.100000
1 0.240625 0.434375 0.046875 0.059375
4 0.523438 0.179688 0.037500 0.037500
0 0.429688 0.367969 0.021875 0.023438
2 0.416406 0.115625 0.048438 0.043750
1 0.601562 0.626563 0.096875 0.096875
1 0.666406 0.666406 0.151562 0.132812
5 0.887500 0.517969 0.053125 0.070312
5 0.210938 0.600781 0.040625 0.039062
3 0.253906 0.728906 0.114062 0.114062
2 0.475000 0.621094 0.068750 0.045312
0 0.203125 0.371094 0.025000 0.020313
2 0.735938 0.833594 0.037500 0.035937
1 0.456250 0.704688 0.037500 0.037500
5 0.289844 0.691406 0.035937 0.026562
0 0.721875 0.747656 0.050000 0.054688
3 0.266406 0.422656 0.173437 0.217188
0 0.511719 0.400781 0.039062 0.032813
5 0.207813 0.332031 0.028125 0.026562
3 0.250000 0.571875 0.268750 0.268750
3 0.267969 0.719531 0.167187 0.104688
5 0.535156 0.289844 0.045312 0.039062
5 0.831250 0.585156 0.053125 0.051562
2 0.645312 0.114062 0.050000 0.037500
3 0.183594 0.635156 0.092188 0.092188
0 0.875781 0.405469 0.045312 0.045312
5 0.739062 0.767969 0.037500 0.048438
4 0.624219 0.142969 0.026562 0.023438
0 0.667188 0.150781 0.021875 0.014063
0 0.632812 0.606250 0.121875 0.106250
1 0.750000 0.267969 0.071875 0.070312
0 0.871094 0.410938 0.079687 0.078125
0 0.247656 0.478125 0.023438 0.021875
0 0.225000 0.394531 0.062500 0.057813
2 0.238281 0.547656 0.076563 0.082812
0 0.264062 0.742969 0.053125 0.051562
4 0.589063 0.889062 0.040625 0.040625
2 0.807813 0.325000 0.053125 0.056250
0 0.246875 0.375000 0.037500 0.034375
1 0.483594 0.403906 0.092188 0.092188
2 0.114844 0.378125 0.029687 0.028125
1 0.892188 0.615625 0.065625 0.059375
2 0.267969 0.543750 0.039062 0.031250
0 0.263281 0.291406 0.023438 0.026562
4 0.562500 0.740625 0.031250 0.028125
4 0.457031 0.332813 0.035937 0.050000
2 0.591406 0.206250 0.035937 0.034375
5 0.547656 0.408594 0.039062 0.042188
2 0.569531 0.470313 0.101562 0.096875
0 0.544531 0.919531 0.026562 0.020313
4 0.775781 0.289062 0.017188 0.018750
1 0.848437 0.342187 0.078125 0.078125
3 0.745313 0.639062 0.156250 0.156250
3 0.529687 0.803125 0.115625 0.153125
0 0.267188 0.472656 0.109375 0.114062
0 0.354687 0.424219 0.056250 0.054688
1 0.301563 0.481250 0.081250 0.081250
0 0.390625 0.646094 0.062500 0.054688
0 0.442969 0.154688 0.032813 0.031250
0 0.165625 0.575000 0.040625 0.034375
4 0.429688 0.357812 0.015625 0.018750
5 0.713281 0.758594 0.045312 0.045312
3 0.469531 0.286719 0.173437 0.173437
0 0.180469 0.348438 0.085938 0.062500
2 0.425000 0.709375 0.050000 0.053125
4 0.507812 0.276562 0.018750 0.018750
1 0.182812 0.728906 0.078125 0.070312
4 0.352344 0.133594 0.017188 0.017188
4 0.447656 0.682813 0.189062 0.200000
3 0.671875 0.752344 0.106250 0.107813
1 0.485938 0.510938 0.065625 0.059375
3 0.825000 0.295312 0.103125 0.103125