0 0.309375 0.274219 0.040625 0.035937
0 0.216406 0.735938 0.095312 0.096875
2 0.298438 0.753906 0.040625 0.035937
2 0.659375 0.422656 0.031250 0.032813
1 0.208594 0.546094 0.076563 0.082812
2 0.517969 0.549219 0.020313 0.023438
3 0.879687 0.519531 0.062500 0.076563
2 0.296094 0.467187 0.051562 0.062500
4 0.529687 0.554688 0.012500 0.012500
2 0.464062 0.578906 0.031250 0.026562
5 0.811719 0.248438 0.045312 0.037500
1 0.332813 0.305469 0.056250 0.057813
1 0.504687 0.761719 0.093750 0.095312
0 0.172656 0.539844 0.151562 0.132812
2 0.238281 0.602344 0.029687 0.035937
5 0.189844 0.798438 0.029687 0.028125
3 0.509375 0.128125 0.118750 0.118750
1 0.561719 0.596094 0.089063 0.085938
1 0.789062 0.408594 0.112500 0.095312
3 0.485156 0.677344 0.120313 0.120313
1 0.342969 0.717187 0.085938 0.081250
0 0.410938 0.554688 0.056250 0.056250
0 0.158594 0.762500 0.032813 0.031250
1 0.653906 0.203125 0.095312 0.103125
3 0.585938 0.521875 0.162500 0.162500
3 0.375781 0.602344 0.067187 0.079687
4 0.435156 0.448437 0.045312 0.043750
1 0.712500 0.257812 0.050000 0.043750
0 0.139063 0.727344 0.043750 0.039062
4 0.510938 0.296875 0.034375 0.021875
5 0.113281 0.434375 0.029687 0.025000
1 0.254688 0.188281 0.056250 0.048438
0 0.617188 0.742969 0.125000 0.104688
5 0.674219 0.548438 0.076563 0.068750
0 0.445312 0.497656 0.037500 0.032813
4 0.443750 0.378125 0.015625 0.015625
3 0.462500 0.898438 0.059375 0.059375
1 0.432812 0.521094 0.153125 0.167187
4 0.397656 0.846875 0.026562 0.025000
5 0.774219 0.610156 0.042188 0.032813
1 0.882031 0.521875 0.035937 0.031250
0 0.700000 0.188281 0.065625 0.064062
2 0.528125 0.855469 0.031250 0.029687
4 0.869531 0.692187 0.023438 0.018750
3 0.736719 0.477344 0.101562 0.101562
1 0.464844 0.513281 0.092188 0.076563
2 0.252344 0.662500 0.045312 0.037500
1 0.280469 0.543750 0.082812 0.087500
0 0.443750 0.203906 0.084375 0.067187
3 0.666406 0.515625 0.057813 0.046875
1 0.559375 0.736719 0.106250 0.095312
0 0.121094 0.310156 0.029687 0.026562
4 0.573438 0.277344 0.021875 0.023438
2 0.740625 0.761719 0.043750 0.035937
1 0.656250 0.713281 0.062500 0.082812
2 0.367969 0.654687 0.023438 0.021875
5 0.452344 0.209375 0.048438 0.046875
3 0.737500 0.528125 0.309375 0.331250
1 0.405469 0.825000 0.132812 0.118750
1 0.558594 0.778906 0.085938 0.132812
5 0.161719 0.372656 0.039062 0.039062
1 0.483594 0.803906 0.117188 0.123438
3 0.621094 0.600000 0.139063 0.150000
0 0.089844 0.469531 0.042188 0.057813
1 0.232031 0.513281 0.089063 0.070312
0 0.534375 0.788281 0.078125 0.085938
4 0.573438 0.200000 0.031250 0.037500
1 0.403125 0.255469 0.184375 0.189062
1 0.468750 0.437500 0.053125 0.053125
3 0.248438 0.420312 0.096875 0.087500
1 0.835156 0.387500 0.132812 0.137500
2 0.817969 0.654687 0.048438 0.043750
3 0.290625 0.678125 0.071875 0.071875
2 0.596094 0.698438 0.042188 0.031250
4 0.369531 0.528125 0.029687 0.025000
4 0.279687 0.175781 0.056250 0.067187
1 0.532031 0.671094 0.045312 0.048438
0 0.300000 0.605469 0.040625 0.035937
5 0.617188 0.247656 0.031250 0.042188
4 0.263281 0.319531 0.032813 0.035937
4 0.228906 0.423438 0.085938 0.093750
3 0.432031 0.282031 0.173437 0.270313
3 0.228906 0.260156 0.148438 0.148438
5 0.658594 0.485156 0.045312 0.051562
2 0.842187 0.675781 0.050000 0.042188
4 0.179688 0.753906 0.025000 0.029687
1 0.841406 0.353906 0.045312 0.057813
3 0.424219 0.793750 0.164062 0.131250
2 0.622656 0.139063 0.060937 0.043750
3 0.663281 0.863281 0.082812 0.082812
1 0.828125 0.432031 0.059375 0.067187
2 0.626563 0.820312 0.059375 0.053125
2 0.189062 0.517969 0.034375 0.039062
3 0.708594 0.438281 0.223438 0.245312
1 0.894531 0.375781 0.042188 0.042188
2 0.628906 0.513281 0.076563 0.070312
5 0.268750 0.392188 0.043750 0.046875
1 0.341406 0.828125 0.085938 0.071875
2 0.721094 0.385937 0.039062 0.037500
0 0.579688 0.260156 0.040625 0.039062
2 0.216406 0.560156 0.057813 0.067187
5 0.240625 0.382812 0.075000 0.068750
2 0.400000 0.702344 0.059375 0.045312
3 0.210156 0.366406 0.101562 0.101562
4 0.426563 0.417187 0.062500 0.050000
5 0.760156 0.228906 0.064062 0.060937
5 0.626563 0.386719 0.046875 0.048438
0 0.448437 0.643750 0.131250 0.112500
1 0.852344 0.387500 0.123438 0.134375
3 0.407031 0.750781 0.173437 0.173437
3 0.292187 0.832031 0.071875 0.070312
1 0.801562 0.575000 0.071875 0.065625
4 0.308594 0.321875 0.045312 0.037500
0 0.188281 0.475781 0.054688 0.060937
3 0.403125 0.706250 0.115625 0.115625
3 0.742188 0.828125 0.062500 0.062500
4 0.328125 0.649219 0.118750 0.117188
4 0.346094 0.749219 0.042188 0.042188
0 0.748437 0.361719 0.115625 0.104688
2 0.489063 0.204687 0.075000 0.075000