2 0.717969 0.686719 0.060937 0.057813
3 0.215625 0.539062 0.131250 0.140625
4 0.141406 0.687500 0.045312 0.056250
4 0.482031 0.275000 0.014063 0.018750
4 0.585938 0.098437 0.043750 0.031250
5 0.196875 0.354687 0.037500 0.037500
5 0.746094 0.623437 0.026562 0.037500
4 0.344531 0.495312 0.023438 0.025000
2 0.410156 0.705469 0.057813 0.051562
2 0.416406 0.229687 0.051562 0.050000
0 0.296875 0.500000 0.131250 0.109375
2 0.218750 0.250000 0.075000 0.087500
4 0.848437 0.603906 0.050000 0.042188
4 0.678906 0.330469 0.245312 0.276562
0 0.597656 0.772656 0.035937 0.035937
1 0.589844 0.837500 0.101562 0.081250
1 0.553125 0.367188 0.071875 0.090625
3 0.181250 0.475000 0.140625 0.140625
2 0.671094 0.542188 0.051562 0.053125
2 0.461719 0.229687 0.035937 0.037500
1 0.646875 0.164062 0.050000 0.050000
4 0.645312 0.817187 0.031250 0.028125
4 0.632031 0.296094 0.026562 0.014063
3 0.850000 0.389062 0.087500 0.087500
1 0.502344 0.894531 0.089063 0.092188
4 0.557813 0.484375 0.081250 0.068750
4 0.342187 0.409375 0.018750 0.015625
4 0.589063 0.869531 0.018750 0.017188
4 0.711719 0.829688 0.026562 0.025000
3 0.415625 0.328125 0.121875 0.121875
2 0.379688 0.903906 0.034375 0.029687
5 0.435156 0.339844 0.051562 0.051562
0 0.091406 0.529687 0.067187 0.056250
3 0.502344 0.757812 0.332813 0.250000
5 0.459375 0.733594 0.031250 0.048438
0 0.342969 0.734375 0.057813 0.053125
2 0.639062 0.769531 0.028125 0.032813
2 0.188281 0.432031 0.051562 0.048438
4 0.793750 0.509375 0.021875 0.025000
2 0.535156 0.618750 0.029687 0.018750
2 0.195312 0.675000 0.112500 0.115625
3 0.593750 0.873437 0.068750 0.068750
3 0.494531 0.302344 0.132812 0.132812
5 0.861719 0.308594 0.035937 0.026562
4 0.743750 0.700000 0.015625 0.015625
3 0.522656 0.258594 0.232813 0.170313
0 0.151562 0.539062 0.059375 0.056250
5 0.335156 0.621094 0.035937 0.035937
1 0.795312 0.328906 0.040625 0.035937
1 0.548438 0.482031 0.100000 0.145313
3 0.410938 0.520312 0.075000 0.075000
2 0.203125 0.266406 0.037500 0.045312
0 0.214062 0.547656 0.075000 0.079687
3 0.646875 0.467187 0.096875 0.096875
2 0.573438 0.241406 0.200000 0.170313
0 0.492969 0.458594 0.067187 0.051562
4 0.621875 0.151562 0.025000 0.025000
4 0.286719 0.305469 0.054688 0.051562
0 0.503125 0.310156 0.121875 0.076563
4 0.538281 0.799219 0.101562 0.101562
3 0.577344 0.221875 0.279687 0.259375
4 0.517969 0.576562 0.179688 0.134375
1 0.571094 0.492188 0.167187 0.175000
4 0.427344 0.738281 0.067187 0.079687
5 0.464844 0.228906 0.035937 0.039062
3 0.577344 0.153906 0.110937 0.107813
5 0.307812 0.874219 0.040625 0.042188
2 0.904687 0.357031 0.028125 0.032813
4 0.510156 0.489063 0.026562 0.025000
4 0.253906 0.342187 0.026562 0.034375
3 0.595313 0.388281 0.096875 0.129688
5 0.660156 0.825781 0.051562 0.048438
2 0.425781 0.889062 0.107813 0.093750
4 0.753125 0.438281 0.015625 0.017188
1 0.703906 0.741406 0.076563 0.070312