4 0.508594 0.767969 0.132812 0.160938
5 0.250000 0.610156 0.040625 0.035937
4 0.471875 0.600781 0.065625 0.057813
4 0.451562 0.442188 0.259375 0.259375
1 0.475781 0.676562 0.064062 0.056250
4 0.814844 0.394531 0.042188 0.039062
4 0.207031 0.521875 0.023438 0.018750
1 0.168750 0.627344 0.115625 0.089063
3 0.285938 0.432031 0.234375 0.320312
1 0.529687 0.158594 0.050000 0.035937
2 0.148438 0.334375 0.053125 0.046875
0 0.164844 0.334375 0.048438 0.037500
3 0.496094 0.579688 0.170313 0.262500
0 0.250781 0.651563 0.110937 0.125000
2 0.194531 0.614844 0.051562 0.054688
1 0.582812 0.135937 0.118750 0.096875
5 0.280469 0.553125 0.023438 0.037500
4 0.672656 0.725000 0.042188 0.028125
2 0.657031 0.190625 0.064062 0.056250
2 0.729688 0.785156 0.075000 0.079687
3 0.806250 0.662500 0.093750 0.093750
4 0.707031 0.625000 0.032813 0.031250
0 0.527344 0.232813 0.060937 0.078125
1 0.868750 0.645312 0.037500 0.037500
0 0.180469 0.576562 0.060937 0.059375
2 0.171094 0.693750 0.104688 0.131250
2 0.522656 0.347656 0.082812 0.076563
2 0.516406 0.683594 0.017188 0.017188
5 0.477344 0.877344 0.054688 0.051562
3 0.396875 0.656250 0.081250 0.128125
4 0.157812 0.310156 0.062500 0.064062
5 0.389844 0.625000 0.042188 0.046875
4 0.797656 0.443750 0.085938 0.106250
4 0.114844 0.669531 0.035937 0.032813
0 0.247656 0.341406 0.095312 0.092188
3 0.454688 0.239063 0.100000 0.100000
0 0.552344 0.901563 0.035937 0.031250
0 0.336719 0.703906 0.042188 0.039062
2 0.221094 0.252344 0.051562 0.039062
2 0.187500 0.715625 0.071875 0.065625
2 0.689844 0.368750 0.026562 0.025000
3 0.471875 0.136719 0.106250 0.095312
0 0.742188 0.589844 0.128125 0.126562
5 0.385937 0.832812 0.046875 0.043750
5 0.489844 0.806250 0.048438 0.040625
5 0.155469 0.261719 0.026562 0.026562
4 0.202344 0.428906 0.020313 0.020313
4 0.151562 0.655469 0.081250 0.082812
0 0.496875 0.286719 0.143750 0.145313
1 0.184375 0.450000 0.071875 0.068750
0 0.569531 0.496094 0.032813 0.029687
5 0.235156 0.685156 0.057813 0.051562
4 0.081250 0.543750 0.021875 0.021875
0 0.462500 0.871875 0.062500 0.053125
4 0.264844 0.438281 0.023438 0.017188
2 0.689844 0.548438 0.026562 0.025000
4 0.664062 0.419531 0.087500 0.107813
0 0.807813 0.232031 0.037500 0.032813
5 0.610156 0.870313 0.051562 0.053125
4 0.816406 0.485938 0.035937 0.037500
4 0.353906 0.278906 0.032813 0.032813
5 0.564844 0.231250 0.073438 0.065625
0 0.742969 0.478906 0.123438 0.120313
0 0.410156 0.614844 0.070312 0.057813
1 0.194531 0.383594 0.054688 0.048438
3 0.739844 0.578125 0.170313 0.221875
2 0.160938 0.511719 0.043750 0.067187
3 0.339062 0.662500 0.156250 0.156250
3 0.472656 0.101562 0.060937 0.062500
0 0.600781 0.304688 0.045312 0.043750
5 0.628906 0.646094 0.048438 0.048438
2 0.318750 0.835156 0.040625 0.042188
3 0.317188 0.187500 0.128125 0.128125
0 0.635938 0.552344 0.071875 0.073438
2 0.475000 0.877344 0.037500 0.039062
0 0.918750 0.508594 0.025000 0.020313
5 0.615625 0.164844 0.075000 0.070312
2 0.515625 0.576562 0.037500 0.031250
4 0.289062 0.252344 0.018750 0.020313
5 0.467969 0.359375 0.076563 0.081250
3 0.382031 0.867969 0.123438 0.123438
1 0.657031 0.580469 0.057813 0.057813
3 0.338281 0.411719 0.082812 0.089063
2 0.546875 0.724219 0.053125 0.051562
4 0.336719 0.260937 0.198437 0.221875
1 0.771094 0.698438 0.048438 0.050000
5 0.476562 0.192969 0.050000 0.048438