1 0.516406 0.607812 0.139063 0.150000
3 0.360156 0.511719 0.364063 0.254688
3 0.380469 0.817969 0.104688 0.104688
3 0.704688 0.635938 0.125000 0.125000
2 0.478125 0.096875 0.037500 0.028125
2 0.546875 0.211719 0.037500 0.029687
1 0.564844 0.499219 0.073438 0.051562
3 0.764844 0.525781 0.367188 0.267188
2 0.619531 0.717969 0.045312 0.039062
0 0.523438 0.576562 0.059375 0.062500
0 0.328906 0.380469 0.023438 0.014063
2 0.450000 0.517188 0.040625 0.034375
0 0.792188 0.244531 0.037500 0.032813
4 0.368750 0.536719 0.190625 0.207813
4 0.441406 0.670312 0.073438 0.075000
0 0.524219 0.685937 0.051562 0.043750
4 0.282031 0.367188 0.026562 0.018750
2 0.250781 0.437500 0.023438 0.021875
4 0.878906 0.510938 0.085938 0.106250
2 0.684375 0.605469 0.096875 0.082812
2 0.249219 0.565625 0.048438 0.050000
3 0.396875 0.723437 0.128125 0.128125
0 0.754687 0.424219 0.068750 0.051562
3 0.242969 0.260156 0.173437 0.176563
5 0.328125 0.464062 0.021875 0.031250
4 0.574219 0.828906 0.064062 0.073438
5 0.864062 0.597656 0.053125 0.051562
5 0.129688 0.363281 0.031250 0.035937
3 0.386719 0.746875 0.210938 0.209375
4 0.317188 0.762500 0.025000 0.040625
5 0.293750 0.389062 0.031250 0.031250
3 0.604688 0.621094 0.075000 0.089063
3 0.555469 0.476562 0.167187 0.153125
3 0.339062 0.265625 0.193750 0.156250
4 0.304688 0.539844 0.134375 0.148438
0 0.517969 0.111719 0.067187 0.054688
4 0.465625 0.191406 0.046875 0.070312
1 0.169531 0.510156 0.117188 0.120313
1 0.907031 0.465625 0.060937 0.065625
3 0.492969 0.353906 0.089063 0.089063
1 0.417187 0.796094 0.118750 0.120313
1 0.335156 0.782813 0.126562 0.103125
1 0.610938 0.436719 0.068750 0.067187
0 0.478125 0.832031 0.050000 0.048438
2 0.634375 0.395313 0.040625 0.037500
2 0.745313 0.373437 0.059375 0.062500
2 0.892188 0.452344 0.068750 0.067187
1 0.546094 0.537500 0.114062 0.093750
1 0.415625 0.855469 0.075000 0.057813
0 0.556250 0.451562 0.037500 0.068750
0 0.317188 0.818750 0.031250 0.031250
4 0.722656 0.735938 0.029687 0.025000
4 0.156250 0.685937 0.071875 0.071875
0 0.898438 0.578906 0.059375 0.060937
2 0.462500 0.225000 0.109375 0.068750
3 0.475781 0.692969 0.160938 0.220312
5 0.664844 0.392969 0.039062 0.035937
4 0.235937 0.637500 0.062500 0.059375
3 0.500781 0.638281 0.151562 0.098437
5 0.428906 0.628125 0.045312 0.043750
2 0.337500 0.769531 0.171875 0.182812
1 0.216406 0.718750 0.107813 0.109375
1 0.760156 0.783594 0.067187 0.060937
0 0.325781 0.284375 0.032813 0.028125
0 0.446875 0.363281 0.068750 0.070312
2 0.326562 0.458594 0.040625 0.042188
0 0.411719 0.627344 0.054688 0.054688
2 0.626563 0.636719 0.078125 0.067187
2 0.434375 0.642188 0.068750 0.059375
4 0.369531 0.400781 0.082812 0.070312
4 0.723437 0.760938 0.037500 0.053125
2 0.480469 0.258594 0.060937 0.070312
2 0.649219 0.290625 0.179688 0.203125
3 0.576562 0.371094 0.278125 0.401562
2 0.425781 0.797656 0.017188 0.026562
1 0.278906 0.246875 0.101562 0.106250
4 0.750000 0.481250 0.018750 0.015625
0 0.145313 0.306250 0.021875 0.025000
2 0.417187 0.437500 0.021875 0.018750
4 0.610156 0.378125 0.167187 0.175000
2 0.768750 0.582812 0.037500 0.040625