2 0.605469 0.331250 0.089063 0.118750
4 0.537500 0.677344 0.081250 0.089063
2 0.508594 0.217969 0.079687 0.095312
3 0.846094 0.437500 0.126562 0.125000
2 0.305469 0.851562 0.029687 0.031250
2 0.241406 0.778125 0.039062 0.043750
2 0.237500 0.732812 0.015625 0.018750
4 0.681250 0.852344 0.028125 0.026562
4 0.676562 0.264844 0.131250 0.120313
5 0.486719 0.077344 0.032813 0.032813
5 0.417969 0.553906 0.054688 0.057813
4 0.512500 0.437500 0.068750 0.071875
5 0.593750 0.770312 0.031250 0.031250
0 0.631250 0.331250 0.106250 0.103125
3 0.662500 0.468750 0.106250 0.106250
1 0.400000 0.421094 0.087500 0.110937
2 0.263281 0.832812 0.026562 0.025000
5 0.892188 0.376563 0.031250 0.031250
5 0.080469 0.520312 0.039062 0.040625
3 0.213281 0.407813 0.173437 0.175000
4 0.623437 0.469531 0.021875 0.020313
2 0.429688 0.558594 0.031250 0.035937
1 0.749219 0.458594 0.082812 0.085938
1 0.227344 0.226562 0.060937 0.043750
0 0.769531 0.627344 0.035937 0.032813
5 0.511719 0.703906 0.039062 0.039062
3 0.814844 0.719531 0.135937 0.107813
0 0.396094 0.653906 0.142187 0.135937
5 0.637500 0.465625 0.084375 0.084375
3 0.719531 0.489844 0.120313 0.120313
4 0.425000 0.407813 0.018750 0.018750
2 0.200781 0.443750 0.048438 0.050000
0 0.467187 0.785156 0.065625 0.064062
2 0.652344 0.322656 0.029687 0.026562
1 0.372656 0.128125 0.085938 0.075000
1 0.168750 0.484375 0.121875 0.096875
3 0.354687 0.303125 0.134375 0.134375
2 0.822656 0.742188 0.026562 0.025000
3 0.532031 0.241406 0.210938 0.157812
1 0.625000 0.261719 0.109375 0.110937
5 0.635938 0.256250 0.043750 0.043750
3 0.340625 0.615625 0.159375 0.168750
0 0.567969 0.414062 0.051562 0.043750
0 0.727344 0.525781 0.045312 0.042188
5 0.120313 0.654687 0.021875 0.025000
2 0.258594 0.236719 0.073438 0.073438
4 0.889844 0.583594 0.035937 0.042188
2 0.389844 0.860938 0.089063 0.075000
0 0.889844 0.524219 0.101562 0.085938
4 0.645312 0.900000 0.015625 0.018750
5 0.495312 0.317188 0.040625 0.040625
4 0.713281 0.446875 0.048438 0.034375
2 0.475000 0.809375 0.040625 0.062500
0 0.578125 0.307031 0.028125 0.035937
3 0.364063 0.603125 0.215625 0.215625
0 0.829688 0.675000 0.109375 0.096875
3 0.792969 0.389844 0.120313 0.120313
5 0.074219 0.482812 0.020313 0.021875
4 0.082031 0.420312 0.045312 0.040625
1 0.613281 0.645312 0.132812 0.140625
0 0.841406 0.453125 0.026562 0.028125
3 0.297656 0.325781 0.120313 0.092188
1 0.735938 0.581250 0.103125 0.128125
5 0.651563 0.808594 0.028125 0.032813
2 0.646094 0.350781 0.032813 0.032813
3 0.296094 0.611719 0.132812 0.085938
1 0.156250 0.688281 0.109375 0.092188
0 0.456250 0.607031 0.065625 0.060937
0 0.377344 0.162500 0.039062 0.075000
2 0.678125 0.230469 0.118750 0.114062
0 0.790625 0.451562 0.134375 0.100000
4 0.072656 0.468750 0.020313 0.028125
5 0.475000 0.660156 0.037500 0.048438
4 0.197656 0.810156 0.032813 0.029687
2 0.513281 0.845313 0.073438 0.059375
0 0.401562 0.648438 0.046875 0.046875
1 0.688281 0.735156 0.107813 0.117188
2 0.669531 0.667969 0.035937 0.035937
2 0.337500 0.447656 0.081250 0.089063
4 0.385156 0.246875 0.079687 0.075000
3 0.251563 0.746875 0.134375 0.134375