3 0.825000 0.490625 0.103125 0.103125
1 0.378906 0.849219 0.101562 0.107813
3 0.769531 0.492969 0.120313 0.120313
0 0.760156 0.812500 0.045312 0.040625
1 0.625781 0.346875 0.076563 0.100000
0 0.385937 0.467969 0.128125 0.123438
4 0.663281 0.203125 0.023438 0.021875
4 0.736719 0.842969 0.042188 0.045312
5 0.442188 0.323437 0.043750 0.037500
0 0.392188 0.880469 0.034375 0.029687
0 0.434375 0.329688 0.059375 0.050000
2 0.325781 0.789062 0.067187 0.068750
2 0.806250 0.452344 0.096875 0.076563
1 0.663281 0.317188 0.142187 0.118750
5 0.288281 0.829688 0.045312 0.053125
3 0.701562 0.829688 0.106250 0.106250
1 0.799219 0.275000 0.092188 0.100000
1 0.866406 0.403125 0.132812 0.131250
4 0.681250 0.582812 0.015625 0.021875
5 0.412500 0.385156 0.046875 0.045312
0 0.691406 0.235937 0.048438 0.053125
5 0.368750 0.492188 0.059375 0.059375
3 0.723437 0.179688 0.081250 0.081250
2 0.692187 0.262500 0.125000 0.090625
2 0.270313 0.195312 0.071875 0.081250
0 0.500781 0.806250 0.042188 0.037500
3 0.573438 0.814063 0.150000 0.243750
4 0.785937 0.336719 0.021875 0.017188
5 0.225000 0.351562 0.037500 0.031250
0 0.530469 0.780469 0.032813 0.032813
1 0.313281 0.362500 0.095312 0.093750
1 0.510156 0.712500 0.092188 0.115625
1 0.335156 0.556250 0.054688 0.068750
4 0.304688 0.402344 0.021875 0.020313
3 0.698438 0.680469 0.162500 0.254688
3 0.669531 0.335156 0.229687 0.204687
3 0.825000 0.493750 0.062500 0.062500
1 0.517969 0.733594 0.104688 0.120313
3 0.296094 0.512500 0.139063 0.140625
3 0.639844 0.507031 0.145313 0.145313
0 0.499219 0.208594 0.098437 0.092188
1 0.621875 0.766406 0.081250 0.085938
1 0.570312 0.563281 0.071875 0.067187
2 0.676562 0.812500 0.068750 0.053125
1 0.145313 0.436719 0.109375 0.107813
3 0.683594 0.620313 0.279687 0.337500
5 0.122656 0.593750 0.048438 0.043750
5 0.446094 0.887500 0.032813 0.034375
1 0.669531 0.836719 0.051562 0.054688
5 0.705469 0.734375 0.029687 0.028125
0 0.550781 0.772656 0.029687 0.026562
2 0.765625 0.353125 0.056250 0.059375
1 0.254688 0.170313 0.065625 0.075000
1 0.537500 0.658594 0.050000 0.042188
5 0.342187 0.374219 0.025000 0.026562
4 0.495312 0.113281 0.025000 0.026562
0 0.608594 0.906250 0.054688 0.043750
3 0.521094 0.530469 0.076563 0.076563
3 0.351562 0.751563 0.162500 0.162500
2 0.313281 0.223438 0.023438 0.028125
3 0.508594 0.390625 0.095312 0.103125
2 0.757812 0.680469 0.037500 0.035937
3 0.591406 0.283594 0.070312 0.070312
2 0.683594 0.368750 0.048438 0.056250
0 0.683594 0.723437 0.057813 0.037500
4 0.810937 0.327344 0.040625 0.032813
5 0.378906 0.140625 0.039062 0.040625
1 0.719531 0.456250 0.073438 0.078125
3 0.434375 0.190625 0.115625 0.115625
4 0.682813 0.592187 0.059375 0.050000