1 0.218750 0.706250 0.103125 0.078125
4 0.525781 0.278906 0.060937 0.057813
0 0.271094 0.719531 0.073438 0.064062
5 0.145313 0.681250 0.034375 0.031250
4 0.228125 0.167187 0.025000 0.021875
3 0.407031 0.197656 0.135937 0.135937
3 0.196094 0.314063 0.139063 0.140625
1 0.257031 0.608594 0.085938 0.114062
1 0.872656 0.615625 0.057813 0.056250
0 0.408594 0.861719 0.032813 0.029687
5 0.178906 0.382031 0.045312 0.045312
4 0.469531 0.149219 0.164062 0.164062
4 0.291406 0.689844 0.020313 0.017188
0 0.741406 0.561719 0.035937 0.035937
0 0.817969 0.559375 0.054688 0.059375
2 0.412500 0.271875 0.065625 0.071875
5 0.435156 0.628906 0.042188 0.039062
0 0.263281 0.203125 0.039062 0.031250
3 0.603125 0.728125 0.125000 0.168750
4 0.653125 0.543750 0.015625 0.012500
3 0.458594 0.805469 0.173437 0.223438
5 0.544531 0.501563 0.057813 0.050000
4 0.896875 0.400781 0.018750 0.026562
3 0.636719 0.725781 0.229687 0.217188
2 0.561719 0.591406 0.026562 0.023438
4 0.460938 0.400781 0.084375 0.079687
4 0.829688 0.516406 0.040625 0.039062
4 0.713281 0.490625 0.179688 0.209375
5 0.872656 0.442969 0.054688 0.064062
1 0.833594 0.468750 0.089063 0.075000
3 0.182031 0.340625 0.154688 0.184375
5 0.659375 0.321094 0.037500 0.060937
0 0.658594 0.229687 0.023438 0.021875
4 0.347656 0.812500 0.179688 0.162500
1 0.368750 0.285938 0.062500 0.059375
5 0.442188 0.417969 0.034375 0.032813
5 0.904687 0.370312 0.034375 0.034375
5 0.879687 0.374219 0.031250 0.032813
3 0.703125 0.350000 0.218750 0.218750
4 0.678906 0.564063 0.026562 0.018750
4 0.811719 0.301563 0.042188 0.037500
1 0.165625 0.424219 0.050000 0.048438
2 0.567969 0.315625 0.060937 0.053125
4 0.516406 0.350000 0.035937 0.037500
4 0.553906 0.207031 0.026562 0.032813
3 0.475000 0.190625 0.075000 0.075000
1 0.282031 0.207813 0.135937 0.131250
0 0.220312 0.405469 0.040625 0.042188
2 0.165625 0.733594 0.034375 0.032813
2 0.300000 0.387500 0.043750 0.037500
3 0.581250 0.678125 0.093750 0.125000
0 0.336719 0.819531 0.101562 0.098437
5 0.892969 0.650781 0.048438 0.045312
3 0.524219 0.795312 0.229687 0.284375
5 0.364844 0.163281 0.042188 0.032813
3 0.364063 0.703125 0.103125 0.103125
3 0.671875 0.475000 0.068750 0.068750
5 0.464844 0.546875 0.026562 0.025000
5 0.725781 0.455469 0.070312 0.064062
3 0.380469 0.150781 0.120313 0.120313
0 0.736719 0.814063 0.067187 0.090625