3 0.678906 0.314844 0.123438 0.089063
3 0.531250 0.511719 0.200000 0.195312
3 0.273438 0.396094 0.234375 0.245312
5 0.593750 0.303906 0.025000 0.026562
2 0.226562 0.539844 0.056250 0.057813
4 0.530469 0.525000 0.029687 0.037500
4 0.710938 0.391406 0.053125 0.048438
1 0.429688 0.394531 0.134375 0.120313
3 0.276562 0.209375 0.078125 0.078125
3 0.715625 0.779687 0.140625 0.140625
5 0.132031 0.349219 0.054688 0.054688
0 0.730469 0.371875 0.057813 0.040625
5 0.700781 0.204687 0.042188 0.043750
3 0.550781 0.445312 0.201563 0.209375
1 0.591406 0.528906 0.114062 0.104688
2 0.586719 0.338281 0.070312 0.070312
2 0.302344 0.135156 0.029687 0.029687
1 0.616406 0.817969 0.082812 0.092188
4 0.654687 0.432812 0.025000 0.025000
5 0.817969 0.669531 0.045312 0.045312
1 0.202344 0.757812 0.054688 0.059375
2 0.761719 0.785937 0.023438 0.021875
3 0.495312 0.833594 0.190625 0.185938
3 0.720313 0.275000 0.131250 0.131250
5 0.267188 0.387500 0.031250 0.031250
3 0.729688 0.195312 0.093750 0.093750
1 0.274219 0.248438 0.082812 0.087500
2 0.087500 0.414062 0.043750 0.046875
1 0.494531 0.449219 0.098437 0.098437
4 0.925000 0.461719 0.043750 0.042188
5 0.746875 0.727344 0.053125 0.057813
5 0.370312 0.805469 0.050000 0.048438
2 0.660156 0.184375 0.067187 0.065625
0 0.125781 0.478125 0.042188 0.018750
0 0.550781 0.683594 0.098437 0.095312
2 0.367188 0.775781 0.040625 0.039062
5 0.213281 0.526563 0.057813 0.056250
4 0.851562 0.296094 0.021875 0.029687
2 0.695312 0.635156 0.059375 0.048438
1 0.774219 0.242188 0.048438 0.059375
5 0.744531 0.405469 0.026562 0.026562
3 0.543750 0.459375 0.065625 0.065625
0 0.617188 0.813281 0.031250 0.023438
0 0.590625 0.196875 0.043750 0.040625
4 0.714844 0.467187 0.235937 0.234375
0 0.375000 0.170313 0.059375 0.059375
3 0.468750 0.464062 0.065625 0.084375
1 0.193750 0.416406 0.062500 0.057813
2 0.842187 0.382812 0.031250 0.025000
0 0.570312 0.212500 0.078125 0.065625
4 0.638281 0.284375 0.023438 0.034375
5 0.528906 0.927344 0.035937 0.032813
0 0.614062 0.400000 0.031250 0.025000
1 0.336719 0.721875 0.060937 0.040625
4 0.421094 0.637500 0.085938 0.075000
1 0.506250 0.848437 0.134375 0.106250
2 0.310937 0.700000 0.050000 0.040625
3 0.710938 0.289062 0.031250 0.031250
2 0.559375 0.346875 0.031250 0.021875
4 0.564063 0.246094 0.165625 0.170313
3 0.662500 0.402344 0.128125 0.126562
1 0.219531 0.623437 0.070312 0.062500
3 0.591406 0.755469 0.067187 0.067187
1 0.710938 0.241406 0.146875 0.129688
3 0.758594 0.655469 0.232813 0.239063
5 0.490625 0.763281 0.040625 0.039062
0 0.760938 0.575781 0.043750 0.035937
2 0.142187 0.400000 0.056250 0.056250
0 0.553906 0.384375 0.051562 0.043750
1 0.771875 0.370312 0.065625 0.065625
1 0.142969 0.398438 0.064062 0.062500
2 0.253125 0.314844 0.043750 0.054688
2 0.515625 0.207031 0.043750 0.042188
0 0.601562 0.471875 0.053125 0.046875
0 0.210938 0.611719 0.121875 0.120313
3 0.396094 0.325781 0.295312 0.198437
4 0.388281 0.609375 0.017188 0.021875
4 0.275781 0.671094 0.117188 0.104688
0 0.321875 0.625000 0.071875 0.059375
3 0.662500 0.422656 0.046875 0.048438
2 0.525781 0.860156 0.020313 0.020313
0 0.789062 0.660156 0.040625 0.029687
3 0.554688 0.390625 0.081250 0.081250
4 0.376563 0.282813 0.021875 0.018750
4 0.447656 0.335156 0.039062 0.035937
5 0.535156 0.762500 0.057813 0.046875
3 0.841406 0.385156 0.120313 0.120313
4 0.432031 0.325781 0.035937 0.032813
0 0.522656 0.117969 0.110937 0.104688
3 0.331250 0.307031 0.065625 0.067187
4 0.678125 0.364844 0.028125 0.017188
5 0.258594 0.210938 0.026562 0.028125
3 0.257812 0.618750 0.093750 0.093750
2 0.653906 0.392188 0.051562 0.034375
1 0.085938 0.590625 0.031250 0.037500
5 0.401562 0.228125 0.031250 0.034375
5 0.222656 0.413281 0.054688 0.045312
1 0.257812 0.401562 0.075000 0.090625
0 0.851562 0.477344 0.103125 0.107813
4 0.735938 0.385937 0.021875 0.028125
5 0.542188 0.239063 0.100000 0.100000
5 0.458594 0.907031 0.042188 0.039062
4 0.195312 0.728906 0.021875 0.020313
4 0.421875 0.816406 0.200000 0.201563
0 0.675000 0.710938 0.031250 0.034375
5 0.435156 0.665625 0.064062 0.059375
4 0.492969 0.530469 0.210938 0.185938
2 0.764844 0.763281 0.051562 0.048438
5 0.637500 0.666406 0.046875 0.051562
1 0.162500 0.624219 0.040625 0.048438
0 0.540625 0.234375 0.059375 0.059375
3 0.696875 0.543750 0.121875 0.100000
1 0.237500 0.521875 0.056250 0.065625
2 0.450781 0.496875 0.079687 0.081250
2 0.419531 0.658594 0.057813 0.051562
4 0.468750 0.554688 0.062500 0.053125
0 0.829688 0.492188 0.068750 0.062500
0 0.078906 0.534375 0.035937 0.034375
2 0.309375 0.140625 0.050000 0.043750
2 0.617969 0.120313 0.048438 0.046875
3 0.734375 0.262500 0.215625 0.215625
0 0.236719 0.735156 0.045312 0.045312
5 0.521875 0.850781 0.025000 0.026562
5 0.774219 0.426563 0.039062 0.031250
0 0.639062 0.779687 0.103125 0.100000
3 0.739062 0.752344 0.065625 0.048438