5 0.655469 0.474219 0.029687 0.029687
5 0.269531 0.191406 0.035937 0.042188
4 0.682031 0.478125 0.064062 0.068750
5 0.557031 0.481250 0.029687 0.034375
2 0.707031 0.705469 0.039062 0.048438
1 0.501563 0.293750 0.084375 0.100000
1 0.301563 0.360938 0.046875 0.053125
0 0.594531 0.600781 0.089063 0.095312
3 0.611719 0.341406 0.210938 0.176563
2 0.801562 0.499219 0.062500 0.064062
5 0.207813 0.594531 0.037500 0.039062
1 0.269531 0.600781 0.129688 0.142187
5 0.317188 0.253906 0.021875 0.023438
2 0.478906 0.584375 0.076563 0.068750
5 0.741406 0.175000 0.039062 0.034375
5 0.458594 0.678906 0.017188 0.029687
4 0.342187 0.129688 0.050000 0.050000
1 0.661719 0.358594 0.157812 0.145313
0 0.393750 0.883594 0.087500 0.095312
4 0.517969 0.115625 0.035937 0.040625
1 0.900781 0.458594 0.051562 0.048438
3 0.419531 0.264844 0.070312 0.070312
2 0.788281 0.528906 0.042188 0.042188
1 0.525781 0.142969 0.048438 0.054688
2 0.617188 0.741406 0.037500 0.032813
0 0.221875 0.593750 0.068750 0.084375
4 0.532031 0.300000 0.051562 0.056250
5 0.220312 0.464062 0.043750 0.043750
3 0.288281 0.738281 0.107813 0.107813
5 0.371875 0.474219 0.065625 0.064062
4 0.451562 0.247656 0.040625 0.042188
3 0.500781 0.153906 0.082812 0.082812
4 0.819531 0.453906 0.014063 0.014063
5 0.721875 0.530469 0.031250 0.042188
5 0.219531 0.230469 0.051562 0.051562
4 0.608594 0.378125 0.154688 0.190625
0 0.536719 0.818750 0.045312 0.050000
3 0.394531 0.369531 0.145313 0.145313
0 0.424219 0.485938 0.045312 0.046875
5 0.325781 0.215625 0.045312 0.053125
4 0.763281 0.535937 0.151562 0.165625
3 0.561719 0.774219 0.242188 0.270313
5 0.637500 0.358594 0.078125 0.076563
1 0.271875 0.317969 0.084375 0.095312
1 0.803906 0.322656 0.045312 0.042188
0 0.377344 0.592969 0.042188 0.039062
2 0.710938 0.205469 0.046875 0.089063
3 0.518750 0.601562 0.296875 0.406250
3 0.425781 0.572656 0.098437 0.098437
4 0.457813 0.139844 0.078125 0.082812
4 0.733594 0.351562 0.042188 0.034375
3 0.335938 0.560937 0.150000 0.150000
2 0.625000 0.561719 0.059375 0.048438
5 0.251563 0.517188 0.021875 0.021875
5 0.657031 0.203125 0.060937 0.046875
5 0.437500 0.794531 0.015625 0.020313
3 0.512500 0.253906 0.212500 0.126562
3 0.496875 0.815625 0.162500 0.143750
2 0.224219 0.421875 0.076563 0.087500
4 0.480469 0.434375 0.126562 0.115625
3 0.325781 0.756250 0.204687 0.181250
0 0.525000 0.768750 0.068750 0.050000
3 0.832812 0.539844 0.121875 0.104688
5 0.283594 0.286719 0.051562 0.057813
3 0.260937 0.376563 0.312500 0.312500
4 0.577344 0.156250 0.020313 0.018750
2 0.882031 0.447656 0.114062 0.120313
1 0.407031 0.286719 0.248438 0.151562
4 0.645312 0.271875 0.031250 0.034375
0 0.469531 0.461719 0.067187 0.067187
0 0.360156 0.617188 0.076563 0.062500
0 0.221875 0.792188 0.053125 0.065625
4 0.303125 0.550000 0.021875 0.040625
3 0.385937 0.220312 0.112500 0.112500
2 0.628125 0.349219 0.043750 0.039062
0 0.678906 0.343750 0.026562 0.025000
5 0.371875 0.855469 0.037500 0.039062
4 0.585156 0.316406 0.029687 0.029687
3 0.737500 0.401562 0.078125 0.078125
2 0.514062 0.601562 0.043750 0.046875
5 0.189062 0.445312 0.040625 0.040625
5 0.369531 0.709375 0.032813 0.034375
2 0.485938 0.732031 0.040625 0.045312
0 0.474219 0.592969 0.042188 0.042188
3 0.286719 0.571875 0.073438 0.071875
4 0.674219 0.711719 0.029687 0.035937
5 0.860938 0.503906 0.031250 0.042188
4 0.557813 0.685156 0.043750 0.048438
2 0.610938 0.189062 0.037500 0.034375
4 0.165625 0.338281 0.053125 0.064062
1 0.273438 0.464062 0.053125 0.053125
0 0.567187 0.667969 0.143750 0.123438
3 0.603906 0.742969 0.154688 0.154688
2 0.238281 0.239063 0.035937 0.034375
3 0.690625 0.435937 0.112500 0.112500
2 0.457813 0.250000 0.021875 0.021875
4 0.735938 0.691406 0.050000 0.057813
2 0.534375 0.897656 0.053125 0.051562
3 0.371094 0.531250 0.329688 0.268750
4 0.679688 0.868750 0.065625 0.062500
4 0.301563 0.810156 0.081250 0.064062
0 0.695312 0.460938 0.128125 0.115625
3 0.387500 0.865625 0.081250 0.081250
4 0.283594 0.146094 0.035937 0.039062
2 0.498437 0.179688 0.050000 0.050000
4 0.680469 0.251563 0.032813 0.037500
3 0.786719 0.467187 0.082812 0.078125
1 0.500781 0.742969 0.076563 0.064062
2 0.588281 0.319531 0.039062 0.035937
0 0.124219 0.276562 0.020313 0.021875
3 0.620313 0.585938 0.109375 0.109375
3 0.418750 0.842187 0.075000 0.075000
3 0.292187 0.582812 0.087500 0.087500
3 0.284375 0.492188 0.131250 0.131250
1 0.657813 0.239063 0.109375 0.121875
0 0.253906 0.689844 0.023438 0.026562
2 0.508594 0.406250 0.029687 0.028125
2 0.139844 0.596875 0.054688 0.046875