1 0.642969 0.269531 0.064062 0.060937
2 0.569531 0.114062 0.064062 0.056250
5 0.728906 0.167969 0.035937 0.035937
3 0.609375 0.564063 0.346875 0.331250
1 0.307812 0.660937 0.071875 0.068750
0 0.126562 0.437500 0.056250 0.053125
0 0.324219 0.464062 0.073438 0.071875
3 0.550000 0.304688 0.112500 0.112500
2 0.135937 0.606250 0.078125 0.087500
0 0.471875 0.383594 0.056250 0.054688
3 0.485938 0.575000 0.081250 0.081250
3 0.275781 0.333594 0.151562 0.120313
4 0.643750 0.376563 0.200000 0.137500
3 0.519531 0.278125 0.170313 0.153125
4 0.535156 0.495312 0.032813 0.034375
0 0.480469 0.546875 0.026562 0.025000
1 0.591406 0.182812 0.120313 0.084375
3 0.778125 0.731250 0.159375 0.159375
1 0.662500 0.848437 0.087500 0.087500
4 0.151562 0.725781 0.062500 0.060937
0 0.335938 0.450000 0.146875 0.128125
1 0.485938 0.252344 0.040625 0.042188
4 0.303125 0.325000 0.043750 0.040625
0 0.492188 0.475781 0.053125 0.064062
4 0.598437 0.360938 0.078125 0.100000
3 0.413281 0.747656 0.092188 0.092188
2 0.878125 0.420312 0.075000 0.081250
0 0.614844 0.719531 0.032813 0.023438
1 0.204687 0.580469 0.081250 0.082812
2 0.832031 0.733594 0.042188 0.039062
3 0.546875 0.417187 0.112500 0.112500
4 0.435937 0.269531 0.025000 0.026562
5 0.825000 0.275781 0.043750 0.042188
0 0.432812 0.264062 0.118750 0.109375
0 0.518750 0.924219 0.050000 0.045312
3 0.387500 0.317969 0.125000 0.114062
0 0.317969 0.516406 0.067187 0.057813
1 0.707812 0.633594 0.150000 0.089063
1 0.280469 0.535156 0.060937 0.060937
1 0.825000 0.482812 0.093750 0.115625
3 0.330469 0.780469 0.139063 0.139063
0 0.254688 0.492188 0.112500 0.100000
5 0.403906 0.337500 0.060937 0.062500
0 0.583594 0.502344 0.079687 0.070312
4 0.668750 0.683594 0.053125 0.060937
2 0.207813 0.300000 0.078125 0.078125
4 0.800000 0.656250 0.062500 0.062500
4 0.639062 0.660937 0.031250 0.021875
4 0.801562 0.441406 0.015625 0.020313
1 0.453906 0.651563 0.060937 0.081250
5 0.861719 0.393750 0.039062 0.034375
0 0.466406 0.725000 0.042188 0.053125
5 0.527344 0.300781 0.064062 0.039062
5 0.360156 0.311719 0.045312 0.060937
5 0.362500 0.511719 0.050000 0.045312
1 0.567187 0.157812 0.034375 0.037500