4 0.479687 0.547656 0.021875 0.023438
0 0.621875 0.394531 0.034375 0.032813
5 0.269531 0.545312 0.057813 0.040625
2 0.378906 0.498437 0.032813 0.040625
1 0.636719 0.682031 0.073438 0.060937
1 0.346875 0.678906 0.125000 0.110937
0 0.245312 0.264062 0.059375 0.053125
3 0.682813 0.228906 0.240625 0.192188
0 0.398438 0.544531 0.128125 0.101562
4 0.378906 0.735156 0.057813 0.054688
5 0.150000 0.366406 0.062500 0.060937
3 0.532813 0.464062 0.115625 0.115625
5 0.602344 0.871875 0.045312 0.040625
4 0.707812 0.285156 0.053125 0.067187
4 0.228906 0.269531 0.085938 0.098437
4 0.357812 0.775000 0.028125 0.031250
3 0.783594 0.542969 0.067187 0.067187
5 0.826562 0.228125 0.043750 0.040625
2 0.721094 0.510156 0.039062 0.039062
1 0.607031 0.153906 0.051562 0.070312
5 0.336719 0.243750 0.054688 0.056250
0 0.772656 0.532031 0.045312 0.045312
0 0.812500 0.249219 0.021875 0.017188
4 0.422656 0.802344 0.067187 0.070312
1 0.772656 0.649219 0.048438 0.048438
4 0.171875 0.485938 0.025000 0.031250
1 0.451562 0.442969 0.043750 0.048438
4 0.337500 0.279687 0.018750 0.025000
2 0.775000 0.610938 0.084375 0.093750
5 0.513281 0.282813 0.029687 0.034375
1 0.240625 0.228906 0.100000 0.101562
2 0.214062 0.313281 0.043750 0.039062
0 0.588281 0.751563 0.070312 0.062500
1 0.393750 0.736719 0.106250 0.114062
1 0.609375 0.320312 0.075000 0.062500
5 0.852344 0.406250 0.017188 0.025000
2 0.612500 0.349219 0.065625 0.045312
1 0.553125 0.351562 0.090625 0.093750
2 0.484375 0.850000 0.059375 0.059375
0 0.292187 0.356250 0.043750 0.037500
3 0.628906 0.447656 0.157812 0.207813
1 0.478125 0.844531 0.137500 0.135937
2 0.459375 0.358594 0.081250 0.060937
2 0.317188 0.800000 0.040625 0.043750
5 0.580469 0.467187 0.042188 0.046875
5 0.875781 0.315625 0.054688 0.050000
0 0.246094 0.404687 0.048438 0.043750
3 0.678906 0.582031 0.139063 0.139063
4 0.745313 0.702344 0.062500 0.057813
2 0.145313 0.717187 0.050000 0.050000
2 0.785156 0.381250 0.020313 0.018750
4 0.584375 0.560937 0.037500 0.046875
2 0.606250 0.128125 0.021875 0.021875
2 0.821875 0.528125 0.043750 0.043750
0 0.332031 0.441406 0.029687 0.032813
3 0.455469 0.310156 0.126562 0.129688
0 0.468750 0.482031 0.059375 0.051562
5 0.091406 0.451562 0.067187 0.068750
0 0.390625 0.453125 0.040625 0.037500
0 0.225000 0.598437 0.140625 0.125000
5 0.528125 0.271875 0.034375 0.031250
0 0.700781 0.332031 0.114062 0.114062
2 0.405469 0.709375 0.179688 0.159375
1 0.273438 0.177344 0.093750 0.064062
4 0.649219 0.592187 0.026562 0.021875