1 0.626563 0.214844 0.128125 0.164062
5 0.249219 0.305469 0.048438 0.048438
3 0.249219 0.666406 0.060937 0.064062
0 0.532031 0.850781 0.032813 0.026562
4 0.430469 0.823438 0.085938 0.084375
5 0.864844 0.680469 0.051562 0.048438
4 0.897656 0.498437 0.048438 0.043750
5 0.723437 0.669531 0.050000 0.045312
4 0.706250 0.277344 0.046875 0.045312
2 0.792969 0.339844 0.039062 0.035937
0 0.860156 0.446875 0.123438 0.112500
5 0.228906 0.639844 0.032813 0.029687
4 0.633594 0.628906 0.023438 0.023438
3 0.713281 0.544531 0.101562 0.076563
1 0.623437 0.314063 0.118750 0.137500
0 0.511719 0.418750 0.051562 0.040625
3 0.514062 0.648438 0.068750 0.068750
3 0.648438 0.273438 0.290625 0.303125
5 0.651563 0.265625 0.046875 0.031250
2 0.453125 0.696094 0.059375 0.057813
1 0.421094 0.749219 0.067187 0.073438
3 0.649219 0.499219 0.264062 0.210938
2 0.332031 0.836719 0.067187 0.060937
4 0.400000 0.248438 0.218750 0.265625
4 0.130469 0.495312 0.035937 0.053125
0 0.772656 0.538281 0.073438 0.064062
1 0.357812 0.218750 0.056250 0.075000
5 0.585156 0.393750 0.045312 0.043750
3 0.351562 0.433594 0.231250 0.223438
4 0.392188 0.451562 0.031250 0.034375
2 0.195312 0.807031 0.025000 0.029687
1 0.723437 0.377344 0.140625 0.129688
1 0.154688 0.387500 0.062500 0.059375
0 0.565625 0.452344 0.056250 0.051562
1 0.203906 0.325781 0.042188 0.032813
1 0.837500 0.664062 0.084375 0.084375
0 0.589063 0.652344 0.056250 0.045312
2 0.667188 0.885938 0.050000 0.053125
3 0.373437 0.637500 0.171875 0.221875
1 0.334375 0.167187 0.093750 0.081250
2 0.685937 0.298438 0.018750 0.028125
5 0.659375 0.104688 0.037500 0.040625
4 0.809375 0.571875 0.021875 0.015625
1 0.178906 0.502344 0.076563 0.092188
0 0.084375 0.433594 0.034375 0.029687
5 0.683594 0.232813 0.032813 0.031250
0 0.454688 0.774219 0.065625 0.064062
0 0.329688 0.693750 0.046875 0.043750
3 0.571094 0.780469 0.114062 0.114062
3 0.553125 0.787500 0.084375 0.084375
5 0.657813 0.150000 0.050000 0.059375
5 0.750781 0.413281 0.051562 0.057813
0 0.785937 0.369531 0.100000 0.098437
2 0.617969 0.661719 0.060937 0.051562
2 0.566406 0.475781 0.064062 0.048438
4 0.351562 0.136719 0.018750 0.029687
5 0.621875 0.559375 0.050000 0.046875
2 0.661719 0.231250 0.057813 0.043750
4 0.709375 0.821875 0.090625 0.071875
1 0.432812 0.160156 0.093750 0.092188
5 0.700781 0.200781 0.054688 0.045312
3 0.188281 0.569531 0.167187 0.157812
1 0.258594 0.432031 0.089063 0.098437
5 0.559375 0.757031 0.025000 0.026562
1 0.535937 0.116406 0.056250 0.057813
0 0.775781 0.388281 0.095312 0.095312
5 0.485938 0.354687 0.053125 0.050000
5 0.510156 0.207031 0.054688 0.054688
5 0.368750 0.789844 0.050000 0.048438
4 0.870313 0.364063 0.025000 0.025000
2 0.667969 0.564844 0.051562 0.057813
0 0.817187 0.405469 0.065625 0.070312
5 0.757812 0.191406 0.056250 0.051562
1 0.857031 0.431250 0.117188 0.112500
3 0.173437 0.641406 0.134375 0.123438
0 0.460156 0.191406 0.107813 0.092188
1 0.645312 0.576562 0.093750 0.106250
3 0.203125 0.628125 0.140625 0.140625
2 0.708594 0.330469 0.023438 0.023438
0 0.798438 0.439844 0.028125 0.026562
0 0.853125 0.295312 0.037500 0.034375
4 0.802344 0.355469 0.029687 0.023438
0 0.776563 0.504687 0.106250 0.096875
3 0.540625 0.296875 0.203125 0.156250
1 0.545312 0.687500 0.071875 0.059375
1 0.295312 0.539062 0.056250 0.046875
0 0.132031 0.365625 0.039062 0.040625
4 0.188281 0.311719 0.029687 0.035937
4 0.391406 0.857031 0.045312 0.048438
5 0.582031 0.214062 0.029687 0.046875
0 0.666406 0.379688 0.076563 0.093750
2 0.653906 0.560156 0.023438 0.023438
1 0.409375 0.889062 0.087500 0.078125
4 0.464844 0.359375 0.070312 0.081250
0 0.783594 0.657031 0.060937 0.054688
1 0.613281 0.692969 0.139063 0.154688
1 0.138281 0.517969 0.148438 0.107813
3 0.409375 0.765625 0.125000 0.125000
5 0.743750 0.371875 0.071875 0.075000
4 0.365625 0.539062 0.125000 0.171875
5 0.528906 0.164062 0.042188 0.050000
0 0.635156 0.298438 0.054688 0.053125
0 0.786719 0.778125 0.064062 0.059375
3 0.161719 0.386719 0.064062 0.089063
1 0.297656 0.354687 0.145313 0.140625
3 0.247656 0.589844 0.098437 0.098437
3 0.471094 0.638281 0.354687 0.357812
4 0.717969 0.743750 0.092188 0.112500
4 0.435937 0.384375 0.037500 0.031250
1 0.381250 0.789062 0.096875 0.112500
1 0.449219 0.250781 0.060937 0.067187
1 0.489844 0.244531 0.107813 0.092188
2 0.810156 0.629687 0.179688 0.140625
1 0.549219 0.460156 0.117188 0.098437
5 0.110937 0.319531 0.028125 0.039062
1 0.307812 0.600000 0.212500 0.196875
3 0.422656 0.400781 0.114062 0.085938
1 0.126562 0.505469 0.056250 0.073438