2 0.380469 0.717969 0.029687 0.023438
4 0.671094 0.596094 0.020313 0.020313
2 0.717969 0.660937 0.051562 0.043750
2 0.809375 0.480469 0.056250 0.060937
0 0.661719 0.630469 0.035937 0.039062
4 0.203125 0.479687 0.112500 0.100000
5 0.760156 0.449219 0.032813 0.032813
3 0.137500 0.448437 0.143750 0.143750
1 0.403125 0.285938 0.056250 0.050000
0 0.214062 0.646094 0.140625 0.148438
3 0.283594 0.555469 0.076563 0.098437
1 0.844531 0.501563 0.079687 0.087500
5 0.392188 0.479687 0.031250 0.025000
3 0.700000 0.168750 0.090625 0.090625
3 0.515625 0.394531 0.334375 0.298438
1 0.278906 0.377344 0.110937 0.129688
1 0.595313 0.607031 0.053125 0.051562
5 0.522656 0.714844 0.042188 0.042188
0 0.691406 0.549219 0.032813 0.060937
2 0.193750 0.403906 0.040625 0.032813
5 0.464062 0.222656 0.028125 0.026562
1 0.309375 0.678125 0.078125 0.084375
4 0.275000 0.819531 0.043750 0.039062
2 0.312500 0.587500 0.021875 0.025000
1 0.658594 0.521094 0.076563 0.085938
0 0.554688 0.121094 0.065625 0.060937
0 0.689844 0.600781 0.139063 0.110937
2 0.721875 0.739844 0.065625 0.048438
2 0.414062 0.227344 0.059375 0.054688
0 0.407031 0.641406 0.098437 0.082812
2 0.476562 0.639062 0.037500 0.053125
5 0.256250 0.717187 0.050000 0.050000
1 0.230469 0.212500 0.098437 0.093750
2 0.737500 0.365625 0.040625 0.034375
5 0.242188 0.460938 0.037500 0.037500
3 0.520312 0.510156 0.284375 0.295312
0 0.147656 0.272656 0.051562 0.045312
4 0.600781 0.403125 0.020313 0.018750
0 0.733594 0.350000 0.039062 0.034375
3 0.789062 0.562500 0.240625 0.256250
5 0.123438 0.363281 0.021875 0.026562
5 0.581250 0.335156 0.053125 0.070312
4 0.517969 0.906250 0.026562 0.021875
1 0.571094 0.614844 0.104688 0.104688
2 0.464062 0.873437 0.056250 0.078125
0 0.621094 0.144531 0.057813 0.057813
0 0.417969 0.265625 0.032813 0.034375
5 0.738281 0.444531 0.032813 0.026562
5 0.123438 0.684375 0.053125 0.043750
0 0.767188 0.438281 0.075000 0.073438
0 0.714844 0.684375 0.032813 0.028125
2 0.449219 0.365625 0.067187 0.065625
4 0.548438 0.382031 0.018750 0.020313
2 0.693750 0.763281 0.218750 0.189062
4 0.746875 0.713281 0.087500 0.073438
3 0.748437 0.500781 0.190625 0.198437
5 0.397656 0.380469 0.032813 0.042188
3 0.700781 0.265625 0.079687 0.065625
3 0.712500 0.720313 0.109375 0.109375
3 0.301563 0.635938 0.193750 0.193750
0 0.139063 0.298438 0.018750 0.018750
0 0.246875 0.246875 0.078125 0.068750
1 0.587500 0.478906 0.056250 0.054688
3 0.562500 0.562500 0.093750 0.093750
2 0.373437 0.702344 0.053125 0.076563
5 0.161719 0.482031 0.045312 0.051562
2 0.235937 0.471094 0.078125 0.057813
4 0.757031 0.352344 0.045312 0.039062
4 0.759375 0.268750 0.115625 0.115625
4 0.091406 0.415625 0.048438 0.040625
0 0.665625 0.841406 0.025000 0.020313
2 0.372656 0.647656 0.023438 0.020313
3 0.259375 0.312500 0.240625 0.187500
3 0.217188 0.306250 0.121875 0.121875
1 0.583594 0.785937 0.067187 0.065625
2 0.610938 0.757812 0.043750 0.046875
5 0.228125 0.642969 0.043750 0.042188
0 0.796875 0.339844 0.081250 0.089063
4 0.660156 0.332813 0.020313 0.021875
1 0.696875 0.496094 0.109375 0.085938