0 0.159375 0.640625 0.040625 0.037500
2 0.178125 0.561719 0.128125 0.139063
2 0.753906 0.292187 0.045312 0.046875
4 0.634375 0.142187 0.040625 0.043750
0 0.239063 0.254688 0.034375 0.031250
4 0.718750 0.789062 0.037500 0.046875
5 0.750781 0.692187 0.039062 0.046875
0 0.453906 0.273438 0.020313 0.018750
2 0.388281 0.392188 0.070312 0.053125
3 0.515625 0.717187 0.184375 0.159375
5 0.528125 0.458594 0.050000 0.048438
5 0.796875 0.789062 0.031250 0.031250
1 0.601562 0.572656 0.059375 0.057813
1 0.708594 0.578906 0.129688 0.104688
2 0.283594 0.537500 0.060937 0.068750
5 0.600000 0.123438 0.040625 0.040625
2 0.749219 0.352344 0.029687 0.023438
5 0.227344 0.631250 0.039062 0.031250
4 0.875781 0.619531 0.060937 0.032813
4 0.305469 0.235156 0.192188 0.160938
2 0.572656 0.889844 0.026562 0.026562
0 0.246875 0.567969 0.031250 0.026562
3 0.382031 0.652344 0.107813 0.107813
0 0.324219 0.665625 0.048438 0.050000
5 0.703906 0.725000 0.048438 0.046875
5 0.182031 0.487500 0.045312 0.034375
4 0.200781 0.213281 0.023438 0.020313
0 0.446094 0.300781 0.020313 0.023438
3 0.739844 0.635938 0.114062 0.115625
3 0.594531 0.575781 0.260937 0.195312
0 0.558594 0.120313 0.079687 0.075000
1 0.507031 0.692969 0.067187 0.064062
5 0.321875 0.658594 0.021875 0.020313
4 0.510156 0.360156 0.020313 0.023438
2 0.442188 0.146094 0.062500 0.057813
3 0.259375 0.621094 0.100000 0.151562
0 0.621875 0.242188 0.034375 0.034375
2 0.196094 0.460156 0.026562 0.026562
5 0.546094 0.260156 0.026562 0.051562
0 0.120313 0.564063 0.050000 0.053125
1 0.754687 0.231250 0.056250 0.037500
3 0.514844 0.697656 0.270313 0.223438
4 0.607812 0.477344 0.018750 0.029687
4 0.355469 0.677344 0.023438 0.014063
3 0.343750 0.196875 0.062500 0.062500
2 0.672656 0.870313 0.045312 0.043750
1 0.457813 0.858594 0.059375 0.079687
0 0.413281 0.601562 0.029687 0.037500
4 0.472656 0.146875 0.026562 0.025000
3 0.419531 0.632031 0.164062 0.110937
2 0.702344 0.425781 0.139063 0.110937
4 0.259375 0.464062 0.028125 0.018750
1 0.521875 0.170313 0.100000 0.078125
1 0.627344 0.515625 0.029687 0.025000
5 0.142969 0.525781 0.048438 0.048438
4 0.451562 0.318750 0.031250 0.031250
3 0.575000 0.534375 0.128125 0.128125
1 0.328906 0.465625 0.073438 0.065625
2 0.307031 0.603125 0.029687 0.028125