4 0.700000 0.285938 0.028125 0.031250
5 0.891406 0.439844 0.051562 0.045312
5 0.724219 0.242969 0.079687 0.067187
1 0.396094 0.271875 0.073438 0.075000
0 0.668750 0.514844 0.125000 0.123438
1 0.779687 0.526563 0.096875 0.084375
0 0.380469 0.646875 0.110937 0.100000
5 0.355469 0.825000 0.020313 0.021875
2 0.429688 0.425781 0.043750 0.032813
4 0.567187 0.107031 0.068750 0.060937
5 0.426563 0.401562 0.056250 0.043750
2 0.693750 0.125781 0.021875 0.020313
4 0.729688 0.860938 0.015625 0.031250
1 0.513281 0.365625 0.060937 0.046875
0 0.632031 0.596875 0.057813 0.043750
3 0.683594 0.678906 0.123438 0.079687
0 0.632812 0.159375 0.028125 0.050000
1 0.700000 0.552344 0.065625 0.054688
5 0.477344 0.799219 0.045312 0.042188
1 0.192188 0.398438 0.040625 0.040625
3 0.825781 0.685156 0.151562 0.151562
1 0.570312 0.760938 0.178125 0.165625
0 0.671875 0.193750 0.037500 0.040625
3 0.453906 0.189062 0.160938 0.156250
0 0.496875 0.564063 0.071875 0.068750
1 0.302344 0.392188 0.057813 0.050000
3 0.510156 0.468750 0.129688 0.159375
2 0.167187 0.344531 0.084375 0.098437
3 0.404687 0.365625 0.115625 0.115625
4 0.353906 0.825781 0.064062 0.070312
0 0.460938 0.585938 0.068750 0.062500
4 0.606250 0.602344 0.025000 0.026562
2 0.391406 0.192188 0.035937 0.031250
5 0.233594 0.254688 0.042188 0.053125
4 0.067187 0.547656 0.021875 0.014063
4 0.204687 0.438281 0.118750 0.123438
5 0.832031 0.282031 0.039062 0.042188
2 0.392969 0.146094 0.023438 0.023438
0 0.902344 0.616406 0.023438 0.023438
5 0.525781 0.667188 0.045312 0.037500
0 0.395313 0.821094 0.050000 0.048438
3 0.217188 0.667188 0.128125 0.128125
2 0.315625 0.493750 0.015625 0.021875
0 0.306250 0.121094 0.046875 0.042188
0 0.213281 0.733594 0.060937 0.073438
0 0.208594 0.574219 0.045312 0.035937
3 0.328125 0.173437 0.121875 0.121875
4 0.889844 0.628125 0.029687 0.025000
3 0.575781 0.374219 0.085938 0.085938
2 0.486719 0.907031 0.035937 0.035937
0 0.397656 0.910937 0.035937 0.034375
0 0.548438 0.814844 0.053125 0.051562
3 0.453906 0.186719 0.110937 0.110937
0 0.265625 0.714844 0.046875 0.048438
0 0.835938 0.575781 0.125000 0.117188
0 0.478125 0.207813 0.021875 0.018750
4 0.637500 0.501563 0.093750 0.093750
4 0.616406 0.595313 0.042188 0.043750
5 0.205469 0.581250 0.026562 0.028125
4 0.438281 0.812500 0.026562 0.028125
4 0.619531 0.307812 0.039062 0.034375
4 0.250781 0.760156 0.023438 0.035937
4 0.103906 0.482812 0.060937 0.062500
1 0.185938 0.455469 0.053125 0.042188
3 0.392969 0.424219 0.089063 0.089063
0 0.392969 0.486719 0.026562 0.029687
3 0.706250 0.643750 0.121875 0.109375
3 0.515625 0.285156 0.365625 0.410938
3 0.571875 0.328906 0.212500 0.470313
2 0.324219 0.570312 0.042188 0.046875
0 0.237500 0.624219 0.056250 0.051562
0 0.564844 0.345313 0.060937 0.059375
0 0.175000 0.354687 0.040625 0.034375
0 0.555469 0.611719 0.126562 0.120313
1 0.750781 0.589063 0.142187 0.131250
5 0.792188 0.547656 0.025000 0.035937
0 0.782031 0.681250 0.039062 0.028125
4 0.382031 0.242969 0.095312 0.089063
0 0.700000 0.456250 0.068750 0.078125
1 0.643750 0.518750 0.106250 0.115625
3 0.332031 0.664844 0.101562 0.148438
5 0.689844 0.336719 0.035937 0.045312
1 0.422656 0.646875 0.110937 0.109375
4 0.500781 0.328906 0.095312 0.092188
0 0.495312 0.332813 0.062500 0.065625
3 0.681250 0.675000 0.093750 0.078125
3 0.392188 0.565625 0.159375 0.159375
3 0.528906 0.476562 0.323437 0.225000
2 0.412500 0.719531 0.034375 0.026562
2 0.694531 0.313281 0.048438 0.045312
2 0.326562 0.410938 0.053125 0.056250