2 0.349219 0.734375 0.198437 0.171875
5 0.351562 0.550781 0.050000 0.051562
3 0.499219 0.309375 0.464062 0.368750
2 0.172656 0.482031 0.039062 0.035937
2 0.672656 0.297656 0.082812 0.064062
0 0.460938 0.139063 0.025000 0.015625
0 0.766406 0.211719 0.060937 0.054688
4 0.252344 0.199219 0.048438 0.054688
5 0.481250 0.733594 0.040625 0.035937
1 0.292969 0.286719 0.120313 0.110937
4 0.428906 0.609375 0.057813 0.053125
5 0.652344 0.400781 0.051562 0.048438
0 0.587500 0.517969 0.043750 0.042188
5 0.445312 0.169531 0.034375 0.029687
1 0.363281 0.625781 0.176563 0.164062
1 0.424219 0.575781 0.245312 0.235937
0 0.440625 0.515625 0.128125 0.125000
1 0.269531 0.367969 0.107813 0.139063
0 0.510156 0.275781 0.126562 0.135937
0 0.582031 0.271875 0.054688 0.046875
2 0.182031 0.573438 0.042188 0.034375
2 0.654687 0.426563 0.034375 0.037500
3 0.614844 0.524219 0.214062 0.170313
3 0.514844 0.723437 0.045312 0.046875
3 0.485156 0.911719 0.060937 0.060937
5 0.154688 0.539062 0.040625 0.040625
5 0.176563 0.396094 0.031250 0.029687
2 0.551562 0.210938 0.018750 0.021875
3 0.765625 0.695312 0.112500 0.112500
1 0.221875 0.335938 0.137500 0.121875
0 0.221094 0.721875 0.082812 0.071875
1 0.647656 0.649219 0.164062 0.164062
1 0.550000 0.189844 0.087500 0.057813
0 0.688281 0.594531 0.082812 0.073438
4 0.266406 0.855469 0.042188 0.032813
1 0.380469 0.826562 0.082812 0.075000
0 0.871875 0.657031 0.053125 0.082812
2 0.250781 0.621094 0.067187 0.060937
0 0.626563 0.450781 0.084375 0.082812
5 0.352344 0.791406 0.048438 0.042188
4 0.321875 0.693750 0.100000 0.071875
4 0.294531 0.399219 0.023438 0.010937
1 0.521094 0.134375 0.129688 0.125000
1 0.450781 0.892969 0.104688 0.067187
1 0.606250 0.810156 0.081250 0.092188
5 0.408594 0.760938 0.023438 0.050000
1 0.785156 0.308594 0.098437 0.104688
0 0.722656 0.738281 0.057813 0.064062
1 0.365625 0.228906 0.150000 0.201563
3 0.600781 0.367188 0.185938 0.190625
5 0.790625 0.342969 0.021875 0.020313
2 0.332031 0.273438 0.035937 0.028125
3 0.264844 0.300781 0.117188 0.117188
5 0.304688 0.371094 0.031250 0.026562
2 0.617969 0.876563 0.029687 0.028125
4 0.521875 0.578125 0.031250 0.037500
1 0.326562 0.228125 0.062500 0.059375
2 0.379688 0.807031 0.040625 0.039062
2 0.270313 0.682813 0.287500 0.250000
3 0.338281 0.438281 0.095312 0.095312
4 0.782813 0.707031 0.115625 0.114062
2 0.401562 0.535156 0.059375 0.051562
1 0.639062 0.653125 0.053125 0.043750
2 0.205469 0.685937 0.051562 0.056250
5 0.438281 0.882031 0.045312 0.035937
3 0.326562 0.328125 0.137500 0.196875
3 0.336719 0.724219 0.132812 0.154688
5 0.920312 0.472656 0.040625 0.042188
2 0.591406 0.899219 0.045312 0.045312
4 0.714063 0.217188 0.031250 0.046875
4 0.244531 0.357812 0.210938 0.181250
5 0.646875 0.282813 0.031250 0.031250
2 0.142187 0.579688 0.031250 0.028125
2 0.471094 0.103125 0.039062 0.046875