5 0.565625 0.711719 0.046875 0.048438
5 0.881250 0.482031 0.046875 0.054688
4 0.590625 0.482812 0.078125 0.071875
0 0.076563 0.507812 0.028125 0.021875
2 0.395313 0.616406 0.031250 0.051562
4 0.378125 0.753125 0.025000 0.031250
0 0.416406 0.299219 0.032813 0.032813
2 0.421094 0.226562 0.029687 0.043750
3 0.255469 0.569531 0.082812 0.082812
2 0.452344 0.153125 0.023438 0.025000
3 0.271094 0.503906 0.079687 0.079687
4 0.721875 0.787500 0.018750 0.015625
1 0.113281 0.657031 0.054688 0.060937
5 0.597656 0.453125 0.042188 0.034375
0 0.643750 0.878906 0.037500 0.035937
5 0.436719 0.526563 0.045312 0.043750
1 0.411719 0.849219 0.051562 0.051562
3 0.767188 0.735938 0.081250 0.081250
0 0.546875 0.384375 0.050000 0.046875
1 0.649219 0.141406 0.092188 0.085938
2 0.245312 0.366406 0.065625 0.098437
0 0.246875 0.368750 0.056250 0.056250
0 0.413281 0.143750 0.054688 0.050000
0 0.550000 0.612500 0.015625 0.025000
0 0.560937 0.846094 0.075000 0.064062
0 0.810156 0.732031 0.060937 0.064062
1 0.388281 0.441406 0.079687 0.098437
5 0.596094 0.238281 0.051562 0.051562
0 0.329688 0.421875 0.118750 0.125000
2 0.754687 0.579688 0.037500 0.031250
2 0.245312 0.446875 0.068750 0.056250
0 0.431250 0.914844 0.034375 0.029687
5 0.896875 0.464062 0.056250 0.043750
5 0.836719 0.439844 0.039062 0.032813
3 0.571094 0.605469 0.239063 0.179688
4 0.743750 0.394531 0.059375 0.045312
0 0.739844 0.850000 0.035937 0.034375
1 0.128906 0.539844 0.120313 0.104688
5 0.689844 0.128125 0.029687 0.040625
4 0.763281 0.717187 0.179688 0.193750
4 0.771875 0.817187 0.034375 0.034375
2 0.807813 0.392188 0.115625 0.121875
3 0.311719 0.686719 0.101562 0.101562
5 0.719531 0.337500 0.026562 0.028125
5 0.828125 0.396094 0.043750 0.051562
5 0.690625 0.484375 0.053125 0.046875
3 0.815625 0.353125 0.106250 0.106250
5 0.551562 0.101562 0.031250 0.031250
5 0.322656 0.889062 0.042188 0.043750
1 0.596875 0.434375 0.040625 0.046875
3 0.421875 0.589063 0.225000 0.193750
0 0.283594 0.399219 0.067187 0.051562
0 0.606250 0.638281 0.037500 0.035937
2 0.376563 0.632031 0.025000 0.020313
4 0.565625 0.256250 0.050000 0.059375
2 0.225000 0.492969 0.081250 0.089063
2 0.305469 0.165625 0.039062 0.034375
2 0.802344 0.781250 0.042188 0.053125
0 0.430469 0.326562 0.095312 0.078125
1 0.175781 0.620313 0.070312 0.062500