0 0.753125 0.485938 0.109375 0.096875
3 0.734375 0.798438 0.096875 0.096875
0 0.445312 0.642969 0.068750 0.042188
1 0.496094 0.288281 0.095312 0.098437
4 0.517969 0.121875 0.020313 0.018750
5 0.246875 0.562500 0.050000 0.043750
2 0.623437 0.220312 0.056250 0.059375
1 0.585938 0.736719 0.106250 0.092188
4 0.339844 0.192188 0.048438 0.053125
1 0.788281 0.309375 0.092188 0.075000
5 0.290625 0.625000 0.034375 0.028125
3 0.481250 0.185156 0.075000 0.085938
3 0.735938 0.601562 0.143750 0.143750
0 0.528125 0.314063 0.103125 0.103125
5 0.371875 0.896094 0.059375 0.048438
3 0.372656 0.521875 0.223438 0.209375
3 0.536719 0.667969 0.095312 0.095312
2 0.724219 0.377344 0.039062 0.039062
1 0.411719 0.673438 0.123438 0.115625
3 0.306250 0.186719 0.140625 0.104688
1 0.351562 0.862500 0.071875 0.084375
2 0.374219 0.762500 0.054688 0.062500
0 0.378906 0.808594 0.048438 0.048438
3 0.151562 0.335938 0.084375 0.084375
4 0.187500 0.458594 0.175000 0.179688
5 0.345313 0.836719 0.050000 0.045312
4 0.335156 0.187500 0.020313 0.018750
5 0.681250 0.586719 0.031250 0.042188
1 0.635156 0.813281 0.114062 0.135937
1 0.375781 0.170313 0.079687 0.071875
2 0.712500 0.533594 0.253125 0.229687
5 0.517969 0.810937 0.042188 0.040625
3 0.361719 0.498437 0.229687 0.190625
4 0.621094 0.629687 0.029687 0.028125
3 0.264062 0.732812 0.071875 0.071875
4 0.730469 0.691406 0.095312 0.089063
0 0.203125 0.528906 0.100000 0.092188
4 0.652344 0.294531 0.032813 0.029687
3 0.342187 0.214062 0.081250 0.062500
2 0.890625 0.487500 0.056250 0.046875
0 0.420312 0.404687 0.031250 0.028125
1 0.860156 0.328906 0.060937 0.060937
3 0.409375 0.298438 0.203125 0.203125
4 0.333594 0.567187 0.060937 0.084375
4 0.576562 0.159375 0.053125 0.062500
2 0.576562 0.602344 0.068750 0.070312
2 0.682031 0.667969 0.029687 0.032813
1 0.501563 0.868750 0.121875 0.100000
1 0.276562 0.718750 0.040625 0.040625
3 0.482812 0.160938 0.125000 0.093750
2 0.737500 0.872656 0.015625 0.014063
4 0.346094 0.476562 0.032813 0.028125
2 0.567187 0.608594 0.050000 0.045312
1 0.746094 0.765625 0.139063 0.175000
3 0.243750 0.545312 0.090625 0.090625
1 0.717969 0.717969 0.051562 0.051562
1 0.702344 0.834375 0.110937 0.100000
1 0.432031 0.679688 0.060937 0.050000
2 0.710156 0.377344 0.195312 0.207813
5 0.567187 0.666406 0.031250 0.032813
1 0.518750 0.332813 0.087500 0.081250
1 0.442188 0.135937 0.096875 0.075000
3 0.146875 0.578906 0.112500 0.148438
1 0.365625 0.745313 0.109375 0.106250
1 0.259375 0.769531 0.143750 0.126562
4 0.458594 0.525000 0.073438 0.071875
0 0.748437 0.663281 0.071875 0.085938
2 0.352344 0.141406 0.051562 0.048438
2 0.467187 0.871094 0.025000 0.032813
4 0.896094 0.659375 0.026562 0.034375
2 0.334375 0.128906 0.034375 0.032813