1 0.675781 0.734375 0.057813 0.062500
3 0.521094 0.569531 0.298438 0.335938
5 0.418750 0.414062 0.034375 0.040625
4 0.564844 0.179688 0.032813 0.031250
4 0.342969 0.419531 0.017188 0.017188
2 0.672656 0.423438 0.173437 0.162500
5 0.830469 0.347656 0.026562 0.026562
2 0.528125 0.435937 0.046875 0.059375
4 0.817187 0.658594 0.031250 0.035937
3 0.550781 0.260156 0.101562 0.101562
5 0.446875 0.657813 0.037500 0.040625
5 0.321094 0.525000 0.023438 0.021875
1 0.775000 0.272656 0.068750 0.064062
4 0.326562 0.775000 0.062500 0.081250
3 0.486719 0.153906 0.101562 0.101562
5 0.553125 0.838281 0.028125 0.029687
5 0.490625 0.454688 0.046875 0.040625
3 0.752344 0.811719 0.070312 0.070312
5 0.886719 0.668750 0.039062 0.037500
1 0.491406 0.560937 0.082812 0.112500
4 0.546875 0.847656 0.034375 0.057813
5 0.433594 0.167187 0.039062 0.034375
5 0.689063 0.639844 0.025000 0.029687
0 0.620313 0.710938 0.065625 0.053125
0 0.159375 0.641406 0.040625 0.035937
5 0.118750 0.632031 0.050000 0.076563
0 0.757031 0.826562 0.035937 0.028125
4 0.268750 0.296094 0.034375 0.035937
4 0.361719 0.703906 0.076563 0.054688
1 0.647656 0.459375 0.070312 0.087500
5 0.310156 0.366406 0.029687 0.029687
5 0.222656 0.221875 0.042188 0.046875
1 0.269531 0.780469 0.085938 0.076563
5 0.131250 0.568750 0.028125 0.028125
1 0.417187 0.874219 0.046875 0.039062
1 0.188281 0.628125 0.095312 0.103125
2 0.255469 0.289844 0.017188 0.014063
1 0.346094 0.702344 0.054688 0.045312
3 0.541406 0.535937 0.414062 0.418750
3 0.692969 0.377344 0.064062 0.064062
4 0.170313 0.441406 0.075000 0.067187
2 0.642188 0.117969 0.053125 0.051562
3 0.749219 0.365625 0.276562 0.237500
2 0.628125 0.488281 0.025000 0.020313
1 0.450781 0.315625 0.082812 0.078125
4 0.289062 0.673438 0.134375 0.106250
2 0.664844 0.830469 0.032813 0.035937
5 0.277344 0.171875 0.035937 0.034375
3 0.596875 0.217188 0.221875 0.203125
2 0.307812 0.239063 0.034375 0.034375
3 0.662500 0.498437 0.156250 0.156250
4 0.711719 0.366406 0.073438 0.067187
4 0.539062 0.371875 0.028125 0.040625
5 0.732031 0.621094 0.026562 0.029687
4 0.302344 0.742188 0.051562 0.037500
3 0.703125 0.768750 0.221875 0.221875
5 0.707031 0.350781 0.039062 0.042188
4 0.178125 0.443750 0.043750 0.040625
2 0.659375 0.821094 0.028125 0.023438
1 0.368750 0.501563 0.096875 0.093750
3 0.483594 0.203906 0.148438 0.148438
4 0.636719 0.469531 0.048438 0.082812
1 0.368750 0.411719 0.078125 0.070312
3 0.285938 0.193750 0.106250 0.087500
5 0.301563 0.266406 0.046875 0.048438
1 0.610156 0.575000 0.051562 0.043750
0 0.442188 0.096094 0.037500 0.039062
5 0.474219 0.368750 0.029687 0.034375
1 0.556250 0.517969 0.053125 0.064062
4 0.234375 0.711719 0.025000 0.020313
1 0.512500 0.160156 0.125000 0.120313
4 0.196875 0.228125 0.075000 0.065625
0 0.657031 0.421094 0.076563 0.054688
3 0.564844 0.166406 0.064062 0.064062
4 0.673438 0.170313 0.103125 0.084375
5 0.525000 0.289062 0.028125 0.028125
0 0.332813 0.721094 0.096875 0.110937
0 0.278906 0.698438 0.048438 0.056250
4 0.924219 0.573438 0.026562 0.028125
3 0.597656 0.324219 0.179688 0.142187
5 0.775000 0.623437 0.068750 0.056250
2 0.557813 0.891406 0.090625 0.079687
5 0.333594 0.735156 0.026562 0.039062
1 0.736719 0.695312 0.057813 0.043750
5 0.478125 0.376563 0.037500 0.040625
2 0.349219 0.400781 0.039062 0.057813
3 0.398438 0.541406 0.575000 0.423438
3 0.678906 0.721875 0.176563 0.196875
0 0.442969 0.105469 0.082812 0.089063
1 0.807813 0.645312 0.065625 0.062500
4 0.553906 0.461719 0.101562 0.067187
3 0.410938 0.281250 0.062500 0.062500
0 0.135937 0.682031 0.037500 0.032813
5 0.633594 0.484375 0.048438 0.043750
1 0.502344 0.613281 0.073438 0.073438
3 0.529687 0.514062 0.287500 0.353125
3 0.528906 0.480469 0.257812 0.382812
5 0.563281 0.568750 0.035937 0.071875
5 0.613281 0.886719 0.035937 0.035937
5 0.466406 0.485156 0.073438 0.073438
4 0.872656 0.701562 0.029687 0.028125