5 0.394531 0.821875 0.076563 0.068750
1 0.562500 0.245312 0.059375 0.075000
0 0.125000 0.428906 0.096875 0.076563
2 0.499219 0.621094 0.045312 0.045312
2 0.249219 0.421875 0.045312 0.046875
5 0.461719 0.467969 0.035937 0.032813
5 0.347656 0.220312 0.051562 0.043750
4 0.251563 0.402344 0.021875 0.020313
0 0.823438 0.587500 0.068750 0.068750
1 0.535937 0.682031 0.128125 0.123438
3 0.642969 0.280469 0.079687 0.107813
0 0.856250 0.729688 0.046875 0.040625
1 0.482812 0.188281 0.103125 0.101562
1 0.356250 0.803125 0.100000 0.090625
1 0.505469 0.435937 0.079687 0.068750
4 0.128125 0.464062 0.050000 0.050000
5 0.790625 0.676562 0.046875 0.040625
4 0.428906 0.626563 0.176563 0.209375
3 0.790625 0.545312 0.125000 0.125000
3 0.556250 0.473438 0.428125 0.315625
2 0.367969 0.805469 0.017188 0.054688
4 0.853906 0.671094 0.026562 0.029687
4 0.742188 0.537500 0.159375 0.168750
2 0.597656 0.653125 0.029687 0.025000
0 0.567969 0.478125 0.064062 0.078125
4 0.414844 0.762500 0.048438 0.056250
0 0.363281 0.560156 0.057813 0.048438
3 0.260156 0.500000 0.129688 0.125000
1 0.794531 0.471094 0.170313 0.126562
1 0.420312 0.697656 0.093750 0.104688
3 0.220312 0.315625 0.131250 0.131250
5 0.785156 0.405469 0.023438 0.023438
3 0.362500 0.692187 0.300000 0.196875
1 0.642969 0.820312 0.079687 0.118750
0 0.698438 0.427344 0.078125 0.060937
5 0.105469 0.605469 0.048438 0.045312
1 0.499219 0.794531 0.107813 0.104688
4 0.659375 0.554688 0.025000 0.028125
2 0.713281 0.745313 0.045312 0.043750
4 0.434375 0.154688 0.196875 0.193750
0 0.528125 0.425781 0.040625 0.054688
3 0.650000 0.842187 0.071875 0.037500
1 0.709375 0.499219 0.075000 0.079687
5 0.387500 0.779687 0.043750 0.037500
0 0.821094 0.389844 0.042188 0.032813
0 0.291406 0.457813 0.042188 0.037500
1 0.487500 0.679688 0.081250 0.115625
2 0.508594 0.535937 0.048438 0.050000
2 0.432031 0.527344 0.026562 0.023438
5 0.821094 0.612500 0.029687 0.028125
2 0.386719 0.299219 0.057813 0.060937
4 0.247656 0.632031 0.023438 0.023438
0 0.420312 0.112500 0.068750 0.062500
0 0.555469 0.257812 0.029687 0.028125
1 0.714844 0.520312 0.104688 0.090625
4 0.715625 0.455469 0.021875 0.026562
5 0.503906 0.617188 0.082812 0.090625
1 0.727344 0.551562 0.095312 0.090625
3 0.102344 0.407813 0.082812 0.065625
1 0.585938 0.772656 0.081250 0.060937
1 0.585938 0.383594 0.056250 0.051562
4 0.556250 0.278906 0.021875 0.026562
1 0.760156 0.517969 0.176563 0.167187
1 0.665625 0.267969 0.175000 0.173437
0 0.535156 0.302344 0.051562 0.048438
3 0.528125 0.579688 0.434375 0.343750
0 0.475781 0.400000 0.054688 0.046875
5 0.858594 0.676562 0.035937 0.046875
5 0.121094 0.317188 0.042188 0.034375
4 0.771094 0.703125 0.060937 0.046875
5 0.288281 0.617969 0.032813 0.029687
2 0.610938 0.471875 0.037500 0.034375
4 0.442969 0.082812 0.023438 0.015625
4 0.528125 0.142969 0.025000 0.026562
0 0.391406 0.463281 0.064062 0.051562
5 0.642188 0.898438 0.037500 0.040625
4 0.835156 0.482812 0.117188 0.109375