4 0.437500 0.382812 0.018750 0.015625
3 0.414062 0.728906 0.284375 0.264062
4 0.585156 0.146875 0.020313 0.028125
2 0.676562 0.695312 0.034375 0.025000
3 0.472656 0.329688 0.207813 0.203125
0 0.700000 0.525000 0.087500 0.100000
1 0.598437 0.592969 0.115625 0.110937
3 0.123438 0.508594 0.075000 0.104688
3 0.633594 0.752344 0.160938 0.132812
1 0.359375 0.680469 0.093750 0.076563
5 0.631250 0.826562 0.059375 0.071875
0 0.394531 0.690625 0.045312 0.037500
2 0.777344 0.281250 0.129688 0.150000
2 0.473438 0.469531 0.065625 0.070312
1 0.228125 0.347656 0.078125 0.060937
1 0.567187 0.668750 0.131250 0.143750
5 0.571094 0.588281 0.039062 0.035937
4 0.516406 0.177344 0.045312 0.045312
4 0.640625 0.717187 0.034375 0.040625
1 0.484375 0.414062 0.103125 0.115625
0 0.321875 0.331250 0.037500 0.031250
3 0.490625 0.657031 0.131250 0.126562
2 0.509375 0.212500 0.231250 0.237500
3 0.659375 0.514844 0.196875 0.189062
2 0.695312 0.118750 0.037500 0.037500
4 0.711719 0.623437 0.051562 0.040625
1 0.196875 0.683594 0.084375 0.067187
3 0.149219 0.553906 0.057813 0.057813
0 0.185938 0.495312 0.084375 0.087500
0 0.775000 0.372656 0.081250 0.064062
2 0.228125 0.743750 0.028125 0.031250
3 0.307812 0.553125 0.159375 0.159375
5 0.635156 0.902344 0.035937 0.029687
3 0.268750 0.357031 0.193750 0.154688
2 0.528125 0.869531 0.034375 0.032813
2 0.577344 0.803906 0.110937 0.076563
5 0.643750 0.267969 0.021875 0.035937
3 0.406250 0.878125 0.109375 0.109375
3 0.234375 0.428125 0.256250 0.153125
3 0.459375 0.290625 0.112500 0.112500
5 0.142969 0.553125 0.051562 0.050000
2 0.600000 0.420312 0.046875 0.031250
0 0.850781 0.487500 0.045312 0.040625
3 0.257031 0.335938 0.151562 0.106250
3 0.398438 0.823438 0.212500 0.212500
4 0.545312 0.301563 0.015625 0.031250
4 0.257031 0.542188 0.039062 0.025000
5 0.411719 0.307812 0.039062 0.046875
3 0.416406 0.262500 0.214062 0.356250
0 0.555469 0.506250 0.042188 0.031250
1 0.331250 0.334375 0.084375 0.081250
2 0.689844 0.644531 0.054688 0.039062
2 0.398438 0.674219 0.043750 0.039062
1 0.687500 0.411719 0.050000 0.042188
3 0.860938 0.576562 0.131250 0.131250
1 0.796094 0.424219 0.082812 0.070312
2 0.398438 0.664062 0.065625 0.056250
0 0.392969 0.730469 0.051562 0.051562
5 0.539062 0.794531 0.037500 0.042188
5 0.510938 0.357031 0.062500 0.057813
0 0.720313 0.791406 0.046875 0.045312