2 0.212500 0.180469 0.031250 0.032813
1 0.382031 0.790625 0.129688 0.128125
4 0.275781 0.803906 0.098437 0.089063
1 0.439844 0.616406 0.126562 0.123438
0 0.404687 0.591406 0.068750 0.051562
3 0.601562 0.414062 0.131250 0.090625
3 0.525000 0.527344 0.256250 0.257812
2 0.593750 0.305469 0.125000 0.157812
3 0.758594 0.747656 0.085938 0.114062
1 0.562500 0.822656 0.109375 0.092188
4 0.588281 0.167969 0.039062 0.039062
1 0.428906 0.264062 0.098437 0.109375
1 0.583594 0.584375 0.073438 0.078125
4 0.625000 0.139063 0.018750 0.018750
2 0.270313 0.689063 0.275000 0.275000
5 0.403125 0.502344 0.040625 0.032813
5 0.325781 0.818750 0.029687 0.028125
0 0.552344 0.496875 0.045312 0.040625
2 0.765625 0.671094 0.025000 0.026562
3 0.707031 0.770312 0.054688 0.100000
1 0.556250 0.436719 0.146875 0.092188
2 0.849219 0.671094 0.032813 0.026562
4 0.767188 0.615625 0.084375 0.125000
5 0.229687 0.200781 0.031250 0.029687
3 0.746094 0.603906 0.120313 0.120313
4 0.610156 0.224219 0.032813 0.042188
4 0.668750 0.350781 0.018750 0.026562
1 0.219531 0.706250 0.085938 0.065625
3 0.289844 0.366406 0.082812 0.082812
1 0.172656 0.532813 0.076563 0.075000
0 0.621875 0.553125 0.065625 0.050000
3 0.875781 0.388281 0.073438 0.073438
1 0.652344 0.445312 0.057813 0.056250
1 0.503125 0.770312 0.096875 0.093750
0 0.697656 0.296094 0.067187 0.064062
5 0.518750 0.323437 0.037500 0.037500
4 0.612500 0.123438 0.012500 0.018750
1 0.467969 0.857031 0.104688 0.098437
5 0.463281 0.739844 0.048438 0.039062
0 0.301563 0.765625 0.025000 0.021875
3 0.385937 0.781250 0.062500 0.062500
0 0.773438 0.557031 0.050000 0.045312
2 0.400000 0.442969 0.034375 0.039062
2 0.454688 0.124219 0.025000 0.023438
1 0.237500 0.693750 0.093750 0.093750
3 0.573438 0.665625 0.128125 0.128125
2 0.456250 0.621094 0.043750 0.042188
0 0.754687 0.551562 0.040625 0.043750
1 0.766406 0.428125 0.048438 0.037500
0 0.392188 0.750000 0.040625 0.043750
4 0.478906 0.669531 0.026562 0.039062
4 0.596875 0.650781 0.015625 0.017188
4 0.704688 0.560156 0.021875 0.023438
1 0.294531 0.756250 0.098437 0.078125
4 0.452344 0.282031 0.032813 0.029687
0 0.215625 0.344531 0.071875 0.064062
1 0.450781 0.819531 0.098437 0.139063
0 0.508594 0.242969 0.045312 0.042188
2 0.466406 0.203125 0.092188 0.068750
0 0.697656 0.584375 0.035937 0.040625
3 0.674219 0.286719 0.092188 0.092188
5 0.683594 0.545312 0.054688 0.059375
0 0.232813 0.348438 0.115625 0.109375
2 0.386719 0.499219 0.010937 0.017188
3 0.532031 0.425781 0.192188 0.160938
2 0.239063 0.607031 0.053125 0.051562
1 0.615625 0.521875 0.090625 0.075000
3 0.609375 0.264062 0.159375 0.159375
1 0.789844 0.757812 0.070312 0.068750
3 0.474219 0.405469 0.051562 0.067187
3 0.621094 0.541406 0.157812 0.157812
0 0.287500 0.266406 0.140625 0.132812
5 0.413281 0.110156 0.045312 0.045312
3 0.674219 0.685937 0.232813 0.156250
3 0.207031 0.657031 0.101562 0.082812
4 0.677344 0.486719 0.023438 0.023438
2 0.535937 0.857031 0.043750 0.060937
1 0.568750 0.589063 0.078125 0.075000
1 0.421875 0.835156 0.125000 0.095312
5 0.721875 0.785156 0.050000 0.039062
4 0.462500 0.804688 0.071875 0.096875
4 0.578125 0.335156 0.071875 0.054688
2 0.447656 0.517188 0.035937 0.046875
3 0.273438 0.721875 0.131250 0.131250
1 0.538281 0.210156 0.051562 0.048438
4 0.457031 0.747656 0.170313 0.164062
3 0.659375 0.272656 0.225000 0.185938
5 0.656250 0.486719 0.059375 0.067187
0 0.194531 0.486719 0.057813 0.035937
0 0.386719 0.686719 0.142187 0.160938
2 0.378906 0.498437 0.032813 0.037500