5 0.822656 0.752344 0.051562 0.057813
0 0.494531 0.509375 0.054688 0.046875
3 0.838281 0.438281 0.195312 0.145313
0 0.425781 0.321094 0.035937 0.035937
2 0.368750 0.521875 0.028125 0.037500
1 0.680469 0.203125 0.076563 0.075000
5 0.752344 0.209375 0.039062 0.043750
1 0.179688 0.283594 0.084375 0.082812
0 0.521875 0.728125 0.065625 0.062500
5 0.869531 0.402344 0.035937 0.029687
5 0.387500 0.799219 0.046875 0.048438
4 0.146875 0.397656 0.050000 0.060937
3 0.266406 0.475781 0.126562 0.126562
4 0.503125 0.254688 0.021875 0.021875
0 0.302344 0.742188 0.060937 0.059375
2 0.443750 0.505469 0.059375 0.067187
1 0.553125 0.375781 0.084375 0.082812
5 0.746094 0.841406 0.042188 0.045312
3 0.888281 0.328906 0.051562 0.051562
4 0.148438 0.416406 0.093750 0.092188
0 0.364844 0.775781 0.139063 0.123438
2 0.701562 0.547656 0.075000 0.060937
3 0.223438 0.706250 0.115625 0.115625
1 0.422656 0.640625 0.082812 0.068750
5 0.745313 0.466406 0.046875 0.057813
0 0.345313 0.781250 0.028125 0.025000
1 0.415625 0.390625 0.050000 0.046875
1 0.504687 0.581250 0.121875 0.087500
4 0.227344 0.428906 0.060937 0.051562
0 0.146875 0.445312 0.109375 0.112500
0 0.381250 0.568750 0.056250 0.050000
0 0.904687 0.496094 0.053125 0.048438
1 0.189844 0.492188 0.067187 0.062500
5 0.550781 0.892188 0.076563 0.075000
0 0.678906 0.583594 0.026562 0.023438
5 0.878125 0.601562 0.100000 0.100000
0 0.896094 0.463281 0.032813 0.032813
3 0.389844 0.649219 0.132812 0.132812
1 0.751563 0.286719 0.050000 0.054688
4 0.415625 0.407031 0.071875 0.073438
5 0.238281 0.213281 0.023438 0.026562
5 0.640625 0.792188 0.059375 0.053125
2 0.713281 0.432812 0.045312 0.046875
5 0.875781 0.317969 0.054688 0.054688
3 0.764062 0.293750 0.106250 0.106250
5 0.114844 0.600000 0.054688 0.050000
4 0.530469 0.368750 0.020313 0.028125
0 0.758594 0.166406 0.048438 0.045312
0 0.887500 0.358594 0.046875 0.039062
5 0.160156 0.739844 0.039062 0.035937
4 0.556250 0.640625 0.065625 0.043750
5 0.861719 0.625000 0.026562 0.043750
3 0.639062 0.554688 0.450000 0.434375
2 0.200781 0.791406 0.032813 0.051562
1 0.660937 0.694531 0.128125 0.114062
1 0.209375 0.725000 0.087500 0.062500
0 0.335938 0.182031 0.031250 0.023438
3 0.498437 0.411719 0.128125 0.126562
5 0.528906 0.595313 0.032813 0.031250
5 0.454688 0.903906 0.050000 0.045312
5 0.460938 0.214062 0.025000 0.025000
0 0.510938 0.335938 0.087500 0.106250
2 0.872656 0.544531 0.054688 0.054688
0 0.675781 0.745313 0.157812 0.150000
3 0.649219 0.796094 0.123438 0.123438
0 0.175781 0.552344 0.085938 0.101562
4 0.353125 0.836719 0.025000 0.026562
3 0.792969 0.304688 0.104688 0.112500
4 0.800781 0.595313 0.048438 0.031250