5 0.517969 0.704688 0.023438 0.025000
1 0.596875 0.198437 0.071875 0.084375
5 0.105469 0.549219 0.042188 0.035937
0 0.477344 0.734375 0.020313 0.021875
3 0.246875 0.371875 0.115625 0.140625
5 0.303125 0.517188 0.059375 0.059375
1 0.707812 0.164062 0.059375 0.059375
4 0.641406 0.575000 0.026562 0.025000
5 0.605469 0.284375 0.064062 0.071875
2 0.143750 0.429688 0.037500 0.037500
4 0.119531 0.580469 0.035937 0.051562
3 0.566406 0.252344 0.129688 0.129688
0 0.210938 0.357812 0.037500 0.040625
2 0.350781 0.679688 0.017188 0.028125
1 0.192188 0.403125 0.071875 0.093750
4 0.542969 0.835938 0.026562 0.025000
0 0.830469 0.652344 0.085938 0.085938
4 0.304688 0.435156 0.209375 0.264062
5 0.139063 0.630469 0.028125 0.026562
5 0.253906 0.228906 0.029687 0.029687
3 0.387500 0.618750 0.328125 0.384375
1 0.171875 0.635938 0.062500 0.062500
3 0.169531 0.521094 0.079687 0.079687
0 0.903125 0.390625 0.059375 0.043750
3 0.289844 0.359375 0.217188 0.325000
1 0.447656 0.467969 0.042188 0.045312
4 0.688281 0.353906 0.035937 0.042188
4 0.816406 0.410156 0.039062 0.029687
4 0.697656 0.621094 0.020313 0.026562
5 0.292187 0.460938 0.050000 0.043750
3 0.526563 0.600781 0.181250 0.251563
3 0.480469 0.283594 0.079687 0.079687
0 0.507031 0.156250 0.026562 0.021875
1 0.759375 0.336719 0.134375 0.101562
5 0.648438 0.625000 0.025000 0.028125
4 0.333594 0.591406 0.032813 0.032813
5 0.439063 0.094531 0.037500 0.035937
5 0.327344 0.696094 0.048438 0.045312
3 0.687500 0.532813 0.121875 0.121875
3 0.650000 0.187500 0.112500 0.112500
4 0.257031 0.621094 0.039062 0.029687
2 0.269531 0.332813 0.082812 0.068750
0 0.385937 0.791406 0.115625 0.092188
5 0.556250 0.156250 0.037500 0.034375
4 0.121875 0.498437 0.028125 0.031250
4 0.760156 0.758594 0.023438 0.026562
1 0.260156 0.732031 0.107813 0.104688
5 0.396875 0.492969 0.040625 0.051562
1 0.219531 0.592187 0.167187 0.150000
4 0.362500 0.300781 0.150000 0.182812
4 0.403906 0.356250 0.057813 0.053125
0 0.801562 0.596094 0.040625 0.039062
5 0.242969 0.450781 0.029687 0.029687
0 0.571094 0.599219 0.045312 0.054688
5 0.380469 0.757031 0.045312 0.042188
3 0.575781 0.777344 0.076563 0.076563
1 0.324219 0.538281 0.114062 0.095312
3 0.596094 0.553125 0.254688 0.225000
2 0.345313 0.369531 0.018750 0.023438
4 0.585156 0.597656 0.014063 0.014063
0 0.886719 0.592969 0.035937 0.039062
5 0.646875 0.642969 0.034375 0.039062
3 0.305469 0.459375 0.485938 0.340625
3 0.556250 0.604688 0.125000 0.125000
4 0.397656 0.896094 0.020313 0.023438
4 0.521094 0.767969 0.132812 0.132812
4 0.870313 0.332813 0.050000 0.037500
1 0.410938 0.602344 0.087500 0.067187
1 0.785937 0.749219 0.115625 0.123438
4 0.498437 0.376563 0.034375 0.031250
2 0.871094 0.693750 0.029687 0.031250
4 0.712500 0.856250 0.031250 0.043750
5 0.678906 0.697656 0.029687 0.026562
3 0.321875 0.221875 0.106250 0.106250
1 0.260937 0.544531 0.112500 0.117188
5 0.592969 0.335938 0.051562 0.050000
0 0.245312 0.300781 0.071875 0.067187
4 0.822656 0.694531 0.145313 0.145313
0 0.568750 0.455469 0.043750 0.035937
1 0.672656 0.599219 0.057813 0.095312
4 0.276562 0.450781 0.031250 0.020313
5 0.583594 0.101562 0.051562 0.059375
2 0.360156 0.403906 0.057813 0.057813
3 0.280469 0.221094 0.126562 0.126562
2 0.653906 0.836719 0.029687 0.026562
3 0.740625 0.278906 0.065625 0.082812
4 0.542188 0.696094 0.246875 0.232813
2 0.471094 0.821875 0.067187 0.065625
5 0.767188 0.508594 0.028125 0.026562
3 0.203906 0.647656 0.207813 0.207813
4 0.764062 0.375000 0.034375 0.034375
2 0.563281 0.364063 0.089063 0.096875
5 0.568750 0.329688 0.059375 0.043750
1 0.457031 0.772656 0.057813 0.060937
4 0.790625 0.567969 0.034375 0.032813
3 0.404687 0.771875 0.087500 0.087500
0 0.607812 0.630469 0.031250 0.032813
2 0.307031 0.789844 0.032813 0.029687
0 0.576562 0.471875 0.109375 0.096875
3 0.797656 0.596875 0.189062 0.140625
4 0.722656 0.774219 0.051562 0.048438
3 0.422656 0.276562 0.079687 0.106250
4 0.755469 0.792969 0.020313 0.020313
4 0.754687 0.396875 0.025000 0.028125
2 0.783594 0.800781 0.032813 0.026562
3 0.385937 0.300781 0.143750 0.148438
0 0.380469 0.755469 0.045312 0.042188
4 0.355469 0.502344 0.020313 0.017188
4 0.285156 0.420312 0.029687 0.025000
5 0.184375 0.542969 0.031250 0.032813
3 0.292969 0.739062 0.082812 0.106250
5 0.820312 0.569531 0.068750 0.064062
5 0.232031 0.350000 0.057813 0.059375
2 0.121094 0.425000 0.054688 0.043750
1 0.703906 0.747656 0.064062 0.110937
1 0.661719 0.709375 0.060937 0.046875
2 0.524219 0.513281 0.029687 0.026562
0 0.751563 0.203125 0.043750 0.034375
2 0.465625 0.642969 0.050000 0.048438
2 0.575781 0.560156 0.045312 0.045312
3 0.807813 0.498437 0.084375 0.084375
4 0.676562 0.368750 0.028125 0.031250
1 0.606250 0.203125 0.059375 0.062500
4 0.262500 0.209375 0.018750 0.015625
3 0.388281 0.460156 0.126562 0.126562
4 0.208594 0.447656 0.023438 0.032813
5 0.497656 0.757812 0.054688 0.040625
0 0.223438 0.712500 0.081250 0.075000
4 0.552344 0.207813 0.032813 0.040625
1 0.760156 0.507812 0.170313 0.159375
3 0.361719 0.380469 0.401562 0.410938
0 0.450000 0.337500 0.021875 0.018750