3 0.485938 0.220312 0.131250 0.131250
3 0.666406 0.384375 0.360938 0.287500
0 0.798438 0.426563 0.050000 0.053125
4 0.468750 0.146875 0.100000 0.096875
3 0.394531 0.280469 0.079687 0.079687
0 0.719531 0.617188 0.026562 0.037500
0 0.300000 0.217188 0.031250 0.031250
4 0.359375 0.237500 0.018750 0.018750
2 0.445312 0.825000 0.103125 0.112500
3 0.500781 0.592187 0.332813 0.268750
3 0.475781 0.782031 0.120313 0.123438
0 0.473438 0.525781 0.034375 0.023438
4 0.565625 0.596875 0.206250 0.200000
0 0.127344 0.310156 0.054688 0.051562
2 0.357812 0.314844 0.071875 0.092188
1 0.291406 0.649219 0.135937 0.123438
0 0.606250 0.345313 0.028125 0.025000
2 0.575781 0.250781 0.039062 0.039062
2 0.178125 0.262500 0.040625 0.046875
0 0.307031 0.605469 0.067187 0.067187
2 0.253125 0.389844 0.062500 0.057813
2 0.540625 0.320312 0.021875 0.018750
5 0.358594 0.619531 0.042188 0.051562
3 0.648438 0.692969 0.043750 0.045312
4 0.374219 0.551562 0.179688 0.250000
1 0.735938 0.278125 0.043750 0.040625
2 0.395313 0.477344 0.087500 0.085938
2 0.847656 0.582031 0.020313 0.020313
1 0.546094 0.231250 0.098437 0.090625
5 0.727344 0.808594 0.060937 0.057813
1 0.341406 0.232031 0.082812 0.070312
0 0.447656 0.113281 0.104688 0.101562
5 0.544531 0.528906 0.064062 0.073438
1 0.532031 0.359375 0.210938 0.146875
0 0.556250 0.767188 0.053125 0.059375
1 0.303906 0.200000 0.139063 0.109375
0 0.449219 0.746875 0.092188 0.093750
0 0.556250 0.267969 0.043750 0.042188
4 0.559375 0.439063 0.018750 0.018750
5 0.657031 0.353906 0.032813 0.032813
2 0.528125 0.213281 0.028125 0.026562
0 0.568750 0.418750 0.053125 0.037500
2 0.117188 0.610938 0.040625 0.040625
2 0.814844 0.387500 0.039062 0.031250
4 0.548438 0.905469 0.021875 0.020313
4 0.330469 0.575781 0.017188 0.017188
4 0.432031 0.134375 0.029687 0.034375
5 0.927344 0.552344 0.032813 0.032813
4 0.341406 0.865625 0.076563 0.065625
1 0.362500 0.471094 0.137500 0.170313
1 0.257812 0.796094 0.112500 0.098437
1 0.653906 0.326562 0.173437 0.221875
4 0.182812 0.378906 0.021875 0.020313
1 0.632031 0.310156 0.107813 0.098437
1 0.643750 0.689844 0.056250 0.067187
0 0.367969 0.691406 0.157812 0.148438
4 0.265625 0.813281 0.084375 0.085938
1 0.771094 0.247656 0.060937 0.060937
1 0.378906 0.643750 0.104688 0.121875
3 0.627344 0.492188 0.107813 0.115625
1 0.617969 0.214062 0.064062 0.043750
0 0.646875 0.328125 0.034375 0.040625
1 0.598437 0.194531 0.103125 0.089063
1 0.522656 0.407813 0.082812 0.078125
2 0.653125 0.812500 0.025000 0.025000
1 0.174219 0.646875 0.064062 0.059375
1 0.594531 0.583594 0.135937 0.117188
4 0.278906 0.575781 0.064062 0.076563
5 0.602344 0.325000 0.057813 0.068750
4 0.621875 0.688281 0.075000 0.064062
0 0.178906 0.653906 0.045312 0.042188
3 0.494531 0.458594 0.260937 0.182812
2 0.885156 0.429688 0.048438 0.046875
0 0.915625 0.545312 0.062500 0.050000
3 0.620313 0.667188 0.393750 0.290625
3 0.721875 0.259375 0.112500 0.112500
2 0.663281 0.196875 0.045312 0.056250
2 0.410156 0.265625 0.060937 0.053125
0 0.586719 0.910937 0.035937 0.053125
5 0.242969 0.402344 0.048438 0.045312
2 0.330469 0.610938 0.029687 0.031250
3 0.533594 0.260156 0.148438 0.148438
3 0.557813 0.582812 0.146875 0.146875
2 0.154688 0.466406 0.050000 0.048438