1 0.460938 0.343750 0.100000 0.093750
0 0.449219 0.282813 0.139063 0.121875
0 0.833594 0.492969 0.039062 0.032813
0 0.208594 0.315625 0.035937 0.037500
0 0.590625 0.521094 0.034375 0.020313
1 0.747656 0.278906 0.076563 0.073438
0 0.422656 0.109375 0.045312 0.037500
0 0.617969 0.843750 0.079687 0.078125
5 0.747656 0.276562 0.045312 0.037500
0 0.435937 0.276562 0.106250 0.100000
3 0.730469 0.669531 0.157812 0.157812
5 0.554688 0.669531 0.050000 0.051562
5 0.642188 0.818750 0.053125 0.053125
3 0.258594 0.369531 0.264062 0.264062
5 0.439844 0.190625 0.042188 0.040625
5 0.102344 0.589063 0.073438 0.078125
4 0.375781 0.229687 0.020313 0.018750
5 0.364063 0.360938 0.040625 0.062500
0 0.723437 0.538281 0.059375 0.064062
2 0.742188 0.667188 0.021875 0.025000
4 0.292969 0.478125 0.017188 0.018750
4 0.167187 0.736719 0.021875 0.023438
0 0.352344 0.441406 0.098437 0.098437
5 0.365625 0.865625 0.031250 0.028125
5 0.657813 0.800000 0.037500 0.046875
4 0.584375 0.882812 0.046875 0.040625
0 0.645312 0.338281 0.059375 0.054688
1 0.602344 0.446094 0.035937 0.042188
3 0.515625 0.767188 0.156250 0.156250
5 0.429688 0.112500 0.028125 0.028125
0 0.349219 0.759375 0.023438 0.018750
5 0.464844 0.661719 0.026562 0.029687
0 0.266406 0.806250 0.129688 0.125000
5 0.660937 0.465625 0.034375 0.031250
4 0.310937 0.708594 0.025000 0.029687
2 0.241406 0.797656 0.054688 0.051562
0 0.835938 0.578906 0.046875 0.048438
1 0.270313 0.325000 0.143750 0.171875
5 0.357812 0.314063 0.034375 0.031250
3 0.237500 0.367188 0.100000 0.100000
2 0.425000 0.550781 0.056250 0.051562
3 0.254688 0.358594 0.168750 0.117188
5 0.234375 0.358594 0.050000 0.048438
1 0.585156 0.333594 0.042188 0.045312
2 0.771875 0.289062 0.053125 0.078125
2 0.715625 0.542188 0.034375 0.028125
2 0.110156 0.478906 0.042188 0.057813
2 0.575000 0.600000 0.046875 0.043750
2 0.635156 0.738281 0.042188 0.039062
2 0.484375 0.846875 0.043750 0.043750
4 0.404687 0.547656 0.018750 0.017188
3 0.501563 0.726562 0.134375 0.134375
3 0.177344 0.335938 0.101562 0.103125
3 0.674219 0.750781 0.085938 0.085938
1 0.635938 0.517969 0.081250 0.067187
2 0.493750 0.433594 0.071875 0.064062
1 0.179688 0.340625 0.053125 0.059375
4 0.451562 0.156250 0.068750 0.068750
1 0.367969 0.827344 0.070312 0.067187