0 0.839063 0.385156 0.062500 0.057813
3 0.539844 0.508594 0.076563 0.076563
2 0.378125 0.607031 0.150000 0.123438
1 0.693750 0.641406 0.059375 0.064062
0 0.428906 0.724219 0.057813 0.048438
1 0.840625 0.479687 0.112500 0.100000
5 0.461719 0.323437 0.048438 0.040625
1 0.245312 0.642969 0.171875 0.135937
0 0.723437 0.142187 0.028125 0.021875
3 0.632812 0.317188 0.128125 0.128125
4 0.565625 0.374219 0.031250 0.026562
2 0.851562 0.527344 0.075000 0.079687
3 0.333594 0.637500 0.289062 0.321875
2 0.879687 0.376563 0.028125 0.028125
4 0.427344 0.312500 0.123438 0.143750
5 0.158594 0.345313 0.035937 0.031250
2 0.567969 0.830469 0.035937 0.042188
2 0.698438 0.446094 0.034375 0.051562
1 0.546875 0.403906 0.059375 0.057813
0 0.821094 0.637500 0.070312 0.056250
4 0.557031 0.147656 0.020313 0.026562
3 0.501563 0.524219 0.162500 0.179688
5 0.710938 0.811719 0.034375 0.039062
5 0.552344 0.206250 0.026562 0.028125
3 0.254688 0.487500 0.125000 0.125000
5 0.402344 0.746094 0.057813 0.054688
5 0.866406 0.617969 0.023438 0.029687
1 0.296094 0.231250 0.145313 0.165625
5 0.533594 0.445312 0.067187 0.075000
4 0.447656 0.835156 0.035937 0.042188
3 0.358594 0.802344 0.204687 0.192188
3 0.520312 0.686719 0.331250 0.335938
2 0.489063 0.352344 0.025000 0.023438
2 0.608594 0.630469 0.042188 0.051562
3 0.310156 0.739844 0.076563 0.101562
4 0.754687 0.217188 0.078125 0.068750
4 0.364844 0.524219 0.110937 0.107813
4 0.853906 0.432812 0.026562 0.028125
4 0.783594 0.532813 0.045312 0.034375
0 0.298438 0.546875 0.128125 0.090625
0 0.371094 0.683594 0.195312 0.195312
0 0.341406 0.145313 0.067187 0.056250
5 0.298438 0.389844 0.031250 0.032813
2 0.410938 0.834375 0.028125 0.031250
2 0.383594 0.326562 0.045312 0.043750
5 0.364063 0.142187 0.043750 0.050000
3 0.348438 0.135937 0.084375 0.084375
3 0.417969 0.632031 0.126562 0.126562
3 0.393750 0.383594 0.075000 0.051562
2 0.759375 0.332031 0.115625 0.110937
3 0.572656 0.592969 0.104688 0.104688
3 0.165625 0.432031 0.137500 0.107813
3 0.423438 0.804688 0.100000 0.100000
4 0.128906 0.580469 0.035937 0.020313
0 0.575781 0.182812 0.054688 0.062500
1 0.332813 0.481250 0.137500 0.100000
1 0.687500 0.257812 0.093750 0.068750
1 0.785156 0.722656 0.095312 0.064062
3 0.319531 0.574219 0.114062 0.114062
0 0.496875 0.682031 0.071875 0.067187
5 0.423438 0.611719 0.068750 0.057813
4 0.389844 0.225781 0.176563 0.167187
4 0.567969 0.389062 0.014063 0.021875
2 0.245312 0.487500 0.053125 0.037500
5 0.540625 0.792188 0.043750 0.040625
2 0.677344 0.734375 0.017188 0.015625
5 0.141406 0.639844 0.048438 0.054688
0 0.834375 0.538281 0.037500 0.035937
0 0.152344 0.721875 0.064062 0.059375
5 0.821094 0.728125 0.045312 0.037500
5 0.807813 0.678906 0.015625 0.029687
4 0.415625 0.779687 0.018750 0.018750
0 0.145313 0.526563 0.103125 0.093750
3 0.605469 0.796875 0.192188 0.178125
2 0.327344 0.775781 0.095312 0.082812
5 0.514844 0.820312 0.057813 0.059375
1 0.758594 0.475781 0.060937 0.060937
0 0.583594 0.507031 0.042188 0.045312
3 0.383594 0.853125 0.076563 0.084375
5 0.280469 0.856250 0.029687 0.028125
1 0.521094 0.508594 0.032813 0.032813
1 0.464062 0.657813 0.146875 0.121875
2 0.531250 0.757812 0.084375 0.068750
2 0.206250 0.493750 0.065625 0.065625
1 0.564844 0.179688 0.045312 0.037500
5 0.305469 0.692969 0.026562 0.023438
5 0.685937 0.517969 0.050000 0.054688
4 0.728125 0.154688 0.053125 0.053125
2 0.279687 0.406250 0.118750 0.193750
3 0.577344 0.743750 0.210938 0.231250
0 0.464844 0.232031 0.110937 0.110937
5 0.533594 0.917969 0.042188 0.039062
3 0.439063 0.339062 0.159375 0.131250
0 0.434375 0.442969 0.109375 0.104688
3 0.754687 0.275000 0.096875 0.096875
3 0.437500 0.237500 0.150000 0.150000
2 0.497656 0.878906 0.042188 0.098437
5 0.632031 0.760156 0.032813 0.051562
1 0.629687 0.578906 0.034375 0.042188
0 0.303125 0.787500 0.084375 0.075000
3 0.321094 0.747656 0.104688 0.104688
0 0.684375 0.185938 0.065625 0.068750
3 0.204687 0.282813 0.084375 0.084375
0 0.319531 0.285156 0.035937 0.032813
2 0.704688 0.607031 0.043750 0.042188
5 0.655469 0.526563 0.057813 0.071875
5 0.412500 0.513281 0.056250 0.051562
4 0.607812 0.338281 0.040625 0.039062
3 0.465625 0.678906 0.231250 0.182812
5 0.717969 0.669531 0.079687 0.092188
3 0.528125 0.164844 0.125000 0.101562
2 0.796875 0.501563 0.050000 0.056250
5 0.241406 0.547656 0.035937 0.051562
1 0.303906 0.481250 0.101562 0.103125
0 0.621875 0.869531 0.062500 0.060937
5 0.172656 0.391406 0.048438 0.048438
4 0.228125 0.666406 0.034375 0.029687
4 0.705469 0.846875 0.029687 0.028125
2 0.525000 0.294531 0.093750 0.085938
1 0.304688 0.241406 0.109375 0.110937
4 0.230469 0.372656 0.082812 0.079687
0 0.489063 0.217188 0.068750 0.062500
3 0.652344 0.539844 0.245312 0.170313
5 0.441406 0.244531 0.045312 0.035937
4 0.364844 0.542188 0.104688 0.118750
4 0.333594 0.389844 0.048438 0.035937
5 0.239844 0.258594 0.042188 0.035937
1 0.453125 0.475000 0.084375 0.096875
3 0.424219 0.610938 0.223438 0.165625
2 0.433594 0.296094 0.060937 0.060937