5 0.622656 0.175781 0.045312 0.035937
1 0.333594 0.594531 0.107813 0.107813
2 0.693750 0.508594 0.034375 0.026562
5 0.759375 0.640625 0.037500 0.034375
5 0.571094 0.222656 0.051562 0.042188
3 0.586719 0.278906 0.114062 0.114062
2 0.131250 0.385937 0.018750 0.025000
3 0.807031 0.473438 0.182812 0.228125
2 0.763281 0.327344 0.045312 0.048438
0 0.621875 0.550000 0.121875 0.109375
0 0.285156 0.422656 0.029687 0.026562
4 0.466406 0.904687 0.026562 0.034375
5 0.575000 0.278906 0.037500 0.035937
0 0.208594 0.680469 0.060937 0.045312
1 0.493750 0.657813 0.112500 0.084375
4 0.562500 0.845313 0.034375 0.031250
2 0.600781 0.118750 0.057813 0.050000
3 0.773438 0.571875 0.240625 0.212500
5 0.233594 0.598437 0.032813 0.034375
5 0.458594 0.317188 0.042188 0.037500
2 0.187500 0.704688 0.056250 0.056250
5 0.867969 0.313281 0.039062 0.039062
1 0.270313 0.492188 0.100000 0.078125
3 0.257031 0.762500 0.085938 0.084375
5 0.373437 0.867188 0.056250 0.050000
2 0.196875 0.497656 0.018750 0.026562
0 0.186719 0.589844 0.120313 0.126562
4 0.338281 0.186719 0.048438 0.054688
3 0.441406 0.425781 0.139063 0.139063
0 0.778906 0.757812 0.048438 0.043750
1 0.678906 0.436719 0.135937 0.145313
2 0.318750 0.716406 0.018750 0.026562
3 0.151562 0.335938 0.087500 0.087500
1 0.813281 0.652344 0.057813 0.064062
1 0.803125 0.755469 0.062500 0.064062
4 0.729688 0.779687 0.025000 0.021875
0 0.128906 0.494531 0.032813 0.026562
0 0.146094 0.565625 0.060937 0.062500
2 0.739062 0.838281 0.037500 0.045312
0 0.446875 0.116406 0.053125 0.070312
4 0.542188 0.827344 0.165625 0.173437
5 0.337500 0.890625 0.034375 0.028125
1 0.628125 0.682031 0.103125 0.092188
0 0.450000 0.143750 0.075000 0.075000
2 0.295312 0.488281 0.084375 0.082812
2 0.464062 0.835156 0.021875 0.020313
4 0.441406 0.917969 0.023438 0.020313
1 0.485938 0.723437 0.075000 0.068750
4 0.561719 0.575781 0.026562 0.023438
5 0.432031 0.122656 0.032813 0.032813
3 0.685937 0.292187 0.271875 0.278125
3 0.704688 0.757812 0.081250 0.081250
4 0.352344 0.268750 0.020313 0.021875
2 0.472656 0.651563 0.039062 0.037500
0 0.582812 0.814844 0.050000 0.042188
4 0.252344 0.173437 0.020313 0.018750
0 0.490625 0.714063 0.103125 0.112500
0 0.690625 0.814844 0.018750 0.023438
3 0.832812 0.443750 0.128125 0.128125
4 0.707031 0.428906 0.045312 0.048438
4 0.168750 0.345313 0.025000 0.018750
4 0.567969 0.173437 0.064062 0.059375
2 0.472656 0.146094 0.048438 0.042188
3 0.721094 0.183594 0.079687 0.079687
5 0.894531 0.484375 0.032813 0.034375
2 0.560937 0.673438 0.059375 0.065625
2 0.423438 0.823438 0.031250 0.025000
2 0.217188 0.493750 0.018750 0.021875
4 0.267188 0.427344 0.015625 0.017188
5 0.687500 0.583594 0.050000 0.051562
3 0.862500 0.492188 0.050000 0.046875
0 0.442188 0.086719 0.037500 0.029687
5 0.517969 0.902344 0.048438 0.073438
5 0.718750 0.609375 0.040625 0.031250
2 0.692969 0.844531 0.035937 0.035937
0 0.389844 0.486719 0.042188 0.039062
3 0.420312 0.714844 0.075000 0.085938
4 0.130469 0.521094 0.089063 0.070312
0 0.340625 0.403125 0.068750 0.062500
1 0.663281 0.333594 0.085938 0.057813
1 0.489063 0.590625 0.140625 0.162500
2 0.611719 0.790625 0.014063 0.025000
5 0.807813 0.689063 0.034375 0.040625
1 0.601562 0.162500 0.078125 0.103125
2 0.664844 0.622656 0.042188 0.039062
3 0.758594 0.532813 0.229687 0.209375
5 0.891406 0.645312 0.026562 0.034375
2 0.246875 0.478125 0.065625 0.062500
0 0.566406 0.297656 0.114062 0.110937
3 0.355469 0.248438 0.229687 0.159375
2 0.347656 0.421875 0.026562 0.025000
5 0.690625 0.862500 0.031250 0.037500