3 0.810156 0.311719 0.076563 0.076563
1 0.760156 0.472656 0.123438 0.104688
2 0.505469 0.260156 0.079687 0.067187
4 0.575781 0.085156 0.029687 0.023438
2 0.797656 0.791406 0.048438 0.048438
1 0.814844 0.730469 0.057813 0.048438
0 0.448437 0.628125 0.078125 0.081250
0 0.311719 0.171875 0.045312 0.043750
2 0.388281 0.385937 0.082812 0.071875
2 0.417969 0.474219 0.048438 0.048438
2 0.237500 0.383594 0.028125 0.023438
5 0.166406 0.766406 0.026562 0.026562
5 0.335938 0.729688 0.034375 0.028125
4 0.766406 0.703125 0.029687 0.025000
0 0.750781 0.687500 0.051562 0.050000
3 0.719531 0.241406 0.114062 0.060937
0 0.660156 0.188281 0.051562 0.048438
3 0.650000 0.807813 0.084375 0.084375
3 0.390625 0.303125 0.065625 0.065625
5 0.134375 0.659375 0.062500 0.062500
2 0.272656 0.258594 0.057813 0.057813
2 0.455469 0.311719 0.026562 0.035937
5 0.495312 0.177344 0.037500 0.045312
1 0.385156 0.211719 0.070312 0.079687
5 0.671094 0.871875 0.057813 0.050000
0 0.764844 0.630469 0.064062 0.085938
2 0.839063 0.737500 0.037500 0.050000
3 0.770312 0.321875 0.190625 0.246875
5 0.417187 0.530469 0.031250 0.029687
3 0.304688 0.456250 0.125000 0.125000
1 0.813281 0.380469 0.067187 0.064062
3 0.350781 0.352344 0.139063 0.139063
2 0.560156 0.497656 0.023438 0.020313
3 0.434375 0.865625 0.081250 0.081250
3 0.645312 0.416406 0.137500 0.129688
1 0.815625 0.242188 0.031250 0.031250
5 0.362500 0.305469 0.021875 0.023438
0 0.632031 0.401562 0.120313 0.106250
5 0.616406 0.500000 0.051562 0.053125
0 0.317969 0.278125 0.114062 0.109375
0 0.411719 0.214844 0.070312 0.051562
0 0.296094 0.695312 0.054688 0.046875
1 0.260156 0.546875 0.092188 0.087500
2 0.439063 0.458594 0.040625 0.045312
5 0.225000 0.775000 0.031250 0.031250
3 0.384375 0.791406 0.246875 0.157812
3 0.560937 0.394531 0.146875 0.148438
0 0.603906 0.906250 0.039062 0.037500
3 0.614062 0.251563 0.093750 0.093750
2 0.764062 0.280469 0.087500 0.104688
2 0.461719 0.360938 0.023438 0.021875
1 0.609375 0.188281 0.065625 0.067187
0 0.475781 0.277344 0.051562 0.045312
3 0.753906 0.727344 0.089063 0.089063
4 0.403906 0.754687 0.185938 0.184375
4 0.416406 0.418750 0.026562 0.025000
4 0.463281 0.628125 0.167187 0.156250
2 0.376563 0.611719 0.056250 0.054688
1 0.671094 0.518750 0.045312 0.062500
3 0.110937 0.547656 0.090625 0.095312
5 0.644531 0.348438 0.026562 0.031250
3 0.664844 0.714063 0.095312 0.096875
4 0.208594 0.628906 0.023438 0.023438
4 0.269531 0.787500 0.054688 0.056250
2 0.361719 0.141406 0.029687 0.023438
0 0.498437 0.468750 0.090625 0.096875
5 0.624219 0.869531 0.035937 0.039062
3 0.309375 0.708594 0.143750 0.110937
2 0.599219 0.767188 0.045312 0.059375
4 0.600781 0.185938 0.017188 0.028125
5 0.523438 0.694531 0.040625 0.051562
0 0.719531 0.810156 0.067187 0.067187
2 0.135156 0.264844 0.017188 0.017188
0 0.764062 0.281250 0.053125 0.056250
0 0.359375 0.548438 0.053125 0.043750
0 0.353125 0.117188 0.040625 0.034375
1 0.235937 0.332031 0.037500 0.076563
4 0.346875 0.850000 0.043750 0.043750
3 0.332031 0.458594 0.139063 0.139063
2 0.761719 0.613281 0.026562 0.026562
3 0.575000 0.532813 0.078125 0.100000
1 0.807031 0.731250 0.079687 0.090625
4 0.285938 0.553125 0.034375 0.018750
1 0.636719 0.572656 0.051562 0.042188
0 0.680469 0.461719 0.129688 0.129688
0 0.426563 0.121875 0.037500 0.031250
1 0.696875 0.832031 0.075000 0.070312
4 0.218750 0.689844 0.056250 0.045312
1 0.692969 0.696875 0.107813 0.121875
1 0.514062 0.642969 0.071875 0.060937
0 0.421875 0.686719 0.043750 0.039062
2 0.250000 0.310156 0.025000 0.039062
3 0.566406 0.575000 0.423438 0.312500
1 0.598437 0.527344 0.071875 0.067187
3 0.385156 0.580469 0.120313 0.120313
0 0.337500 0.443750 0.056250 0.037500
5 0.608594 0.794531 0.054688 0.045312
1 0.727344 0.628906 0.067187 0.060937
2 0.710938 0.869531 0.046875 0.039062
3 0.278125 0.203906 0.096875 0.104688
5 0.082031 0.548438 0.045312 0.040625
4 0.081250 0.403906 0.025000 0.032813
4 0.653125 0.556250 0.012500 0.012500
4 0.766406 0.659375 0.048438 0.059375
1 0.281250 0.567187 0.096875 0.103125
0 0.805469 0.355469 0.026562 0.023438
5 0.477344 0.677344 0.060937 0.045312
2 0.296094 0.546875 0.023438 0.028125
1 0.131250 0.513281 0.059375 0.054688
4 0.280469 0.388281 0.045312 0.045312
5 0.528125 0.772656 0.031250 0.029687
1 0.292969 0.654687 0.104688 0.093750
0 0.616406 0.153125 0.073438 0.090625
1 0.582031 0.191406 0.167187 0.117188
4 0.102344 0.435937 0.039062 0.050000
1 0.260937 0.580469 0.043750 0.048438
5 0.249219 0.403125 0.039062 0.059375
2 0.404687 0.354687 0.028125 0.025000
1 0.394531 0.768750 0.170313 0.181250
4 0.088281 0.428906 0.060937 0.048438
0 0.521094 0.500000 0.110937 0.109375
4 0.514844 0.776563 0.048438 0.046875
0 0.668750 0.224219 0.043750 0.042188
3 0.403125 0.385937 0.112500 0.112500
3 0.866406 0.385156 0.070312 0.070312
2 0.528125 0.253125 0.065625 0.062500