0 0.454688 0.168750 0.065625 0.065625
0 0.164844 0.639844 0.045312 0.067187
1 0.562500 0.465625 0.081250 0.084375
0 0.151562 0.325781 0.065625 0.070312
3 0.446094 0.539844 0.254688 0.226562
3 0.461719 0.202344 0.067187 0.067187
5 0.324219 0.246094 0.048438 0.051562
2 0.710938 0.478125 0.018750 0.021875
5 0.338281 0.227344 0.042188 0.042188
2 0.224219 0.354687 0.054688 0.050000
1 0.460938 0.630469 0.068750 0.067187
0 0.750781 0.682031 0.198437 0.198437
5 0.379688 0.185156 0.050000 0.057813
5 0.417187 0.664844 0.065625 0.067187
4 0.168750 0.343750 0.053125 0.043750
2 0.125781 0.553125 0.054688 0.059375
5 0.424219 0.736719 0.051562 0.048438
3 0.575000 0.431250 0.115625 0.115625
4 0.489063 0.378125 0.025000 0.025000
0 0.463281 0.175000 0.085938 0.087500
0 0.248438 0.689844 0.053125 0.051562
4 0.696875 0.628125 0.018750 0.018750
0 0.562500 0.632812 0.053125 0.046875
4 0.630469 0.689844 0.226562 0.226562
5 0.490625 0.657031 0.040625 0.048438
3 0.427344 0.400781 0.089063 0.089063
5 0.100000 0.642188 0.037500 0.040625
2 0.410156 0.701562 0.017188 0.015625
4 0.467969 0.266406 0.060937 0.045312
1 0.301563 0.274219 0.068750 0.057813
0 0.123438 0.288281 0.021875 0.020313
0 0.391406 0.312500 0.126562 0.106250
3 0.593750 0.292187 0.146875 0.146875
0 0.846875 0.647656 0.100000 0.132812
3 0.697656 0.602344 0.139063 0.160938
1 0.484375 0.709375 0.043750 0.043750
4 0.625000 0.507812 0.025000 0.025000
0 0.801562 0.510938 0.031250 0.025000
5 0.664062 0.512500 0.056250 0.059375
3 0.261719 0.455469 0.060937 0.060937
4 0.539062 0.423438 0.025000 0.021875
3 0.428906 0.657031 0.104688 0.076563
5 0.443750 0.428125 0.059375 0.046875
0 0.776563 0.393750 0.084375 0.075000
0 0.817187 0.717969 0.037500 0.045312
0 0.566406 0.473438 0.135937 0.140625
5 0.296094 0.699219 0.039062 0.039062
3 0.466406 0.604688 0.160938 0.112500
0 0.725781 0.420312 0.029687 0.025000
5 0.881250 0.410938 0.028125 0.028125
0 0.592187 0.309375 0.081250 0.081250
5 0.531250 0.737500 0.031250 0.031250
0 0.417969 0.497656 0.070312 0.060937
3 0.339062 0.640625 0.206250 0.231250
2 0.617969 0.764844 0.045312 0.039062
4 0.600000 0.134375 0.096875 0.068750
0 0.281250 0.448437 0.025000 0.021875
2 0.137500 0.467969 0.109375 0.064062
2 0.386719 0.234375 0.079687 0.093750
2 0.476562 0.279687 0.093750 0.134375
3 0.407813 0.335938 0.143750 0.143750
5 0.250781 0.508594 0.045312 0.039062
4 0.341406 0.617969 0.039062 0.026562
1 0.480469 0.611719 0.164062 0.164062
3 0.362500 0.491406 0.093750 0.095312
1 0.139844 0.432031 0.101562 0.101562
0 0.698438 0.721094 0.084375 0.076563
1 0.165625 0.630469 0.068750 0.060937
5 0.276562 0.545312 0.034375 0.040625
3 0.741406 0.613281 0.248438 0.239063