3 0.369531 0.753906 0.142187 0.182812
2 0.705469 0.771094 0.045312 0.039062
3 0.526563 0.646094 0.225000 0.151562
1 0.588281 0.375781 0.067187 0.060937
1 0.435937 0.503125 0.112500 0.128125
1 0.456250 0.334375 0.084375 0.096875
1 0.782031 0.492969 0.054688 0.067187
5 0.685937 0.771094 0.050000 0.051562
1 0.152344 0.578906 0.085938 0.073438
5 0.398438 0.578906 0.084375 0.082812
5 0.804688 0.763281 0.050000 0.051562
5 0.326562 0.446875 0.040625 0.040625
0 0.703125 0.313281 0.037500 0.042188
0 0.678906 0.769531 0.035937 0.032813
3 0.267188 0.277344 0.190625 0.198437
3 0.657813 0.536719 0.131250 0.145313
5 0.851562 0.456250 0.056250 0.056250
5 0.595313 0.439844 0.028125 0.035937
5 0.828125 0.326562 0.056250 0.056250
0 0.582812 0.278125 0.046875 0.050000
2 0.684375 0.490625 0.040625 0.050000
5 0.684375 0.761719 0.059375 0.048438
0 0.596094 0.728906 0.073438 0.070312
2 0.356250 0.768750 0.021875 0.018750
0 0.432812 0.703906 0.084375 0.085938
2 0.728906 0.257812 0.070312 0.087500
0 0.469531 0.468750 0.126562 0.121875
5 0.419531 0.880469 0.048438 0.054688
4 0.133594 0.376563 0.023438 0.028125
2 0.833594 0.581250 0.029687 0.025000
5 0.724219 0.455469 0.045312 0.042188
3 0.632031 0.766406 0.082812 0.082812
1 0.522656 0.323437 0.107813 0.140625
4 0.653906 0.667969 0.073438 0.092188
4 0.617969 0.246875 0.035937 0.034375
0 0.550781 0.459375 0.045312 0.040625
1 0.581250 0.378125 0.081250 0.096875
3 0.470313 0.760156 0.334375 0.310937
5 0.386719 0.564063 0.026562 0.046875
4 0.617188 0.578906 0.046875 0.054688
0 0.477344 0.274219 0.123438 0.114062
3 0.153125 0.593750 0.128125 0.128125
3 0.660937 0.701562 0.081250 0.081250
4 0.485938 0.340625 0.128125 0.128125
5 0.267969 0.293750 0.035937 0.031250
1 0.374219 0.656250 0.073438 0.106250
2 0.729688 0.417187 0.065625 0.068750
2 0.394531 0.422656 0.117188 0.104688
4 0.789062 0.292187 0.025000 0.025000
5 0.771094 0.607031 0.039062 0.048438
3 0.622656 0.355469 0.348438 0.373437
2 0.457813 0.356250 0.059375 0.065625
0 0.692187 0.848437 0.046875 0.040625
2 0.598437 0.820312 0.025000 0.025000
5 0.483594 0.653125 0.045312 0.037500
4 0.266406 0.435937 0.026562 0.021875
5 0.303906 0.589844 0.060937 0.057813
5 0.675781 0.835938 0.048438 0.046875
4 0.275000 0.455469 0.062500 0.057813
1 0.525000 0.690625 0.046875 0.046875
1 0.638281 0.803125 0.151562 0.150000
5 0.635938 0.755469 0.034375 0.026562
1 0.811719 0.345313 0.117188 0.125000
4 0.132812 0.489063 0.062500 0.062500
0 0.732812 0.422656 0.065625 0.057813
2 0.844531 0.550781 0.092188 0.132812
3 0.496875 0.106250 0.071875 0.071875
5 0.716406 0.801562 0.042188 0.040625
2 0.620313 0.639062 0.059375 0.090625
4 0.200000 0.621875 0.050000 0.059375
0 0.435937 0.721875 0.037500 0.037500
0 0.742969 0.393750 0.110937 0.106250
4 0.385937 0.522656 0.056250 0.067187
4 0.438281 0.691406 0.045312 0.048438
1 0.628906 0.289844 0.126562 0.179688
4 0.658594 0.675000 0.098437 0.128125
4 0.778125 0.601562 0.037500 0.040625
5 0.494531 0.360156 0.054688 0.045312
1 0.692187 0.182031 0.081250 0.070312
0 0.325000 0.646875 0.040625 0.037500
4 0.667969 0.375000 0.042188 0.031250
4 0.735938 0.338281 0.143750 0.139063
1 0.646875 0.440625 0.062500 0.050000
4 0.563281 0.589063 0.054688 0.062500
0 0.392188 0.818750 0.103125 0.106250
0 0.392188 0.707031 0.050000 0.048438
5 0.788281 0.575781 0.054688 0.048438
4 0.239063 0.486719 0.028125 0.023438
1 0.622656 0.810937 0.098437 0.093750
2 0.536719 0.228906 0.051562 0.045312
0 0.639062 0.410938 0.043750 0.046875
4 0.442969 0.326562 0.039062 0.037500
4 0.857812 0.692969 0.025000 0.029687
0 0.228906 0.805469 0.026562 0.023438
4 0.739844 0.752344 0.054688 0.057813
2 0.730469 0.599219 0.023438 0.029687