2 0.203125 0.323437 0.028125 0.025000
5 0.192969 0.492188 0.054688 0.050000
2 0.217188 0.616406 0.050000 0.048438
4 0.273438 0.577344 0.018750 0.020313
1 0.692187 0.528125 0.112500 0.084375
3 0.631250 0.584375 0.112500 0.112500
0 0.364063 0.579688 0.053125 0.053125
3 0.432812 0.338281 0.109375 0.142187
1 0.452344 0.207813 0.092188 0.084375
1 0.515625 0.229687 0.062500 0.071875
0 0.797656 0.334375 0.057813 0.050000
0 0.863281 0.557813 0.129688 0.125000
3 0.582812 0.222656 0.225000 0.210938
0 0.783594 0.534375 0.023438 0.018750
5 0.373437 0.660937 0.053125 0.046875
0 0.833594 0.263281 0.048438 0.048438
0 0.487500 0.671094 0.056250 0.051562
1 0.808594 0.621094 0.101562 0.092188
0 0.514844 0.124219 0.067187 0.070312
0 0.240625 0.787500 0.034375 0.034375
2 0.503125 0.531250 0.028125 0.031250
1 0.432031 0.653906 0.104688 0.129688
0 0.375000 0.165625 0.021875 0.018750
5 0.525000 0.638281 0.031250 0.029687
1 0.516406 0.724219 0.039062 0.032813
5 0.326562 0.537500 0.043750 0.043750
4 0.703125 0.443750 0.028125 0.025000
0 0.844531 0.550781 0.076563 0.060937
3 0.596875 0.678906 0.225000 0.176563
5 0.482031 0.778906 0.035937 0.057813
0 0.385156 0.179688 0.039062 0.037500
4 0.314063 0.457813 0.112500 0.109375
3 0.644531 0.319531 0.079687 0.073438
2 0.110937 0.345313 0.025000 0.018750
4 0.653906 0.671875 0.023438 0.025000
2 0.204687 0.305469 0.143750 0.185938
4 0.177344 0.288281 0.026562 0.023438
1 0.834375 0.254688 0.062500 0.043750
1 0.839063 0.595313 0.040625 0.034375
2 0.468750 0.394531 0.028125 0.032813
4 0.303125 0.865625 0.025000 0.025000
1 0.425781 0.130469 0.073438 0.095312
5 0.427344 0.423438 0.042188 0.028125
2 0.857031 0.455469 0.048438 0.057813
4 0.487500 0.763281 0.078125 0.076563
0 0.658594 0.885938 0.039062 0.037500
0 0.804688 0.458594 0.046875 0.042188
1 0.495312 0.300000 0.121875 0.100000
4 0.532813 0.469531 0.018750 0.023438
3 0.117969 0.412500 0.082812 0.081250
0 0.864062 0.705469 0.053125 0.057813
2 0.842969 0.680469 0.085938 0.085938
4 0.217969 0.552344 0.120313 0.129688
1 0.472656 0.882031 0.060937 0.082812
2 0.385937 0.520312 0.065625 0.068750
1 0.829688 0.612500 0.093750 0.093750
4 0.572656 0.286719 0.032813 0.035937
1 0.453125 0.626563 0.053125 0.046875
5 0.321094 0.547656 0.020313 0.051562
5 0.252344 0.785156 0.035937 0.039062
2 0.328906 0.439844 0.229687 0.182812
5 0.451562 0.547656 0.040625 0.039062
5 0.407813 0.642188 0.053125 0.046875
1 0.446094 0.823438 0.135937 0.090625
5 0.607812 0.453125 0.046875 0.050000
3 0.339844 0.628125 0.164062 0.165625
5 0.650000 0.832812 0.040625 0.037500
3 0.481250 0.334375 0.040625 0.040625
0 0.147656 0.335156 0.020313 0.020313
1 0.735938 0.286719 0.053125 0.054688
1 0.435937 0.457813 0.087500 0.087500
0 0.417187 0.802344 0.034375 0.032813
3 0.771875 0.739062 0.156250 0.156250
1 0.460156 0.483594 0.085938 0.095312
3 0.839844 0.451562 0.110937 0.112500
5 0.885938 0.618750 0.021875 0.021875
2 0.442969 0.375781 0.042188 0.057813
0 0.727344 0.763281 0.060937 0.048438
4 0.412500 0.550000 0.034375 0.040625
5 0.111719 0.475781 0.026562 0.048438
4 0.424219 0.614844 0.023438 0.020313
4 0.490625 0.886719 0.025000 0.035937
2 0.264062 0.560937 0.181250 0.193750
0 0.135937 0.364063 0.043750 0.040625
2 0.483594 0.860156 0.048438 0.045312
0 0.564063 0.596094 0.043750 0.032813
3 0.541406 0.110937 0.060937 0.081250
1 0.655469 0.577344 0.054688 0.057813
2 0.748437 0.858594 0.025000 0.026562
2 0.321875 0.578906 0.034375 0.026562
5 0.111719 0.598437 0.035937 0.034375
2 0.721875 0.593750 0.037500 0.037500
5 0.502344 0.498437 0.045312 0.043750
5 0.278125 0.296094 0.028125 0.032813
2 0.455469 0.302344 0.042188 0.035937
5 0.089844 0.400781 0.032813 0.032813
5 0.536719 0.275000 0.029687 0.031250
5 0.284375 0.305469 0.053125 0.057813
0 0.147656 0.636719 0.064062 0.085938
2 0.503906 0.503906 0.026562 0.023438
4 0.715625 0.416406 0.025000 0.026562
5 0.192969 0.732812 0.032813 0.031250
0 0.808594 0.769531 0.057813 0.045312
3 0.289062 0.481250 0.059375 0.059375
0 0.706250 0.371094 0.065625 0.051562
1 0.604688 0.301563 0.046875 0.050000
5 0.511719 0.539844 0.070312 0.067187
0 0.787500 0.368750 0.059375 0.046875
3 0.496875 0.370312 0.143750 0.143750
5 0.212500 0.587500 0.031250 0.028125
2 0.389844 0.600781 0.076563 0.089063
0 0.364844 0.267969 0.045312 0.039062
5 0.701562 0.303906 0.034375 0.032813
3 0.775000 0.570312 0.228125 0.200000
0 0.446094 0.829688 0.054688 0.046875
2 0.501563 0.824219 0.046875 0.057813
3 0.303906 0.630469 0.098437 0.132812
3 0.432031 0.416406 0.120313 0.129688
0 0.117969 0.562500 0.054688 0.046875
0 0.507812 0.426563 0.090625 0.081250
3 0.739062 0.630469 0.143750 0.114062
2 0.913281 0.524219 0.029687 0.023438
0 0.428906 0.172656 0.051562 0.048438
2 0.628125 0.287500 0.081250 0.081250