5 0.355469 0.811719 0.064062 0.064062
0 0.622656 0.624219 0.089063 0.098437
1 0.865625 0.460938 0.050000 0.050000
5 0.403125 0.682813 0.028125 0.031250
4 0.157812 0.392969 0.131250 0.129688
0 0.721094 0.646094 0.129688 0.123438
5 0.386719 0.397656 0.029687 0.029687
3 0.519531 0.487500 0.142187 0.190625
1 0.661719 0.179688 0.082812 0.081250
4 0.517969 0.342969 0.020313 0.017188
3 0.446094 0.446094 0.070312 0.135937
0 0.415625 0.595313 0.118750 0.131250
3 0.507812 0.578906 0.575000 0.423438
4 0.462500 0.403906 0.021875 0.023438
3 0.550781 0.290625 0.242188 0.212500
5 0.190625 0.514844 0.059375 0.054688
5 0.535937 0.715625 0.037500 0.040625
1 0.337500 0.763281 0.090625 0.082812
5 0.272656 0.442188 0.048438 0.056250
4 0.710156 0.361719 0.026562 0.035937
4 0.245312 0.562500 0.021875 0.021875
0 0.787500 0.338281 0.050000 0.048438
3 0.507031 0.262500 0.045312 0.078125
4 0.617188 0.745313 0.025000 0.025000
5 0.492969 0.283594 0.026562 0.026562
0 0.562500 0.894531 0.021875 0.023438
1 0.746094 0.654687 0.092188 0.087500
4 0.663281 0.162500 0.020313 0.028125
4 0.876563 0.422656 0.025000 0.029687
0 0.264844 0.569531 0.057813 0.029687
5 0.447656 0.835156 0.035937 0.032813
5 0.173437 0.632812 0.046875 0.040625
2 0.366406 0.396094 0.035937 0.032813
4 0.568750 0.294531 0.025000 0.023438
2 0.767188 0.371875 0.028125 0.028125
2 0.792969 0.662500 0.032813 0.028125
2 0.330469 0.460938 0.048438 0.053125
4 0.453906 0.864844 0.142187 0.145313
4 0.633594 0.560156 0.089063 0.095312
5 0.742188 0.778125 0.046875 0.046875
0 0.562500 0.189844 0.081250 0.070312
0 0.729688 0.564063 0.081250 0.084375
2 0.910937 0.522656 0.025000 0.039062
3 0.383594 0.641406 0.079687 0.079687
5 0.357031 0.316406 0.082812 0.082812
4 0.326562 0.169531 0.071875 0.079687
1 0.769531 0.202344 0.032813 0.032813
1 0.679688 0.604688 0.128125 0.100000
2 0.179688 0.643750 0.062500 0.062500
5 0.140625 0.271875 0.028125 0.021875
5 0.621094 0.853906 0.051562 0.045312
4 0.706250 0.794531 0.071875 0.067187
1 0.566406 0.544531 0.064062 0.054688
2 0.560937 0.248438 0.028125 0.034375
0 0.388281 0.128906 0.060937 0.073438
4 0.692187 0.845313 0.021875 0.018750
1 0.375000 0.303125 0.075000 0.065625
1 0.413281 0.664062 0.120313 0.106250
3 0.270313 0.544531 0.315625 0.320312
4 0.150781 0.516406 0.051562 0.054688
3 0.623437 0.616406 0.100000 0.079687
0 0.420312 0.466406 0.065625 0.060937
2 0.689844 0.306250 0.054688 0.043750
4 0.732812 0.592969 0.056250 0.048438
4 0.538281 0.517969 0.045312 0.042188
1 0.700000 0.502344 0.128125 0.148438
2 0.583594 0.483594 0.057813 0.054688
1 0.422656 0.703125 0.210938 0.159375
2 0.339062 0.407813 0.040625 0.043750
1 0.596875 0.675781 0.078125 0.126562
2 0.230469 0.258594 0.029687 0.039062
0 0.485156 0.348438 0.089063 0.078125
4 0.687500 0.454688 0.068750 0.068750
1 0.209375 0.710156 0.121875 0.139063
5 0.255469 0.763281 0.035937 0.048438
3 0.290625 0.203125 0.078125 0.078125
0 0.358594 0.202344 0.060937 0.051562
5 0.843750 0.631250 0.046875 0.046875
1 0.564844 0.792188 0.051562 0.046875
4 0.535937 0.376563 0.112500 0.103125
4 0.755469 0.235156 0.054688 0.064062
0 0.819531 0.308594 0.082812 0.079687
3 0.614062 0.181250 0.115625 0.115625
4 0.442969 0.528906 0.060937 0.060937
3 0.514062 0.817187 0.081250 0.081250
5 0.660937 0.557813 0.018750 0.018750
2 0.631250 0.358594 0.043750 0.054688
2 0.700781 0.679688 0.026562 0.025000
0 0.789062 0.797656 0.050000 0.045312
0 0.129688 0.528125 0.053125 0.050000
4 0.347656 0.262500 0.229687 0.171875
3 0.766406 0.703906 0.145313 0.145313
3 0.308594 0.528906 0.110937 0.110937
5 0.510938 0.305469 0.034375 0.054688
4 0.577344 0.400000 0.020313 0.018750
1 0.676562 0.888281 0.046875 0.039062
0 0.540625 0.463281 0.096875 0.101562
3 0.631250 0.752344 0.118750 0.189062
4 0.456250 0.376563 0.075000 0.075000
2 0.800781 0.257031 0.039062 0.039062
2 0.100781 0.478125 0.035937 0.056250
0 0.395313 0.506250 0.062500 0.062500
2 0.684375 0.166406 0.062500 0.051562
2 0.541406 0.178906 0.035937 0.035937
3 0.218750 0.537500 0.100000 0.100000
1 0.244531 0.576562 0.035937 0.028125
4 0.336719 0.512500 0.032813 0.046875
3 0.248438 0.331250 0.093750 0.093750
2 0.095312 0.557031 0.028125 0.023438
1 0.758594 0.470313 0.110937 0.109375
2 0.512500 0.388281 0.031250 0.032813
2 0.353125 0.503125 0.053125 0.053125
5 0.762500 0.360156 0.046875 0.060937
1 0.574219 0.403906 0.110937 0.114062
4 0.709375 0.317969 0.106250 0.089063
1 0.596094 0.121875 0.117188 0.112500
0 0.197656 0.379688 0.101562 0.106250
0 0.542188 0.539844 0.025000 0.017188
3 0.362500 0.238281 0.243750 0.273438
4 0.478125 0.513281 0.084375 0.035937
0 0.150000 0.412500 0.125000 0.078125
5 0.349219 0.392969 0.032813 0.029687
2 0.235156 0.378125 0.023438 0.028125
1 0.848437 0.324219 0.068750 0.060937
5 0.606250 0.742969 0.059375 0.048438
0 0.200000 0.731250 0.031250 0.028125