2 0.707812 0.232031 0.040625 0.051562
1 0.557813 0.777344 0.115625 0.095312
2 0.488281 0.413281 0.070312 0.064062
5 0.859375 0.498437 0.034375 0.040625
0 0.900000 0.575000 0.050000 0.046875
5 0.462500 0.490625 0.050000 0.056250
2 0.210938 0.374219 0.018750 0.029687
4 0.577344 0.277344 0.054688 0.042188
3 0.500000 0.614844 0.184375 0.142187
5 0.553125 0.356250 0.034375 0.028125
4 0.410156 0.120313 0.048438 0.043750
4 0.731250 0.253125 0.059375 0.037500
2 0.678906 0.380469 0.039062 0.035937
2 0.478906 0.253906 0.032813 0.032813
5 0.767969 0.221094 0.042188 0.048438
5 0.252344 0.283594 0.035937 0.042188
2 0.826562 0.639062 0.034375 0.028125
2 0.257031 0.778125 0.039062 0.053125
4 0.699219 0.618750 0.026562 0.015625
0 0.538281 0.864062 0.026562 0.021875
4 0.572656 0.614062 0.189062 0.162500
5 0.459375 0.122656 0.034375 0.039062
5 0.621094 0.880469 0.023438 0.026562
5 0.654687 0.414062 0.046875 0.043750
4 0.620313 0.363281 0.037500 0.032813
1 0.690625 0.769531 0.065625 0.051562
1 0.730469 0.329688 0.070312 0.053125
3 0.659375 0.622656 0.321875 0.310937
5 0.163281 0.482031 0.032813 0.032813
1 0.621875 0.571875 0.103125 0.087500
4 0.216406 0.189844 0.035937 0.035937
1 0.359375 0.413281 0.100000 0.082812
0 0.496094 0.268750 0.060937 0.053125
2 0.516406 0.295312 0.179688 0.153125
3 0.317969 0.407813 0.364063 0.315625
0 0.651563 0.429688 0.078125 0.068750
5 0.314844 0.450000 0.029687 0.037500
4 0.772656 0.650000 0.026562 0.031250
3 0.449219 0.114844 0.114062 0.114062
1 0.425000 0.194531 0.065625 0.060937
0 0.730469 0.272656 0.070312 0.067187
1 0.131250 0.653125 0.075000 0.068750
5 0.208594 0.182812 0.029687 0.031250
4 0.822656 0.463281 0.101562 0.104688
5 0.492969 0.574219 0.057813 0.051562
2 0.524219 0.783594 0.045312 0.057813
0 0.600000 0.535156 0.103125 0.107813
2 0.174219 0.705469 0.026562 0.023438
0 0.725781 0.482031 0.079687 0.064062
3 0.677344 0.242969 0.129688 0.129688
0 0.176563 0.639062 0.078125 0.068750
1 0.435156 0.407031 0.020313 0.026562
2 0.535937 0.491406 0.071875 0.057813
1 0.684375 0.300781 0.056250 0.060937
4 0.792188 0.456250 0.037500 0.031250
1 0.690625 0.532031 0.081250 0.085938
1 0.513281 0.355469 0.098437 0.110937
1 0.432031 0.607812 0.060937 0.059375
0 0.875000 0.428125 0.081250 0.075000
5 0.594531 0.316406 0.045312 0.042188
4 0.653906 0.464844 0.051562 0.060937
1 0.403125 0.407031 0.071875 0.070312
4 0.561719 0.907031 0.057813 0.073438
2 0.429688 0.471875 0.050000 0.068750
1 0.678906 0.403906 0.064062 0.070312
5 0.207031 0.737500 0.029687 0.031250
0 0.290625 0.382812 0.090625 0.078125
0 0.532031 0.238281 0.067187 0.076563
2 0.251563 0.174219 0.034375 0.032813
0 0.708594 0.446875 0.023438 0.021875
3 0.417187 0.411719 0.093750 0.070312
3 0.408594 0.587500 0.301563 0.221875
3 0.367188 0.303125 0.184375 0.175000
5 0.564844 0.374219 0.039062 0.035937
5 0.450781 0.367188 0.051562 0.046875
2 0.532031 0.239844 0.017188 0.017188
3 0.847656 0.633594 0.114062 0.114062
5 0.646875 0.807813 0.037500 0.046875
5 0.439063 0.216406 0.031250 0.035937
5 0.461719 0.328125 0.070312 0.068750
0 0.556250 0.108594 0.062500 0.051562
2 0.895312 0.447656 0.059375 0.048438
3 0.207031 0.205469 0.054688 0.054688
0 0.445312 0.326562 0.096875 0.093750
2 0.884375 0.427344 0.062500 0.051562
1 0.614844 0.199219 0.095312 0.092188
5 0.748437 0.604688 0.031250 0.031250
3 0.471094 0.389062 0.142187 0.081250
4 0.106250 0.575000 0.021875 0.018750
3 0.544531 0.395313 0.114062 0.131250
1 0.710938 0.614844 0.165625 0.201563
3 0.476562 0.496875 0.209375 0.156250
4 0.236719 0.645312 0.039062 0.040625
5 0.274219 0.700781 0.067187 0.073438
3 0.416406 0.885156 0.101562 0.076563
4 0.576562 0.314844 0.112500 0.123438
0 0.825781 0.259375 0.060937 0.075000
3 0.590625 0.800000 0.106250 0.106250
2 0.689063 0.736719 0.053125 0.051562
3 0.391406 0.202344 0.226562 0.226562
4 0.292187 0.374219 0.028125 0.032813
0 0.693750 0.418750 0.040625 0.043750
2 0.194531 0.192188 0.023438 0.018750
2 0.694531 0.732812 0.042188 0.046875
4 0.131250 0.425781 0.031250 0.020313
3 0.439844 0.376563 0.223438 0.171875
2 0.845313 0.330469 0.034375 0.023438
5 0.456250 0.750781 0.050000 0.045312
0 0.295312 0.360938 0.100000 0.087500
0 0.402344 0.664062 0.095312 0.090625
3 0.671094 0.189844 0.082812 0.082812
0 0.293750 0.627344 0.021875 0.020313
3 0.404687 0.865625 0.134375 0.134375
0 0.506250 0.572656 0.093750 0.085938
4 0.475781 0.550000 0.023438 0.021875
4 0.519531 0.370312 0.085938 0.103125
2 0.823438 0.455469 0.037500 0.023438
0 0.796094 0.607812 0.048438 0.040625
3 0.501563 0.335938 0.284375 0.303125
4 0.234375 0.672656 0.050000 0.042188
0 0.257031 0.131250 0.017188 0.015625
4 0.167187 0.515625 0.165625 0.143750
4 0.319531 0.125781 0.067187 0.057813
5 0.211719 0.613281 0.060937 0.060937
4 0.171094 0.660937 0.057813 0.059375
0 0.514844 0.863281 0.042188 0.042188
1 0.193750 0.204687 0.043750 0.043750
3 0.472656 0.275781 0.092188 0.092188
0 0.870313 0.482812 0.134375 0.131250
1 0.365625 0.671094 0.084375 0.114062
3 0.316406 0.771094 0.067187 0.067187
2 0.816406 0.617969 0.070312 0.057813
5 0.814063 0.276562 0.040625 0.037500
0 0.569531 0.312500 0.132812 0.125000
0 0.270313 0.754687 0.037500 0.040625
1 0.272656 0.380469 0.060937 0.085938
4 0.608594 0.152344 0.020313 0.017188
4 0.198437 0.639062 0.056250 0.043750
3 0.385156 0.707031 0.098437 0.098437
4 0.526563 0.453125 0.059375 0.028125
2 0.097656 0.444531 0.023438 0.029687
0 0.198437 0.551562 0.137500 0.137500
5 0.567969 0.673438 0.045312 0.084375
0 0.444531 0.853906 0.023438 0.020313
3 0.628906 0.272656 0.326562 0.198437
1 0.510938 0.623437 0.106250 0.118750
5 0.621875 0.355469 0.031250 0.032813