3 0.605469 0.727344 0.126562 0.164062
0 0.858594 0.437500 0.048438 0.040625
0 0.791406 0.296875 0.101562 0.106250
5 0.366406 0.173437 0.035937 0.034375
4 0.282813 0.151562 0.046875 0.046875
1 0.653906 0.575000 0.135937 0.121875
2 0.612500 0.832812 0.087500 0.093750
2 0.704688 0.276562 0.050000 0.050000
2 0.575000 0.425000 0.028125 0.028125
0 0.543750 0.494531 0.056250 0.051562
0 0.748437 0.410938 0.056250 0.043750
2 0.586719 0.394531 0.020313 0.020313
3 0.633594 0.608594 0.142187 0.142187
1 0.491406 0.415625 0.123438 0.112500
3 0.773438 0.745313 0.115625 0.115625
1 0.626563 0.410938 0.106250 0.106250
3 0.842187 0.477344 0.118750 0.079687
0 0.373437 0.342187 0.112500 0.109375
3 0.762500 0.440625 0.106250 0.106250
2 0.754687 0.446094 0.131250 0.110937
5 0.161719 0.419531 0.026562 0.026562
3 0.613281 0.236719 0.107813 0.107813
1 0.446875 0.367969 0.031250 0.026562
1 0.193750 0.481250 0.046875 0.075000
1 0.614844 0.739844 0.101562 0.120313
1 0.612500 0.182031 0.118750 0.139063
5 0.410938 0.289062 0.053125 0.056250
0 0.603125 0.635938 0.040625 0.021875
3 0.264844 0.724219 0.095312 0.095312
3 0.660156 0.491406 0.270313 0.385937
3 0.235156 0.511719 0.189062 0.189062
1 0.478125 0.562500 0.137500 0.115625
3 0.185156 0.638281 0.117188 0.117188
1 0.740625 0.424219 0.065625 0.067187
1 0.221094 0.689063 0.101562 0.106250
2 0.148438 0.543750 0.062500 0.062500
1 0.502344 0.797656 0.210938 0.285938
2 0.836719 0.314063 0.023438 0.028125
5 0.285938 0.316406 0.031250 0.045312
4 0.490625 0.171094 0.156250 0.167187
4 0.606250 0.685937 0.090625 0.087500
0 0.553906 0.446875 0.051562 0.053125
0 0.260156 0.320312 0.073438 0.068750
2 0.579688 0.839844 0.018750 0.020313
3 0.830469 0.482031 0.145313 0.176563
2 0.816406 0.417969 0.057813 0.051562
3 0.592969 0.728906 0.092188 0.092188
5 0.354687 0.818750 0.046875 0.040625
2 0.271875 0.614844 0.034375 0.048438
3 0.337500 0.389844 0.190625 0.132812
1 0.800781 0.517188 0.039062 0.037500
2 0.574219 0.616406 0.042188 0.035937
3 0.637500 0.633594 0.390625 0.282813
2 0.190625 0.440625 0.037500 0.034375
0 0.696094 0.150781 0.051562 0.054688
0 0.760156 0.521094 0.051562 0.039062
2 0.632031 0.655469 0.023438 0.023438
4 0.414844 0.325781 0.026562 0.032813
2 0.364844 0.538281 0.026562 0.051562
4 0.462500 0.325000 0.059375 0.065625
3 0.425000 0.862500 0.084375 0.084375
3 0.319531 0.178125 0.054688 0.075000
0 0.278906 0.426563 0.032813 0.018750
2 0.764844 0.742188 0.054688 0.053125
3 0.262500 0.332031 0.131250 0.117188
5 0.200781 0.387500 0.048438 0.046875
5 0.460156 0.761719 0.023438 0.023438
5 0.726562 0.303906 0.031250 0.029687
5 0.755469 0.292969 0.039062 0.035937
5 0.900781 0.513281 0.045312 0.042188
4 0.431250 0.742969 0.065625 0.060937
2 0.844531 0.285156 0.035937 0.029687
5 0.731250 0.461719 0.034375 0.032813
2 0.467187 0.722656 0.096875 0.092188
5 0.291406 0.390625 0.035937 0.040625
1 0.790625 0.650000 0.075000 0.071875
2 0.295312 0.596875 0.168750 0.131250
0 0.562500 0.127344 0.103125 0.092188
4 0.082031 0.535937 0.010937 0.018750
2 0.643750 0.423438 0.040625 0.034375
3 0.445312 0.742969 0.118750 0.089063
3 0.479687 0.564063 0.109375 0.109375