0 0.378125 0.353125 0.031250 0.025000
1 0.301563 0.565625 0.081250 0.093750
5 0.571094 0.217188 0.039062 0.037500
2 0.607812 0.473438 0.031250 0.031250
3 0.312500 0.676562 0.134375 0.134375
0 0.508594 0.614844 0.051562 0.048438
1 0.553125 0.238281 0.084375 0.054688
4 0.773438 0.435156 0.034375 0.032813
5 0.251563 0.624219 0.037500 0.029687
1 0.352344 0.678906 0.057813 0.051562
3 0.571875 0.178906 0.137500 0.179688
3 0.474219 0.360156 0.151562 0.335938
3 0.147656 0.466406 0.129688 0.129688
4 0.362500 0.609375 0.121875 0.121875
4 0.583594 0.294531 0.073438 0.076563
5 0.353906 0.453906 0.045312 0.042188
0 0.485156 0.267969 0.064062 0.060937
3 0.335156 0.457031 0.064062 0.064062
0 0.792969 0.302344 0.035937 0.042188
3 0.253906 0.516406 0.226562 0.226562
3 0.625781 0.146094 0.114062 0.126562
5 0.236719 0.627344 0.039062 0.035937
0 0.616406 0.264844 0.035937 0.035937
2 0.684375 0.114062 0.034375 0.034375
3 0.257812 0.567187 0.365625 0.312500
0 0.566406 0.901563 0.073438 0.062500
3 0.625000 0.851562 0.100000 0.100000
5 0.725781 0.547656 0.054688 0.067187
3 0.122656 0.599219 0.060937 0.060937
4 0.085938 0.556250 0.046875 0.050000
0 0.440625 0.277344 0.084375 0.101562
4 0.477344 0.122656 0.089063 0.092188
2 0.145313 0.635156 0.043750 0.045312
1 0.778906 0.513281 0.107813 0.110937
0 0.231250 0.584375 0.028125 0.025000
5 0.846875 0.427344 0.021875 0.023438
5 0.393750 0.732812 0.059375 0.059375
1 0.583594 0.359375 0.185938 0.162500
4 0.460938 0.833594 0.028125 0.048438
0 0.235156 0.611719 0.126562 0.120313
3 0.879687 0.514062 0.065625 0.053125
3 0.458594 0.450000 0.389062 0.403125
0 0.498437 0.420312 0.059375 0.065625
2 0.146094 0.544531 0.042188 0.035937
1 0.834375 0.702344 0.115625 0.089063
0 0.335938 0.564063 0.037500 0.034375
4 0.769531 0.198437 0.020313 0.037500
1 0.823438 0.593750 0.100000 0.096875
2 0.446094 0.868750 0.064062 0.062500
0 0.538281 0.188281 0.070312 0.048438
1 0.414062 0.379688 0.134375 0.103125