5 0.400781 0.340625 0.032813 0.034375
5 0.425000 0.565625 0.040625 0.037500
0 0.632812 0.259375 0.040625 0.034375
0 0.102344 0.540625 0.039062 0.040625
0 0.371094 0.569531 0.032813 0.051562
0 0.159375 0.458594 0.050000 0.045312
4 0.434375 0.505469 0.018750 0.017188
2 0.559375 0.464062 0.212500 0.271875
2 0.392188 0.385156 0.046875 0.042188
1 0.335938 0.771094 0.046875 0.057813
0 0.407813 0.396875 0.028125 0.021875
5 0.432031 0.616406 0.032813 0.026562
1 0.270313 0.534375 0.037500 0.031250
1 0.218750 0.532813 0.053125 0.065625
3 0.566406 0.547656 0.110937 0.110937
0 0.865625 0.431250 0.056250 0.043750
0 0.351562 0.583594 0.056250 0.045312
3 0.658594 0.477344 0.220312 0.348438
2 0.807813 0.717187 0.043750 0.034375
5 0.585938 0.735938 0.037500 0.037500
0 0.894531 0.381250 0.042188 0.034375
4 0.651563 0.296875 0.031250 0.028125
1 0.662500 0.582031 0.137500 0.132812
0 0.166406 0.594531 0.032813 0.029687
0 0.125000 0.410156 0.050000 0.045312
2 0.118750 0.508594 0.103125 0.092188
3 0.404687 0.184375 0.131250 0.131250
3 0.545312 0.580469 0.190625 0.135937
0 0.790625 0.592969 0.087500 0.082812
2 0.456250 0.437500 0.034375 0.034375
2 0.252344 0.611719 0.035937 0.039062
3 0.582031 0.366406 0.201563 0.157812
5 0.567969 0.499219 0.039062 0.035937
2 0.303125 0.182812 0.018750 0.018750
3 0.756250 0.354687 0.234375 0.175000
4 0.425781 0.773438 0.023438 0.028125
5 0.458594 0.685937 0.029687 0.031250
5 0.366406 0.861719 0.042188 0.039062
5 0.587500 0.768750 0.025000 0.025000
2 0.754687 0.224219 0.053125 0.051562
0 0.228125 0.292969 0.021875 0.020313
1 0.317188 0.847656 0.090625 0.073438
1 0.614844 0.767969 0.117188 0.101562
5 0.758594 0.284375 0.032813 0.034375
2 0.712500 0.450000 0.034375 0.025000
5 0.158594 0.435937 0.023438 0.031250
5 0.099219 0.567969 0.032813 0.035937
2 0.273438 0.723437 0.050000 0.046875
5 0.675000 0.692969 0.059375 0.067187
0 0.363281 0.439063 0.076563 0.075000
4 0.172656 0.680469 0.057813 0.067187
0 0.392188 0.314063 0.043750 0.050000
5 0.591406 0.591406 0.048438 0.048438
3 0.408594 0.404687 0.201563 0.215625
5 0.641406 0.510938 0.060937 0.059375
5 0.334375 0.316406 0.034375 0.035937
5 0.481250 0.230469 0.034375 0.035937
1 0.769531 0.584375 0.067187 0.081250
1 0.750781 0.392969 0.082812 0.076563
4 0.220312 0.659375 0.065625 0.078125
0 0.652344 0.667188 0.042188 0.037500
2 0.712500 0.557813 0.031250 0.040625
5 0.637500 0.364063 0.034375 0.037500
1 0.778906 0.417187 0.095312 0.084375
1 0.281250 0.725781 0.218750 0.195312
4 0.153906 0.536719 0.085938 0.089063
0 0.772656 0.553906 0.085938 0.079687
2 0.478906 0.395313 0.082812 0.053125
4 0.811719 0.651563 0.054688 0.053125
4 0.403906 0.665625 0.020313 0.025000
5 0.686719 0.229687 0.042188 0.043750
3 0.571094 0.377344 0.151562 0.151562
0 0.435937 0.363281 0.100000 0.079687
1 0.423438 0.814844 0.146875 0.164062
1 0.383594 0.393750 0.073438 0.065625
4 0.679688 0.409375 0.043750 0.046875
2 0.835156 0.725781 0.092188 0.082812
0 0.388281 0.231250 0.085938 0.096875
3 0.185156 0.465625 0.192188 0.225000
4 0.492969 0.590625 0.029687 0.025000
0 0.304688 0.496875 0.028125 0.034375
5 0.274219 0.735938 0.064062 0.081250
2 0.596875 0.871094 0.034375 0.026562
3 0.295312 0.454688 0.143750 0.143750
3 0.666406 0.221094 0.110937 0.110937
5 0.318750 0.716406 0.037500 0.035937
5 0.710938 0.283594 0.018750 0.029687
1 0.268750 0.628906 0.184375 0.167187
2 0.504687 0.775781 0.037500 0.029687
1 0.249219 0.525781 0.098437 0.098437
3 0.322656 0.714844 0.207813 0.170313
1 0.479687 0.256250 0.181250 0.165625
0 0.400781 0.225781 0.070312 0.073438
0 0.750781 0.639844 0.023438 0.023438
5 0.375000 0.904687 0.025000 0.028125
0 0.217969 0.323437 0.048438 0.046875
0 0.707031 0.836719 0.051562 0.051562
5 0.185156 0.527344 0.045312 0.042188
2 0.267969 0.565625 0.032813 0.031250
2 0.474219 0.845313 0.026562 0.018750
3 0.360938 0.584375 0.084375 0.084375
4 0.831250 0.382031 0.021875 0.020313
2 0.520312 0.842969 0.050000 0.054688
3 0.850781 0.674219 0.110937 0.110937
0 0.153125 0.714844 0.059375 0.045312
3 0.666406 0.702344 0.092188 0.092188
5 0.576562 0.519531 0.031250 0.026562
0 0.217969 0.225781 0.057813 0.060937
2 0.581250 0.384375 0.046875 0.046875
2 0.693750 0.408594 0.056250 0.060937
2 0.765625 0.694531 0.218750 0.210938
5 0.642188 0.831250 0.043750 0.046875