3 0.409375 0.126562 0.118750 0.118750
4 0.220312 0.342969 0.046875 0.054688
0 0.306250 0.760156 0.115625 0.101562
3 0.735156 0.786719 0.107813 0.107813
5 0.180469 0.775781 0.045312 0.039062
2 0.356250 0.596094 0.053125 0.064062
3 0.835938 0.559375 0.209375 0.162500
4 0.628906 0.549219 0.023438 0.023438
1 0.682031 0.818750 0.051562 0.053125
2 0.402344 0.558594 0.182812 0.107813
4 0.532813 0.353906 0.028125 0.026562
2 0.860938 0.424219 0.034375 0.032813
0 0.653906 0.604688 0.085938 0.081250
2 0.204687 0.607812 0.050000 0.050000
3 0.205469 0.339844 0.095312 0.095312
1 0.198437 0.630469 0.090625 0.092188
0 0.456250 0.500000 0.062500 0.081250
0 0.691406 0.384375 0.064062 0.056250
2 0.353906 0.867969 0.029687 0.029687
1 0.785156 0.778125 0.098437 0.096875
1 0.125781 0.471875 0.139063 0.128125
1 0.474219 0.213281 0.079687 0.082812
2 0.729688 0.636719 0.040625 0.039062
5 0.236719 0.596094 0.039062 0.039062
4 0.317188 0.114844 0.028125 0.017188
5 0.787500 0.574219 0.040625 0.032813
2 0.564844 0.450781 0.060937 0.054688
4 0.661719 0.569531 0.017188 0.026562
3 0.496875 0.667188 0.090625 0.100000
3 0.214062 0.684375 0.112500 0.112500
1 0.629687 0.550000 0.043750 0.053125
1 0.448437 0.313281 0.075000 0.070312
2 0.455469 0.878906 0.039062 0.045312
2 0.624219 0.197656 0.057813 0.082812
1 0.336719 0.391406 0.076563 0.067187
0 0.217188 0.468750 0.090625 0.093750
0 0.397656 0.593750 0.045312 0.037500
3 0.400000 0.231250 0.087500 0.087500
5 0.468750 0.404687 0.050000 0.043750
2 0.542188 0.882812 0.034375 0.037500
0 0.765625 0.489844 0.087500 0.079687
3 0.632812 0.374219 0.059375 0.070312
4 0.687500 0.853906 0.062500 0.057813
5 0.144531 0.636719 0.048438 0.048438
1 0.578906 0.894531 0.079687 0.092188
3 0.221094 0.594531 0.107813 0.107813
0 0.517188 0.278906 0.037500 0.029687
3 0.647656 0.788281 0.164062 0.201563
4 0.546875 0.641406 0.021875 0.020313
2 0.832031 0.386719 0.023438 0.035937
5 0.756250 0.505469 0.037500 0.035937
4 0.776563 0.461719 0.025000 0.029687
2 0.594531 0.789844 0.073438 0.067187
3 0.335938 0.785937 0.146875 0.146875
2 0.610938 0.246875 0.034375 0.034375
0 0.469531 0.274219 0.057813 0.048438
3 0.463281 0.749219 0.126562 0.126562
1 0.196094 0.479687 0.095312 0.068750
4 0.494531 0.146094 0.023438 0.029687
3 0.722656 0.613281 0.107813 0.107813
3 0.611719 0.735938 0.270313 0.253125
5 0.232813 0.189844 0.053125 0.045312
2 0.253125 0.491406 0.068750 0.067187
3 0.407031 0.367969 0.129688 0.129688
2 0.581250 0.252344 0.025000 0.020313
5 0.748437 0.210156 0.025000 0.035937
0 0.325781 0.283594 0.042188 0.039062
1 0.760156 0.761719 0.145313 0.135937
2 0.699219 0.200000 0.067187 0.071875