2 0.851562 0.404687 0.053125 0.043750
4 0.177344 0.432812 0.026562 0.025000
0 0.757812 0.305469 0.093750 0.085938
5 0.233594 0.525000 0.035937 0.034375
4 0.203125 0.238281 0.106250 0.057813
2 0.792188 0.616406 0.040625 0.051562
0 0.539062 0.230469 0.093750 0.085938
2 0.685937 0.740625 0.068750 0.068750
2 0.598437 0.157812 0.034375 0.040625
4 0.471094 0.429688 0.017188 0.015625
4 0.763281 0.167969 0.020313 0.020313
4 0.383594 0.110156 0.057813 0.060937
1 0.260937 0.805469 0.096875 0.126562
2 0.786719 0.775000 0.039062 0.037500
5 0.516406 0.707812 0.029687 0.034375
2 0.477344 0.456250 0.039062 0.040625
5 0.712500 0.176563 0.015625 0.018750
3 0.706250 0.582812 0.109375 0.109375
3 0.549219 0.139844 0.151562 0.151562
1 0.411719 0.309375 0.160938 0.146875
1 0.775781 0.543750 0.189062 0.175000
2 0.847656 0.623437 0.048438 0.034375
4 0.739844 0.818750 0.067187 0.059375
5 0.641406 0.784375 0.039062 0.037500
3 0.246094 0.533594 0.257812 0.267188
5 0.535937 0.171875 0.053125 0.071875
1 0.225781 0.188281 0.051562 0.054688
0 0.345313 0.305469 0.046875 0.042188
5 0.624219 0.375781 0.035937 0.032813
4 0.561719 0.896875 0.020313 0.018750
0 0.246875 0.331250 0.040625 0.034375
5 0.873437 0.289062 0.034375 0.025000
3 0.591406 0.215625 0.282813 0.284375
1 0.650781 0.683594 0.042188 0.045312
4 0.817969 0.551562 0.148438 0.131250
4 0.687500 0.292969 0.031250 0.023438
1 0.264062 0.343750 0.162500 0.143750
4 0.520312 0.183594 0.021875 0.020313
3 0.873437 0.496875 0.053125 0.053125
1 0.709375 0.421875 0.071875 0.065625
1 0.842187 0.592187 0.118750 0.109375
1 0.225781 0.553906 0.067187 0.060937
1 0.525000 0.827344 0.050000 0.042188
5 0.420312 0.160156 0.040625 0.042188
4 0.523438 0.734375 0.031250 0.031250
0 0.256250 0.384375 0.128125 0.106250
2 0.826562 0.580469 0.062500 0.067187
5 0.393750 0.742969 0.056250 0.057813
2 0.407031 0.257031 0.064062 0.060937
3 0.537500 0.439063 0.271875 0.275000
0 0.117188 0.600000 0.037500 0.031250
5 0.392188 0.407031 0.068750 0.064062
5 0.850000 0.685937 0.068750 0.059375
2 0.377344 0.768750 0.070312 0.062500
1 0.479687 0.349219 0.128125 0.142187
5 0.626563 0.800000 0.034375 0.034375
1 0.789844 0.350000 0.073438 0.065625
0 0.526563 0.689844 0.053125 0.051562
0 0.223438 0.573438 0.053125 0.046875
5 0.208594 0.648438 0.048438 0.043750
0 0.107031 0.382812 0.045312 0.043750
3 0.530469 0.357031 0.117188 0.117188
4 0.647656 0.725000 0.029687 0.031250
0 0.638281 0.810156 0.070312 0.048438
3 0.863281 0.535156 0.095312 0.095312
4 0.150781 0.446094 0.045312 0.045312
5 0.333594 0.221094 0.023438 0.023438
4 0.814063 0.479687 0.018750 0.031250
5 0.387500 0.426563 0.031250 0.028125
3 0.623437 0.300781 0.115625 0.117188
4 0.203906 0.546875 0.026562 0.025000
3 0.599219 0.853906 0.114062 0.114062
1 0.203906 0.250781 0.076563 0.095312
3 0.235937 0.709375 0.150000 0.150000
3 0.260156 0.682031 0.064062 0.064062
5 0.900000 0.560937 0.043750 0.046875
1 0.717969 0.285938 0.142187 0.156250
2 0.267969 0.186719 0.079687 0.060937
5 0.190625 0.353125 0.053125 0.050000
1 0.719531 0.233594 0.039062 0.048438
4 0.292187 0.344531 0.028125 0.026562
4 0.528906 0.821875 0.026562 0.028125
2 0.442969 0.833594 0.051562 0.054688
1 0.483594 0.188281 0.207813 0.129688
5 0.502344 0.642188 0.042188 0.040625
0 0.275000 0.744531 0.071875 0.067187
0 0.408594 0.362500 0.035937 0.034375
5 0.503125 0.846875 0.081250 0.062500
1 0.437500 0.431250 0.084375 0.109375
0 0.431250 0.732812 0.078125 0.081250
1 0.357812 0.309375 0.093750 0.100000
0 0.289062 0.411719 0.112500 0.107813
5 0.108594 0.629687 0.023438 0.018750