1 0.371875 0.334375 0.093750 0.087500
3 0.352344 0.324219 0.160938 0.160938
1 0.672656 0.203906 0.098437 0.060937
2 0.846875 0.522656 0.031250 0.026562
4 0.220312 0.422656 0.053125 0.064062
1 0.815625 0.453125 0.075000 0.056250
5 0.246094 0.230469 0.042188 0.039062
2 0.535937 0.511719 0.050000 0.051562
0 0.514844 0.652344 0.092188 0.101562
4 0.915625 0.644531 0.015625 0.014063
5 0.475000 0.418750 0.028125 0.031250
1 0.750000 0.335938 0.065625 0.078125
2 0.909375 0.573438 0.018750 0.012500
5 0.228125 0.225000 0.071875 0.056250
5 0.876563 0.304688 0.031250 0.031250
2 0.585156 0.485156 0.023438 0.026562
4 0.154688 0.403125 0.150000 0.150000
1 0.545312 0.717187 0.093750 0.090625
2 0.568750 0.380469 0.059375 0.051562
2 0.724219 0.487500 0.026562 0.034375
4 0.255469 0.673438 0.235937 0.253125
5 0.502344 0.710156 0.054688 0.054688
0 0.309375 0.786719 0.112500 0.120313
4 0.837500 0.231250 0.034375 0.031250
1 0.230469 0.596875 0.132812 0.112500
4 0.134375 0.402344 0.053125 0.070312
0 0.303906 0.496875 0.035937 0.034375
3 0.711719 0.657813 0.210938 0.218750
3 0.525781 0.440625 0.451562 0.315625
2 0.666406 0.863281 0.026562 0.029687
1 0.844531 0.340625 0.051562 0.050000
4 0.182031 0.614062 0.023438 0.028125
0 0.539062 0.267188 0.050000 0.043750
0 0.600000 0.797656 0.043750 0.045312
4 0.632812 0.895312 0.025000 0.028125
3 0.314844 0.441406 0.064062 0.064062
4 0.703906 0.743750 0.035937 0.059375
4 0.710938 0.863281 0.028125 0.020313
1 0.472656 0.848437 0.110937 0.150000
5 0.379688 0.211719 0.053125 0.045312
1 0.683594 0.472656 0.114062 0.092188
2 0.248438 0.465625 0.018750 0.050000
4 0.232813 0.767969 0.021875 0.023438
4 0.419531 0.132031 0.029687 0.020313
1 0.518750 0.210156 0.062500 0.054688
2 0.713281 0.530469 0.042188 0.035937
5 0.857812 0.641406 0.015625 0.029687
2 0.420312 0.856250 0.056250 0.046875
2 0.429688 0.197656 0.037500 0.042188
0 0.383594 0.220312 0.085938 0.078125
1 0.816406 0.481250 0.151562 0.128125
3 0.749219 0.241406 0.142187 0.139063
1 0.387500 0.797656 0.075000 0.114062
2 0.216406 0.392969 0.039062 0.042188
3 0.820312 0.548438 0.081250 0.084375
3 0.504687 0.717969 0.131250 0.114062
0 0.291406 0.771875 0.045312 0.043750
3 0.491406 0.200781 0.104688 0.104688
0 0.212500 0.802344 0.043750 0.057813
0 0.218750 0.682031 0.065625 0.064062
0 0.401562 0.240625 0.046875 0.043750
3 0.431250 0.268750 0.159375 0.159375
4 0.895312 0.577344 0.028125 0.020313
4 0.769531 0.551562 0.079687 0.068750
2 0.207813 0.560937 0.059375 0.053125
4 0.363281 0.808594 0.017188 0.014063
5 0.815625 0.618750 0.046875 0.043750
4 0.257031 0.810156 0.023438 0.023438
2 0.478125 0.489063 0.031250 0.025000
0 0.352344 0.853125 0.032813 0.034375
5 0.352344 0.603125 0.045312 0.068750
2 0.299219 0.582031 0.014063 0.014063
2 0.869531 0.642969 0.039062 0.032813
3 0.680469 0.486719 0.267188 0.267188
5 0.315625 0.735938 0.056250 0.053125
4 0.252344 0.818750 0.045312 0.037500
5 0.279687 0.646094 0.037500 0.039062
3 0.307031 0.296875 0.057813 0.056250
1 0.157031 0.639062 0.126562 0.112500
4 0.589844 0.091406 0.060937 0.060937
2 0.149219 0.717969 0.023438 0.017188
0 0.421094 0.603125 0.070312 0.071875
1 0.897656 0.541406 0.076563 0.070312
4 0.626563 0.753125 0.046875 0.046875
1 0.860156 0.583594 0.070312 0.070312
5 0.409375 0.377344 0.059375 0.048438
0 0.728125 0.280469 0.112500 0.101562
2 0.380469 0.750000 0.029687 0.034375
5 0.478906 0.787500 0.057813 0.050000