0 0.450781 0.560937 0.114062 0.100000
5 0.849219 0.396875 0.042188 0.050000
5 0.236719 0.689063 0.039062 0.040625
1 0.416406 0.365625 0.101562 0.121875
1 0.438281 0.185938 0.095312 0.103125
2 0.663281 0.337500 0.020313 0.025000
5 0.482812 0.555469 0.034375 0.045312
1 0.434375 0.492969 0.059375 0.060937
4 0.721094 0.750781 0.179688 0.164062
0 0.272656 0.692969 0.048438 0.064062
3 0.156250 0.540625 0.109375 0.109375
4 0.901563 0.420312 0.021875 0.025000
0 0.139844 0.634375 0.057813 0.062500
4 0.247656 0.689063 0.035937 0.031250
2 0.516406 0.482812 0.082812 0.068750
3 0.496875 0.150000 0.125000 0.125000
1 0.589063 0.333594 0.184375 0.157812
3 0.767969 0.507031 0.142187 0.142187
0 0.300781 0.332813 0.051562 0.056250
2 0.319531 0.460156 0.014063 0.017188
3 0.607812 0.492188 0.106250 0.106250
0 0.507812 0.588281 0.084375 0.085938
0 0.172656 0.488281 0.064062 0.057813
1 0.622656 0.589063 0.132812 0.112500
5 0.865625 0.488281 0.025000 0.017188
2 0.300781 0.390625 0.039062 0.034375
1 0.270313 0.359375 0.090625 0.065625
1 0.492969 0.739844 0.064062 0.070312
2 0.332813 0.621875 0.096875 0.121875
3 0.556250 0.370312 0.275000 0.275000
2 0.690625 0.263281 0.068750 0.057813
4 0.492969 0.489063 0.135937 0.128125
3 0.607812 0.728906 0.196875 0.245312
4 0.384375 0.853125 0.040625 0.043750
1 0.286719 0.452344 0.076563 0.070312
0 0.585938 0.302344 0.040625 0.035937
4 0.535156 0.621875 0.154688 0.171875
2 0.782813 0.649219 0.096875 0.154688
5 0.286719 0.696875 0.076563 0.078125
3 0.460156 0.571094 0.110937 0.110937
4 0.778125 0.452344 0.018750 0.014063
0 0.781250 0.770312 0.087500 0.081250
0 0.487500 0.521875 0.059375 0.046875
2 0.704688 0.120313 0.025000 0.025000
3 0.433594 0.567969 0.235937 0.239063
4 0.605469 0.860938 0.023438 0.025000
5 0.601562 0.305469 0.046875 0.054688
5 0.854688 0.422656 0.037500 0.042188
0 0.731250 0.435937 0.015625 0.012500
5 0.427344 0.708594 0.035937 0.035937
0 0.517969 0.600781 0.017188 0.017188
3 0.863281 0.375781 0.057813 0.057813
3 0.538281 0.194531 0.092188 0.092188
2 0.264062 0.354687 0.056250 0.059375
4 0.503125 0.328125 0.078125 0.043750
2 0.733594 0.291406 0.073438 0.076563
3 0.460156 0.155469 0.095312 0.095312
5 0.526563 0.521094 0.056250 0.051562
4 0.411719 0.169531 0.029687 0.032813
2 0.817187 0.650781 0.031250 0.026562
0 0.449219 0.755469 0.026562 0.026562
5 0.775781 0.432812 0.064062 0.065625
3 0.585938 0.442188 0.078125 0.078125
2 0.464062 0.214062 0.034375 0.037500
2 0.602344 0.350000 0.039062 0.062500
4 0.485938 0.478906 0.028125 0.023438
0 0.630469 0.375000 0.076563 0.059375
1 0.241406 0.299219 0.051562 0.067187
2 0.664062 0.715625 0.025000 0.028125
5 0.697656 0.699219 0.014063 0.014063
5 0.207813 0.216406 0.034375 0.035937
2 0.478906 0.807031 0.048438 0.048438
5 0.778125 0.804688 0.031250 0.031250
5 0.573438 0.873437 0.043750 0.043750
4 0.385156 0.782813 0.026562 0.025000
1 0.678906 0.711719 0.051562 0.051562
2 0.445312 0.826562 0.056250 0.056250
5 0.209375 0.610938 0.087500 0.075000
2 0.654687 0.585156 0.028125 0.023438
0 0.455469 0.692969 0.035937 0.035937
0 0.395313 0.578906 0.134375 0.132812
5 0.419531 0.617969 0.045312 0.048438
3 0.657813 0.276562 0.275000 0.303125
0 0.667188 0.793750 0.153125 0.109375