1 0.484375 0.098437 0.059375 0.059375
1 0.767188 0.715625 0.087500 0.068750
2 0.421875 0.403125 0.025000 0.031250
5 0.217188 0.513281 0.031250 0.039062
3 0.660156 0.217969 0.057813 0.057813
4 0.515625 0.846094 0.031250 0.029687
1 0.221875 0.212500 0.059375 0.046875
4 0.744531 0.529687 0.023438 0.021875
4 0.628906 0.784375 0.023438 0.031250
0 0.554688 0.663281 0.050000 0.035937
2 0.344531 0.175000 0.067187 0.062500
2 0.765625 0.680469 0.028125 0.026562
5 0.328906 0.728125 0.029687 0.028125
5 0.613281 0.192188 0.026562 0.028125
1 0.750781 0.514062 0.067187 0.053125
0 0.600000 0.532031 0.118750 0.101562
3 0.263281 0.392969 0.173437 0.173437
3 0.553906 0.726562 0.151562 0.165625
1 0.493750 0.245312 0.115625 0.090625
5 0.815625 0.754687 0.046875 0.046875
2 0.646094 0.098437 0.029687 0.031250
5 0.463281 0.917188 0.048438 0.053125
4 0.345313 0.343750 0.187500 0.168750
4 0.833594 0.631250 0.017188 0.015625
0 0.377344 0.860938 0.076563 0.081250
1 0.578906 0.224219 0.054688 0.048438
4 0.185156 0.614844 0.017188 0.020313
2 0.357031 0.318750 0.079687 0.065625
3 0.188281 0.560937 0.132812 0.143750
2 0.365625 0.239844 0.075000 0.070312
4 0.358594 0.296875 0.023438 0.025000
3 0.558594 0.806250 0.123438 0.065625
1 0.551562 0.300781 0.103125 0.070312
5 0.601562 0.268750 0.037500 0.034375
5 0.263281 0.189062 0.039062 0.043750
3 0.575781 0.402344 0.242188 0.317188
4 0.804688 0.645312 0.034375 0.031250
4 0.693750 0.848437 0.028125 0.025000
5 0.199219 0.353906 0.048438 0.048438
1 0.285938 0.239063 0.100000 0.100000
2 0.589844 0.334375 0.198437 0.200000
4 0.550000 0.419531 0.071875 0.079687
3 0.221094 0.627344 0.092188 0.092188
2 0.432812 0.721875 0.087500 0.075000
0 0.681250 0.510938 0.075000 0.075000
5 0.164062 0.517969 0.043750 0.045312
5 0.407813 0.329688 0.043750 0.037500
0 0.250781 0.709375 0.023438 0.025000
0 0.618750 0.673438 0.115625 0.109375
4 0.642188 0.337500 0.025000 0.025000
0 0.620313 0.378906 0.025000 0.020313
3 0.334375 0.496875 0.087500 0.087500
2 0.271875 0.477344 0.046875 0.060937
3 0.286719 0.228906 0.098437 0.098437