2 0.766406 0.177344 0.039062 0.051562
3 0.285156 0.585156 0.151562 0.151562
5 0.228906 0.368750 0.045312 0.040625
4 0.688281 0.750781 0.117188 0.082812
3 0.463281 0.458594 0.064062 0.064062
2 0.503125 0.435937 0.046875 0.040625
3 0.423438 0.725000 0.178125 0.143750
2 0.522656 0.435937 0.032813 0.037500
1 0.430469 0.499219 0.057813 0.048438
5 0.350781 0.273438 0.057813 0.056250
0 0.761719 0.504687 0.032813 0.018750
2 0.486719 0.457813 0.067187 0.062500
1 0.366406 0.435937 0.045312 0.034375
0 0.267188 0.553906 0.043750 0.045312
4 0.192969 0.717969 0.045312 0.032813
0 0.756250 0.503125 0.075000 0.059375
4 0.143750 0.403906 0.031250 0.026562
0 0.437500 0.416406 0.059375 0.073438
5 0.103125 0.367969 0.043750 0.054688
2 0.864062 0.370312 0.040625 0.059375
0 0.626563 0.696875 0.075000 0.068750
2 0.892188 0.560156 0.021875 0.035937
1 0.253125 0.590625 0.090625 0.078125
3 0.369531 0.767969 0.132812 0.132812
2 0.753906 0.835938 0.032813 0.021875
5 0.387500 0.409375 0.068750 0.062500
2 0.681250 0.200781 0.040625 0.045312
3 0.311719 0.308594 0.232813 0.332813
2 0.356250 0.102344 0.037500 0.035937
1 0.675000 0.345313 0.059375 0.084375
5 0.327344 0.408594 0.032813 0.023438
2 0.087500 0.470313 0.056250 0.056250
4 0.600781 0.109375 0.023438 0.021875
4 0.552344 0.767188 0.020313 0.021875
5 0.724219 0.245312 0.035937 0.040625
4 0.299219 0.507812 0.020313 0.021875
2 0.867969 0.655469 0.042188 0.045312
3 0.460938 0.326562 0.115625 0.115625
5 0.664844 0.193750 0.035937 0.040625
0 0.629687 0.467969 0.065625 0.067187
2 0.493750 0.525781 0.040625 0.032813
4 0.728906 0.685937 0.023438 0.021875
3 0.395313 0.481250 0.281250 0.284375
3 0.209375 0.721875 0.090625 0.090625
1 0.639844 0.445312 0.210938 0.096875
4 0.453125 0.590625 0.028125 0.031250
5 0.296094 0.617969 0.032813 0.039062
1 0.657813 0.414844 0.062500 0.051562
1 0.764062 0.275781 0.068750 0.079687
1 0.403125 0.732031 0.115625 0.098437
0 0.230469 0.529687 0.064062 0.053125
0 0.672656 0.236719 0.129688 0.104688
3 0.340625 0.345313 0.090625 0.090625
2 0.122656 0.664062 0.051562 0.053125
4 0.471094 0.810156 0.029687 0.032813
3 0.808594 0.746094 0.085938 0.085938
0 0.278125 0.353125 0.096875 0.096875
5 0.685937 0.427344 0.043750 0.070312
5 0.750781 0.789062 0.026562 0.025000
5 0.101562 0.440625 0.031250 0.031250
0 0.391406 0.694531 0.039062 0.039062
4 0.823438 0.540625 0.046875 0.046875
0 0.800781 0.742188 0.082812 0.081250
3 0.424219 0.803906 0.210938 0.210938
1 0.425000 0.192969 0.103125 0.117188
5 0.553125 0.527344 0.025000 0.020313
4 0.611719 0.667969 0.014063 0.014063
1 0.784375 0.702344 0.087500 0.073438
0 0.188281 0.742188 0.082812 0.025000
1 0.667188 0.535937 0.134375 0.109375
2 0.679688 0.203906 0.031250 0.035937
3 0.557813 0.604688 0.343750 0.343750
4 0.628125 0.768750 0.015625 0.015625
2 0.253125 0.208594 0.046875 0.048438
1 0.714063 0.508594 0.046875 0.045312
0 0.364844 0.472656 0.039062 0.039062
4 0.184375 0.222656 0.031250 0.032813
5 0.339844 0.282813 0.089063 0.084375
5 0.514844 0.415625 0.064062 0.075000
1 0.617188 0.783594 0.112500 0.129688
1 0.550781 0.522656 0.048438 0.073438
3 0.367188 0.410938 0.121875 0.121875
3 0.213281 0.382812 0.273438 0.225000
4 0.181250 0.664844 0.028125 0.026562
2 0.596094 0.150000 0.048438 0.050000
5 0.875781 0.389062 0.054688 0.075000