2 0.856250 0.565625 0.031250 0.031250
2 0.647656 0.626563 0.239063 0.150000
5 0.614062 0.493750 0.043750 0.037500
5 0.852344 0.332031 0.032813 0.026562
1 0.398438 0.398438 0.081250 0.078125
5 0.725000 0.412500 0.037500 0.031250
0 0.490625 0.411719 0.087500 0.082812
1 0.841406 0.541406 0.123438 0.126562
3 0.566406 0.411719 0.195312 0.195312
3 0.135937 0.373437 0.090625 0.090625
1 0.675000 0.385937 0.075000 0.059375
1 0.250000 0.207031 0.065625 0.054688
4 0.335938 0.578125 0.025000 0.028125
2 0.778906 0.326562 0.132812 0.125000
4 0.500000 0.327344 0.087500 0.089063
4 0.464844 0.810156 0.098437 0.114062
4 0.214062 0.508594 0.021875 0.023438
3 0.713281 0.625781 0.085938 0.085938
4 0.310937 0.552344 0.056250 0.054688
0 0.349219 0.805469 0.070312 0.073438
3 0.396094 0.407031 0.232813 0.232813
0 0.522656 0.250781 0.054688 0.045312
3 0.364063 0.678125 0.121875 0.121875
3 0.415625 0.348438 0.143750 0.143750
3 0.505469 0.624219 0.164062 0.107813
4 0.634375 0.446094 0.025000 0.020313
2 0.230469 0.448437 0.042188 0.046875
3 0.698438 0.700000 0.143750 0.143750
1 0.524219 0.835938 0.073438 0.056250
1 0.360156 0.303125 0.092188 0.087500
0 0.800781 0.662500 0.042188 0.056250
2 0.425000 0.428125 0.021875 0.021875
4 0.316406 0.380469 0.045312 0.057813
2 0.428906 0.662500 0.057813 0.056250
3 0.797656 0.617188 0.114062 0.109375
1 0.865625 0.464844 0.034375 0.032813
2 0.318750 0.851562 0.065625 0.056250
5 0.311719 0.132812 0.035937 0.028125
0 0.314844 0.754687 0.101562 0.090625
0 0.532813 0.469531 0.028125 0.026562
4 0.528125 0.297656 0.034375 0.023438
3 0.602344 0.309375 0.073438 0.087500
5 0.685937 0.744531 0.028125 0.029687
4 0.338281 0.808594 0.032813 0.035937
5 0.403906 0.593750 0.032813 0.028125
0 0.471094 0.471875 0.048438 0.053125
5 0.533594 0.350781 0.051562 0.054688
5 0.900000 0.585156 0.050000 0.048438
4 0.682813 0.550000 0.059375 0.031250
5 0.786719 0.692187 0.045312 0.040625
0 0.328125 0.201563 0.053125 0.043750
2 0.782031 0.470313 0.029687 0.031250
1 0.431250 0.627344 0.096875 0.073438
5 0.710938 0.271875 0.043750 0.043750
3 0.377344 0.516406 0.117188 0.117188
4 0.564063 0.417187 0.021875 0.025000