4 0.714844 0.153125 0.029687 0.018750
5 0.552344 0.689844 0.035937 0.035937
4 0.635156 0.851562 0.057813 0.046875
4 0.675000 0.272656 0.028125 0.026562
3 0.763281 0.488281 0.092188 0.092188
4 0.723437 0.283594 0.159375 0.160938
5 0.362500 0.592187 0.034375 0.040625
4 0.877344 0.655469 0.023438 0.026562
4 0.552344 0.260937 0.107813 0.112500
5 0.431250 0.481250 0.034375 0.034375
3 0.607031 0.525781 0.089063 0.089063
2 0.088281 0.431250 0.032813 0.028125
3 0.845313 0.585938 0.090625 0.090625
1 0.532031 0.830469 0.110937 0.117188
3 0.621094 0.349219 0.070312 0.070312
3 0.557813 0.510938 0.090625 0.090625
3 0.747656 0.347656 0.301563 0.264062
2 0.501563 0.468750 0.037500 0.034375
0 0.239844 0.228125 0.104688 0.100000
4 0.796875 0.786719 0.012500 0.010937
4 0.282031 0.867188 0.020313 0.015625
5 0.682813 0.236719 0.034375 0.032813
3 0.202344 0.251563 0.045312 0.046875
1 0.686719 0.767188 0.095312 0.087500
3 0.476562 0.710938 0.293750 0.321875
0 0.364063 0.514062 0.109375 0.100000
4 0.653906 0.628125 0.020313 0.025000
4 0.886719 0.532031 0.026562 0.023438
3 0.426563 0.579688 0.075000 0.075000
4 0.665625 0.843750 0.028125 0.028125
3 0.592969 0.340625 0.060937 0.065625
1 0.522656 0.482031 0.139063 0.132812
0 0.901563 0.372656 0.028125 0.035937
3 0.527344 0.592187 0.089063 0.090625
3 0.653906 0.500781 0.107813 0.085938
1 0.887500 0.561719 0.075000 0.064062
0 0.091406 0.609375 0.032813 0.034375
2 0.682813 0.456250 0.162500 0.171875
1 0.324219 0.167969 0.060937 0.060937
4 0.566406 0.722656 0.054688 0.042188
0 0.341406 0.824219 0.101562 0.110937
4 0.210156 0.700781 0.073438 0.067187
2 0.242188 0.607812 0.053125 0.046875
0 0.280469 0.755469 0.073438 0.073438
3 0.624219 0.163281 0.101562 0.101562
2 0.328125 0.679688 0.021875 0.018750
3 0.506250 0.625000 0.062500 0.075000
3 0.359375 0.739062 0.296875 0.240625
1 0.235937 0.198437 0.056250 0.068750
5 0.426563 0.152344 0.018750 0.026562
0 0.529687 0.875000 0.037500 0.043750
0 0.089063 0.553906 0.031250 0.026562
4 0.800781 0.509375 0.023438 0.021875
0 0.179688 0.306250 0.059375 0.062500
1 0.147656 0.668750 0.045312 0.040625
2 0.378906 0.790625 0.082812 0.075000
0 0.346094 0.178906 0.045312 0.035937
4 0.800781 0.677344 0.082812 0.079687
2 0.193750 0.611719 0.087500 0.085938
2 0.747656 0.330469 0.023438 0.023438
5 0.391406 0.396875 0.051562 0.050000
0 0.518750 0.242969 0.062500 0.051562
2 0.505469 0.678125 0.039062 0.034375
1 0.357031 0.403125 0.085938 0.087500
0 0.224219 0.410156 0.139063 0.164062
0 0.417969 0.315625 0.051562 0.053125
2 0.321875 0.468750 0.046875 0.050000
0 0.527344 0.724219 0.039062 0.032813
0 0.805469 0.738281 0.076563 0.070312
2 0.550781 0.256250 0.045312 0.040625
4 0.658594 0.343750 0.026562 0.028125
2 0.291406 0.497656 0.104688 0.123438
5 0.568750 0.878906 0.065625 0.057813
2 0.218750 0.402344 0.078125 0.076563
1 0.168750 0.342187 0.118750 0.112500
4 0.562500 0.580469 0.053125 0.054688
4 0.507812 0.142969 0.103125 0.089063
1 0.317969 0.266406 0.079687 0.095312
4 0.473438 0.378906 0.153125 0.139063
0 0.280469 0.219531 0.067187 0.048438
2 0.709375 0.842187 0.028125 0.031250
4 0.182031 0.415625 0.054688 0.043750
2 0.254688 0.226562 0.037500 0.043750
2 0.192969 0.553906 0.026562 0.048438
0 0.210938 0.607812 0.106250 0.121875
1 0.749219 0.298438 0.073438 0.071875