4 0.287500 0.377344 0.115625 0.092188
4 0.229687 0.481250 0.021875 0.028125
2 0.217188 0.535937 0.028125 0.028125
1 0.848437 0.289844 0.078125 0.070312
1 0.818750 0.362500 0.200000 0.181250
2 0.853125 0.488281 0.065625 0.064062
5 0.627344 0.356250 0.029687 0.034375
3 0.593750 0.714063 0.243750 0.303125
3 0.326562 0.239063 0.268750 0.159375
2 0.610156 0.275781 0.045312 0.051562
4 0.215625 0.405469 0.021875 0.020313
4 0.621875 0.341406 0.031250 0.032813
0 0.652344 0.229687 0.070312 0.068750
5 0.300000 0.228125 0.034375 0.040625
5 0.842969 0.659375 0.076563 0.078125
0 0.732031 0.828125 0.067187 0.056250
1 0.651563 0.572656 0.146875 0.110937
2 0.281250 0.221875 0.031250 0.040625
2 0.568750 0.714063 0.290625 0.290625
1 0.750000 0.262500 0.128125 0.109375
1 0.634375 0.268750 0.059375 0.053125
2 0.853125 0.701562 0.078125 0.071875
0 0.160156 0.531250 0.039062 0.028125
2 0.821094 0.539062 0.057813 0.053125
5 0.678125 0.332031 0.040625 0.042188
2 0.682031 0.619531 0.039062 0.032813
3 0.231250 0.689844 0.178125 0.235937
0 0.789844 0.570312 0.092188 0.084375
0 0.366406 0.190625 0.032813 0.034375
3 0.734375 0.747656 0.150000 0.195312
5 0.256250 0.419531 0.037500 0.045312
3 0.529687 0.382812 0.071875 0.071875
1 0.431250 0.759375 0.128125 0.103125
5 0.192188 0.719531 0.046875 0.057813
4 0.450781 0.309375 0.057813 0.050000
1 0.652344 0.137500 0.067187 0.068750
4 0.435156 0.579688 0.064062 0.053125
2 0.468750 0.674219 0.046875 0.039062
5 0.756250 0.164844 0.031250 0.051562
5 0.167187 0.402344 0.040625 0.035937
5 0.803125 0.365625 0.034375 0.031250
2 0.693750 0.850000 0.046875 0.046875
4 0.379688 0.760938 0.025000 0.037500
2 0.466406 0.454688 0.057813 0.053125
4 0.328906 0.225000 0.164062 0.165625
2 0.655469 0.750000 0.020313 0.025000
1 0.301563 0.376563 0.075000 0.065625
3 0.707031 0.678125 0.273438 0.287500
1 0.243750 0.521094 0.087500 0.098437
1 0.152344 0.707812 0.057813 0.056250
2 0.400781 0.348438 0.095312 0.056250
2 0.247656 0.828906 0.051562 0.035937
4 0.481250 0.217188 0.018750 0.018750
1 0.756250 0.284375 0.078125 0.071875
1 0.728125 0.339062 0.068750 0.106250
5 0.594531 0.378125 0.042188 0.040625
2 0.125781 0.435937 0.073438 0.075000
5 0.181250 0.640625 0.040625 0.037500
0 0.834375 0.640625 0.065625 0.062500
2 0.567187 0.609375 0.050000 0.050000
3 0.701562 0.315625 0.146875 0.146875
4 0.371875 0.128906 0.031250 0.026562
2 0.921875 0.523438 0.028125 0.037500
5 0.838281 0.310937 0.029687 0.031250
5 0.382031 0.796094 0.026562 0.026562
1 0.508594 0.230469 0.082812 0.117188
2 0.547656 0.299219 0.132812 0.079687
4 0.554688 0.217188 0.021875 0.021875
2 0.252344 0.453125 0.060937 0.056250
0 0.449219 0.265625 0.048438 0.050000
2 0.911719 0.584375 0.045312 0.037500
5 0.812500 0.612500 0.068750 0.071875
1 0.441406 0.655469 0.054688 0.045312
3 0.524219 0.365625 0.401562 0.281250
3 0.685156 0.701562 0.114062 0.075000
2 0.775000 0.362500 0.065625 0.065625
1 0.749219 0.235937 0.126562 0.115625
4 0.367188 0.542969 0.050000 0.054688
5 0.355469 0.132812 0.054688 0.053125
3 0.226562 0.581250 0.062500 0.062500
0 0.618750 0.152344 0.075000 0.073438
5 0.705469 0.565625 0.067187 0.071875
3 0.649219 0.216406 0.126562 0.095312
3 0.557031 0.216406 0.076563 0.076563
2 0.753125 0.808594 0.046875 0.045312
4 0.120313 0.710156 0.025000 0.029687
3 0.421875 0.246875 0.093750 0.093750
3 0.617969 0.697656 0.064062 0.064062
1 0.659375 0.718750 0.159375 0.162500
2 0.555469 0.390625 0.029687 0.028125
4 0.350781 0.778125 0.039062 0.043750
0 0.105469 0.467969 0.085938 0.073438
0 0.492969 0.875781 0.035937 0.042188
3 0.253125 0.375000 0.121875 0.121875
2 0.634375 0.700781 0.040625 0.032813
5 0.435937 0.264062 0.068750 0.065625
5 0.111719 0.433594 0.032813 0.032813
0 0.530469 0.297656 0.067187 0.067187
2 0.789062 0.590625 0.034375 0.046875
5 0.522656 0.815625 0.029687 0.025000
2 0.730469 0.757031 0.039062 0.042188
2 0.330469 0.885938 0.054688 0.043750
2 0.671094 0.592969 0.042188 0.039062
0 0.391406 0.749219 0.042188 0.042188
4 0.343750 0.595313 0.021875 0.021875
5 0.714844 0.331250 0.026562 0.018750
4 0.889844 0.544531 0.064062 0.064062
4 0.653125 0.409375 0.043750 0.037500
2 0.753906 0.586719 0.039062 0.039062
0 0.655469 0.352344 0.051562 0.035937
2 0.646875 0.294531 0.040625 0.026562
0 0.353906 0.510156 0.017188 0.020313
0 0.134375 0.293750 0.053125 0.056250
3 0.228906 0.780469 0.085938 0.085938
4 0.168750 0.734375 0.065625 0.075000
1 0.849219 0.704688 0.089063 0.090625
1 0.082812 0.562500 0.040625 0.043750
2 0.519531 0.639844 0.023438 0.026562
0 0.226562 0.203906 0.062500 0.079687
5 0.111719 0.572656 0.054688 0.048438
2 0.425781 0.837500 0.029687 0.025000
0 0.481250 0.616406 0.081250 0.070312
2 0.708594 0.857812 0.057813 0.056250
5 0.412500 0.546094 0.040625 0.035937
4 0.451562 0.830469 0.053125 0.064062
5 0.079687 0.479687 0.015625 0.021875
4 0.608594 0.396875 0.054688 0.046875
1 0.265625 0.238281 0.068750 0.064062
0 0.653906 0.642969 0.079687 0.070312
4 0.193750 0.717969 0.021875 0.020313
1 0.635938 0.488281 0.075000 0.064062
5 0.340625 0.656250 0.015625 0.021875
2 0.582031 0.755469 0.035937 0.045312
2 0.542188 0.435156 0.053125 0.045312