0 0.439844 0.485156 0.051562 0.051562
3 0.479687 0.410156 0.190625 0.189062
3 0.257812 0.481250 0.096875 0.096875
1 0.435937 0.442969 0.046875 0.064062
2 0.163281 0.741406 0.051562 0.051562
1 0.284375 0.292187 0.056250 0.056250
1 0.330469 0.424219 0.126562 0.135937
1 0.322656 0.155469 0.089063 0.057813
2 0.435937 0.682031 0.040625 0.039062
1 0.760938 0.350781 0.178125 0.139063
5 0.364844 0.674219 0.045312 0.042188
4 0.583594 0.358594 0.057813 0.054688
5 0.832031 0.507812 0.029687 0.043750
2 0.639844 0.189062 0.079687 0.056250
5 0.427344 0.522656 0.035937 0.039062
2 0.542969 0.146875 0.039062 0.028125
4 0.570312 0.583594 0.084375 0.098437
3 0.499219 0.314844 0.154688 0.154688
2 0.501563 0.206250 0.206250 0.168750
4 0.277344 0.797656 0.054688 0.045312
0 0.708594 0.461719 0.135937 0.110937
1 0.529687 0.648438 0.084375 0.050000
0 0.353906 0.589844 0.095312 0.101562
3 0.399219 0.147656 0.085938 0.085938
1 0.710156 0.614844 0.082812 0.045312
2 0.369531 0.907031 0.023438 0.010937
3 0.414844 0.439844 0.179688 0.132812
0 0.530469 0.512500 0.079687 0.068750
0 0.400000 0.250781 0.071875 0.064062
4 0.392188 0.858594 0.062500 0.079687
2 0.642188 0.142969 0.043750 0.048438
0 0.537500 0.160938 0.084375 0.096875
2 0.435937 0.124219 0.037500 0.045312
4 0.438281 0.339844 0.026562 0.026562
2 0.457813 0.516406 0.040625 0.032813
4 0.877344 0.650000 0.020313 0.028125
5 0.689063 0.575000 0.043750 0.062500
4 0.325781 0.168750 0.017188 0.015625
4 0.344531 0.264062 0.026562 0.028125
1 0.343750 0.225000 0.093750 0.087500
4 0.216406 0.389844 0.079687 0.067187
5 0.164844 0.281250 0.032813 0.031250
1 0.472656 0.427344 0.129688 0.123438
4 0.156250 0.718750 0.031250 0.021875
5 0.715625 0.246094 0.018750 0.045312
0 0.618750 0.164062 0.025000 0.031250
3 0.642188 0.600000 0.131250 0.103125
1 0.450000 0.909375 0.075000 0.062500
4 0.557813 0.526563 0.021875 0.025000
0 0.532031 0.270313 0.082812 0.084375
3 0.333594 0.414062 0.289062 0.231250
4 0.591406 0.442969 0.067187 0.054688
4 0.700781 0.552344 0.060937 0.070312
1 0.762500 0.220312 0.062500 0.084375
0 0.489063 0.472656 0.121875 0.082812
0 0.841406 0.325000 0.039062 0.031250
4 0.574219 0.501563 0.201563 0.181250
0 0.795312 0.700781 0.050000 0.045312
0 0.617188 0.414844 0.031250 0.026562
4 0.387500 0.367969 0.031250 0.026562
5 0.865625 0.608594 0.037500 0.032813
0 0.542969 0.527344 0.073438 0.070312
5 0.574219 0.427344 0.045312 0.039062
2 0.567969 0.508594 0.064062 0.057813
5 0.562500 0.860156 0.028125 0.029687
4 0.777344 0.207031 0.032813 0.032813
1 0.673438 0.611719 0.087500 0.092188
3 0.743750 0.538281 0.396875 0.407813
2 0.692187 0.659375 0.025000 0.021875
2 0.364063 0.573438 0.046875 0.050000
0 0.210938 0.572656 0.040625 0.029687
5 0.391406 0.696094 0.029687 0.029687
5 0.603906 0.342969 0.067187 0.060937
4 0.185938 0.307812 0.040625 0.034375
1 0.701562 0.594531 0.143750 0.107813
1 0.657813 0.659375 0.171875 0.193750
4 0.199219 0.196875 0.032813 0.031250
5 0.130469 0.517188 0.045312 0.043750
5 0.611719 0.100000 0.042188 0.031250
4 0.582812 0.283594 0.059375 0.095312
1 0.721875 0.725781 0.040625 0.039062
4 0.662500 0.288281 0.165625 0.204687
5 0.419531 0.646875 0.054688 0.056250
0 0.185938 0.507031 0.037500 0.051562
2 0.771094 0.472656 0.042188 0.042188
1 0.725781 0.456250 0.070312 0.068750
0 0.581250 0.651563 0.062500 0.071875
1 0.464062 0.687500 0.071875 0.075000
2 0.554688 0.771094 0.031250 0.026562
2 0.614062 0.122656 0.093750 0.092188
0 0.512500 0.428125 0.028125 0.031250
3 0.514062 0.360156 0.250000 0.392188
5 0.126562 0.625000 0.034375 0.050000
4 0.364844 0.734375 0.032813 0.028125
3 0.352344 0.646094 0.139063 0.135937
1 0.658594 0.535937 0.095312 0.081250
0 0.667969 0.822656 0.023438 0.045312
4 0.146094 0.406250 0.035937 0.034375
3 0.576562 0.849219 0.162500 0.126562
4 0.714844 0.461719 0.035937 0.032813
1 0.781250 0.589844 0.150000 0.089063
3 0.375000 0.339062 0.090625 0.090625
2 0.223438 0.486719 0.050000 0.057813
3 0.671094 0.236719 0.176563 0.189062
1 0.580469 0.450781 0.057813 0.057813
0 0.219531 0.584375 0.123438 0.093750
5 0.707812 0.277344 0.046875 0.039062
4 0.363281 0.342187 0.095312 0.093750
5 0.726562 0.745313 0.059375 0.053125
3 0.566406 0.254688 0.170313 0.378125
3 0.423438 0.285938 0.093750 0.093750
3 0.596875 0.812500 0.068750 0.068750
5 0.710938 0.230469 0.034375 0.035937
0 0.190625 0.694531 0.043750 0.035937
1 0.342969 0.759375 0.132812 0.137500
2 0.402344 0.480469 0.032813 0.026562
3 0.481250 0.396875 0.087500 0.087500
1 0.398438 0.689063 0.046875 0.065625
1 0.801562 0.375781 0.087500 0.054688
1 0.500000 0.538281 0.031250 0.032813
2 0.476562 0.691406 0.056250 0.035937
4 0.691406 0.342969 0.020313 0.017188
5 0.325000 0.351562 0.043750 0.059375
2 0.539844 0.657813 0.057813 0.062500
0 0.782813 0.642969 0.115625 0.098437
1 0.511719 0.522656 0.129688 0.142187
2 0.746094 0.372656 0.042188 0.045312
4 0.347656 0.174219 0.035937 0.057813
2 0.617969 0.193750 0.045312 0.040625
1 0.199219 0.432031 0.142187 0.139063
1 0.638281 0.646875 0.139063 0.096875
1 0.292969 0.757031 0.098437 0.110937