1 0.593750 0.841406 0.081250 0.076563
4 0.825000 0.452344 0.031250 0.023438
0 0.416406 0.185156 0.048438 0.039062
3 0.327344 0.371094 0.073438 0.073438
1 0.348438 0.470313 0.090625 0.081250
1 0.571094 0.359375 0.085938 0.103125
5 0.883594 0.375781 0.032813 0.032813
4 0.441406 0.127344 0.098437 0.089063
2 0.203906 0.574219 0.029687 0.029687
1 0.221875 0.371094 0.196875 0.170313
2 0.667969 0.580469 0.039062 0.035937
0 0.779687 0.703125 0.106250 0.106250
4 0.507812 0.871875 0.040625 0.037500
3 0.521875 0.201563 0.093750 0.093750
2 0.287500 0.432031 0.156250 0.151562
2 0.439063 0.242969 0.056250 0.051562
3 0.214844 0.667969 0.151562 0.151562
5 0.705469 0.221875 0.035937 0.056250
2 0.507031 0.606250 0.054688 0.056250
2 0.652344 0.838281 0.104688 0.095312
3 0.679688 0.382812 0.118750 0.118750
0 0.248438 0.337500 0.037500 0.028125
4 0.578125 0.117188 0.037500 0.031250
0 0.711719 0.846875 0.023438 0.025000
3 0.192969 0.313281 0.070312 0.073438
4 0.242969 0.522656 0.054688 0.054688
3 0.626563 0.747656 0.125000 0.126562
2 0.928906 0.501563 0.029687 0.028125
2 0.582031 0.613281 0.079687 0.082812
3 0.236719 0.521875 0.254688 0.243750
1 0.255469 0.299219 0.104688 0.126562
5 0.385937 0.614062 0.053125 0.046875
3 0.478906 0.594531 0.304688 0.504687
0 0.656250 0.189062 0.062500 0.062500
4 0.506250 0.483594 0.053125 0.048438
3 0.356250 0.389844 0.225000 0.295312
5 0.599219 0.819531 0.045312 0.045312
3 0.759375 0.306250 0.209375 0.234375
3 0.643750 0.319531 0.162500 0.101562
0 0.235937 0.750000 0.115625 0.100000
5 0.483594 0.627344 0.035937 0.035937
3 0.445312 0.475000 0.225000 0.225000
4 0.715625 0.733594 0.043750 0.054688
4 0.790625 0.340625 0.178125 0.212500
0 0.630469 0.675000 0.079687 0.087500
3 0.508594 0.614844 0.279687 0.326562
1 0.667188 0.489063 0.093750 0.087500
5 0.573438 0.732031 0.034375 0.048438
3 0.180469 0.546875 0.110937 0.090625
3 0.253906 0.317969 0.085938 0.085938
5 0.327344 0.853906 0.032813 0.023438
3 0.304688 0.513281 0.125000 0.110937
5 0.173437 0.593750 0.056250 0.050000
4 0.494531 0.621875 0.042188 0.062500
0 0.575000 0.658594 0.100000 0.089063
5 0.519531 0.386719 0.035937 0.035937
0 0.596875 0.469531 0.059375 0.057813
0 0.197656 0.682813 0.085938 0.078125
2 0.888281 0.628906 0.032813 0.029687
3 0.635156 0.342187 0.114062 0.071875
0 0.342969 0.339844 0.145313 0.145313
5 0.716406 0.478125 0.054688 0.053125
2 0.895312 0.545312 0.065625 0.056250
2 0.785937 0.539844 0.028125 0.023438
0 0.886719 0.686719 0.035937 0.029687
1 0.632031 0.411719 0.082812 0.057813
0 0.308594 0.795312 0.126562 0.115625
4 0.787500 0.284375 0.078125 0.071875
1 0.577344 0.488281 0.035937 0.039062
4 0.636719 0.865625 0.051562 0.046875
2 0.544531 0.457031 0.048438 0.039062
0 0.665625 0.392188 0.075000 0.068750
4 0.758594 0.284375 0.217188 0.196875
2 0.705469 0.449219 0.045312 0.042188
1 0.232813 0.532813 0.150000 0.131250
5 0.415625 0.442188 0.031250 0.043750
1 0.514062 0.243750 0.137500 0.112500
1 0.652344 0.309375 0.214062 0.215625
1 0.583594 0.499219 0.085938 0.082812
5 0.519531 0.518750 0.051562 0.053125
0 0.225000 0.610938 0.062500 0.059375
2 0.427344 0.315625 0.051562 0.050000
4 0.416406 0.449219 0.029687 0.029687
0 0.440625 0.225000 0.034375 0.031250
2 0.242188 0.183594 0.062500 0.067187
4 0.580469 0.695312 0.026562 0.031250
5 0.687500 0.257031 0.050000 0.045312
4 0.284375 0.742188 0.143750 0.178125
3 0.230469 0.708594 0.079687 0.079687
1 0.361719 0.254688 0.054688 0.087500
5 0.547656 0.490625 0.039062 0.028125
5 0.910937 0.403906 0.031250 0.032813
3 0.173437 0.682813 0.078125 0.078125
4 0.273438 0.642969 0.034375 0.029687
2 0.233594 0.471094 0.039062 0.039062
2 0.654687 0.232813 0.040625 0.034375
5 0.339062 0.371094 0.050000 0.045312
2 0.556250 0.851562 0.046875 0.040625
3 0.653906 0.390625 0.110937 0.100000
5 0.316406 0.546875 0.023438 0.031250
1 0.279687 0.418750 0.059375 0.043750
2 0.641406 0.845313 0.029687 0.028125
1 0.277344 0.572656 0.076563 0.104688
1 0.750781 0.782813 0.057813 0.062500
0 0.392188 0.162500 0.056250 0.053125
2 0.539844 0.592969 0.029687 0.026562
4 0.569531 0.150781 0.048438 0.057813
3 0.436719 0.205469 0.254688 0.220312
0 0.376563 0.242188 0.031250 0.028125
2 0.520312 0.749219 0.050000 0.060937
5 0.656250 0.112500 0.031250 0.028125
2 0.132812 0.515625 0.050000 0.053125
1 0.561719 0.810937 0.085938 0.078125
4 0.423438 0.888281 0.062500 0.076563
1 0.157812 0.514062 0.093750 0.118750
3 0.517969 0.838281 0.095312 0.095312
2 0.774219 0.400781 0.026562 0.026562
0 0.830469 0.671875 0.060937 0.056250
0 0.292187 0.185156 0.056250 0.048438
1 0.646875 0.238281 0.068750 0.057813
1 0.866406 0.334375 0.067187 0.087500
4 0.235156 0.748437 0.032813 0.034375
5 0.784375 0.403125 0.043750 0.040625
1 0.585156 0.432031 0.070312 0.051562
1 0.317188 0.725781 0.106250 0.126562
4 0.222656 0.293750 0.064062 0.062500
5 0.718750 0.754687 0.034375 0.050000
1 0.117969 0.569531 0.110937 0.110937
5 0.461719 0.871094 0.029687 0.023438
1 0.348438 0.566406 0.081250 0.089063
2 0.664062 0.599219 0.031250 0.035937
2 0.171094 0.510156 0.060937 0.051562
3 0.576562 0.278906 0.231250 0.195312
1 0.377344 0.200781 0.154688 0.157812
0 0.343750 0.493750 0.025000 0.021875