5 0.502344 0.102344 0.029687 0.026562
5 0.653125 0.319531 0.062500 0.054688
3 0.667969 0.607031 0.129688 0.129688
0 0.147656 0.574219 0.101562 0.098437
0 0.321094 0.421094 0.023438 0.023438
3 0.407031 0.538281 0.048438 0.039062
3 0.547656 0.852344 0.151562 0.151562
5 0.825000 0.688281 0.037500 0.042188
4 0.082031 0.514062 0.060937 0.059375
2 0.737500 0.503125 0.031250 0.025000
4 0.867188 0.513281 0.046875 0.042188
5 0.476562 0.910156 0.040625 0.035937
4 0.678125 0.645312 0.059375 0.056250
0 0.550781 0.219531 0.101562 0.098437
2 0.607812 0.825781 0.021875 0.026562
2 0.745313 0.526563 0.046875 0.065625
1 0.506250 0.410938 0.093750 0.109375
2 0.274219 0.735156 0.054688 0.051562
5 0.634375 0.553906 0.050000 0.045312
0 0.834375 0.754687 0.043750 0.043750
2 0.659375 0.567187 0.050000 0.053125
4 0.412500 0.550781 0.125000 0.123438
4 0.210156 0.589063 0.032813 0.040625
5 0.681250 0.339062 0.071875 0.071875
1 0.697656 0.505469 0.054688 0.082812
3 0.179688 0.682813 0.068750 0.068750
1 0.392188 0.826562 0.153125 0.115625
2 0.264844 0.676562 0.079687 0.087500
1 0.174219 0.298438 0.101562 0.100000
2 0.648438 0.767188 0.062500 0.056250
3 0.376563 0.631250 0.125000 0.093750
4 0.545312 0.509375 0.168750 0.171875
2 0.860938 0.327344 0.025000 0.032813
3 0.548438 0.284375 0.290625 0.259375
3 0.543750 0.453906 0.078125 0.079687
1 0.174219 0.539062 0.107813 0.156250
2 0.450781 0.230469 0.026562 0.035937
5 0.276562 0.610156 0.087500 0.085938
0 0.253906 0.347656 0.051562 0.048438
0 0.395313 0.905469 0.040625 0.035937
5 0.661719 0.862500 0.032813 0.031250
0 0.682031 0.447656 0.026562 0.020313
0 0.535937 0.267969 0.121875 0.129688
0 0.446094 0.617188 0.101562 0.081250
3 0.592969 0.411719 0.079687 0.110937
5 0.822656 0.324219 0.029687 0.026562
3 0.149219 0.391406 0.129688 0.129688
2 0.662500 0.158594 0.046875 0.057813
2 0.214844 0.589844 0.054688 0.064062
1 0.747656 0.547656 0.085938 0.073438
3 0.578906 0.363281 0.079687 0.079687
1 0.708594 0.308594 0.060937 0.042188
0 0.760938 0.335156 0.112500 0.101562
0 0.193750 0.237500 0.050000 0.046875
2 0.838281 0.482812 0.039062 0.043750
3 0.410938 0.475000 0.168750 0.125000
1 0.176563 0.546094 0.075000 0.082812
0 0.899219 0.421094 0.076563 0.060937
3 0.736719 0.280469 0.179688 0.179688
0 0.193750 0.777344 0.059375 0.045312
1 0.277344 0.226562 0.185938 0.159375
0 0.543750 0.090625 0.040625 0.028125
1 0.242188 0.739062 0.100000 0.081250
5 0.684375 0.460156 0.037500 0.039062