4 0.758594 0.793750 0.042188 0.050000
0 0.622656 0.565625 0.023438 0.018750
2 0.490625 0.173437 0.121875 0.075000
1 0.721875 0.349219 0.096875 0.085938
5 0.684375 0.589063 0.050000 0.046875
1 0.809375 0.568750 0.134375 0.118750
5 0.350000 0.213281 0.037500 0.035937
4 0.521094 0.663281 0.032813 0.035937
4 0.375781 0.504687 0.023438 0.031250
3 0.332031 0.632031 0.179688 0.192188
3 0.261719 0.421094 0.089063 0.089063
4 0.632031 0.653125 0.023438 0.021875
0 0.463281 0.352344 0.042188 0.042188
5 0.342187 0.710938 0.037500 0.037500
0 0.620313 0.294531 0.065625 0.048438
3 0.775000 0.321094 0.231250 0.160938
0 0.852344 0.514844 0.039062 0.039062
0 0.614844 0.506250 0.107813 0.096875
2 0.400000 0.578906 0.062500 0.064062
4 0.184375 0.439063 0.046875 0.037500
0 0.735156 0.817187 0.039062 0.034375
4 0.763281 0.308594 0.101562 0.070312
5 0.589844 0.871875 0.020313 0.031250
3 0.474219 0.686719 0.020313 0.020313
3 0.632812 0.345313 0.209375 0.168750
0 0.275781 0.381250 0.076563 0.065625
1 0.286719 0.745313 0.167187 0.115625
5 0.469531 0.317969 0.026562 0.029687
0 0.735938 0.575781 0.078125 0.073438
4 0.617969 0.236719 0.020313 0.023438
1 0.506250 0.734375 0.187500 0.190625
5 0.307812 0.150000 0.043750 0.043750
4 0.527344 0.323437 0.142187 0.118750
1 0.345313 0.514062 0.084375 0.071875
3 0.450781 0.546094 0.242188 0.401562
3 0.520312 0.709375 0.103125 0.103125
4 0.871094 0.664844 0.029687 0.035937
0 0.648438 0.200781 0.015625 0.017188
3 0.353125 0.432812 0.078125 0.078125
1 0.210938 0.257812 0.059375 0.059375
2 0.414062 0.370312 0.181250 0.175000
2 0.647656 0.726562 0.035937 0.040625
2 0.485938 0.478906 0.046875 0.039062
0 0.461719 0.353906 0.054688 0.054688
4 0.350781 0.725000 0.023438 0.021875
3 0.470313 0.542188 0.103125 0.103125
0 0.485156 0.551562 0.042188 0.037500
5 0.246094 0.767969 0.023438 0.026562
0 0.649219 0.356250 0.104688 0.106250
2 0.632812 0.728125 0.078125 0.078125
4 0.836719 0.257031 0.067187 0.045312
5 0.600000 0.639062 0.043750 0.037500
0 0.553906 0.781250 0.026562 0.028125
4 0.619531 0.321094 0.023438 0.023438
0 0.727344 0.306250 0.057813 0.059375
4 0.850000 0.689063 0.018750 0.021875
0 0.399219 0.637500 0.026562 0.018750
5 0.809375 0.767969 0.025000 0.026562
4 0.507812 0.846094 0.062500 0.057813
5 0.617188 0.425781 0.046875 0.035937
5 0.509375 0.465625 0.028125 0.028125
4 0.647656 0.459375 0.029687 0.034375
3 0.390625 0.275000 0.162500 0.206250
5 0.346094 0.749219 0.035937 0.035937
1 0.708594 0.132812 0.042188 0.053125
4 0.407031 0.845313 0.026562 0.025000
3 0.629687 0.765625 0.078125 0.150000
1 0.382812 0.878906 0.068750 0.089063
3 0.642969 0.667969 0.223438 0.189062
5 0.624219 0.300781 0.060937 0.064062
3 0.311719 0.439844 0.176563 0.176563
4 0.655469 0.388281 0.095312 0.089063
1 0.588281 0.136719 0.120313 0.107813
3 0.789844 0.580469 0.085938 0.045312
3 0.376563 0.382031 0.084375 0.045312
2 0.139063 0.506250 0.021875 0.021875
3 0.586719 0.457813 0.254688 0.225000
0 0.364844 0.214062 0.060937 0.068750
3 0.443750 0.587500 0.137500 0.137500
4 0.511719 0.876563 0.126562 0.140625
4 0.514062 0.723437 0.087500 0.084375
5 0.401562 0.839844 0.040625 0.045312
2 0.672656 0.722656 0.048438 0.045312
5 0.700781 0.326562 0.035937 0.028125
1 0.660156 0.591406 0.129688 0.107813
0 0.636719 0.719531 0.082812 0.076563
2 0.410156 0.760156 0.051562 0.051562
3 0.288281 0.489844 0.135937 0.135937
1 0.400781 0.672656 0.117188 0.123438
2 0.576562 0.851562 0.071875 0.065625
3 0.407031 0.791406 0.145313 0.095312
1 0.578125 0.803125 0.150000 0.153125
4 0.500000 0.592969 0.093750 0.073438
0 0.585938 0.246875 0.028125 0.028125
4 0.888281 0.613281 0.042188 0.045312
0 0.779687 0.459375 0.059375 0.050000
4 0.692969 0.627344 0.067187 0.076563
0 0.310937 0.157812 0.081250 0.078125
4 0.328906 0.841406 0.060937 0.057813
4 0.368750 0.598437 0.015625 0.012500
4 0.815625 0.788281 0.018750 0.017188
5 0.782031 0.246875 0.032813 0.040625
5 0.469531 0.426563 0.048438 0.075000
0 0.321875 0.465625 0.034375 0.037500
1 0.514062 0.609375 0.071875 0.075000
3 0.202344 0.800781 0.039062 0.039062
2 0.506250 0.760156 0.071875 0.057813
0 0.700781 0.664062 0.026562 0.028125
3 0.427344 0.232813 0.267188 0.265625