2 0.297656 0.300000 0.057813 0.062500
2 0.639844 0.201563 0.048438 0.053125
0 0.668750 0.489063 0.034375 0.028125
5 0.820312 0.714063 0.031250 0.031250
1 0.579688 0.850781 0.171875 0.132812
4 0.557031 0.182812 0.020313 0.015625
4 0.578125 0.425781 0.021875 0.023438
4 0.423438 0.085156 0.025000 0.029687
0 0.464062 0.772656 0.040625 0.029687
4 0.500781 0.221875 0.095312 0.087500
4 0.421094 0.655469 0.023438 0.017188
5 0.517969 0.597656 0.051562 0.045312
2 0.600781 0.603906 0.045312 0.054688
5 0.682031 0.585156 0.054688 0.054688
5 0.335156 0.885156 0.054688 0.054688
4 0.573438 0.130469 0.037500 0.035937
5 0.340625 0.653125 0.043750 0.037500
3 0.582812 0.569531 0.150000 0.182812
4 0.831250 0.748437 0.062500 0.056250
4 0.666406 0.872656 0.070312 0.057813
2 0.402344 0.405469 0.248438 0.260937
2 0.848437 0.434375 0.050000 0.046875
3 0.260937 0.645312 0.087500 0.087500
5 0.392188 0.657031 0.034375 0.029687
4 0.717969 0.325781 0.026562 0.026562
5 0.405469 0.569531 0.029687 0.029687
0 0.453906 0.247656 0.070312 0.070312
0 0.507031 0.650781 0.085938 0.082812
3 0.522656 0.750000 0.248438 0.325000
2 0.785937 0.410938 0.068750 0.109375
1 0.770312 0.530469 0.078125 0.067187
1 0.771094 0.809375 0.070312 0.065625
0 0.805469 0.388281 0.076563 0.076563
4 0.604688 0.177344 0.021875 0.026562
0 0.807813 0.460156 0.068750 0.064062
0 0.105469 0.594531 0.051562 0.054688
4 0.615625 0.257031 0.068750 0.054688
0 0.228125 0.534375 0.043750 0.037500
0 0.372656 0.777344 0.073438 0.060937
4 0.866406 0.320312 0.032813 0.034375
5 0.895312 0.570312 0.028125 0.028125
0 0.571875 0.248438 0.118750 0.109375
0 0.860156 0.400000 0.042188 0.037500
0 0.785156 0.331250 0.026562 0.034375
0 0.174219 0.529687 0.101562 0.109375
4 0.448437 0.422656 0.025000 0.020313
5 0.675781 0.339062 0.026562 0.034375
4 0.185156 0.450781 0.023438 0.023438
3 0.554688 0.332031 0.218750 0.126562
5 0.367969 0.366406 0.032813 0.032813
1 0.882812 0.585938 0.068750 0.062500
5 0.603906 0.398438 0.048438 0.046875
4 0.490625 0.424219 0.131250 0.073438
2 0.638281 0.499219 0.082812 0.064062
3 0.596875 0.253906 0.284375 0.335938
2 0.469531 0.150781 0.054688 0.042188
3 0.496875 0.589063 0.125000 0.125000
4 0.825000 0.491406 0.053125 0.073438
2 0.691406 0.842969 0.064062 0.054688
2 0.448437 0.349219 0.200000 0.201563
3 0.815625 0.584375 0.100000 0.100000
3 0.758594 0.485156 0.095312 0.095312
2 0.368750 0.906250 0.025000 0.021875
0 0.181250 0.644531 0.084375 0.079687
3 0.688281 0.646094 0.167187 0.167187
3 0.538281 0.371875 0.314063 0.246875
0 0.385937 0.360156 0.059375 0.054688
0 0.507031 0.346094 0.026562 0.035937
1 0.892188 0.466406 0.087500 0.070312
3 0.380469 0.357031 0.232813 0.198437
3 0.283594 0.667188 0.285938 0.225000
5 0.747656 0.812500 0.029687 0.028125
2 0.800781 0.239063 0.045312 0.040625
2 0.777344 0.303906 0.042188 0.035937
1 0.421875 0.719531 0.065625 0.070312
1 0.696875 0.829688 0.071875 0.093750
1 0.213281 0.361719 0.070312 0.067187
5 0.334375 0.264062 0.056250 0.065625
1 0.330469 0.855469 0.045312 0.032813
1 0.255469 0.561719 0.067187 0.095312
0 0.424219 0.447656 0.042188 0.051562
0 0.571094 0.546094 0.029687 0.029687
0 0.705469 0.314844 0.039062 0.035937
3 0.442188 0.323437 0.165625 0.171875
0 0.828125 0.364844 0.040625 0.045312
1 0.421875 0.610938 0.059375 0.053125
3 0.442969 0.715625 0.157812 0.159375
5 0.636719 0.618750 0.023438 0.025000
3 0.649219 0.778906 0.142187 0.142187
2 0.467969 0.674219 0.020313 0.029687
1 0.397656 0.225781 0.098437 0.054688
5 0.629687 0.866406 0.031250 0.048438
1 0.257031 0.470313 0.139063 0.128125
1 0.518750 0.404687 0.046875 0.040625
5 0.546094 0.685156 0.045312 0.045312
1 0.363281 0.725000 0.060937 0.050000
3 0.381250 0.543750 0.100000 0.100000
3 0.589844 0.764062 0.082812 0.128125
0 0.668750 0.851562 0.056250 0.053125
5 0.890625 0.396094 0.034375 0.029687
3 0.352344 0.490625 0.123438 0.093750
4 0.820312 0.482812 0.034375 0.034375
0 0.528906 0.328125 0.029687 0.028125
4 0.546094 0.337500 0.182812 0.175000
4 0.589844 0.703125 0.048438 0.043750
0 0.176563 0.700781 0.021875 0.026562