1 0.543750 0.468750 0.043750 0.050000
1 0.702344 0.726562 0.129688 0.103125
2 0.492188 0.472656 0.053125 0.076563
5 0.664844 0.373437 0.042188 0.046875
1 0.521875 0.434375 0.081250 0.075000
3 0.739062 0.573438 0.137500 0.137500
1 0.433594 0.621094 0.101562 0.098437
2 0.242969 0.621875 0.067187 0.059375
0 0.223438 0.334375 0.046875 0.050000
0 0.315625 0.808594 0.071875 0.051562
2 0.232813 0.446875 0.062500 0.050000
4 0.664844 0.632031 0.198437 0.226562
4 0.228125 0.564844 0.178125 0.195312
1 0.721875 0.181250 0.081250 0.103125
3 0.758594 0.750781 0.079687 0.079687
2 0.785937 0.478906 0.043750 0.048438
5 0.255469 0.414062 0.042188 0.040625
0 0.570312 0.539062 0.040625 0.043750
4 0.630469 0.871094 0.039062 0.051562
0 0.561719 0.472656 0.054688 0.057813
2 0.101562 0.413281 0.059375 0.067187
3 0.650000 0.239844 0.268750 0.185938
0 0.901563 0.564844 0.050000 0.035937
5 0.279687 0.667969 0.040625 0.045312
0 0.229687 0.207031 0.056250 0.051562
2 0.681250 0.761719 0.021875 0.026562
0 0.603906 0.529687 0.045312 0.037500
5 0.380469 0.520312 0.029687 0.031250
3 0.536719 0.175781 0.092188 0.092188
0 0.483594 0.434375 0.042188 0.056250
0 0.267969 0.264844 0.032813 0.032813
1 0.750781 0.346094 0.070312 0.082812
5 0.647656 0.364063 0.048438 0.050000
5 0.907813 0.448437 0.037500 0.034375
3 0.626563 0.172656 0.115625 0.154688
3 0.636719 0.189844 0.085938 0.085938
2 0.417187 0.210156 0.087500 0.076563
2 0.735156 0.564063 0.095312 0.078125
3 0.544531 0.485156 0.107813 0.107813
0 0.344531 0.297656 0.023438 0.023438
0 0.339844 0.810156 0.045312 0.054688
0 0.511719 0.396875 0.054688 0.050000
2 0.569531 0.075000 0.023438 0.028125
1 0.303125 0.507031 0.068750 0.067187
5 0.537500 0.299219 0.062500 0.070312
4 0.394531 0.314063 0.070312 0.075000
3 0.793750 0.726562 0.090625 0.090625
4 0.294531 0.409375 0.067187 0.062500
1 0.770312 0.399219 0.153125 0.182812
5 0.591406 0.453906 0.026562 0.026562
1 0.259375 0.685156 0.087500 0.070312
4 0.814844 0.626563 0.135937 0.168750
5 0.474219 0.760938 0.032813 0.031250
2 0.486719 0.536719 0.179688 0.195312
5 0.673438 0.610156 0.046875 0.054688
0 0.550781 0.477344 0.035937 0.035937
4 0.525000 0.332031 0.056250 0.057813
0 0.216406 0.355469 0.126562 0.107813
1 0.678125 0.476562 0.137500 0.128125
0 0.200000 0.365625 0.068750 0.046875
5 0.126562 0.331250 0.025000 0.025000
0 0.750781 0.781250 0.082812 0.062500
0 0.608594 0.242969 0.051562 0.079687
3 0.425781 0.608594 0.123438 0.082812
4 0.576562 0.555469 0.031250 0.029687
2 0.279687 0.714844 0.034375 0.035937
3 0.378906 0.627344 0.064062 0.064062
3 0.196094 0.394531 0.104688 0.104688
0 0.693750 0.790625 0.043750 0.034375
1 0.228125 0.692187 0.096875 0.096875
3 0.135156 0.392969 0.114062 0.114062
4 0.242969 0.846094 0.026562 0.023438
1 0.296875 0.562500 0.162500 0.165625
1 0.767969 0.424219 0.110937 0.110937
4 0.109375 0.467969 0.050000 0.051562
1 0.716406 0.225000 0.117188 0.137500
3 0.297656 0.716406 0.092188 0.092188
4 0.726562 0.599219 0.025000 0.017188
0 0.480469 0.700781 0.042188 0.026562
0 0.480469 0.605469 0.039062 0.032813
3 0.567187 0.232813 0.137500 0.137500
5 0.336719 0.642188 0.035937 0.037500
0 0.682031 0.125000 0.045312 0.040625
0 0.629687 0.860156 0.059375 0.054688
2 0.454688 0.230469 0.046875 0.067187
5 0.658594 0.747656 0.045312 0.035937
4 0.374219 0.850781 0.057813 0.067187
4 0.257812 0.707812 0.075000 0.065625
1 0.402344 0.671094 0.054688 0.064062
2 0.319531 0.611719 0.026562 0.035937
0 0.298438 0.390625 0.021875 0.025000
0 0.337500 0.261719 0.096875 0.079687
1 0.287500 0.407813 0.056250 0.062500
3 0.596875 0.691406 0.243750 0.232813
3 0.422656 0.874219 0.070312 0.070312
3 0.794531 0.317969 0.114062 0.114062
1 0.499219 0.190625 0.079687 0.106250
5 0.425781 0.328906 0.048438 0.057813
3 0.560156 0.460156 0.129688 0.145313
4 0.763281 0.548438 0.073438 0.081250