3 0.683594 0.203125 0.060937 0.118750
2 0.111719 0.700781 0.014063 0.014063
4 0.341406 0.363281 0.017188 0.020313
1 0.736719 0.306250 0.082812 0.071875
3 0.119531 0.378906 0.076563 0.076563
1 0.332813 0.410938 0.112500 0.125000
5 0.163281 0.528906 0.048438 0.039062
1 0.116406 0.566406 0.120313 0.095312
0 0.640625 0.868750 0.037500 0.034375
1 0.585938 0.850000 0.053125 0.062500
0 0.230469 0.606250 0.045312 0.040625
0 0.321094 0.342187 0.035937 0.040625
1 0.298438 0.427344 0.084375 0.114062
4 0.139063 0.685937 0.018750 0.015625
4 0.411719 0.237500 0.085938 0.109375
4 0.371875 0.421875 0.031250 0.031250
4 0.546875 0.896094 0.028125 0.029687
1 0.855469 0.493750 0.060937 0.093750
3 0.309375 0.482031 0.115625 0.085938
0 0.908594 0.505469 0.060937 0.057813
4 0.265625 0.647656 0.178125 0.182812
1 0.764844 0.264062 0.126562 0.084375
1 0.585156 0.478125 0.070312 0.081250
1 0.404687 0.159375 0.106250 0.103125
3 0.700000 0.790625 0.084375 0.084375
1 0.235937 0.244531 0.068750 0.073438
4 0.423438 0.549219 0.037500 0.048438
3 0.420312 0.444531 0.075000 0.067187
4 0.194531 0.371875 0.023438 0.021875
2 0.170313 0.725000 0.021875 0.018750
2 0.567187 0.512500 0.081250 0.078125
5 0.853125 0.437500 0.034375 0.025000
5 0.875000 0.519531 0.034375 0.032813
1 0.621875 0.414844 0.103125 0.092188
5 0.332031 0.873437 0.048438 0.037500
4 0.583594 0.477344 0.089063 0.089063
5 0.643750 0.395313 0.050000 0.062500
3 0.763281 0.404687 0.164062 0.165625
4 0.480469 0.622656 0.029687 0.032813
1 0.431250 0.619531 0.162500 0.142187
5 0.079687 0.486719 0.031250 0.035937
5 0.443750 0.138281 0.050000 0.057813
3 0.642969 0.604688 0.145313 0.215625
3 0.267188 0.520312 0.106250 0.106250
1 0.860938 0.503125 0.071875 0.081250
4 0.313281 0.410938 0.057813 0.053125
4 0.419531 0.860938 0.051562 0.065625
4 0.146875 0.413281 0.025000 0.026562
2 0.357812 0.411719 0.034375 0.035937
3 0.614062 0.509375 0.234375 0.240625
5 0.613281 0.112500 0.035937 0.040625
4 0.592969 0.498437 0.110937 0.128125
4 0.867969 0.380469 0.035937 0.029687
3 0.715625 0.695312 0.121875 0.121875
5 0.669531 0.335156 0.029687 0.051562
3 0.781250 0.646875 0.143750 0.153125
4 0.390625 0.141406 0.109375 0.129688
2 0.101562 0.515625 0.050000 0.053125
1 0.839063 0.570312 0.056250 0.087500
4 0.259375 0.801562 0.021875 0.021875
3 0.339844 0.447656 0.173437 0.120313
0 0.192188 0.740625 0.053125 0.046875
1 0.356250 0.456250 0.056250 0.053125
4 0.551562 0.260156 0.021875 0.026562
4 0.258594 0.173437 0.054688 0.050000
1 0.698438 0.639062 0.109375 0.096875
0 0.218750 0.448437 0.056250 0.059375
1 0.714844 0.219531 0.101562 0.101562
2 0.632812 0.872656 0.021875 0.032813
1 0.210156 0.456250 0.051562 0.053125
3 0.585938 0.650781 0.100000 0.151562
5 0.760938 0.560156 0.037500 0.039062
5 0.221875 0.675000 0.053125 0.050000
3 0.568750 0.781250 0.131250 0.106250
3 0.710156 0.749219 0.095312 0.095312
4 0.236719 0.243750 0.017188 0.012500
5 0.748437 0.503125 0.059375 0.053125
3 0.194531 0.651563 0.157812 0.203125
3 0.611719 0.579688 0.276562 0.334375
0 0.495312 0.550000 0.031250 0.031250
4 0.378125 0.206250 0.021875 0.018750
2 0.165625 0.432031 0.031250 0.029687
2 0.164062 0.587500 0.078125 0.084375
0 0.828125 0.361719 0.068750 0.064062
0 0.689063 0.647656 0.068750 0.057813
5 0.158594 0.336719 0.057813 0.051562
2 0.564844 0.535156 0.035937 0.039062
2 0.230469 0.707812 0.042188 0.040625
4 0.689063 0.519531 0.031250 0.020313
1 0.454688 0.321875 0.156250 0.159375
2 0.482031 0.433594 0.054688 0.054688
3 0.834375 0.590625 0.071875 0.071875
3 0.247656 0.612500 0.198437 0.200000
3 0.403906 0.693750 0.298438 0.196875
4 0.197656 0.530469 0.048438 0.045312
1 0.375000 0.153906 0.084375 0.089063
2 0.617969 0.791406 0.214062 0.173437
4 0.605469 0.378906 0.242188 0.239063
4 0.139844 0.462500 0.064062 0.059375
2 0.695312 0.253125 0.018750 0.021875
4 0.570312 0.439844 0.034375 0.023438
0 0.606250 0.111719 0.078125 0.082812
0 0.570312 0.253125 0.050000 0.037500
2 0.716406 0.706250 0.089063 0.084375
2 0.500000 0.365625 0.068750 0.046875
3 0.425000 0.567969 0.275000 0.276562
5 0.203906 0.462500 0.039062 0.037500
0 0.746094 0.562500 0.026562 0.031250
0 0.836719 0.690625 0.035937 0.031250
2 0.629687 0.829688 0.034375 0.034375
0 0.208594 0.540625 0.085938 0.078125
2 0.701562 0.414062 0.034375 0.065625
1 0.383594 0.885938 0.073438 0.065625
1 0.538281 0.378125 0.089063 0.118750
5 0.221094 0.580469 0.067187 0.054688
3 0.257812 0.378125 0.112500 0.103125
5 0.342969 0.591406 0.054688 0.051562
0 0.499219 0.928906 0.026562 0.026562
5 0.481250 0.582812 0.025000 0.025000
3 0.374219 0.269531 0.135937 0.135937
3 0.785156 0.481250 0.151562 0.237500
2 0.567969 0.167187 0.179688 0.112500
2 0.239063 0.154688 0.025000 0.021875
4 0.759375 0.751563 0.031250 0.028125
3 0.557031 0.564844 0.285938 0.254688
2 0.427344 0.630469 0.017188 0.017188
0 0.532031 0.578906 0.054688 0.045312
2 0.160156 0.582031 0.039062 0.035937
0 0.350781 0.693750 0.064062 0.062500
2 0.921875 0.526563 0.040625 0.034375
0 0.796094 0.309375 0.029687 0.028125
1 0.190625 0.523438 0.071875 0.084375
0 0.347656 0.315625 0.070312 0.059375
3 0.335938 0.684375 0.290625 0.259375
3 0.621094 0.740625 0.145313 0.143750
0 0.569531 0.113281 0.048438 0.042188
4 0.467969 0.387500 0.023438 0.021875
1 0.143750 0.371875 0.053125 0.056250
1 0.151562 0.435937 0.059375 0.071875
2 0.426563 0.525781 0.021875 0.020313
1 0.235156 0.607812 0.057813 0.046875
2 0.246875 0.417969 0.031250 0.035937
4 0.215625 0.392969 0.025000 0.023438
1 0.842969 0.408594 0.082812 0.089063
2 0.414844 0.710156 0.051562 0.048438
0 0.292187 0.471875 0.078125 0.071875