3 0.277344 0.278906 0.157812 0.160938
4 0.302344 0.687500 0.154688 0.156250
4 0.614844 0.506250 0.076563 0.075000
1 0.857031 0.657813 0.120313 0.059375
3 0.391406 0.427344 0.092188 0.092188
0 0.443750 0.224219 0.084375 0.085938
3 0.773438 0.314063 0.143750 0.143750
0 0.153125 0.283594 0.056250 0.039062
5 0.307812 0.522656 0.028125 0.029687
0 0.193750 0.325000 0.046875 0.034375
4 0.235156 0.820312 0.020313 0.021875
4 0.292969 0.207031 0.120313 0.120313
4 0.289844 0.833594 0.060937 0.073438
5 0.481250 0.728906 0.021875 0.023438
0 0.510156 0.699219 0.029687 0.029687
2 0.404687 0.180469 0.068750 0.051562
5 0.167969 0.680469 0.032813 0.029687
2 0.642969 0.890625 0.032813 0.050000
4 0.807031 0.389844 0.054688 0.039062
2 0.392969 0.718750 0.167187 0.150000
5 0.342187 0.663281 0.031250 0.051562
2 0.338281 0.835156 0.073438 0.057813
0 0.524219 0.503906 0.114062 0.110937
4 0.817187 0.606250 0.031250 0.028125
1 0.744531 0.514062 0.126562 0.125000
1 0.852344 0.390625 0.157812 0.090625
0 0.279687 0.346875 0.018750 0.034375
4 0.409375 0.442969 0.021875 0.023438
2 0.526563 0.465625 0.043750 0.050000
5 0.695312 0.675000 0.046875 0.043750
4 0.451562 0.649219 0.046875 0.045312
1 0.674219 0.296875 0.101562 0.103125
1 0.673438 0.497656 0.021875 0.026562
3 0.465625 0.207813 0.190625 0.250000
1 0.178906 0.407813 0.101562 0.075000
5 0.485938 0.823438 0.046875 0.050000
3 0.667969 0.441406 0.239063 0.176563
1 0.731250 0.677344 0.193750 0.179688
4 0.389844 0.660937 0.023438 0.025000
1 0.646875 0.398438 0.059375 0.068750
2 0.688281 0.859375 0.079687 0.053125
3 0.688281 0.353906 0.154688 0.164062
5 0.707812 0.302344 0.028125 0.023438
5 0.305469 0.735156 0.023438 0.023438
2 0.176563 0.304688 0.075000 0.062500
4 0.671094 0.397656 0.045312 0.051562
5 0.228125 0.566406 0.056250 0.048438
2 0.232813 0.262500 0.071875 0.078125
3 0.609375 0.756250 0.112500 0.112500
1 0.424219 0.526563 0.107813 0.121875
2 0.745313 0.247656 0.062500 0.054688
3 0.874219 0.653906 0.085938 0.085938
4 0.560937 0.495312 0.053125 0.071875
0 0.722656 0.807813 0.039062 0.046875
0 0.888281 0.400000 0.042188 0.062500
1 0.672656 0.606250 0.170313 0.181250
4 0.317188 0.535937 0.100000 0.100000
5 0.827344 0.292187 0.042188 0.034375
2 0.521094 0.602344 0.101562 0.089063
4 0.121094 0.533594 0.017188 0.017188
2 0.860156 0.744531 0.029687 0.026562
5 0.289844 0.506250 0.064062 0.065625
4 0.481250 0.646875 0.034375 0.043750
0 0.768750 0.465625 0.046875 0.043750
5 0.706250 0.775000 0.043750 0.053125
5 0.206250 0.475781 0.031250 0.048438
5 0.136719 0.594531 0.054688 0.057813
3 0.603906 0.632031 0.085938 0.085938
1 0.861719 0.374219 0.073438 0.067187
4 0.368750 0.639062 0.065625 0.090625
0 0.440625 0.442188 0.065625 0.059375
3 0.238281 0.604688 0.198437 0.293750
0 0.615625 0.889062 0.071875 0.062500
5 0.285938 0.226562 0.050000 0.059375
4 0.403906 0.674219 0.045312 0.048438
2 0.768750 0.541406 0.046875 0.045312
5 0.707812 0.589063 0.078125 0.078125
0 0.237500 0.371875 0.040625 0.034375
4 0.510156 0.248438 0.026562 0.028125
4 0.470313 0.788281 0.062500 0.054688
5 0.276562 0.844531 0.028125 0.029687
5 0.708594 0.439063 0.035937 0.053125
5 0.676562 0.892969 0.037500 0.032813
2 0.353906 0.386719 0.051562 0.054688
4 0.267188 0.557031 0.062500 0.057813
4 0.781250 0.670312 0.062500 0.059375
4 0.439063 0.702344 0.050000 0.039062
5 0.622656 0.407031 0.029687 0.029687
1 0.589844 0.232031 0.076563 0.126562
4 0.775781 0.427344 0.017188 0.020313
3 0.681250 0.193750 0.078125 0.078125
3 0.303906 0.249219 0.070312 0.070312
4 0.567969 0.707812 0.060937 0.062500
2 0.491406 0.115625 0.067187 0.062500
2 0.403125 0.196875 0.053125 0.053125
0 0.492188 0.775781 0.040625 0.039062
5 0.642188 0.816406 0.040625 0.042188
3 0.676562 0.152344 0.078125 0.079687
4 0.424219 0.607031 0.048438 0.051562
3 0.267969 0.385937 0.070312 0.081250