4 0.383594 0.086719 0.023438 0.023438
3 0.417187 0.888281 0.056250 0.054688
1 0.604688 0.857031 0.103125 0.107813
3 0.333594 0.635938 0.267188 0.396875
4 0.409375 0.900000 0.025000 0.031250
2 0.782031 0.192188 0.035937 0.037500
5 0.598437 0.366406 0.037500 0.032813
1 0.322656 0.174219 0.079687 0.070312
1 0.750781 0.680469 0.126562 0.085938
2 0.251563 0.669531 0.043750 0.045312
5 0.798438 0.783594 0.015625 0.020313
4 0.660937 0.365625 0.031250 0.031250
1 0.309375 0.635156 0.078125 0.089063
2 0.746094 0.276562 0.020313 0.018750
5 0.470313 0.398438 0.021875 0.037500
3 0.379688 0.334375 0.140625 0.140625
3 0.721875 0.336719 0.171875 0.173437
0 0.622656 0.239063 0.060937 0.071875
3 0.469531 0.217969 0.164062 0.270313
4 0.469531 0.341406 0.023438 0.023438
1 0.570312 0.394531 0.059375 0.079687
4 0.596875 0.615625 0.025000 0.034375
3 0.680469 0.641406 0.154688 0.154688
2 0.725000 0.793750 0.015625 0.021875
0 0.576562 0.451562 0.115625 0.118750
1 0.423438 0.667188 0.068750 0.056250
4 0.703906 0.498437 0.064062 0.056250
1 0.291406 0.716406 0.170313 0.117188
5 0.596094 0.697656 0.067187 0.057813
5 0.700000 0.196875 0.040625 0.031250
1 0.574219 0.207031 0.082812 0.073438
1 0.709375 0.617969 0.059375 0.067187
0 0.610156 0.340625 0.045312 0.040625
3 0.589063 0.814063 0.118750 0.118750
4 0.554688 0.705469 0.043750 0.048438
1 0.404687 0.798438 0.128125 0.134375
0 0.767969 0.332813 0.076563 0.068750
1 0.598437 0.583594 0.053125 0.067187
2 0.506250 0.614844 0.084375 0.067187
3 0.218750 0.440625 0.125000 0.125000
0 0.259375 0.724219 0.050000 0.045312
3 0.797656 0.486719 0.104688 0.104688
1 0.546094 0.604688 0.067187 0.081250
5 0.729688 0.384375 0.046875 0.050000
3 0.719531 0.357812 0.245312 0.253125
3 0.585156 0.363281 0.101562 0.101562
0 0.354687 0.475781 0.084375 0.079687
3 0.552344 0.332031 0.298438 0.298438
5 0.371875 0.650781 0.050000 0.048438
1 0.317188 0.502344 0.065625 0.064062
3 0.409375 0.267188 0.346875 0.331250
1 0.267188 0.352344 0.059375 0.054688
0 0.682813 0.153125 0.028125 0.025000
1 0.365625 0.253906 0.056250 0.067187
3 0.245312 0.643750 0.156250 0.190625
2 0.739844 0.656250 0.045312 0.034375
0 0.746875 0.629687 0.046875 0.053125
4 0.764844 0.228906 0.017188 0.017188
5 0.766406 0.718750 0.032813 0.031250
3 0.437500 0.556250 0.068750 0.068750
1 0.656250 0.246094 0.100000 0.076563
5 0.857812 0.634375 0.018750 0.018750
3 0.419531 0.717187 0.079687 0.106250
3 0.144531 0.533594 0.079687 0.082812
5 0.804688 0.659375 0.031250 0.037500
4 0.775000 0.548438 0.028125 0.025000
4 0.353906 0.710156 0.029687 0.026562
0 0.410938 0.520312 0.093750 0.075000
3 0.435156 0.275781 0.164062 0.164062
0 0.079687 0.496094 0.018750 0.020313
1 0.249219 0.482812 0.054688 0.050000
4 0.474219 0.540625 0.064062 0.043750
1 0.296875 0.182812 0.062500 0.071875
2 0.563281 0.856250 0.073438 0.059375
4 0.698438 0.325781 0.028125 0.032813
4 0.242188 0.783594 0.031250 0.029687
2 0.640625 0.768750 0.059375 0.050000
0 0.352344 0.189844 0.023438 0.020313
1 0.165625 0.335938 0.065625 0.062500
0 0.782813 0.340625 0.046875 0.062500
4 0.813281 0.542188 0.020313 0.018750
2 0.553125 0.225000 0.031250 0.028125
0 0.483594 0.831250 0.023438 0.028125
2 0.799219 0.635938 0.123438 0.109375
3 0.389844 0.516406 0.120313 0.120313
1 0.413281 0.599219 0.070312 0.089063
2 0.814844 0.376563 0.026562 0.028125
1 0.336719 0.622656 0.182812 0.192188
5 0.262500 0.628125 0.031250 0.043750
0 0.364063 0.438281 0.040625 0.032813
0 0.304688 0.849219 0.078125 0.076563
1 0.816406 0.635156 0.060937 0.070312
3 0.769531 0.630469 0.226562 0.157812
0 0.268750 0.759375 0.037500 0.031250
2 0.325000 0.875781 0.037500 0.035937
4 0.578906 0.604688 0.060937 0.065625
2 0.629687 0.384375 0.059375 0.062500
1 0.649219 0.337500 0.045312 0.037500
4 0.098437 0.605469 0.056250 0.057813
4 0.449219 0.173437 0.048438 0.037500
3 0.536719 0.876563 0.095312 0.093750
3 0.155469 0.372656 0.039062 0.039062
1 0.153125 0.587500 0.050000 0.046875
5 0.146094 0.577344 0.076563 0.076563
5 0.758594 0.322656 0.067187 0.067187
2 0.752344 0.601562 0.057813 0.056250
4 0.362500 0.085938 0.018750 0.025000
3 0.203906 0.591406 0.123438 0.151562
3 0.717969 0.533594 0.104688 0.104688
3 0.539844 0.554688 0.282813 0.421875
3 0.629687 0.789062 0.168750 0.168750
5 0.460938 0.569531 0.043750 0.039062
4 0.107031 0.400000 0.020313 0.018750
0 0.728906 0.529687 0.139063 0.146875
4 0.835156 0.670312 0.076563 0.084375
0 0.425781 0.871875 0.051562 0.040625
2 0.810937 0.609375 0.015625 0.015625
0 0.813281 0.388281 0.073438 0.070312
5 0.218750 0.664844 0.025000 0.048438
0 0.866406 0.566406 0.085938 0.073438
1 0.470313 0.629687 0.062500 0.056250
0 0.581250 0.238281 0.028125 0.023438
4 0.384375 0.647656 0.043750 0.035937
3 0.266406 0.709375 0.189062 0.256250
1 0.551562 0.500000 0.065625 0.075000
5 0.099219 0.624219 0.029687 0.026562
2 0.396875 0.901563 0.037500 0.040625
0 0.890625 0.462500 0.046875 0.043750
1 0.323437 0.685156 0.112500 0.092188
4 0.789062 0.764844 0.040625 0.051562
0 0.456250 0.792969 0.053125 0.048438
2 0.503906 0.142969 0.035937 0.039062
3 0.629687 0.303125 0.118750 0.184375
0 0.445312 0.390625 0.062500 0.065625
2 0.469531 0.401562 0.035937 0.031250
3 0.396875 0.468750 0.134375 0.134375
2 0.803125 0.362500 0.018750 0.018750
3 0.245312 0.399219 0.153125 0.226562