0 0.514844 0.432812 0.082812 0.078125
4 0.554688 0.914844 0.050000 0.042188
1 0.460156 0.221875 0.029687 0.021875
0 0.474219 0.509375 0.039062 0.034375
5 0.726562 0.407813 0.021875 0.031250
4 0.257031 0.840625 0.042188 0.040625
4 0.501563 0.503125 0.015625 0.015625
4 0.496094 0.800781 0.029687 0.039062
5 0.301563 0.851562 0.050000 0.043750
3 0.442969 0.130469 0.101562 0.101562
4 0.691406 0.303906 0.035937 0.048438
2 0.690625 0.858594 0.040625 0.032813
4 0.412500 0.538281 0.134375 0.132812
4 0.576562 0.260156 0.031250 0.032813
3 0.590625 0.437500 0.221875 0.353125
5 0.592187 0.617188 0.046875 0.046875
5 0.746094 0.846875 0.039062 0.037500
0 0.869531 0.714063 0.042188 0.031250
3 0.612500 0.603125 0.112500 0.112500
2 0.570312 0.812500 0.065625 0.062500
5 0.318750 0.591406 0.021875 0.039062
0 0.252344 0.451562 0.045312 0.046875
0 0.700000 0.221875 0.106250 0.096875
5 0.524219 0.708594 0.042188 0.035937
0 0.088281 0.525000 0.048438 0.050000
3 0.589844 0.309375 0.214062 0.221875
1 0.512500 0.225781 0.075000 0.082812
4 0.486719 0.331250 0.023438 0.025000
4 0.435156 0.721094 0.095312 0.076563
5 0.352344 0.486719 0.042188 0.042188
1 0.289062 0.271875 0.115625 0.093750
1 0.682031 0.395313 0.076563 0.087500
3 0.510156 0.128906 0.107813 0.101562
5 0.121094 0.407813 0.051562 0.050000
0 0.788281 0.522656 0.070312 0.051562
1 0.820312 0.441406 0.059375 0.070312
5 0.325781 0.737500 0.048438 0.053125
4 0.473438 0.746094 0.125000 0.092188
3 0.297656 0.742969 0.104688 0.104688
2 0.721875 0.639062 0.018750 0.018750
2 0.743750 0.493750 0.040625 0.050000
3 0.325000 0.277344 0.268750 0.251563
0 0.739844 0.721875 0.060937 0.053125
2 0.651563 0.534375 0.031250 0.021875
4 0.875781 0.579688 0.064062 0.062500
5 0.090625 0.593750 0.037500 0.037500
0 0.291406 0.496094 0.060937 0.057813
4 0.638281 0.767969 0.026562 0.042188
0 0.714844 0.571094 0.029687 0.029687
4 0.592969 0.510156 0.160938 0.192188
4 0.403125 0.671875 0.068750 0.053125
4 0.222656 0.400781 0.045312 0.051562
0 0.285156 0.375781 0.082812 0.073438
5 0.801562 0.292969 0.059375 0.060937
2 0.728125 0.239844 0.062500 0.060937
0 0.693750 0.388281 0.081250 0.082812
5 0.349219 0.260156 0.035937 0.032813
5 0.285938 0.630469 0.037500 0.039062
5 0.860156 0.379688 0.045312 0.043750
4 0.333594 0.270313 0.023438 0.031250
2 0.344531 0.593750 0.026562 0.021875
1 0.485938 0.431250 0.081250 0.084375
0 0.416406 0.260156 0.023438 0.017188
4 0.648438 0.120313 0.081250 0.081250
2 0.422656 0.335156 0.042188 0.070312
0 0.671875 0.483594 0.053125 0.039062
5 0.345313 0.250781 0.037500 0.045312
4 0.760938 0.400000 0.034375 0.034375
0 0.325781 0.412500 0.029687 0.028125
2 0.639844 0.371875 0.048438 0.034375
3 0.133594 0.396094 0.107813 0.107813
2 0.175000 0.664844 0.090625 0.079687
1 0.266406 0.198437 0.045312 0.056250
0 0.780469 0.607031 0.182812 0.182812
3 0.688281 0.528906 0.135937 0.135937
0 0.341406 0.283594 0.101562 0.110937
0 0.483594 0.561719 0.082812 0.092188
0 0.565625 0.110937 0.025000 0.021875
5 0.244531 0.825000 0.045312 0.053125
0 0.463281 0.618750 0.085938 0.090625
1 0.523438 0.501563 0.103125 0.118750
0 0.471094 0.255469 0.051562 0.051562
1 0.564063 0.554688 0.093750 0.128125
1 0.653906 0.602344 0.082812 0.082812
2 0.694531 0.282813 0.060937 0.065625
0 0.828906 0.300000 0.048438 0.075000
0 0.210938 0.758594 0.056250 0.045312
0 0.453125 0.160156 0.046875 0.039062
5 0.257812 0.330469 0.037500 0.039062
5 0.385156 0.214844 0.039062 0.039062
2 0.834375 0.453125 0.015625 0.015625
4 0.439844 0.752344 0.023438 0.020313
4 0.203906 0.435937 0.085938 0.075000
3 0.650781 0.400781 0.239063 0.210938
5 0.414844 0.801562 0.045312 0.050000
3 0.535937 0.148438 0.159375 0.159375
1 0.654687 0.867188 0.062500 0.084375
0 0.867969 0.535156 0.026562 0.029687
0 0.814844 0.514062 0.026562 0.021875
1 0.663281 0.639844 0.139063 0.104688
0 0.518750 0.830469 0.121875 0.114062
5 0.417969 0.517188 0.042188 0.037500
2 0.269531 0.301563 0.217188 0.228125
5 0.783594 0.526563 0.048438 0.050000