2 0.258594 0.516406 0.151562 0.157812
0 0.202344 0.504687 0.039062 0.037500
3 0.688281 0.703125 0.285938 0.237500
3 0.792188 0.693750 0.106250 0.106250
2 0.751563 0.380469 0.037500 0.048438
5 0.443750 0.436719 0.053125 0.035937
5 0.125000 0.532813 0.031250 0.034375
2 0.575781 0.767188 0.029687 0.025000
4 0.282031 0.552344 0.189062 0.167187
3 0.609375 0.595313 0.268750 0.425000
5 0.492188 0.166406 0.056250 0.064062
3 0.477344 0.199219 0.095312 0.095312
0 0.360938 0.764062 0.062500 0.068750
1 0.766406 0.407031 0.085938 0.070312
1 0.274219 0.143750 0.045312 0.028125
1 0.878906 0.642969 0.082812 0.073438
2 0.361719 0.383594 0.029687 0.029687
1 0.688281 0.535156 0.045312 0.035937
0 0.314063 0.253125 0.068750 0.059375
1 0.375000 0.778906 0.059375 0.054688
1 0.465625 0.770312 0.068750 0.071875
0 0.265625 0.395313 0.018750 0.015625
4 0.515625 0.203125 0.018750 0.018750
3 0.679688 0.498437 0.312500 0.312500
4 0.269531 0.814063 0.023438 0.021875
2 0.507031 0.614062 0.039062 0.031250
2 0.536719 0.212500 0.023438 0.034375
0 0.646875 0.485938 0.087500 0.084375
0 0.725781 0.683594 0.085938 0.089063
2 0.708594 0.508594 0.039062 0.045312
4 0.672656 0.815625 0.026562 0.025000
0 0.728906 0.310156 0.051562 0.054688
3 0.564063 0.576562 0.100000 0.137500
5 0.109375 0.496875 0.031250 0.056250
5 0.369531 0.790625 0.039062 0.040625
4 0.368750 0.857031 0.053125 0.045312
1 0.328906 0.409375 0.067187 0.081250
4 0.533594 0.877344 0.032813 0.023438
4 0.603906 0.457031 0.145313 0.157812
2 0.883594 0.318750 0.048438 0.037500
4 0.478125 0.157031 0.034375 0.048438
4 0.515625 0.297656 0.062500 0.079687
4 0.495312 0.084375 0.015625 0.021875
2 0.663281 0.760938 0.054688 0.056250
1 0.560937 0.353125 0.028125 0.028125
4 0.389844 0.757031 0.023438 0.039062
1 0.455469 0.629687 0.154688 0.115625
4 0.483594 0.919531 0.054688 0.039062
1 0.315625 0.660156 0.159375 0.114062
2 0.490625 0.614844 0.046875 0.042188
3 0.631250 0.846875 0.081250 0.081250
2 0.560937 0.250000 0.025000 0.025000
2 0.603906 0.257031 0.042188 0.032813
3 0.519531 0.439844 0.120313 0.176563
0 0.419531 0.839844 0.057813 0.057813
4 0.657813 0.536719 0.096875 0.092188
0 0.717187 0.296875 0.125000 0.118750
2 0.585156 0.611719 0.032813 0.045312
5 0.585938 0.818750 0.025000 0.018750
4 0.615625 0.332813 0.168750 0.140625
0 0.653906 0.603125 0.042188 0.037500
1 0.703125 0.480469 0.106250 0.123438
4 0.413281 0.421094 0.039062 0.039062
5 0.611719 0.903906 0.032813 0.026562
3 0.398438 0.415625 0.140625 0.140625
4 0.339062 0.332813 0.018750 0.015625
3 0.503906 0.735938 0.389062 0.381250
5 0.415625 0.754687 0.034375 0.034375
2 0.550000 0.710938 0.040625 0.037500
4 0.731250 0.550781 0.056250 0.045312
4 0.207031 0.580469 0.160938 0.160938
1 0.363281 0.697656 0.085938 0.098437
3 0.293750 0.396875 0.240625 0.240625
0 0.513281 0.780469 0.048438 0.045312
0 0.889062 0.605469 0.046875 0.051562
3 0.600000 0.482812 0.115625 0.125000
2 0.365625 0.432031 0.053125 0.045312
1 0.658594 0.278906 0.095312 0.057813
1 0.426563 0.777344 0.071875 0.073438
1 0.190625 0.717187 0.065625 0.078125
5 0.589063 0.375781 0.037500 0.039062
2 0.421875 0.482031 0.031250 0.070312
0 0.292187 0.853906 0.056250 0.048438
3 0.340625 0.690625 0.112500 0.112500
1 0.333594 0.765625 0.060937 0.059375
1 0.141406 0.599219 0.073438 0.098437
4 0.671875 0.257812 0.021875 0.021875
1 0.509375 0.350781 0.234375 0.151562
4 0.636719 0.659375 0.064062 0.062500
2 0.325781 0.334375 0.020313 0.028125
0 0.264844 0.296094 0.032813 0.035937
0 0.419531 0.129688 0.098437 0.087500
4 0.408594 0.465625 0.026562 0.040625
4 0.157812 0.261719 0.031250 0.032813
3 0.699219 0.623437 0.151562 0.231250
2 0.796094 0.304688 0.057813 0.050000
4 0.328906 0.814844 0.079687 0.079687
0 0.537500 0.886719 0.050000 0.048438
4 0.630469 0.361719 0.295312 0.310937
2 0.647656 0.781250 0.073438 0.078125
1 0.848437 0.458594 0.053125 0.060937
1 0.475000 0.569531 0.065625 0.076563
3 0.261719 0.303125 0.223438 0.165625
0 0.378906 0.785156 0.048438 0.039062
1 0.404687 0.150000 0.115625 0.134375
5 0.354687 0.560937 0.034375 0.034375
2 0.314063 0.492969 0.059375 0.082812
0 0.317969 0.754687 0.054688 0.056250
5 0.735156 0.409375 0.020313 0.028125