5 0.398438 0.817969 0.050000 0.048438
1 0.787500 0.602344 0.075000 0.098437
0 0.302344 0.597656 0.089063 0.101562
0 0.553906 0.759375 0.076563 0.059375
0 0.557813 0.729688 0.109375 0.118750
1 0.770312 0.478125 0.068750 0.078125
2 0.734375 0.836719 0.034375 0.029687
4 0.304688 0.274219 0.075000 0.060937
0 0.846094 0.361719 0.139063 0.139063
0 0.130469 0.692969 0.035937 0.029687
3 0.598437 0.451562 0.293750 0.271875
5 0.540625 0.189062 0.034375 0.037500
0 0.591406 0.377344 0.023438 0.023438
2 0.541406 0.575781 0.092188 0.095312
2 0.745313 0.608594 0.040625 0.048438
3 0.743750 0.417969 0.234375 0.223438
1 0.267188 0.403125 0.075000 0.075000
4 0.407813 0.403906 0.018750 0.023438
2 0.473438 0.577344 0.181250 0.139063
3 0.405469 0.627344 0.107813 0.107813
5 0.573438 0.887500 0.037500 0.043750
1 0.464062 0.311719 0.112500 0.095312
2 0.420312 0.594531 0.050000 0.048438
3 0.258594 0.564844 0.154688 0.151562
3 0.684375 0.695312 0.140625 0.171875
1 0.770312 0.544531 0.071875 0.079687
2 0.749219 0.632812 0.039062 0.031250
4 0.534375 0.775000 0.025000 0.021875
0 0.307812 0.171094 0.090625 0.082812
1 0.371094 0.240625 0.076563 0.118750
0 0.546875 0.567187 0.021875 0.021875
4 0.335156 0.435156 0.048438 0.067187
2 0.391406 0.264062 0.045312 0.050000
3 0.236719 0.414844 0.089063 0.089063
1 0.185156 0.710156 0.085938 0.107813
3 0.219531 0.473438 0.164062 0.165625
2 0.563281 0.745313 0.079687 0.087500
0 0.171094 0.309375 0.117188 0.100000
0 0.816406 0.695312 0.064062 0.056250
5 0.638281 0.217188 0.060937 0.065625
0 0.364844 0.517188 0.032813 0.031250
1 0.689063 0.570312 0.062500 0.065625
3 0.760938 0.556250 0.200000 0.231250
2 0.750000 0.484375 0.046875 0.050000
1 0.791406 0.592187 0.054688 0.059375
0 0.364063 0.297656 0.078125 0.070312
5 0.758594 0.242188 0.023438 0.025000
0 0.521094 0.211719 0.120313 0.117188
1 0.467969 0.227344 0.045312 0.045312
4 0.728125 0.655469 0.025000 0.020313
1 0.375000 0.455469 0.056250 0.064062
2 0.316406 0.860156 0.067187 0.076563
1 0.187500 0.710938 0.084375 0.078125
4 0.325781 0.751563 0.051562 0.062500
5 0.578125 0.561719 0.028125 0.026562
4 0.471094 0.096875 0.029687 0.028125
0 0.650781 0.425781 0.048438 0.042188
5 0.601562 0.893750 0.050000 0.037500
1 0.225781 0.372656 0.089063 0.082812
3 0.452344 0.216406 0.273438 0.254688
3 0.377344 0.585938 0.104688 0.140625
2 0.168750 0.602344 0.034375 0.032813
0 0.579688 0.676562 0.143750 0.153125
2 0.250000 0.445312 0.165625 0.096875
1 0.150000 0.283594 0.053125 0.054688
5 0.571094 0.151562 0.042188 0.043750
1 0.229687 0.396875 0.121875 0.150000
0 0.392969 0.225781 0.051562 0.060937
3 0.647656 0.771094 0.151562 0.151562
5 0.269531 0.332031 0.026562 0.042188
4 0.552344 0.849219 0.051562 0.060937
3 0.451562 0.364063 0.234375 0.243750
2 0.286719 0.139063 0.042188 0.034375
0 0.805469 0.679688 0.048438 0.040625
0 0.178125 0.242969 0.037500 0.039062
5 0.780469 0.813281 0.020313 0.023438
1 0.310156 0.817969 0.082812 0.067187
5 0.635156 0.522656 0.039062 0.032813
0 0.819531 0.333594 0.032813 0.029687
0 0.718750 0.204687 0.071875 0.075000
1 0.317969 0.386719 0.076563 0.092188
5 0.603125 0.298438 0.040625 0.037500
2 0.449219 0.234375 0.085938 0.084375
4 0.745313 0.335156 0.025000 0.035937
3 0.698438 0.774219 0.071875 0.079687
1 0.271875 0.755469 0.103125 0.117188
2 0.303906 0.657813 0.085938 0.081250
0 0.177344 0.367969 0.135937 0.126562
4 0.482812 0.442188 0.031250 0.031250
4 0.395313 0.821875 0.021875 0.015625
1 0.334375 0.269531 0.109375 0.117188
1 0.133594 0.377344 0.076563 0.101562
5 0.771875 0.615625 0.040625 0.046875
1 0.653125 0.877344 0.046875 0.082812
2 0.336719 0.391406 0.045312 0.045312
3 0.217969 0.659375 0.185938 0.228125
3 0.405469 0.746094 0.114062 0.114062
4 0.643750 0.668750 0.103125 0.103125
3 0.835156 0.366406 0.104688 0.104688
1 0.332031 0.283594 0.101562 0.073438
0 0.410156 0.214844 0.045312 0.039062
5 0.240625 0.742188 0.056250 0.056250
2 0.863281 0.380469 0.039062 0.039062
4 0.552344 0.086719 0.035937 0.042188
1 0.310156 0.395313 0.057813 0.056250
0 0.816406 0.645312 0.039062 0.040625
2 0.595313 0.844531 0.050000 0.045312
1 0.242969 0.706250 0.054688 0.062500
4 0.800781 0.371875 0.035937 0.028125
4 0.500781 0.700000 0.032813 0.046875
4 0.291406 0.148438 0.048438 0.050000
1 0.722656 0.723437 0.145313 0.150000
3 0.410156 0.835938 0.135937 0.175000
3 0.310937 0.514062 0.125000 0.125000
2 0.214062 0.635938 0.046875 0.053125
4 0.680469 0.370312 0.076563 0.078125
2 0.576562 0.114062 0.053125 0.071875
3 0.582031 0.875781 0.067187 0.067187
5 0.796094 0.308594 0.051562 0.060937
3 0.533594 0.229687 0.151562 0.146875
1 0.150000 0.447656 0.059375 0.076563
0 0.510156 0.868750 0.085938 0.090625
2 0.699219 0.263281 0.023438 0.023438
4 0.799219 0.645312 0.070312 0.068750
3 0.477344 0.538281 0.160938 0.120313
0 0.761719 0.719531 0.089063 0.067187
0 0.462500 0.091406 0.028125 0.023438
0 0.315625 0.550000 0.040625 0.034375
4 0.707812 0.378125 0.021875 0.021875
4 0.489063 0.692187 0.043750 0.043750
5 0.565625 0.539844 0.037500 0.029687
3 0.500000 0.735938 0.084375 0.084375
1 0.419531 0.815625 0.114062 0.118750
2 0.450781 0.553125 0.060937 0.056250
5 0.592187 0.587500 0.046875 0.046875
5 0.478125 0.860156 0.053125 0.064062
1 0.309375 0.703125 0.071875 0.078125
0 0.465625 0.117188 0.125000 0.115625
5 0.710938 0.536719 0.046875 0.045312
3 0.617188 0.180469 0.125000 0.095312
1 0.328906 0.880469 0.067187 0.057813
1 0.611719 0.192969 0.167187 0.198437
2 0.500000 0.396875 0.153125 0.181250
2 0.696875 0.193750 0.031250 0.028125