1 0.794531 0.417187 0.085938 0.093750
3 0.493750 0.704688 0.100000 0.100000
0 0.454688 0.690625 0.112500 0.100000
0 0.812500 0.232813 0.040625 0.046875
0 0.142187 0.298438 0.043750 0.034375
4 0.346875 0.399219 0.025000 0.023438
2 0.358594 0.371094 0.129688 0.229687
3 0.562500 0.742188 0.156250 0.103125
3 0.142969 0.600781 0.079687 0.079687
5 0.563281 0.551562 0.039062 0.059375
2 0.805469 0.250000 0.048438 0.050000
0 0.690625 0.353125 0.059375 0.062500
3 0.495312 0.187500 0.237500 0.218750
3 0.882812 0.556250 0.096875 0.096875
3 0.470313 0.192188 0.181250 0.218750
3 0.314063 0.176563 0.118750 0.118750
1 0.653125 0.502344 0.093750 0.098437
3 0.139063 0.620313 0.065625 0.065625
3 0.276562 0.662500 0.331250 0.259375
1 0.856250 0.432812 0.046875 0.037500
5 0.713281 0.179688 0.057813 0.062500
0 0.234375 0.327344 0.031250 0.029687
4 0.232031 0.610938 0.035937 0.034375
5 0.429688 0.505469 0.028125 0.032813
1 0.172656 0.330469 0.060937 0.060937
4 0.609375 0.635156 0.018750 0.020313
0 0.383594 0.559375 0.085938 0.078125
1 0.638281 0.453906 0.079687 0.098437
3 0.693750 0.248438 0.087500 0.087500
5 0.189062 0.369531 0.050000 0.054688
5 0.689063 0.214062 0.050000 0.050000
5 0.411719 0.425781 0.039062 0.032813
1 0.578125 0.865625 0.078125 0.103125
0 0.307812 0.864062 0.046875 0.043750
4 0.414844 0.380469 0.023438 0.029687
0 0.444531 0.464844 0.092188 0.085938
5 0.647656 0.341406 0.070312 0.070312
0 0.737500 0.207813 0.056250 0.059375
4 0.656250 0.672656 0.059375 0.054688
1 0.613281 0.384375 0.048438 0.037500
2 0.406250 0.642188 0.037500 0.034375
3 0.639844 0.660156 0.114062 0.114062
3 0.853906 0.599219 0.148438 0.145313
4 0.178906 0.632031 0.129688 0.139063
4 0.251563 0.691406 0.096875 0.076563
0 0.353125 0.828906 0.059375 0.045312
3 0.519531 0.714844 0.132812 0.101562
1 0.622656 0.619531 0.051562 0.057813
2 0.885156 0.547656 0.057813 0.064062
5 0.646094 0.527344 0.051562 0.054688