0 0.171094 0.667969 0.054688 0.048438
1 0.633594 0.804688 0.120313 0.081250
2 0.819531 0.633594 0.039062 0.032813
4 0.279687 0.610156 0.031250 0.026562
0 0.589844 0.862500 0.057813 0.050000
2 0.721875 0.397656 0.018750 0.017188
5 0.338281 0.199219 0.064062 0.054688
2 0.636719 0.589063 0.032813 0.031250
1 0.398438 0.807813 0.071875 0.078125
2 0.475781 0.188281 0.135937 0.151562
0 0.160938 0.596094 0.059375 0.048438
0 0.467969 0.915625 0.057813 0.053125
1 0.367969 0.907031 0.042188 0.035937
4 0.361719 0.818750 0.048438 0.053125
4 0.778906 0.667188 0.017188 0.015625
0 0.278125 0.355469 0.056250 0.054688
4 0.430469 0.796094 0.029687 0.020313
0 0.397656 0.772656 0.054688 0.048438
4 0.653906 0.319531 0.220312 0.204687
3 0.554688 0.533594 0.081250 0.073438
0 0.426563 0.286719 0.090625 0.089063
4 0.451562 0.504687 0.068750 0.062500
2 0.593750 0.221875 0.059375 0.050000
2 0.620313 0.149219 0.056250 0.045312
5 0.350000 0.524219 0.081250 0.076563
4 0.462500 0.233594 0.046875 0.051562
2 0.507812 0.351562 0.062500 0.065625
5 0.521094 0.517188 0.026562 0.028125
3 0.426563 0.730469 0.209375 0.289062
2 0.668750 0.610938 0.040625 0.043750
3 0.519531 0.278906 0.139063 0.139063
5 0.417969 0.464844 0.045312 0.042188
4 0.574219 0.775781 0.104688 0.095312
3 0.635938 0.615625 0.171875 0.171875
1 0.414062 0.735156 0.112500 0.092188
0 0.778906 0.741406 0.076563 0.070312
4 0.555469 0.478125 0.045312 0.040625
0 0.476562 0.114844 0.062500 0.064062
2 0.202344 0.566406 0.054688 0.045312
3 0.590625 0.809375 0.181250 0.181250
3 0.865625 0.426563 0.100000 0.100000
2 0.215625 0.671094 0.050000 0.048438
5 0.189844 0.393750 0.017188 0.018750
3 0.271094 0.466406 0.135937 0.214062
2 0.646875 0.763281 0.059375 0.054688
2 0.644531 0.230469 0.054688 0.051562
4 0.735156 0.696094 0.070312 0.073438
5 0.836719 0.658594 0.026562 0.026562
5 0.217969 0.767188 0.042188 0.040625
1 0.368750 0.453906 0.125000 0.142187
5 0.131250 0.382031 0.031250 0.032813
4 0.567969 0.619531 0.017188 0.017188
3 0.235937 0.282031 0.206250 0.167187
3 0.682813 0.391406 0.162500 0.157812
0 0.732031 0.728125 0.048438 0.046875
0 0.467187 0.271875 0.081250 0.090625
0 0.255469 0.672656 0.045312 0.039062
1 0.383594 0.760938 0.089063 0.100000
1 0.310937 0.378125 0.078125 0.100000
4 0.225781 0.601562 0.026562 0.021875
3 0.431250 0.632031 0.228125 0.214062
3 0.132812 0.410938 0.137500 0.137500
4 0.200781 0.482031 0.110937 0.085938
0 0.257812 0.517188 0.150000 0.143750
3 0.258594 0.806250 0.089063 0.068750
3 0.310156 0.453906 0.064062 0.085938
2 0.931250 0.525000 0.034375 0.031250
3 0.452344 0.578906 0.357812 0.348438
0 0.709375 0.141406 0.050000 0.045312
3 0.431250 0.526563 0.096875 0.096875
2 0.908594 0.572656 0.042188 0.039062
2 0.456250 0.576562 0.018750 0.018750
3 0.640625 0.703125 0.084375 0.084375
4 0.667188 0.226562 0.018750 0.012500
0 0.578125 0.139063 0.034375 0.028125
2 0.701562 0.304688 0.053125 0.037500
1 0.284375 0.503125 0.112500 0.128125