3 0.807813 0.732031 0.093750 0.114062
4 0.700781 0.381250 0.026562 0.037500
3 0.484375 0.304688 0.121875 0.121875
0 0.301563 0.178906 0.059375 0.054688
1 0.677344 0.515625 0.098437 0.162500
4 0.457031 0.625781 0.085938 0.089063
4 0.104688 0.625781 0.021875 0.020313
2 0.400000 0.802344 0.090625 0.089063
3 0.436719 0.262500 0.139063 0.190625
4 0.736719 0.417969 0.035937 0.042188
5 0.335938 0.389062 0.034375 0.028125
1 0.330469 0.173437 0.123438 0.112500
4 0.384375 0.709375 0.012500 0.015625
3 0.341406 0.189062 0.160938 0.115625
4 0.482031 0.763281 0.020313 0.017188
2 0.367188 0.764062 0.028125 0.040625
2 0.667188 0.818750 0.093750 0.081250
1 0.579688 0.740625 0.100000 0.112500
2 0.424219 0.254688 0.067187 0.062500
1 0.464844 0.408594 0.123438 0.123438
0 0.631250 0.096875 0.046875 0.040625
1 0.636719 0.338281 0.198437 0.170313
2 0.469531 0.282031 0.029687 0.026562
1 0.560156 0.236719 0.110937 0.089063
5 0.578906 0.459375 0.054688 0.065625
1 0.428906 0.176563 0.110937 0.084375
5 0.210938 0.668750 0.031250 0.043750
3 0.450000 0.529687 0.084375 0.084375
1 0.655469 0.482031 0.054688 0.060937
2 0.732812 0.763281 0.056250 0.054688
1 0.689844 0.742969 0.101562 0.101562
4 0.521094 0.535937 0.039062 0.034375
2 0.425781 0.401562 0.251563 0.228125
4 0.464062 0.438281 0.071875 0.070312
0 0.387500 0.696875 0.131250 0.118750
0 0.814844 0.296094 0.126562 0.120313
3 0.563281 0.405469 0.142187 0.117188
5 0.323437 0.267969 0.040625 0.039062
1 0.516406 0.272656 0.092188 0.095312
0 0.310937 0.350781 0.056250 0.048438
3 0.487500 0.506250 0.153125 0.121875
0 0.821875 0.258594 0.059375 0.064062
5 0.428906 0.264844 0.054688 0.051562
5 0.515625 0.306250 0.037500 0.053125
0 0.921875 0.567969 0.043750 0.042188
4 0.346094 0.828906 0.039062 0.035937
5 0.452344 0.395313 0.048438 0.040625
5 0.298438 0.724219 0.037500 0.057813
4 0.369531 0.417969 0.101562 0.110937
0 0.738281 0.579688 0.148438 0.137500
0 0.696094 0.254688 0.035937 0.021875
3 0.598437 0.358594 0.190625 0.185938
0 0.482031 0.432031 0.045312 0.032813
3 0.691406 0.678125 0.204687 0.215625
2 0.203125 0.370312 0.071875 0.071875
5 0.684375 0.820312 0.031250 0.031250
1 0.870313 0.551562 0.081250 0.078125
0 0.631250 0.407031 0.056250 0.060937
1 0.717187 0.248438 0.081250 0.071875
0 0.552344 0.347656 0.032813 0.026562
0 0.369531 0.579688 0.048438 0.046875
5 0.870313 0.314844 0.053125 0.048438
3 0.579688 0.606250 0.325000 0.290625
2 0.380469 0.563281 0.035937 0.039062
4 0.625781 0.375781 0.026562 0.023438
4 0.773438 0.692969 0.071875 0.079687
2 0.657813 0.439844 0.031250 0.029687
5 0.483594 0.494531 0.064062 0.045312
5 0.107813 0.579688 0.040625 0.040625
0 0.789844 0.729688 0.067187 0.050000
2 0.225000 0.403125 0.021875 0.021875
0 0.276562 0.512500 0.040625 0.046875
3 0.298438 0.728125 0.050000 0.125000
1 0.764844 0.468750 0.123438 0.121875
1 0.678125 0.654687 0.050000 0.056250
3 0.175781 0.427344 0.132812 0.132812
3 0.318750 0.700000 0.100000 0.100000
3 0.373437 0.786719 0.050000 0.064062
5 0.784375 0.554688 0.031250 0.031250
5 0.639844 0.101562 0.026562 0.028125
3 0.816406 0.664062 0.076563 0.078125
3 0.468750 0.164844 0.056250 0.057813
4 0.303906 0.185938 0.098437 0.093750
2 0.642969 0.127344 0.032813 0.039062
4 0.786719 0.389062 0.060937 0.046875
3 0.519531 0.834375 0.145313 0.209375
0 0.276562 0.214062 0.040625 0.037500
4 0.667969 0.806250 0.085938 0.078125
3 0.514062 0.817187 0.196875 0.218750
2 0.819531 0.308594 0.045312 0.029687
3 0.673438 0.561719 0.221875 0.179688
4 0.446875 0.596094 0.040625 0.045312
3 0.292187 0.389062 0.090625 0.090625
0 0.260937 0.778125 0.087500 0.106250
1 0.164844 0.566406 0.076563 0.089063
2 0.626563 0.571875 0.140625 0.231250
4 0.281250 0.635938 0.056250 0.081250
5 0.645312 0.525000 0.046875 0.046875
2 0.674219 0.265625 0.035937 0.034375
3 0.178125 0.560937 0.150000 0.153125
3 0.637500 0.202344 0.187500 0.192188
5 0.805469 0.242188 0.039062 0.050000
2 0.374219 0.300781 0.029687 0.032813
0 0.429688 0.290625 0.056250 0.050000
3 0.437500 0.508594 0.153125 0.254688
0 0.219531 0.250781 0.020313 0.026562
3 0.514844 0.733594 0.270313 0.270313
0 0.850781 0.536719 0.101562 0.095312
4 0.704688 0.320312 0.018750 0.021875
3 0.602344 0.741406 0.129688 0.129688
4 0.731250 0.161719 0.046875 0.042188
3 0.363281 0.505469 0.198437 0.329688
0 0.585938 0.803125 0.084375 0.078125
1 0.777344 0.752344 0.060937 0.060937
3 0.278125 0.489063 0.362500 0.371875
5 0.481250 0.450781 0.046875 0.057813
4 0.691406 0.775781 0.029687 0.035937
2 0.497656 0.572656 0.067187 0.079687
3 0.608594 0.199219 0.210938 0.201563
2 0.336719 0.308594 0.079687 0.073438
1 0.535937 0.716406 0.034375 0.026562
0 0.321094 0.792188 0.067187 0.068750
5 0.503906 0.200781 0.023438 0.029687
2 0.357031 0.679688 0.098437 0.081250
0 0.354687 0.784375 0.090625 0.078125
3 0.276562 0.574219 0.228125 0.214062
5 0.514844 0.721094 0.023438 0.023438
3 0.433594 0.335938 0.085938 0.087500
2 0.634375 0.322656 0.037500 0.032813
2 0.228125 0.523438 0.059375 0.059375