5 0.550781 0.496094 0.057813 0.051562
2 0.224219 0.564063 0.057813 0.062500
5 0.596094 0.485938 0.023438 0.021875
3 0.535156 0.652344 0.129688 0.129688
2 0.627344 0.525000 0.035937 0.050000
5 0.230469 0.458594 0.035937 0.026562
2 0.335938 0.662500 0.096875 0.096875
3 0.520312 0.612500 0.153125 0.153125
5 0.282813 0.483594 0.056250 0.064062
4 0.189844 0.215625 0.023438 0.018750
1 0.485156 0.532813 0.167187 0.159375
4 0.502344 0.710156 0.114062 0.123438
3 0.652344 0.224219 0.095312 0.070312
0 0.360938 0.816406 0.056250 0.048438
4 0.726562 0.795312 0.084375 0.087500
2 0.317969 0.542188 0.032813 0.031250
1 0.255469 0.641406 0.132812 0.110937
5 0.267188 0.638281 0.034375 0.032813
0 0.113281 0.458594 0.079687 0.073438
5 0.564844 0.540625 0.035937 0.034375
0 0.234375 0.778906 0.071875 0.070312
1 0.512500 0.552344 0.096875 0.079687
5 0.505469 0.399219 0.026562 0.026562
3 0.739844 0.539844 0.098437 0.098437
3 0.396094 0.370312 0.179688 0.143750
3 0.717187 0.399219 0.240625 0.179688
3 0.782813 0.606250 0.231250 0.206250
2 0.379688 0.803125 0.106250 0.096875
5 0.830469 0.746094 0.035937 0.029687
0 0.610938 0.173437 0.062500 0.050000
1 0.514844 0.842969 0.110937 0.132812
4 0.182031 0.788281 0.023438 0.023438
0 0.810156 0.575000 0.114062 0.128125
3 0.397656 0.432031 0.114062 0.114062
2 0.546094 0.792969 0.039062 0.035937
1 0.423438 0.807813 0.065625 0.056250
4 0.646094 0.418750 0.110937 0.090625
1 0.351562 0.266406 0.053125 0.035937
2 0.578125 0.782031 0.037500 0.048438
0 0.232813 0.314844 0.028125 0.035937
0 0.173437 0.702344 0.037500 0.035937
5 0.260937 0.179688 0.037500 0.037500
2 0.300781 0.689844 0.092188 0.095312
1 0.864844 0.592969 0.089063 0.098437
0 0.628906 0.502344 0.035937 0.032813
2 0.616406 0.868750 0.054688 0.071875
1 0.280469 0.564063 0.082812 0.068750
3 0.434375 0.257031 0.071875 0.073438
5 0.260937 0.388281 0.021875 0.026562
2 0.392969 0.252344 0.082812 0.070312
1 0.853906 0.353125 0.032813 0.031250
4 0.727344 0.770312 0.176563 0.146875
2 0.341406 0.585938 0.035937 0.034375
3 0.222656 0.295312 0.182812 0.137500
5 0.513281 0.675781 0.026562 0.035937
3 0.857812 0.523438 0.109375 0.109375
1 0.436719 0.285938 0.210938 0.165625
3 0.538281 0.776563 0.204687 0.187500
4 0.432031 0.392969 0.020313 0.020313
4 0.293750 0.314063 0.021875 0.025000
0 0.312500 0.514844 0.062500 0.051562
0 0.554688 0.820312 0.050000 0.040625
5 0.315625 0.632031 0.037500 0.039062
4 0.599219 0.769531 0.207813 0.226562
0 0.362500 0.683594 0.109375 0.098437
5 0.203125 0.319531 0.053125 0.057813
4 0.464062 0.227344 0.084375 0.079687
3 0.465625 0.500000 0.128125 0.128125
3 0.614844 0.157031 0.110937 0.110937
4 0.379688 0.146094 0.096875 0.082812
5 0.591406 0.245312 0.048438 0.053125
4 0.440625 0.416406 0.037500 0.057813
0 0.732812 0.264844 0.021875 0.029687
3 0.510156 0.578125 0.295312 0.440625
2 0.905469 0.485156 0.060937 0.051562
4 0.246875 0.288281 0.081250 0.070312
1 0.403125 0.173437 0.040625 0.050000
3 0.470313 0.700000 0.312500 0.228125
5 0.413281 0.492188 0.039062 0.037500
5 0.805469 0.534375 0.032813 0.034375
4 0.305469 0.159375 0.054688 0.056250
3 0.617188 0.425000 0.153125 0.165625
1 0.571094 0.678906 0.132812 0.135937
2 0.668750 0.645312 0.056250 0.056250
3 0.653906 0.678906 0.164062 0.164062
0 0.570312 0.646094 0.053125 0.060937
3 0.566406 0.600781 0.076563 0.076563
5 0.564063 0.650781 0.034375 0.045312
5 0.132812 0.476562 0.046875 0.037500
5 0.601562 0.191406 0.053125 0.054688
5 0.640625 0.371875 0.034375 0.043750
1 0.420312 0.251563 0.115625 0.125000
1 0.675781 0.835156 0.120313 0.126562
0 0.176563 0.712500 0.028125 0.025000
0 0.314063 0.403125 0.050000 0.043750
0 0.503906 0.775781 0.035937 0.070312
0 0.246875 0.359375 0.068750 0.059375
3 0.774219 0.582031 0.117188 0.117188
2 0.420312 0.479687 0.059375 0.050000
3 0.390625 0.482812 0.078125 0.078125
3 0.620313 0.514062 0.090625 0.090625
3 0.300000 0.400000 0.081250 0.087500
5 0.189062 0.654687 0.031250 0.028125
5 0.124219 0.396094 0.042188 0.039062
5 0.473438 0.242188 0.025000 0.025000