2 0.646094 0.847656 0.073438 0.073438
4 0.263281 0.685156 0.067187 0.082812
4 0.317969 0.171875 0.023438 0.028125
3 0.863281 0.516406 0.070312 0.070312
5 0.616406 0.474219 0.023438 0.023438
2 0.405469 0.883594 0.073438 0.089063
2 0.628125 0.687500 0.056250 0.062500
4 0.266406 0.368750 0.035937 0.040625
4 0.194531 0.705469 0.051562 0.048438
4 0.395313 0.137500 0.043750 0.062500
1 0.778125 0.268750 0.106250 0.106250
0 0.735938 0.548438 0.015625 0.015625
1 0.219531 0.514844 0.085938 0.057813
0 0.341406 0.385937 0.129688 0.146875
3 0.293750 0.259375 0.159375 0.159375
5 0.277344 0.553906 0.042188 0.032813
5 0.460938 0.785156 0.062500 0.051562
4 0.576562 0.646875 0.031250 0.037500
2 0.433594 0.135937 0.070312 0.075000
3 0.190625 0.653125 0.100000 0.100000
4 0.518750 0.311719 0.084375 0.079687
5 0.340625 0.323437 0.037500 0.037500
4 0.179688 0.558594 0.012500 0.017188
2 0.798438 0.426563 0.018750 0.018750
5 0.526563 0.357031 0.081250 0.067187
5 0.407031 0.146875 0.029687 0.037500
1 0.595313 0.590625 0.131250 0.137500
5 0.887500 0.615625 0.037500 0.034375
3 0.173437 0.369531 0.128125 0.173437
5 0.730469 0.241406 0.042188 0.042188
1 0.565625 0.582812 0.103125 0.071875
4 0.716406 0.189844 0.017188 0.014063
4 0.639844 0.823438 0.048438 0.050000
1 0.865625 0.666406 0.065625 0.070312
2 0.675000 0.249219 0.087500 0.107813
5 0.565625 0.614844 0.043750 0.042188
5 0.590625 0.302344 0.034375 0.035937
0 0.207813 0.206250 0.031250 0.031250
2 0.880469 0.432031 0.032813 0.042188
3 0.223438 0.464844 0.068750 0.045312
4 0.143750 0.714063 0.037500 0.031250
1 0.507031 0.512500 0.070312 0.090625
4 0.840625 0.450000 0.037500 0.053125
2 0.355469 0.742188 0.023438 0.018750
2 0.601562 0.149219 0.081250 0.064062
4 0.451562 0.786719 0.037500 0.064062
5 0.363281 0.361719 0.026562 0.035937
5 0.286719 0.310156 0.039062 0.039062
0 0.297656 0.437500 0.064062 0.056250
0 0.411719 0.258594 0.076563 0.076563
0 0.613281 0.810156 0.042188 0.035937
4 0.100000 0.438281 0.018750 0.017188
4 0.524219 0.888281 0.026562 0.023438
1 0.627344 0.370312 0.085938 0.068750
5 0.324219 0.406250 0.042188 0.040625
0 0.649219 0.251563 0.082812 0.056250
0 0.671875 0.519531 0.081250 0.070312
2 0.762500 0.608594 0.065625 0.067187
3 0.350000 0.315625 0.109375 0.109375
1 0.525000 0.503906 0.100000 0.123438
3 0.689063 0.378125 0.328125 0.331250
5 0.732031 0.678906 0.048438 0.032813
3 0.433594 0.119531 0.095312 0.095312
5 0.517969 0.566406 0.039062 0.045312
2 0.585156 0.549219 0.151562 0.173437
3 0.609375 0.617188 0.268750 0.268750
2 0.647656 0.712500 0.023438 0.021875
3 0.145313 0.562500 0.056250 0.068750
3 0.789844 0.519531 0.079687 0.123438
5 0.354687 0.152344 0.015625 0.026562
2 0.785937 0.190625 0.034375 0.046875
4 0.852344 0.579688 0.032813 0.043750
2 0.460938 0.678125 0.056250 0.046875
2 0.494531 0.293750 0.057813 0.065625
0 0.535156 0.557031 0.054688 0.051562
5 0.203125 0.586719 0.037500 0.042188
4 0.459375 0.739844 0.068750 0.060937
0 0.666406 0.246875 0.039062 0.028125
5 0.878906 0.522656 0.032813 0.039062
5 0.864062 0.607812 0.075000 0.075000
5 0.785937 0.345313 0.028125 0.028125