2 0.559375 0.825000 0.015625 0.025000
0 0.334375 0.678125 0.040625 0.037500
5 0.642969 0.407813 0.039062 0.028125
4 0.325781 0.791406 0.026562 0.023438
2 0.464844 0.907813 0.035937 0.028125
5 0.731250 0.760156 0.043750 0.039062
4 0.375781 0.244531 0.079687 0.101562
3 0.339062 0.221875 0.134375 0.134375
3 0.411719 0.436719 0.351562 0.310937
4 0.155469 0.284375 0.057813 0.056250
5 0.647656 0.102344 0.045312 0.039062
0 0.552344 0.518750 0.095312 0.084375
5 0.812500 0.734375 0.046875 0.046875
0 0.546094 0.894531 0.064062 0.054688
1 0.589063 0.542188 0.046875 0.046875
3 0.626563 0.282031 0.096875 0.085938
3 0.250000 0.546094 0.334375 0.232813
4 0.663281 0.593750 0.064062 0.053125
3 0.285156 0.519531 0.076563 0.076563
4 0.739844 0.724219 0.067187 0.067187
5 0.481250 0.839844 0.053125 0.048438
0 0.764062 0.282813 0.121875 0.106250
4 0.771094 0.352344 0.023438 0.026562
5 0.410156 0.367969 0.032813 0.042188
5 0.538281 0.789062 0.035937 0.037500
3 0.478906 0.342969 0.204687 0.217188
4 0.619531 0.736719 0.032813 0.017188
5 0.794531 0.259375 0.085938 0.081250
4 0.251563 0.284375 0.037500 0.043750
0 0.558594 0.509375 0.051562 0.062500
1 0.819531 0.371094 0.098437 0.098437
1 0.136719 0.607812 0.114062 0.090625
1 0.228125 0.375000 0.096875 0.096875
2 0.546094 0.388281 0.332813 0.332813
4 0.764844 0.454688 0.082812 0.081250
5 0.832812 0.360938 0.025000 0.028125
3 0.213281 0.407031 0.107813 0.107813
5 0.255469 0.599219 0.054688 0.051562
5 0.585156 0.400781 0.029687 0.026562
1 0.646094 0.554688 0.132812 0.118750
1 0.222656 0.433594 0.082812 0.098437
5 0.898438 0.476562 0.037500 0.037500
0 0.206250 0.614844 0.081250 0.073438
0 0.528125 0.684375 0.046875 0.046875
2 0.693750 0.528125 0.053125 0.043750
2 0.453906 0.731250 0.057813 0.062500
1 0.508594 0.496094 0.085938 0.089063
2 0.632812 0.504687 0.084375 0.075000
5 0.789844 0.510156 0.042188 0.045312
3 0.618750 0.790625 0.150000 0.150000
3 0.653125 0.835938 0.131250 0.131250
2 0.446094 0.200781 0.051562 0.045312
5 0.244531 0.377344 0.026562 0.026562
3 0.678125 0.728125 0.118750 0.118750
4 0.460156 0.813281 0.023438 0.020313
1 0.310156 0.535156 0.051562 0.051562
3 0.652344 0.248438 0.120313 0.106250
2 0.602344 0.344531 0.051562 0.054688
0 0.392969 0.429688 0.054688 0.065625
3 0.382812 0.443750 0.309375 0.462500
0 0.790625 0.517969 0.103125 0.123438
5 0.798438 0.265625 0.043750 0.043750
1 0.718750 0.623437 0.112500 0.150000
3 0.541406 0.457031 0.132812 0.173437
3 0.248438 0.645312 0.296875 0.284375
3 0.518750 0.239844 0.150000 0.192188
3 0.724219 0.761719 0.176563 0.173437
3 0.754687 0.566406 0.175000 0.214062
2 0.496094 0.124219 0.051562 0.082812
5 0.232031 0.171094 0.035937 0.039062
1 0.697656 0.642969 0.198437 0.185938
0 0.569531 0.354687 0.064062 0.068750
4 0.136719 0.385937 0.073438 0.065625
5 0.187500 0.479687 0.028125 0.028125
0 0.498437 0.455469 0.053125 0.045312
4 0.221094 0.663281 0.045312 0.035937
1 0.663281 0.186719 0.076563 0.089063
1 0.810937 0.448437 0.062500 0.056250
1 0.218750 0.242188 0.096875 0.084375
5 0.544531 0.764062 0.039062 0.037500
3 0.357812 0.685937 0.334375 0.368750
4 0.391406 0.178906 0.110937 0.098437
3 0.587500 0.326562 0.146875 0.143750
3 0.383594 0.248438 0.254688 0.281250
3 0.539844 0.677344 0.089063 0.089063
2 0.335156 0.407813 0.070312 0.071875
3 0.507031 0.650781 0.060937 0.060937
1 0.119531 0.497656 0.092188 0.089063
4 0.782813 0.417187 0.025000 0.021875
0 0.211719 0.357031 0.023438 0.020313
0 0.334375 0.831250 0.053125 0.053125
1 0.580469 0.367969 0.051562 0.045312
2 0.790625 0.315625 0.050000 0.043750
0 0.293750 0.613281 0.025000 0.026562
5 0.252344 0.551562 0.039062 0.050000
3 0.739062 0.629687 0.215625 0.193750
5 0.107031 0.564063 0.023438 0.021875
2 0.350000 0.721094 0.318750 0.317188
5 0.732031 0.211719 0.020313 0.026562
4 0.575781 0.307812 0.067187 0.062500
1 0.614062 0.367969 0.053125 0.048438
4 0.218750 0.225000 0.062500 0.059375
3 0.342187 0.584375 0.103125 0.075000
3 0.465625 0.850000 0.096875 0.096875
5 0.359375 0.200000 0.037500 0.034375
1 0.652344 0.628906 0.067187 0.067187
4 0.237500 0.275000 0.084375 0.056250
1 0.554688 0.562500 0.093750 0.078125
4 0.637500 0.859375 0.028125 0.028125
2 0.836719 0.508594 0.045312 0.035937
5 0.714063 0.780469 0.040625 0.054688
0 0.352344 0.140625 0.107813 0.109375
3 0.758594 0.369531 0.132812 0.132812
4 0.439844 0.088281 0.048438 0.035937
1 0.528906 0.773438 0.060937 0.043750
4 0.460938 0.639062 0.012500 0.012500
3 0.661719 0.837500 0.145313 0.140625
2 0.347656 0.264062 0.032813 0.040625
1 0.246875 0.549219 0.075000 0.060937
0 0.531250 0.289062 0.053125 0.053125
1 0.403125 0.525781 0.140625 0.132812
3 0.379688 0.564063 0.084375 0.084375
0 0.150781 0.589063 0.085938 0.087500
4 0.269531 0.528906 0.060937 0.054688
5 0.290625 0.718750 0.056250 0.056250
5 0.532031 0.417969 0.045312 0.042188
0 0.203125 0.341406 0.056250 0.070312
5 0.196875 0.663281 0.040625 0.035937
1 0.483594 0.797656 0.120313 0.089063
4 0.718750 0.773438 0.028125 0.028125
4 0.285938 0.232813 0.056250 0.062500
4 0.135156 0.298438 0.029687 0.025000
2 0.699219 0.678125 0.045312 0.037500
0 0.807813 0.464844 0.068750 0.054688