5 0.816406 0.399219 0.042188 0.042188
1 0.621094 0.526563 0.195312 0.131250
4 0.735938 0.305469 0.025000 0.029687
0 0.241406 0.782031 0.026562 0.020313
2 0.298438 0.386719 0.050000 0.051562
1 0.303125 0.824219 0.128125 0.089063
5 0.336719 0.228125 0.032813 0.037500
3 0.263281 0.656250 0.307812 0.243750
2 0.525000 0.600781 0.078125 0.067187
3 0.789062 0.349219 0.175000 0.160938
5 0.740625 0.675000 0.031250 0.028125
4 0.730469 0.164844 0.017188 0.023438
2 0.575781 0.820312 0.023438 0.028125
2 0.221094 0.280469 0.051562 0.042188
1 0.381250 0.800000 0.065625 0.062500
4 0.560156 0.092188 0.020313 0.018750
0 0.326562 0.341406 0.050000 0.032813
1 0.379688 0.365625 0.121875 0.087500
3 0.524219 0.728906 0.107813 0.114062
4 0.248438 0.207031 0.021875 0.017188
1 0.618750 0.307812 0.190625 0.171875
5 0.699219 0.377344 0.070312 0.073438
4 0.889062 0.608594 0.021875 0.023438
1 0.610938 0.510938 0.090625 0.106250
3 0.578906 0.371094 0.189062 0.189062
2 0.243750 0.758594 0.090625 0.082812
1 0.180469 0.575781 0.142187 0.151562
2 0.214062 0.204687 0.028125 0.021875
1 0.641406 0.766406 0.101562 0.092188
3 0.662500 0.712500 0.240625 0.240625
5 0.638281 0.519531 0.054688 0.054688
3 0.542188 0.148438 0.087500 0.087500
4 0.117188 0.336719 0.028125 0.029687
2 0.899219 0.620313 0.029687 0.028125
5 0.258594 0.593750 0.070312 0.062500
3 0.231250 0.645312 0.156250 0.156250
3 0.286719 0.236719 0.198437 0.198437
1 0.196094 0.617969 0.048438 0.048438
0 0.351562 0.597656 0.059375 0.067187
0 0.374219 0.413281 0.020313 0.020313
4 0.287500 0.774219 0.028125 0.032813
2 0.312500 0.767188 0.081250 0.071875
4 0.342969 0.474219 0.089063 0.092188
0 0.321094 0.417187 0.067187 0.059375
4 0.266406 0.596094 0.035937 0.039062
5 0.482031 0.206250 0.035937 0.059375
5 0.550000 0.353906 0.037500 0.032813
4 0.348438 0.431250 0.084375 0.081250
3 0.523438 0.298438 0.081250 0.081250
0 0.737500 0.334375 0.068750 0.059375
0 0.119531 0.556250 0.045312 0.046875
0 0.763281 0.563281 0.042188 0.035937
5 0.571875 0.547656 0.037500 0.048438
0 0.263281 0.201563 0.060937 0.062500
1 0.521094 0.782031 0.054688 0.064062
2 0.575000 0.282031 0.028125 0.023438
4 0.664844 0.646094 0.098437 0.076563
4 0.253125 0.454688 0.090625 0.081250
1 0.422656 0.742969 0.054688 0.070312
3 0.419531 0.352344 0.207813 0.192188
4 0.780469 0.415625 0.054688 0.062500
2 0.232031 0.370312 0.048438 0.046875
2 0.528125 0.503125 0.028125 0.043750
3 0.614062 0.203125 0.121875 0.121875
5 0.181250 0.710938 0.034375 0.037500
4 0.864844 0.679688 0.048438 0.040625