0 0.753906 0.674219 0.035937 0.035937
0 0.447656 0.081250 0.054688 0.050000
2 0.126562 0.381250 0.071875 0.062500
3 0.861719 0.389844 0.135937 0.098437
1 0.481250 0.855469 0.084375 0.089063
1 0.139844 0.389062 0.073438 0.050000
1 0.191406 0.339062 0.070312 0.096875
0 0.513281 0.731250 0.042188 0.034375
4 0.781250 0.387500 0.021875 0.018750
1 0.247656 0.282031 0.070312 0.076563
0 0.651563 0.150000 0.050000 0.040625
3 0.843750 0.467187 0.106250 0.106250
4 0.617188 0.230469 0.025000 0.026562
2 0.322656 0.108594 0.026562 0.026562
0 0.355469 0.528125 0.101562 0.100000
5 0.289844 0.175781 0.032813 0.032813
3 0.265625 0.786719 0.125000 0.098437
2 0.128906 0.590625 0.029687 0.028125
4 0.424219 0.878125 0.117188 0.100000
3 0.469531 0.761719 0.210938 0.260937
0 0.556250 0.534375 0.078125 0.075000
3 0.346094 0.747656 0.104688 0.104688
5 0.858594 0.367969 0.042188 0.051562
0 0.730469 0.592969 0.089063 0.082812
4 0.799219 0.233594 0.060937 0.060937
4 0.119531 0.651563 0.045312 0.040625
0 0.204687 0.251563 0.068750 0.059375
4 0.436719 0.283594 0.014063 0.014063
2 0.587500 0.775000 0.084375 0.071875
2 0.707812 0.542188 0.028125 0.040625
5 0.753906 0.469531 0.029687 0.029687
2 0.332813 0.180469 0.037500 0.032813
5 0.359375 0.236719 0.031250 0.039062
1 0.616406 0.259375 0.085938 0.071875
5 0.146875 0.318750 0.034375 0.034375
1 0.134375 0.403906 0.100000 0.092188
5 0.703125 0.137500 0.040625 0.059375
2 0.642969 0.327344 0.039062 0.032813
0 0.859375 0.553125 0.043750 0.031250
4 0.636719 0.524219 0.020313 0.020313
4 0.091406 0.603125 0.039062 0.028125
3 0.377344 0.269531 0.210938 0.195312
3 0.464062 0.877344 0.121875 0.098437
2 0.541406 0.828125 0.057813 0.093750
1 0.285938 0.761719 0.084375 0.079687
5 0.607812 0.732031 0.031250 0.026562
0 0.153125 0.677344 0.037500 0.035937
5 0.517969 0.117969 0.023438 0.023438
4 0.651563 0.159375 0.015625 0.015625
2 0.407813 0.100000 0.018750 0.018750
3 0.546875 0.392188 0.075000 0.075000
4 0.402344 0.842187 0.014063 0.015625
2 0.379688 0.803125 0.065625 0.062500
2 0.497656 0.460156 0.154688 0.123438
5 0.317188 0.825000 0.046875 0.050000
1 0.400000 0.532813 0.112500 0.068750
0 0.277344 0.358594 0.042188 0.045312
4 0.428906 0.800000 0.023438 0.021875
1 0.739062 0.655469 0.181250 0.257812
3 0.485938 0.200781 0.246875 0.173437
4 0.713281 0.717187 0.026562 0.040625
3 0.717969 0.338281 0.095312 0.095312
1 0.816406 0.713281 0.067187 0.060937
4 0.617969 0.365625 0.201563 0.200000
0 0.653125 0.280469 0.031250 0.017188
3 0.248438 0.432812 0.150000 0.162500
1 0.413281 0.689844 0.057813 0.060937
4 0.509375 0.657813 0.018750 0.025000
1 0.860938 0.541406 0.093750 0.085938
1 0.225781 0.492188 0.092188 0.081250
1 0.635156 0.800781 0.064062 0.085938
4 0.612500 0.682813 0.093750 0.093750
5 0.848437 0.620313 0.037500 0.037500
4 0.430469 0.560156 0.154688 0.204687
0 0.721094 0.814844 0.045312 0.048438
2 0.194531 0.433594 0.076563 0.076563
4 0.096875 0.385937 0.015625 0.018750
0 0.748437 0.521875 0.156250 0.150000
4 0.732812 0.187500 0.081250 0.068750
4 0.294531 0.326562 0.110937 0.109375
0 0.362500 0.865625 0.040625 0.040625
5 0.625000 0.742969 0.053125 0.048438
1 0.842187 0.621094 0.053125 0.073438