5 0.691406 0.156250 0.035937 0.031250
1 0.904687 0.557031 0.068750 0.070312
0 0.762500 0.608594 0.050000 0.045312
0 0.492969 0.814844 0.039062 0.032813
5 0.676562 0.164062 0.037500 0.043750
5 0.500000 0.916406 0.053125 0.045312
2 0.385156 0.517188 0.035937 0.021875
5 0.469531 0.405469 0.039062 0.039062
0 0.662500 0.613281 0.071875 0.060937
1 0.344531 0.553906 0.064062 0.060937
3 0.218750 0.212500 0.090625 0.090625
4 0.561719 0.493750 0.048438 0.046875
5 0.664062 0.520312 0.021875 0.021875
2 0.258594 0.330469 0.070312 0.064062
4 0.339062 0.807813 0.021875 0.015625
4 0.654687 0.540625 0.018750 0.021875
3 0.146094 0.658594 0.079687 0.060937
1 0.839844 0.353906 0.089063 0.123438
4 0.475000 0.812500 0.156250 0.115625
4 0.463281 0.497656 0.039062 0.039062
5 0.626563 0.179688 0.050000 0.040625
2 0.633594 0.809375 0.057813 0.056250
5 0.551562 0.737500 0.028125 0.028125
5 0.502344 0.250781 0.076563 0.057813
2 0.455469 0.105469 0.067187 0.067187
0 0.617969 0.719531 0.057813 0.067187
5 0.606250 0.286719 0.050000 0.048438
0 0.739844 0.710156 0.045312 0.039062
1 0.630469 0.410156 0.101562 0.117188
2 0.534375 0.118750 0.025000 0.034375
0 0.864844 0.331250 0.051562 0.050000
1 0.128125 0.629687 0.056250 0.053125
1 0.799219 0.459375 0.067187 0.065625
4 0.750781 0.278125 0.057813 0.087500
3 0.667188 0.618750 0.340625 0.225000
5 0.658594 0.385937 0.060937 0.050000
5 0.328125 0.714063 0.043750 0.028125
5 0.296875 0.646094 0.034375 0.042188
4 0.641406 0.262500 0.039062 0.037500
1 0.611719 0.675000 0.051562 0.046875
4 0.885156 0.475000 0.023438 0.025000
1 0.349219 0.693750 0.060937 0.056250
1 0.570312 0.155469 0.071875 0.095312
0 0.333594 0.763281 0.054688 0.051562
1 0.314063 0.721875 0.131250 0.121875
2 0.700781 0.187500 0.070312 0.065625
4 0.474219 0.609375 0.017188 0.018750
0 0.257031 0.779687 0.048438 0.050000
5 0.351562 0.153125 0.025000 0.031250
4 0.245312 0.668750 0.028125 0.031250
2 0.328906 0.711719 0.035937 0.042188
2 0.374219 0.134375 0.023438 0.025000
0 0.510938 0.653906 0.087500 0.085938
2 0.232031 0.255469 0.032813 0.032813
0 0.196094 0.450781 0.070312 0.067187
0 0.342969 0.740625 0.039062 0.025000
1 0.567187 0.515625 0.087500 0.140625
4 0.747656 0.345313 0.235937 0.225000
1 0.854688 0.404687 0.087500 0.081250
0 0.336719 0.435156 0.029687 0.029687
4 0.546875 0.288281 0.034375 0.029687
3 0.684375 0.780469 0.071875 0.092188
1 0.564844 0.529687 0.035937 0.034375
0 0.710938 0.717969 0.056250 0.051562
1 0.212500 0.646875 0.093750 0.090625
2 0.226562 0.233594 0.065625 0.051562
2 0.818750 0.637500 0.068750 0.059375