0 0.545312 0.237500 0.025000 0.021875
5 0.642969 0.495312 0.045312 0.034375
1 0.825781 0.711719 0.098437 0.092188
2 0.784375 0.346875 0.090625 0.103125
2 0.647656 0.525000 0.067187 0.062500
5 0.406250 0.630469 0.031250 0.026562
4 0.328906 0.603906 0.032813 0.023438
1 0.564844 0.325000 0.135937 0.109375
2 0.797656 0.483594 0.051562 0.060937
5 0.907813 0.498437 0.034375 0.056250
3 0.764062 0.357812 0.143750 0.234375
4 0.775781 0.807813 0.064062 0.050000
1 0.689063 0.385937 0.081250 0.090625
5 0.175000 0.678906 0.050000 0.045312
5 0.736719 0.364844 0.029687 0.035937
0 0.460156 0.869531 0.051562 0.029687
5 0.746094 0.589844 0.048438 0.051562
4 0.310156 0.820312 0.060937 0.050000
4 0.867188 0.645312 0.018750 0.018750
1 0.596094 0.155469 0.057813 0.076563
0 0.578125 0.806250 0.106250 0.084375
5 0.464844 0.482031 0.048438 0.017188
3 0.630469 0.628906 0.107813 0.107813
5 0.450781 0.444531 0.057813 0.051562
1 0.587500 0.803125 0.093750 0.112500
1 0.637500 0.223438 0.062500 0.059375
3 0.116406 0.367969 0.064062 0.064062
1 0.178125 0.700000 0.062500 0.059375
5 0.118750 0.586719 0.031250 0.032813
4 0.511719 0.882812 0.026562 0.028125
3 0.625781 0.613281 0.104688 0.142187
1 0.433594 0.250000 0.060937 0.075000
4 0.691406 0.351562 0.057813 0.059375
5 0.272656 0.183594 0.057813 0.054688
1 0.755469 0.478906 0.123438 0.126562
0 0.742969 0.375000 0.051562 0.050000
3 0.261719 0.722656 0.110937 0.120313
5 0.542969 0.593750 0.023438 0.021875
3 0.638281 0.477344 0.104688 0.104688
5 0.640625 0.884375 0.037500 0.034375
1 0.386719 0.432812 0.064062 0.059375
5 0.483594 0.394531 0.045312 0.042188
1 0.838281 0.554688 0.101562 0.096875
1 0.606250 0.131250 0.081250 0.112500
1 0.742188 0.761719 0.059375 0.070312
4 0.844531 0.626563 0.020313 0.018750
0 0.411719 0.103125 0.032813 0.031250
0 0.486719 0.100000 0.039062 0.031250
5 0.102344 0.571094 0.039062 0.039062
1 0.302344 0.754687 0.164062 0.159375
2 0.568750 0.476562 0.040625 0.040625
0 0.717187 0.617188 0.062500 0.056250
1 0.164062 0.600781 0.106250 0.107813
1 0.692969 0.826562 0.042188 0.043750
2 0.808594 0.400000 0.039062 0.062500
2 0.619531 0.281250 0.054688 0.046875
4 0.528125 0.168750 0.031250 0.031250
1 0.396875 0.678125 0.081250 0.078125
2 0.387500 0.604688 0.084375 0.071875
4 0.469531 0.242188 0.026562 0.021875
5 0.668750 0.156250 0.040625 0.037500
1 0.373437 0.705469 0.071875 0.064062
2 0.625781 0.400000 0.017188 0.015625
2 0.310937 0.145313 0.043750 0.043750
3 0.556250 0.443750 0.150000 0.150000
5 0.846875 0.624219 0.028125 0.029687
0 0.690625 0.505469 0.062500 0.064062
1 0.381250 0.160156 0.050000 0.064062
2 0.607031 0.478125 0.054688 0.046875
2 0.667188 0.730469 0.046875 0.048438
2 0.561719 0.612500 0.042188 0.037500
5 0.783594 0.467187 0.032813 0.034375
5 0.439063 0.672656 0.050000 0.051562
1 0.457031 0.283594 0.076563 0.076563
0 0.454688 0.218750 0.250000 0.250000
1 0.550781 0.321094 0.067187 0.064062
3 0.478906 0.844531 0.135937 0.135937
2 0.660156 0.126562 0.067187 0.065625
4 0.505469 0.770312 0.026562 0.031250
3 0.603906 0.606250 0.145313 0.121875
4 0.737500 0.553906 0.012500 0.010937
1 0.393750 0.665625 0.118750 0.096875
5 0.239844 0.674219 0.048438 0.048438
4 0.887500 0.481250 0.078125 0.096875
1 0.517969 0.666406 0.060937 0.070312
5 0.446094 0.267969 0.054688 0.051562
3 0.570312 0.798438 0.103125 0.103125
5 0.287500 0.516406 0.053125 0.054688
3 0.779687 0.697656 0.134375 0.110937
2 0.470313 0.145313 0.056250 0.043750
0 0.376563 0.375000 0.081250 0.109375
4 0.438281 0.865625 0.020313 0.025000
5 0.759375 0.287500 0.037500 0.025000
0 0.528906 0.210156 0.057813 0.048438
0 0.474219 0.625000 0.051562 0.046875
1 0.453125 0.878125 0.075000 0.090625
2 0.635156 0.265625 0.123438 0.109375
0 0.379688 0.354687 0.046875 0.046875
5 0.541406 0.111719 0.048438 0.042188
4 0.242188 0.584375 0.018750 0.015625
5 0.224219 0.175781 0.042188 0.042188
1 0.589063 0.681250 0.193750 0.162500