1 0.395313 0.495312 0.109375 0.109375
4 0.353125 0.669531 0.081250 0.082812
4 0.816406 0.463281 0.054688 0.048438
0 0.517188 0.280469 0.065625 0.070312
0 0.476562 0.369531 0.050000 0.054688
5 0.579688 0.790625 0.050000 0.062500
5 0.432812 0.862500 0.037500 0.037500
0 0.627344 0.837500 0.029687 0.021875
4 0.525000 0.828125 0.046875 0.043750
5 0.178125 0.551562 0.031250 0.037500
0 0.830469 0.344531 0.045312 0.042188
3 0.656250 0.806250 0.115625 0.115625
5 0.382031 0.396094 0.035937 0.035937
4 0.567969 0.693750 0.042188 0.043750
3 0.607031 0.560156 0.135937 0.135937
1 0.895312 0.342969 0.043750 0.042188
2 0.366406 0.502344 0.073438 0.067187
2 0.426563 0.667188 0.059375 0.056250
0 0.118750 0.600781 0.106250 0.104688
0 0.334375 0.560937 0.050000 0.062500
5 0.187500 0.399219 0.059375 0.051562
3 0.447656 0.446094 0.110937 0.110937
5 0.107813 0.442188 0.031250 0.037500
5 0.625781 0.795312 0.048438 0.053125
1 0.460156 0.375000 0.089063 0.103125
4 0.583594 0.346875 0.032813 0.025000
0 0.715625 0.290625 0.046875 0.040625
5 0.678906 0.753125 0.042188 0.040625
4 0.250000 0.811719 0.021875 0.035937
1 0.598437 0.655469 0.153125 0.173437
1 0.475000 0.613281 0.131250 0.114062
0 0.192188 0.380469 0.062500 0.051562
0 0.260937 0.750000 0.053125 0.065625
3 0.427344 0.839844 0.114062 0.114062
2 0.621094 0.287500 0.057813 0.053125
3 0.716406 0.503906 0.167187 0.167187
5 0.764844 0.478125 0.051562 0.046875
5 0.631250 0.114062 0.040625 0.046875
3 0.753125 0.712500 0.059375 0.059375
4 0.837500 0.659375 0.034375 0.021875
5 0.371094 0.600781 0.051562 0.054688
0 0.507812 0.784375 0.134375 0.118750
3 0.475781 0.323437 0.201563 0.262500
4 0.585938 0.654687 0.018750 0.018750
5 0.399219 0.384375 0.042188 0.037500
5 0.618750 0.689063 0.046875 0.043750
2 0.333594 0.729688 0.032813 0.040625
4 0.889062 0.607812 0.031250 0.028125
4 0.471875 0.908594 0.031250 0.035937
3 0.732031 0.232031 0.098437 0.098437
4 0.120313 0.650781 0.065625 0.054688
3 0.850781 0.391406 0.107813 0.145313
0 0.514062 0.778125 0.034375 0.028125
2 0.551562 0.744531 0.025000 0.032813
2 0.580469 0.420312 0.035937 0.037500
3 0.700000 0.437500 0.134375 0.100000
0 0.524219 0.783594 0.057813 0.057813
0 0.700000 0.845313 0.093750 0.087500
4 0.597656 0.576562 0.026562 0.025000