1 0.609375 0.671094 0.065625 0.067187
3 0.529687 0.471094 0.171875 0.214062
2 0.715625 0.557813 0.062500 0.065625
1 0.556250 0.897656 0.068750 0.054688
4 0.409375 0.816406 0.081250 0.082812
1 0.497656 0.542188 0.082812 0.090625
5 0.373437 0.478125 0.043750 0.043750
1 0.535156 0.351562 0.082812 0.068750
1 0.554688 0.631250 0.118750 0.118750
4 0.272656 0.281250 0.185938 0.196875
2 0.132812 0.692187 0.037500 0.031250
2 0.417187 0.851562 0.037500 0.037500
1 0.460156 0.120313 0.107813 0.100000
5 0.667969 0.655469 0.057813 0.057813
1 0.713281 0.416406 0.157812 0.160938
0 0.225781 0.230469 0.020313 0.020313
3 0.388281 0.214844 0.145313 0.110937
1 0.852344 0.410938 0.064062 0.053125
4 0.260156 0.442188 0.104688 0.090625
5 0.812500 0.674219 0.078125 0.067187
4 0.478906 0.703906 0.032813 0.039062
4 0.792969 0.581250 0.095312 0.103125
1 0.241406 0.351562 0.107813 0.121875
5 0.846875 0.333594 0.028125 0.020313
4 0.606250 0.641406 0.028125 0.032813
4 0.334375 0.706250 0.062500 0.043750
2 0.779687 0.540625 0.100000 0.118750
0 0.443750 0.679688 0.106250 0.096875
2 0.638281 0.867188 0.048438 0.053125
4 0.922656 0.613281 0.020313 0.020313
5 0.100000 0.469531 0.059375 0.035937
1 0.385156 0.883594 0.092188 0.089063
4 0.496875 0.253906 0.246875 0.214062
1 0.350781 0.853906 0.048438 0.045312
2 0.594531 0.278906 0.054688 0.048438
3 0.592969 0.735938 0.101562 0.103125
0 0.365625 0.636719 0.043750 0.051562
3 0.785156 0.342969 0.179688 0.145313
0 0.685937 0.746094 0.068750 0.060937
5 0.425781 0.507812 0.054688 0.056250
3 0.482031 0.575781 0.251563 0.251563
4 0.564063 0.844531 0.018750 0.020313
1 0.592969 0.481250 0.098437 0.081250
0 0.454688 0.871094 0.025000 0.023438
2 0.235156 0.796875 0.051562 0.050000
1 0.320312 0.461719 0.040625 0.045312
0 0.142969 0.606250 0.107813 0.106250
4 0.177344 0.347656 0.042188 0.051562
3 0.573438 0.778125 0.159375 0.159375
1 0.918750 0.446094 0.034375 0.035937
0 0.261719 0.785156 0.039062 0.042188
4 0.803906 0.597656 0.114062 0.114062
3 0.221875 0.318750 0.128125 0.128125
5 0.311719 0.154688 0.057813 0.078125
3 0.459375 0.238281 0.237500 0.267188
2 0.492188 0.098437 0.037500 0.040625
0 0.458594 0.869531 0.054688 0.054688
0 0.502344 0.792969 0.082812 0.076563
4 0.416406 0.659375 0.110937 0.084375
2 0.282031 0.778125 0.060937 0.056250
3 0.814063 0.498437 0.115625 0.115625
5 0.307031 0.309375 0.023438 0.031250
4 0.384375 0.142969 0.034375 0.035937
3 0.855469 0.451562 0.051562 0.093750
3 0.660156 0.867969 0.067187 0.067187
1 0.346094 0.357031 0.117188 0.110937
5 0.203906 0.482812 0.045312 0.040625
0 0.475781 0.439844 0.060937 0.057813
5 0.178906 0.269531 0.029687 0.035937
3 0.401562 0.728125 0.065625 0.065625
3 0.471094 0.463281 0.079687 0.079687
0 0.780469 0.323437 0.148438 0.131250
3 0.410156 0.229687 0.151562 0.153125
0 0.419531 0.907031 0.029687 0.039062
0 0.600000 0.195312 0.037500 0.031250
1 0.771875 0.501563 0.162500 0.175000
2 0.836719 0.636719 0.029687 0.035937
5 0.247656 0.411719 0.045312 0.035937
1 0.680469 0.853125 0.082812 0.103125
1 0.176563 0.574219 0.078125 0.082812
5 0.736719 0.841406 0.042188 0.039062
1 0.396094 0.234375 0.042188 0.043750
4 0.546094 0.082812 0.014063 0.015625
3 0.383594 0.545312 0.407813 0.300000
0 0.663281 0.129688 0.014063 0.021875
4 0.540625 0.760156 0.021875 0.020313
3 0.753125 0.711719 0.068750 0.051562
2 0.672656 0.265625 0.045312 0.040625
1 0.487500 0.649219 0.109375 0.085938
2 0.211719 0.187500 0.017188 0.025000
1 0.476562 0.397656 0.081250 0.070312
5 0.343750 0.318750 0.046875 0.043750
4 0.245312 0.145313 0.025000 0.021875
0 0.212500 0.386719 0.087500 0.104688
2 0.309375 0.513281 0.087500 0.082812
0 0.444531 0.702344 0.023438 0.026562