5 0.732812 0.825000 0.028125 0.025000
5 0.729688 0.461719 0.046875 0.039062
1 0.302344 0.371094 0.042188 0.042188
0 0.404687 0.295312 0.053125 0.046875
4 0.471094 0.246875 0.045312 0.040625
2 0.632031 0.257812 0.051562 0.053125
3 0.400000 0.230469 0.128125 0.120313
4 0.759375 0.632812 0.018750 0.025000
1 0.753125 0.718750 0.056250 0.062500
5 0.535156 0.878906 0.064062 0.064062
5 0.164844 0.301563 0.042188 0.028125
4 0.257812 0.213281 0.021875 0.023438
0 0.143750 0.374219 0.081250 0.070312
5 0.609375 0.255469 0.040625 0.048438
1 0.636719 0.316406 0.051562 0.054688
5 0.117188 0.595313 0.050000 0.059375
1 0.582031 0.530469 0.070312 0.054688
2 0.471875 0.896094 0.059375 0.060937
3 0.808594 0.461719 0.260937 0.189062
0 0.321094 0.783594 0.060937 0.054688
3 0.328125 0.256250 0.093750 0.093750
3 0.279687 0.271875 0.206250 0.246875
3 0.316406 0.707031 0.126562 0.126562
4 0.567969 0.496875 0.032813 0.059375
4 0.831250 0.375781 0.028125 0.026562
4 0.644531 0.873437 0.048438 0.065625
5 0.438281 0.613281 0.032813 0.026562
3 0.461719 0.714844 0.095312 0.095312
1 0.395313 0.567187 0.196875 0.181250
0 0.769531 0.458594 0.048438 0.039062
4 0.109375 0.337500 0.015625 0.034375
1 0.559375 0.561719 0.071875 0.064062
3 0.398438 0.421875 0.100000 0.071875
2 0.592969 0.366406 0.020313 0.032813
3 0.287500 0.578125 0.078125 0.078125
1 0.703125 0.465625 0.056250 0.056250
2 0.392188 0.753906 0.046875 0.045312
0 0.732031 0.559375 0.073438 0.071875
0 0.296094 0.381250 0.104688 0.100000
2 0.453906 0.213281 0.035937 0.035937
2 0.658594 0.591406 0.035937 0.032813
3 0.627344 0.546094 0.332813 0.332813
2 0.330469 0.782031 0.017188 0.017188
4 0.526563 0.372656 0.109375 0.135937
5 0.900781 0.389844 0.045312 0.045312
1 0.539844 0.266406 0.048438 0.048438
4 0.857812 0.328906 0.043750 0.048438
0 0.884375 0.529687 0.040625 0.037500
3 0.202344 0.252344 0.117188 0.117188
4 0.523438 0.475000 0.025000 0.025000
4 0.629687 0.201563 0.018750 0.021875
0 0.835156 0.492188 0.048438 0.040625
3 0.705469 0.532813 0.117188 0.118750
2 0.242188 0.275000 0.031250 0.037500
2 0.453906 0.256250 0.123438 0.075000
2 0.429688 0.491406 0.062500 0.051562
2 0.601562 0.575781 0.106250 0.089063
2 0.236719 0.400000 0.042188 0.037500
4 0.485156 0.803125 0.060937 0.081250