1 0.378906 0.731250 0.079687 0.071875
2 0.802344 0.303906 0.035937 0.029687
5 0.554688 0.615625 0.046875 0.040625
4 0.110937 0.403125 0.025000 0.021875
3 0.309375 0.284375 0.087500 0.106250
5 0.804688 0.300000 0.059375 0.068750
3 0.742188 0.380469 0.293750 0.260937
5 0.125000 0.366406 0.031250 0.026562
4 0.550781 0.740625 0.148438 0.115625
0 0.644531 0.484375 0.060937 0.046875
3 0.343750 0.404687 0.087500 0.087500
1 0.342969 0.854688 0.057813 0.068750
0 0.229687 0.403125 0.137500 0.121875
0 0.812500 0.749219 0.043750 0.042188
2 0.577344 0.867969 0.026562 0.023438
1 0.632031 0.331250 0.057813 0.059375
4 0.270313 0.363281 0.056250 0.064062
2 0.225000 0.436719 0.043750 0.042188
2 0.251563 0.619531 0.046875 0.039062
1 0.750781 0.406250 0.160938 0.106250
2 0.603906 0.918750 0.026562 0.034375
0 0.432031 0.297656 0.023438 0.020313
4 0.900000 0.382812 0.028125 0.025000
4 0.431250 0.692969 0.103125 0.107813
1 0.209375 0.562500 0.093750 0.078125
1 0.808594 0.365625 0.070312 0.103125
2 0.243750 0.186719 0.062500 0.070312
4 0.360938 0.659375 0.025000 0.028125
4 0.662500 0.705469 0.031250 0.023438
4 0.387500 0.874219 0.062500 0.060937
1 0.290625 0.571875 0.225000 0.175000
5 0.614844 0.307031 0.048438 0.051562
1 0.436719 0.466406 0.039062 0.039062
4 0.781250 0.708594 0.078125 0.073438
2 0.616406 0.312500 0.045312 0.040625
2 0.252344 0.573438 0.029687 0.021875
0 0.425000 0.135156 0.040625 0.035937
1 0.339844 0.648438 0.076563 0.078125
0 0.202344 0.788281 0.042188 0.042188
0 0.367969 0.391406 0.026562 0.023438
3 0.626563 0.234375 0.175000 0.175000
0 0.271875 0.796094 0.090625 0.079687
4 0.725781 0.224219 0.089063 0.060937
5 0.505469 0.416406 0.051562 0.051562
3 0.306250 0.367188 0.181250 0.181250
0 0.573438 0.901563 0.050000 0.046875
2 0.312500 0.799219 0.062500 0.070312
4 0.792969 0.732031 0.026562 0.026562
2 0.414062 0.835156 0.081250 0.070312
4 0.362500 0.443750 0.012500 0.012500
2 0.576562 0.701562 0.046875 0.043750
5 0.188281 0.224219 0.026562 0.026562
0 0.267188 0.543750 0.015625 0.018750
2 0.389062 0.739844 0.037500 0.039062
3 0.805469 0.480469 0.129688 0.129688
3 0.482031 0.184375 0.123438 0.093750
4 0.246875 0.580469 0.078125 0.073438
0 0.887500 0.684375 0.034375 0.025000
2 0.474219 0.316406 0.026562 0.023438
5 0.259375 0.700781 0.037500 0.035937
3 0.352344 0.334375 0.239063 0.153125
0 0.150000 0.353906 0.065625 0.064062
4 0.505469 0.280469 0.039062 0.042188
1 0.711719 0.278906 0.079687 0.064062
1 0.791406 0.282813 0.048438 0.046875
1 0.346094 0.549219 0.089063 0.095312
0 0.189062 0.539062 0.053125 0.062500
2 0.335156 0.654687 0.067187 0.059375
1 0.601562 0.866406 0.131250 0.076563
1 0.707031 0.631250 0.154688 0.246875
1 0.367969 0.400781 0.057813 0.060937
3 0.822656 0.611719 0.073438 0.073438
2 0.154688 0.425781 0.037500 0.032813
5 0.510156 0.888281 0.026562 0.026562
4 0.735156 0.147656 0.023438 0.020313
1 0.880469 0.664844 0.051562 0.042188
4 0.737500 0.649219 0.053125 0.042188
1 0.631250 0.747656 0.150000 0.142187
1 0.225781 0.682031 0.095312 0.089063
5 0.302344 0.793750 0.029687 0.028125
2 0.821094 0.547656 0.192188 0.235937