2 0.632812 0.260937 0.037500 0.031250
1 0.542969 0.834375 0.098437 0.084375
3 0.662500 0.442188 0.434375 0.412500
4 0.242969 0.441406 0.048438 0.048438
1 0.159375 0.700781 0.087500 0.107813
0 0.366406 0.239844 0.110937 0.060937
4 0.658594 0.696875 0.085938 0.100000
2 0.364063 0.222656 0.134375 0.082812
4 0.756250 0.584375 0.134375 0.131250
5 0.395313 0.108594 0.050000 0.042188
2 0.736719 0.628906 0.051562 0.039062
3 0.192188 0.543750 0.268750 0.212500
4 0.421094 0.802344 0.251563 0.239063
3 0.348438 0.576562 0.087500 0.087500
2 0.450781 0.719531 0.032813 0.035937
1 0.672656 0.222656 0.042188 0.045312
3 0.703125 0.710938 0.096875 0.096875
4 0.141406 0.571875 0.098437 0.084375
5 0.792969 0.413281 0.054688 0.054688
0 0.555469 0.390625 0.045312 0.040625
3 0.284375 0.536719 0.212500 0.198437
2 0.671875 0.650000 0.246875 0.196875
3 0.613281 0.397656 0.126562 0.126562
4 0.735938 0.647656 0.018750 0.017188
0 0.792188 0.604688 0.068750 0.071875
2 0.142187 0.324219 0.025000 0.048438
1 0.533594 0.646875 0.076563 0.078125
2 0.312500 0.615625 0.134375 0.153125
5 0.632031 0.781250 0.035937 0.034375
5 0.866406 0.707031 0.057813 0.054688
3 0.708594 0.333594 0.089063 0.089063
4 0.774219 0.586719 0.051562 0.048438
2 0.773438 0.357812 0.031250 0.037500
4 0.697656 0.355469 0.060937 0.082812
5 0.552344 0.737500 0.048438 0.040625
3 0.623437 0.663281 0.096875 0.126562
5 0.920312 0.576562 0.037500 0.034375
5 0.636719 0.132812 0.035937 0.031250
4 0.409375 0.849219 0.046875 0.029687
1 0.247656 0.772656 0.054688 0.054688
5 0.307031 0.158594 0.035937 0.035937
2 0.695312 0.421875 0.050000 0.050000
3 0.244531 0.587500 0.095312 0.093750
3 0.286719 0.761719 0.051562 0.070312
4 0.410938 0.880469 0.050000 0.082812
0 0.532031 0.878906 0.057813 0.054688
1 0.389844 0.860938 0.114062 0.081250
4 0.752344 0.185938 0.017188 0.015625
2 0.214062 0.589844 0.040625 0.032813
1 0.358594 0.643750 0.051562 0.040625
1 0.628906 0.297656 0.085938 0.114062
0 0.707031 0.424219 0.054688 0.054688
2 0.393750 0.440625 0.037500 0.053125
3 0.332813 0.367188 0.081250 0.081250
2 0.617969 0.753125 0.045312 0.040625
0 0.682813 0.194531 0.031250 0.029687
3 0.625781 0.600781 0.114062 0.114062
5 0.672656 0.229687 0.035937 0.031250
3 0.245312 0.267188 0.131250 0.134375
1 0.741406 0.460156 0.029687 0.035937
4 0.301563 0.482031 0.021875 0.020313
0 0.471875 0.897656 0.043750 0.039062
0 0.589844 0.764844 0.114062 0.082812
5 0.525000 0.167187 0.037500 0.031250
2 0.840625 0.334375 0.075000 0.059375
3 0.210938 0.531250 0.093750 0.093750
4 0.282031 0.682813 0.217188 0.225000
2 0.454688 0.193750 0.037500 0.037500
0 0.352344 0.575000 0.126562 0.153125
1 0.548438 0.191406 0.093750 0.139063
4 0.324219 0.716406 0.057813 0.057813
2 0.632031 0.852344 0.042188 0.042188
0 0.717187 0.405469 0.071875 0.079687
0 0.219531 0.377344 0.039062 0.032813
0 0.588281 0.391406 0.045312 0.042188
1 0.843750 0.346094 0.056250 0.082812
2 0.359375 0.804688 0.050000 0.068750
2 0.284375 0.626563 0.043750 0.037500
4 0.521875 0.666406 0.028125 0.023438
5 0.182812 0.746875 0.062500 0.062500
3 0.492969 0.603125 0.076563 0.096875
3 0.207031 0.341406 0.073438 0.073438
4 0.735938 0.373437 0.046875 0.037500
4 0.653125 0.575000 0.053125 0.040625
0 0.610156 0.657813 0.073438 0.065625
2 0.603906 0.102344 0.039062 0.035937
5 0.428125 0.484375 0.037500 0.034375
0 0.641406 0.416406 0.067187 0.060937
4 0.515625 0.100781 0.028125 0.026562
3 0.608594 0.602344 0.139063 0.139063
0 0.526563 0.446094 0.025000 0.023438
5 0.562500 0.394531 0.028125 0.029687
4 0.442188 0.071094 0.018750 0.020313
2 0.549219 0.664844 0.020313 0.029687
3 0.485156 0.651563 0.179688 0.140625
5 0.551562 0.183594 0.043750 0.035937
2 0.513281 0.391406 0.057813 0.060937
5 0.821094 0.230469 0.048438 0.051562
5 0.087500 0.550781 0.018750 0.032813
3 0.322656 0.409375 0.367188 0.250000
5 0.517188 0.733594 0.031250 0.039062
0 0.385937 0.268750 0.125000 0.115625
3 0.191406 0.492188 0.107813 0.125000
5 0.815625 0.783594 0.040625 0.045312
1 0.603125 0.645312 0.234375 0.234375
0 0.850781 0.450781 0.042188 0.035937
3 0.270313 0.738281 0.159375 0.104688
4 0.388281 0.756250 0.114062 0.134375
1 0.399219 0.810156 0.067187 0.067187
5 0.928125 0.483594 0.025000 0.029687
4 0.686719 0.879687 0.023438 0.025000
2 0.431250 0.684375 0.034375 0.028125
3 0.561719 0.253906 0.057813 0.057813
3 0.796875 0.314063 0.128125 0.128125
5 0.538281 0.328906 0.039062 0.039062
4 0.783594 0.369531 0.042188 0.042188
1 0.525000 0.128125 0.056250 0.078125
4 0.555469 0.871094 0.070312 0.089063
4 0.166406 0.612500 0.039062 0.043750
5 0.387500 0.614844 0.040625 0.048438
4 0.554688 0.767969 0.062500 0.079687
1 0.752344 0.664062 0.148438 0.162500
2 0.518750 0.458594 0.093750 0.092188
2 0.502344 0.448437 0.023438 0.031250
1 0.203906 0.312500 0.073438 0.078125
1 0.598437 0.843750 0.043750 0.059375
4 0.796875 0.766406 0.037500 0.035937
0 0.415625 0.398438 0.046875 0.056250
2 0.308594 0.501563 0.101562 0.087500