3 0.820312 0.541406 0.140625 0.185938
1 0.441406 0.275000 0.123438 0.100000
3 0.611719 0.325000 0.107813 0.078125
4 0.420312 0.233594 0.028125 0.039062
2 0.107031 0.416406 0.039062 0.042188
1 0.831250 0.473438 0.043750 0.043750
3 0.650000 0.723437 0.081250 0.081250
5 0.231250 0.589844 0.025000 0.026562
5 0.152344 0.440625 0.070312 0.071875
3 0.296875 0.357812 0.106250 0.106250
0 0.706250 0.651563 0.162500 0.190625
0 0.217188 0.640625 0.031250 0.028125
3 0.292187 0.434375 0.090625 0.090625
5 0.657813 0.401562 0.031250 0.031250
3 0.305469 0.410156 0.160938 0.220312
5 0.823438 0.362500 0.028125 0.028125
5 0.469531 0.188281 0.032813 0.032813
5 0.351562 0.857031 0.043750 0.035937
2 0.788281 0.214062 0.054688 0.053125
1 0.295312 0.575000 0.150000 0.140625
1 0.373437 0.218750 0.056250 0.075000
1 0.203906 0.422656 0.076563 0.067187
3 0.335938 0.774219 0.209375 0.229687
2 0.569531 0.867969 0.082812 0.089063
2 0.408594 0.653906 0.032813 0.032813
5 0.229687 0.364844 0.028125 0.029687
2 0.730469 0.359375 0.167187 0.181250
4 0.345313 0.554688 0.034375 0.034375
3 0.664062 0.576562 0.168750 0.125000
4 0.788281 0.623437 0.035937 0.037500
2 0.299219 0.385156 0.051562 0.045312
3 0.159375 0.659375 0.118750 0.118750
1 0.704688 0.350000 0.118750 0.162500
3 0.548438 0.279687 0.125000 0.125000
5 0.372656 0.661719 0.042188 0.045312
1 0.700781 0.392188 0.070312 0.059375
2 0.751563 0.631250 0.034375 0.040625
2 0.335938 0.822656 0.028125 0.032813
5 0.323437 0.575781 0.034375 0.035937
4 0.650781 0.149219 0.079687 0.101562
2 0.686719 0.830469 0.054688 0.051562
4 0.235937 0.472656 0.034375 0.029687
2 0.841406 0.759375 0.023438 0.031250
3 0.504687 0.485938 0.056250 0.056250
0 0.213281 0.772656 0.017188 0.010937
4 0.373437 0.888281 0.071875 0.085938
0 0.388281 0.774219 0.039062 0.039062
3 0.700781 0.201563 0.085938 0.084375
4 0.085156 0.559375 0.023438 0.021875
3 0.582031 0.678906 0.126562 0.126562
4 0.401562 0.619531 0.262500 0.235937
0 0.160156 0.702344 0.089063 0.101562
1 0.687500 0.321094 0.093750 0.082812
0 0.360938 0.593750 0.093750 0.084375
2 0.676562 0.557813 0.121875 0.134375
4 0.329688 0.517188 0.028125 0.034375
3 0.571875 0.796094 0.265625 0.245312
5 0.433594 0.782031 0.064062 0.067187
1 0.546875 0.472656 0.068750 0.070312
2 0.357812 0.750781 0.078125 0.089063
2 0.396875 0.592187 0.043750 0.040625
4 0.275781 0.594531 0.042188 0.048438
2 0.415625 0.164062 0.078125 0.068750
5 0.560156 0.485938 0.060937 0.059375
5 0.268750 0.727344 0.050000 0.045312
4 0.663281 0.319531 0.029687 0.020313
3 0.582812 0.306250 0.256250 0.256250
3 0.776563 0.510156 0.253125 0.270313
3 0.519531 0.312500 0.117188 0.081250
2 0.846094 0.350781 0.042188 0.060937
5 0.827344 0.542188 0.045312 0.062500
5 0.552344 0.685156 0.029687 0.032813
4 0.626563 0.133594 0.031250 0.023438
2 0.216406 0.641406 0.023438 0.029687
0 0.639844 0.879687 0.073438 0.068750
2 0.424219 0.234375 0.039062 0.034375
5 0.610938 0.528125 0.046875 0.046875
1 0.553906 0.612500 0.117188 0.115625
3 0.553906 0.723437 0.067187 0.068750
4 0.305469 0.521875 0.079687 0.050000
2 0.875000 0.399219 0.056250 0.054688
5 0.550781 0.477344 0.039062 0.032813
1 0.816406 0.252344 0.054688 0.054688
3 0.338281 0.471875 0.310937 0.243750
3 0.277344 0.732031 0.073438 0.073438
5 0.588281 0.852344 0.014063 0.026562
2 0.710938 0.750781 0.015625 0.017188
0 0.717187 0.790625 0.037500 0.037500
3 0.292969 0.357031 0.126562 0.126562
4 0.640625 0.249219 0.040625 0.032813
1 0.730469 0.676562 0.095312 0.084375
0 0.567187 0.090625 0.034375 0.034375
4 0.174219 0.378125 0.110937 0.128125
2 0.752344 0.810937 0.067187 0.087500
5 0.338281 0.838281 0.035937 0.042188
5 0.553125 0.607812 0.078125 0.053125
0 0.345313 0.801562 0.068750 0.062500
0 0.599219 0.328125 0.089063 0.087500
1 0.527344 0.320312 0.095312 0.103125
4 0.264062 0.451562 0.040625 0.037500
0 0.761719 0.737500 0.029687 0.025000
1 0.763281 0.242188 0.160938 0.134375
2 0.579688 0.179688 0.068750 0.059375
1 0.229687 0.226562 0.112500 0.087500
1 0.571875 0.765625 0.115625 0.112500
5 0.343750 0.764844 0.053125 0.045312
5 0.128906 0.525781 0.017188 0.032813
5 0.292187 0.361719 0.040625 0.045312
1 0.600781 0.164062 0.104688 0.090625
5 0.809375 0.636719 0.028125 0.026562
2 0.835156 0.539062 0.023438 0.025000
0 0.313281 0.304688 0.023438 0.021875
1 0.682031 0.712500 0.082812 0.071875
1 0.610156 0.562500 0.048438 0.056250
0 0.159375 0.292969 0.046875 0.039062
2 0.810156 0.635938 0.095312 0.103125
2 0.601562 0.330469 0.103125 0.070312
0 0.547656 0.806250 0.095312 0.081250
2 0.522656 0.838281 0.039062 0.026562
5 0.522656 0.704688 0.042188 0.050000
1 0.808594 0.471875 0.110937 0.100000
0 0.533594 0.642969 0.026562 0.029687
1 0.273438 0.691406 0.078125 0.095312
3 0.235156 0.219531 0.114062 0.114062
5 0.530469 0.374219 0.035937 0.048438
0 0.598437 0.760938 0.050000 0.053125
2 0.402344 0.140625 0.073438 0.068750
2 0.619531 0.646875 0.085938 0.075000
3 0.486719 0.281250 0.148438 0.131250
3 0.688281 0.422656 0.132812 0.207813
3 0.331250 0.608594 0.053125 0.042188
1 0.517188 0.333594 0.096875 0.092188
3 0.871875 0.370312 0.087500 0.087500
1 0.604688 0.589063 0.053125 0.071875
0 0.490625 0.227344 0.081250 0.070312
5 0.690625 0.303125 0.040625 0.040625
3 0.736719 0.524219 0.160938 0.120313
4 0.428125 0.420312 0.053125 0.059375
2 0.601562 0.107031 0.040625 0.032813
3 0.474219 0.760156 0.098437 0.098437
3 0.397656 0.203906 0.114062 0.117188
4 0.554688 0.835938 0.018750 0.015625