5 0.415625 0.258594 0.046875 0.045312
0 0.318750 0.831250 0.021875 0.025000
0 0.160938 0.375781 0.056250 0.051562
0 0.652344 0.777344 0.045312 0.039062
1 0.264844 0.307812 0.114062 0.103125
0 0.734375 0.796875 0.031250 0.028125
1 0.157031 0.449219 0.042188 0.048438
1 0.092969 0.522656 0.067187 0.082812
0 0.800000 0.414062 0.028125 0.025000
2 0.807031 0.730469 0.060937 0.057813
1 0.318750 0.339062 0.081250 0.078125
0 0.177344 0.434375 0.026562 0.025000
4 0.542188 0.153906 0.128125 0.129688
3 0.408594 0.796094 0.260937 0.279687
1 0.537500 0.205469 0.050000 0.067187
4 0.279687 0.453125 0.021875 0.021875
5 0.670312 0.746875 0.034375 0.034375
1 0.545312 0.307812 0.125000 0.146875
2 0.684375 0.362500 0.034375 0.034375
0 0.842187 0.325781 0.118750 0.098437
5 0.664062 0.805469 0.040625 0.060937
5 0.075000 0.535156 0.040625 0.032813
4 0.451562 0.915625 0.050000 0.046875
2 0.410156 0.186719 0.039062 0.032813
5 0.389844 0.447656 0.048438 0.045312
0 0.767969 0.526563 0.060937 0.065625
4 0.608594 0.442969 0.079687 0.079687
1 0.385156 0.596094 0.095312 0.082812
5 0.874219 0.324219 0.042188 0.051562
5 0.842969 0.612500 0.042188 0.037500
0 0.667188 0.410938 0.146875 0.134375
2 0.513281 0.677344 0.023438 0.023438
1 0.221875 0.524219 0.125000 0.098437
4 0.812500 0.387500 0.028125 0.028125
4 0.703125 0.847656 0.065625 0.054688
0 0.677344 0.464844 0.070312 0.064062
0 0.546094 0.755469 0.026562 0.042188
1 0.464844 0.871875 0.064062 0.040625
1 0.738281 0.775781 0.035937 0.042188
0 0.620313 0.571875 0.062500 0.075000
2 0.200000 0.403125 0.037500 0.037500
3 0.484375 0.870313 0.090625 0.078125
2 0.467969 0.792188 0.045312 0.050000
4 0.376563 0.469531 0.028125 0.023438
0 0.550781 0.185156 0.060937 0.051562
5 0.454688 0.760938 0.034375 0.034375
0 0.206250 0.337500 0.115625 0.125000
0 0.825000 0.551562 0.040625 0.037500
3 0.610938 0.517969 0.237500 0.301563
5 0.676562 0.670312 0.100000 0.100000
0 0.750000 0.288281 0.090625 0.079687
2 0.557813 0.484375 0.028125 0.028125
4 0.354687 0.778125 0.028125 0.031250
1 0.426563 0.757031 0.078125 0.073438
0 0.251563 0.303906 0.109375 0.098437
5 0.230469 0.255469 0.048438 0.051562
2 0.633594 0.563281 0.023438 0.026562
4 0.577344 0.705469 0.017188 0.020313
3 0.712500 0.589063 0.125000 0.125000
0 0.835938 0.602344 0.096875 0.117188
5 0.664062 0.328906 0.056250 0.057813
2 0.783594 0.592969 0.029687 0.026562
5 0.289844 0.571094 0.082812 0.060937
4 0.210938 0.408594 0.050000 0.042188
2 0.555469 0.272656 0.220312 0.204687
1 0.139844 0.474219 0.104688 0.095312
1 0.842187 0.624219 0.128125 0.107813
1 0.217969 0.232031 0.048438 0.064062
3 0.692187 0.478125 0.115625 0.115625
1 0.738281 0.674219 0.123438 0.114062
5 0.538281 0.542188 0.039062 0.037500
2 0.355469 0.447656 0.048438 0.045312
4 0.714844 0.235156 0.114062 0.114062
0 0.660937 0.835938 0.043750 0.028125
0 0.807813 0.573438 0.081250 0.068750
3 0.766406 0.402344 0.220312 0.126562
0 0.320312 0.398438 0.040625 0.037500
4 0.471875 0.488281 0.146875 0.120313
1 0.567969 0.234375 0.060937 0.075000
2 0.378125 0.396094 0.081250 0.060937
5 0.296875 0.303125 0.025000 0.025000
1 0.289062 0.632031 0.093750 0.085938
5 0.699219 0.329688 0.029687 0.025000
0 0.188281 0.584375 0.117188 0.106250
5 0.521875 0.127344 0.053125 0.042188
4 0.577344 0.786719 0.289062 0.201563
2 0.138281 0.623437 0.095312 0.071875
3 0.671875 0.825000 0.050000 0.050000
5 0.639844 0.802344 0.073438 0.067187
4 0.457813 0.250781 0.062500 0.057813
2 0.255469 0.777344 0.026562 0.023438
3 0.621875 0.193750 0.103125 0.103125
3 0.341406 0.403906 0.220312 0.182812
4 0.401562 0.817969 0.018750 0.020313
2 0.488281 0.270313 0.029687 0.031250
1 0.446094 0.351562 0.107813 0.093750
3 0.453906 0.250000 0.104688 0.143750
0 0.267188 0.702344 0.078125 0.060937
4 0.886719 0.617188 0.035937 0.040625
4 0.496094 0.089063 0.026562 0.037500
2 0.552344 0.735938 0.020313 0.021875
1 0.587500 0.715625 0.071875 0.065625
3 0.253125 0.590625 0.084375 0.084375
2 0.796875 0.241406 0.050000 0.045312
3 0.205469 0.684375 0.135937 0.106250
2 0.525000 0.474219 0.081250 0.089063
2 0.247656 0.720313 0.045312 0.043750
1 0.498437 0.302344 0.068750 0.079687
4 0.655469 0.850000 0.029687 0.031250
5 0.757812 0.424219 0.021875 0.020313
2 0.157812 0.505469 0.046875 0.045312
2 0.403906 0.538281 0.029687 0.039062
0 0.660937 0.639844 0.037500 0.039062
4 0.318750 0.787500 0.031250 0.031250
0 0.646094 0.692969 0.057813 0.039062
1 0.193750 0.295312 0.075000 0.056250
1 0.690625 0.284375 0.059375 0.078125
3 0.517969 0.307031 0.070312 0.070312
4 0.279687 0.827344 0.043750 0.042188
1 0.878906 0.384375 0.076563 0.087500
1 0.651563 0.585156 0.090625 0.082812
5 0.745313 0.569531 0.056250 0.054688
0 0.189844 0.612500 0.064062 0.062500
5 0.461719 0.437500 0.045312 0.053125
4 0.713281 0.586719 0.045312 0.045312
4 0.575000 0.732812 0.137500 0.134375
3 0.437500 0.670312 0.084375 0.084375
2 0.530469 0.327344 0.032813 0.042188