5 0.299219 0.656250 0.026562 0.028125
1 0.633594 0.139063 0.051562 0.062500
2 0.138281 0.330469 0.048438 0.048438
0 0.511719 0.428906 0.073438 0.070312
5 0.520312 0.670312 0.034375 0.031250
5 0.336719 0.660156 0.051562 0.051562
3 0.191406 0.591406 0.142187 0.142187
3 0.289062 0.278125 0.125000 0.103125
0 0.539062 0.763281 0.034375 0.020313
4 0.705469 0.587500 0.023438 0.025000
4 0.549219 0.281250 0.029687 0.025000
5 0.739844 0.561719 0.039062 0.035937
0 0.336719 0.696094 0.098437 0.082812
0 0.235156 0.220312 0.104688 0.109375
2 0.425781 0.328906 0.039062 0.032813
2 0.792969 0.351562 0.082812 0.075000
4 0.457813 0.543750 0.031250 0.031250
3 0.859375 0.603125 0.096875 0.096875
4 0.166406 0.420312 0.026562 0.025000
5 0.356250 0.328906 0.028125 0.026562
3 0.265625 0.317188 0.131250 0.134375
3 0.661719 0.786719 0.070312 0.070312
3 0.217969 0.428906 0.142187 0.142187
5 0.723437 0.351562 0.028125 0.028125
2 0.639062 0.231250 0.075000 0.065625
5 0.619531 0.625781 0.042188 0.042188
0 0.369531 0.750781 0.079687 0.079687
0 0.667188 0.175781 0.046875 0.051562
1 0.678906 0.284375 0.092188 0.103125
2 0.367969 0.222656 0.032813 0.032813
1 0.761719 0.442188 0.076563 0.100000
5 0.493750 0.907813 0.043750 0.059375
0 0.721094 0.188281 0.051562 0.039062
4 0.558594 0.785937 0.020313 0.018750
1 0.843750 0.275000 0.062500 0.062500
4 0.542188 0.385937 0.084375 0.078125
4 0.748437 0.273438 0.093750 0.096875
0 0.663281 0.696094 0.042188 0.039062
3 0.244531 0.516406 0.135937 0.139063
2 0.485156 0.700000 0.042188 0.059375
4 0.347656 0.527344 0.073438 0.082812
0 0.632812 0.667188 0.053125 0.040625
3 0.411719 0.566406 0.160938 0.154688
0 0.131250 0.617969 0.034375 0.032813
1 0.632812 0.338281 0.090625 0.101562
4 0.368750 0.703906 0.040625 0.026562
2 0.574219 0.750781 0.076563 0.060937
3 0.336719 0.527344 0.129688 0.129688
5 0.783594 0.610938 0.020313 0.031250
5 0.839063 0.680469 0.043750 0.048438