1 0.401562 0.282813 0.071875 0.065625
5 0.203125 0.206250 0.028125 0.031250
0 0.608594 0.700000 0.045312 0.037500
5 0.597656 0.556250 0.035937 0.028125
1 0.685156 0.204687 0.148438 0.075000
4 0.201563 0.656250 0.031250 0.031250
5 0.789844 0.280469 0.045312 0.035937
3 0.366406 0.555469 0.279687 0.279687
3 0.342969 0.636719 0.132812 0.132812
3 0.482812 0.200000 0.225000 0.225000
3 0.384375 0.395313 0.093750 0.093750
1 0.704688 0.874219 0.040625 0.032813
5 0.315625 0.662500 0.046875 0.050000
0 0.308594 0.524219 0.104688 0.079687
5 0.548438 0.507031 0.034375 0.032813
5 0.783594 0.249219 0.032813 0.035937
1 0.400000 0.097656 0.062500 0.064062
5 0.210938 0.655469 0.084375 0.092188
5 0.613281 0.464062 0.029687 0.037500
4 0.435937 0.417187 0.025000 0.028125
0 0.391406 0.568750 0.020313 0.018750
2 0.628125 0.352344 0.059375 0.048438
1 0.450781 0.517188 0.107813 0.125000
0 0.702344 0.757812 0.020313 0.018750
2 0.518750 0.078125 0.040625 0.040625
1 0.409375 0.684375 0.084375 0.093750
3 0.556250 0.535937 0.084375 0.131250
0 0.530469 0.805469 0.039062 0.035937
1 0.235937 0.750000 0.162500 0.168750
3 0.225781 0.471094 0.110937 0.110937
3 0.475000 0.377344 0.240625 0.392188
4 0.706250 0.563281 0.153125 0.185938
0 0.481250 0.790625 0.143750 0.131250
4 0.726562 0.507812 0.021875 0.025000
3 0.414844 0.893750 0.089063 0.090625
2 0.651563 0.242969 0.031250 0.029687
4 0.389844 0.615625 0.076563 0.034375
0 0.754687 0.602344 0.071875 0.079687
2 0.542188 0.884375 0.031250 0.025000
1 0.471875 0.377344 0.131250 0.135937
0 0.492969 0.830469 0.057813 0.060937
5 0.392188 0.528906 0.031250 0.029687
5 0.647656 0.651563 0.032813 0.028125
1 0.763281 0.767188 0.082812 0.106250
1 0.179688 0.697656 0.075000 0.085938
4 0.798438 0.217188 0.021875 0.018750
3 0.263281 0.580469 0.126562 0.126562
5 0.582031 0.917969 0.048438 0.039062
5 0.840625 0.365625 0.034375 0.031250
1 0.394531 0.750781 0.167187 0.185938
5 0.780469 0.646094 0.054688 0.054688
2 0.237500 0.253906 0.062500 0.067187
0 0.401562 0.336719 0.018750 0.014063
5 0.581250 0.400000 0.018750 0.031250
5 0.434375 0.475000 0.062500 0.056250
2 0.253125 0.251563 0.056250 0.071875
0 0.228906 0.639844 0.104688 0.101562
0 0.418750 0.278906 0.056250 0.045312
5 0.543750 0.143750 0.028125 0.028125
3 0.408594 0.875781 0.067187 0.067187
3 0.564844 0.558594 0.157812 0.189062
5 0.105469 0.467187 0.067187 0.056250
2 0.789844 0.558594 0.039062 0.032813
3 0.740625 0.346875 0.146875 0.146875
4 0.401562 0.752344 0.162500 0.204687
1 0.713281 0.463281 0.110937 0.126562
5 0.636719 0.365625 0.035937 0.040625
0 0.144531 0.412500 0.029687 0.025000
3 0.725000 0.275000 0.090625 0.090625
2 0.650781 0.702344 0.035937 0.035937
2 0.427344 0.241406 0.054688 0.054688
2 0.425781 0.497656 0.032813 0.032813
5 0.306250 0.111719 0.025000 0.026562
1 0.876563 0.622656 0.062500 0.051562
4 0.915625 0.357812 0.015625 0.018750
4 0.563281 0.135937 0.017188 0.015625
1 0.877344 0.590625 0.079687 0.084375
5 0.568750 0.250000 0.034375 0.034375
5 0.768750 0.690625 0.053125 0.050000
5 0.564844 0.128125 0.042188 0.043750
1 0.120313 0.414844 0.046875 0.035937
0 0.109375 0.421875 0.037500 0.046875
1 0.279687 0.598437 0.121875 0.128125
2 0.314063 0.320312 0.178125 0.165625
0 0.298438 0.615625 0.018750 0.021875
0 0.347656 0.503125 0.039062 0.037500
0 0.230469 0.375781 0.117188 0.104688
2 0.357031 0.365625 0.242188 0.271875
5 0.214062 0.694531 0.053125 0.045312
3 0.781250 0.757812 0.078125 0.118750
5 0.073438 0.545312 0.021875 0.028125
5 0.525000 0.499219 0.056250 0.057813
0 0.357812 0.282031 0.028125 0.045312
4 0.303906 0.246875 0.073438 0.078125
4 0.442969 0.774219 0.051562 0.060937
2 0.100000 0.470313 0.059375 0.053125
2 0.519531 0.474219 0.095312 0.057813
5 0.506250 0.842969 0.025000 0.026562
4 0.264844 0.492969 0.023438 0.020313
0 0.424219 0.392969 0.054688 0.057813
2 0.474219 0.753125 0.095312 0.093750
5 0.304688 0.165625 0.071875 0.062500
3 0.361719 0.713281 0.285938 0.295312
0 0.343750 0.274219 0.096875 0.098437
0 0.304688 0.812500 0.050000 0.046875
3 0.382031 0.108594 0.070312 0.070312
1 0.496094 0.750781 0.067187 0.079687
0 0.342969 0.627344 0.023438 0.035937
4 0.653906 0.407813 0.129688 0.056250
1 0.432031 0.228906 0.132812 0.095312
4 0.281250 0.202344 0.018750 0.029687
5 0.828125 0.244531 0.053125 0.048438