5 0.662500 0.677344 0.046875 0.045312
1 0.489844 0.428125 0.057813 0.053125
4 0.857812 0.600000 0.053125 0.046875
2 0.728906 0.658594 0.042188 0.039062
5 0.807031 0.232813 0.023438 0.021875
1 0.265625 0.248438 0.053125 0.050000
4 0.667188 0.360938 0.056250 0.068750
4 0.512500 0.835156 0.059375 0.045312
1 0.249219 0.598437 0.079687 0.081250
0 0.147656 0.264844 0.029687 0.029687
4 0.712500 0.573438 0.125000 0.137500
5 0.470313 0.560937 0.028125 0.021875
4 0.209375 0.469531 0.025000 0.029687
2 0.903125 0.419531 0.046875 0.060937
5 0.300781 0.478125 0.045312 0.050000
5 0.207813 0.323437 0.031250 0.031250
4 0.177344 0.482031 0.026562 0.035937
5 0.646094 0.479687 0.035937 0.034375
5 0.244531 0.307812 0.054688 0.053125
1 0.187500 0.409375 0.115625 0.100000
1 0.417187 0.153906 0.143750 0.157812
4 0.283594 0.372656 0.026562 0.035937
0 0.310156 0.876563 0.020313 0.018750
0 0.330469 0.171094 0.057813 0.051562
3 0.578125 0.565625 0.337500 0.378125
0 0.385937 0.715625 0.053125 0.059375
0 0.264062 0.260937 0.068750 0.046875
2 0.300781 0.859375 0.060937 0.062500
4 0.308594 0.661719 0.032813 0.023438
3 0.487500 0.571875 0.218750 0.218750
4 0.436719 0.350000 0.129688 0.128125
0 0.332813 0.586719 0.040625 0.042188
5 0.646094 0.894531 0.051562 0.039062
3 0.302344 0.241406 0.142187 0.142187
1 0.457813 0.379688 0.062500 0.068750
1 0.795312 0.555469 0.128125 0.098437
3 0.455469 0.707812 0.345313 0.328125
4 0.243750 0.650000 0.090625 0.106250
1 0.521094 0.214062 0.085938 0.084375
1 0.667969 0.390625 0.154688 0.140625
0 0.268750 0.284375 0.046875 0.034375
4 0.498437 0.414062 0.093750 0.103125
4 0.198437 0.630469 0.018750 0.014063
2 0.505469 0.517969 0.051562 0.039062
2 0.564063 0.587500 0.271875 0.275000
4 0.575781 0.310156 0.017188 0.026562
2 0.842187 0.519531 0.040625 0.029687
4 0.299219 0.231250 0.060937 0.068750
5 0.221875 0.195312 0.037500 0.037500
0 0.290625 0.427344 0.050000 0.042188
2 0.683594 0.171094 0.057813 0.051562
2 0.575000 0.302344 0.143750 0.151562
2 0.759375 0.542188 0.040625 0.034375
3 0.386719 0.507812 0.251563 0.225000
2 0.866406 0.375000 0.017188 0.015625
0 0.792969 0.369531 0.117188 0.107813
4 0.421094 0.489063 0.029687 0.034375
3 0.465625 0.566406 0.212500 0.317188
1 0.629687 0.849219 0.031250 0.035937
5 0.464062 0.355469 0.034375 0.035937
5 0.670312 0.585938 0.034375 0.034375
1 0.685156 0.615625 0.076563 0.075000
4 0.345313 0.128125 0.078125 0.071875
2 0.212500 0.732812 0.021875 0.021875
5 0.628906 0.105469 0.048438 0.048438
4 0.482812 0.438281 0.165625 0.151562
3 0.379688 0.146875 0.059375 0.065625
1 0.448437 0.547656 0.134375 0.139063
0 0.647656 0.852344 0.029687 0.035937
5 0.494531 0.250781 0.023438 0.023438
3 0.642969 0.516406 0.117188 0.117188
4 0.273438 0.443750 0.190625 0.193750
2 0.341406 0.581250 0.048438 0.040625
5 0.664844 0.818750 0.039062 0.046875
3 0.463281 0.367969 0.123438 0.123438
5 0.413281 0.349219 0.076563 0.073438
2 0.128125 0.475000 0.053125 0.056250
0 0.505469 0.626563 0.079687 0.068750
0 0.749219 0.635938 0.089063 0.065625
2 0.666406 0.325781 0.067187 0.051562
1 0.581250 0.692969 0.062500 0.057813
3 0.464844 0.421094 0.320312 0.476562
0 0.758594 0.628906 0.035937 0.032813
1 0.457813 0.268750 0.125000 0.103125
2 0.315625 0.153906 0.031250 0.064062
5 0.378125 0.643750 0.062500 0.053125
2 0.610938 0.755469 0.065625 0.064062
0 0.506250 0.800000 0.125000 0.118750
4 0.697656 0.468750 0.026562 0.021875
1 0.713281 0.560937 0.142187 0.125000
5 0.867188 0.450000 0.040625 0.031250
5 0.492188 0.273438 0.068750 0.062500
4 0.646094 0.757812 0.023438 0.018750
4 0.596094 0.710938 0.092188 0.075000
5 0.252344 0.268750 0.045312 0.050000
3 0.582812 0.482031 0.125000 0.114062
3 0.367188 0.750000 0.062500 0.062500
4 0.745313 0.259375 0.065625 0.075000
0 0.387500 0.820312 0.068750 0.068750
4 0.155469 0.401562 0.035937 0.043750
3 0.650000 0.596875 0.125000 0.125000
5 0.561719 0.086719 0.032813 0.042188
4 0.776563 0.787500 0.037500 0.031250
0 0.214062 0.457813 0.078125 0.056250
5 0.750000 0.342969 0.053125 0.045312
3 0.229687 0.705469 0.053125 0.026562
0 0.394531 0.271094 0.079687 0.060937
0 0.722656 0.773438 0.023438 0.025000
1 0.176563 0.585156 0.121875 0.117188
0 0.665625 0.368750 0.156250 0.150000
1 0.509375 0.807813 0.050000 0.046875
4 0.824219 0.346875 0.039062 0.037500
0 0.810156 0.693750 0.107813 0.090625
3 0.869531 0.480469 0.114062 0.114062
5 0.258594 0.210156 0.048438 0.048438
2 0.512500 0.096875 0.065625 0.053125
3 0.698438 0.710938 0.131250 0.131250
1 0.520312 0.741406 0.103125 0.079687
2 0.601562 0.557031 0.028125 0.029687
5 0.606250 0.125000 0.043750 0.043750
3 0.324219 0.551562 0.195312 0.187500
5 0.627344 0.552344 0.029687 0.020313
4 0.325781 0.725781 0.010937 0.014063
0 0.383594 0.412500 0.057813 0.059375
2 0.462500 0.890625 0.068750 0.075000
2 0.339844 0.105469 0.026562 0.026562
5 0.400000 0.109375 0.046875 0.046875
0 0.314063 0.814063 0.090625 0.090625
2 0.098437 0.559375 0.043750 0.037500