5 0.152344 0.485156 0.032813 0.026562
4 0.282813 0.598437 0.043750 0.062500
0 0.725781 0.545312 0.023438 0.021875
4 0.836719 0.348438 0.020313 0.025000
2 0.299219 0.579688 0.051562 0.059375
5 0.351562 0.878906 0.021875 0.020313
2 0.573438 0.646094 0.046875 0.042188
0 0.264844 0.382031 0.057813 0.048438
5 0.298438 0.345313 0.050000 0.053125
0 0.182031 0.583594 0.067187 0.045312
5 0.791406 0.442969 0.029687 0.032813
2 0.762500 0.406250 0.259375 0.246875
5 0.422656 0.286719 0.048438 0.051562
1 0.517969 0.667969 0.082812 0.073438
5 0.499219 0.664062 0.039062 0.037500
5 0.322656 0.564063 0.042188 0.059375
5 0.603125 0.615625 0.053125 0.050000
3 0.751563 0.520312 0.159375 0.159375
0 0.553906 0.788281 0.082812 0.082812
0 0.502344 0.617969 0.045312 0.042188
2 0.318750 0.226562 0.065625 0.056250
3 0.331250 0.596094 0.096875 0.126562
2 0.503906 0.450781 0.048438 0.048438
3 0.496094 0.653906 0.045312 0.045312
4 0.435156 0.181250 0.017188 0.021875
5 0.826562 0.446094 0.034375 0.039062
0 0.202344 0.213281 0.029687 0.029687
3 0.285156 0.156250 0.064062 0.031250
4 0.550000 0.387500 0.012500 0.015625
4 0.339844 0.750000 0.039062 0.040625
4 0.234375 0.535156 0.090625 0.085938
1 0.742969 0.788281 0.101562 0.092188
3 0.467969 0.388281 0.110937 0.126562
4 0.460156 0.101562 0.042188 0.046875
0 0.133594 0.550000 0.092188 0.078125
5 0.498437 0.472656 0.046875 0.042188
2 0.640625 0.732031 0.025000 0.026562
5 0.358594 0.732031 0.029687 0.048438
3 0.866406 0.332031 0.073438 0.073438
1 0.533594 0.771094 0.085938 0.076563
3 0.551562 0.532031 0.081250 0.095312
2 0.457031 0.760938 0.039062 0.034375
5 0.671094 0.370312 0.035937 0.031250
3 0.632031 0.494531 0.289062 0.289062
2 0.275781 0.492188 0.051562 0.046875
2 0.292187 0.293750 0.031250 0.031250
5 0.692969 0.703125 0.045312 0.037500
5 0.410938 0.475781 0.053125 0.042188
4 0.204687 0.754687 0.062500 0.100000
0 0.668750 0.317188 0.050000 0.046875
5 0.667969 0.826562 0.048438 0.043750
2 0.347656 0.291406 0.085938 0.076563
0 0.688281 0.231250 0.098437 0.103125
2 0.572656 0.471094 0.039062 0.029687
5 0.803125 0.688281 0.059375 0.064062
4 0.478125 0.862500 0.018750 0.031250
1 0.447656 0.239063 0.082812 0.112500
4 0.453906 0.382031 0.042188 0.032813