3 0.471875 0.175781 0.234375 0.207813
5 0.548438 0.196094 0.062500 0.064062
5 0.223438 0.575781 0.040625 0.042188
3 0.443750 0.463281 0.184375 0.185938
0 0.662500 0.825000 0.100000 0.109375
2 0.657031 0.779687 0.048438 0.046875
5 0.489844 0.835938 0.026562 0.025000
1 0.738281 0.402344 0.060937 0.082812
3 0.554688 0.776563 0.187500 0.121875
3 0.611719 0.573438 0.270313 0.368750
3 0.434375 0.511719 0.296875 0.357812
2 0.462500 0.096875 0.056250 0.050000
3 0.163281 0.435156 0.110937 0.110937
3 0.609375 0.550781 0.228125 0.204687
3 0.235156 0.316406 0.057813 0.070312
0 0.388281 0.562500 0.032813 0.028125
4 0.455469 0.204687 0.048438 0.050000
1 0.371875 0.137500 0.059375 0.081250
1 0.765625 0.473438 0.078125 0.093750
4 0.192188 0.462500 0.025000 0.028125
2 0.712500 0.756250 0.068750 0.062500
3 0.598437 0.314063 0.121875 0.121875
5 0.748437 0.182031 0.031250 0.035937
2 0.325000 0.626563 0.037500 0.040625
5 0.134375 0.567187 0.037500 0.037500
4 0.205469 0.648438 0.051562 0.053125
3 0.865625 0.476562 0.146875 0.093750
5 0.498437 0.127344 0.034375 0.045312
2 0.521094 0.085156 0.067187 0.051562
1 0.620313 0.353906 0.065625 0.076563
1 0.325781 0.350781 0.104688 0.085938
4 0.240625 0.657813 0.150000 0.137500
4 0.709375 0.510156 0.021875 0.017188
3 0.855469 0.372656 0.101562 0.101562
5 0.127344 0.416406 0.026562 0.026562
3 0.249219 0.547656 0.107813 0.110937
2 0.487500 0.454688 0.050000 0.053125
3 0.367188 0.807813 0.137500 0.131250
5 0.269531 0.703906 0.032813 0.029687
0 0.487500 0.697656 0.090625 0.092188
2 0.096875 0.582031 0.025000 0.023438
2 0.735156 0.267188 0.051562 0.046875
5 0.524219 0.797656 0.051562 0.051562
5 0.486719 0.837500 0.042188 0.043750
1 0.750781 0.225781 0.085938 0.095312
1 0.648438 0.291406 0.112500 0.076563
2 0.548438 0.384375 0.037500 0.040625
4 0.685156 0.746875 0.039062 0.043750
2 0.460938 0.225781 0.062500 0.054688
1 0.299219 0.580469 0.104688 0.079687
2 0.348438 0.452344 0.056250 0.076563
4 0.394531 0.126562 0.014063 0.021875
4 0.244531 0.635156 0.035937 0.042188
0 0.755469 0.611719 0.048438 0.035937
4 0.664062 0.423438 0.018750 0.018750
3 0.506250 0.317188 0.150000 0.150000
0 0.571875 0.304688 0.131250 0.118750
1 0.484375 0.790625 0.146875 0.081250
4 0.114062 0.500781 0.025000 0.032813
3 0.585156 0.488281 0.082812 0.082812
2 0.239063 0.478906 0.025000 0.029687
5 0.486719 0.249219 0.048438 0.039062
1 0.771875 0.556250 0.065625 0.059375
4 0.156250 0.740625 0.043750 0.050000
0 0.772656 0.443750 0.054688 0.062500
0 0.396875 0.399219 0.031250 0.020313
5 0.475000 0.553906 0.040625 0.042188
2 0.441406 0.076563 0.035937 0.031250
5 0.717969 0.767969 0.032813 0.035937
5 0.317188 0.533594 0.037500 0.035937
3 0.463281 0.742188 0.139063 0.162500
5 0.398438 0.592187 0.031250 0.028125
5 0.591406 0.814844 0.051562 0.054688
1 0.381250 0.522656 0.103125 0.129688
4 0.451562 0.312500 0.031250 0.018750
2 0.230469 0.437500 0.220312 0.200000
1 0.508594 0.091406 0.076563 0.067187
5 0.163281 0.651563 0.035937 0.031250
5 0.332813 0.883594 0.037500 0.035937
2 0.532813 0.749219 0.050000 0.042188
0 0.221875 0.290625 0.050000 0.046875
5 0.171875 0.499219 0.040625 0.048438
5 0.336719 0.611719 0.032813 0.032813
4 0.827344 0.240625 0.060937 0.053125
5 0.385937 0.387500 0.031250 0.025000
0 0.594531 0.331250 0.054688 0.050000
3 0.505469 0.613281 0.345313 0.385937
0 0.727344 0.150781 0.039062 0.032813
0 0.353125 0.114062 0.053125 0.053125
4 0.215625 0.246094 0.015625 0.020313
0 0.663281 0.637500 0.107813 0.106250
1 0.161719 0.657031 0.064062 0.064062
5 0.611719 0.311719 0.026562 0.026562
2 0.435937 0.596875 0.043750 0.043750
5 0.274219 0.678906 0.029687 0.029687
3 0.643750 0.521094 0.218750 0.123438
3 0.682031 0.242969 0.079687 0.079687
5 0.669531 0.272656 0.051562 0.048438
2 0.313281 0.250000 0.064062 0.043750
3 0.857812 0.503906 0.053125 0.054688
3 0.538281 0.540625 0.317188 0.293750
3 0.343750 0.155469 0.046875 0.048438
4 0.367188 0.231250 0.046875 0.046875
0 0.723437 0.338281 0.050000 0.045312
4 0.735938 0.612500 0.068750 0.068750
3 0.486719 0.210156 0.101562 0.101562
3 0.692969 0.185156 0.110937 0.110937
5 0.826562 0.657813 0.056250 0.056250
4 0.098437 0.496875 0.078125 0.084375
0 0.884375 0.632031 0.084375 0.076563
2 0.592969 0.356250 0.070312 0.071875
0 0.372656 0.630469 0.073438 0.070312
2 0.851562 0.675000 0.028125 0.028125
3 0.781250 0.312500 0.143750 0.143750
1 0.873437 0.589063 0.128125 0.121875
0 0.789844 0.232813 0.039062 0.034375
4 0.375000 0.814844 0.059375 0.057813
1 0.335156 0.639844 0.114062 0.120313
1 0.203125 0.585156 0.156250 0.145313
3 0.684375 0.577344 0.262500 0.267188
2 0.204687 0.594531 0.068750 0.070312
1 0.134375 0.476562 0.071875 0.090625
4 0.416406 0.762500 0.089063 0.081250
2 0.678906 0.815625 0.051562 0.053125
5 0.457813 0.521875 0.050000 0.040625
4 0.450781 0.110937 0.039062 0.046875
4 0.664844 0.699219 0.076563 0.073438
0 0.534375 0.478125 0.103125 0.112500
2 0.131250 0.624219 0.037500 0.039062
2 0.707031 0.241406 0.020313 0.017188
4 0.859375 0.698438 0.025000 0.025000
5 0.568750 0.853125 0.021875 0.021875
1 0.810937 0.274219 0.093750 0.126562
0 0.170313 0.559375 0.075000 0.084375
4 0.539844 0.219531 0.023438 0.023438
4 0.528125 0.176563 0.025000 0.025000
4 0.168750 0.628906 0.050000 0.060937
4 0.746094 0.794531 0.048438 0.054688
1 0.690625 0.868750 0.053125 0.046875
2 0.296094 0.657031 0.026562 0.029687
4 0.732031 0.564844 0.123438 0.123438
0 0.197656 0.435156 0.045312 0.032813
0 0.312500 0.131250 0.059375 0.053125