3 0.440625 0.250000 0.268750 0.275000
1 0.496875 0.224219 0.171875 0.185938
5 0.724219 0.398438 0.035937 0.034375
4 0.492969 0.710156 0.070312 0.079687
2 0.410938 0.429688 0.300000 0.312500
4 0.510156 0.132031 0.032813 0.026562
2 0.719531 0.132812 0.017188 0.012500
4 0.590625 0.832031 0.028125 0.023438
2 0.389062 0.518750 0.031250 0.037500
2 0.532813 0.804688 0.021875 0.037500
2 0.566406 0.691406 0.017188 0.017188
2 0.517188 0.635938 0.031250 0.031250
1 0.596875 0.743750 0.040625 0.071875
0 0.559375 0.414062 0.065625 0.056250
0 0.721875 0.196094 0.143750 0.120313
5 0.463281 0.359375 0.048438 0.050000
4 0.469531 0.764062 0.060937 0.056250
0 0.345313 0.142969 0.053125 0.042188
0 0.439063 0.451562 0.059375 0.043750
5 0.194531 0.638281 0.042188 0.048438
3 0.646875 0.493750 0.171875 0.221875
2 0.342969 0.167969 0.070312 0.070312
3 0.128125 0.365625 0.100000 0.100000
1 0.759375 0.197656 0.084375 0.089063
3 0.250000 0.257812 0.184375 0.175000
2 0.261719 0.265625 0.067187 0.075000
4 0.232031 0.647656 0.014063 0.014063
1 0.650000 0.266406 0.059375 0.042188
2 0.397656 0.282813 0.064062 0.071875
4 0.371094 0.310156 0.023438 0.020313
1 0.612500 0.792188 0.084375 0.071875
3 0.667188 0.340625 0.268750 0.250000
0 0.485156 0.536719 0.045312 0.035937
0 0.722656 0.761719 0.076563 0.060937
2 0.471094 0.178906 0.039062 0.042188
1 0.390625 0.180469 0.118750 0.107813
0 0.116406 0.672656 0.023438 0.029687
1 0.522656 0.807031 0.179688 0.192188
5 0.137500 0.467969 0.059375 0.057813
4 0.759375 0.817969 0.046875 0.029687
4 0.545312 0.603125 0.084375 0.068750
3 0.430469 0.671875 0.123438 0.100000
5 0.696875 0.407813 0.031250 0.031250
2 0.414844 0.771094 0.035937 0.032813
0 0.410938 0.307031 0.056250 0.057813
3 0.376563 0.807813 0.056250 0.056250
5 0.296875 0.862500 0.025000 0.025000
0 0.825000 0.736719 0.059375 0.057813
3 0.255469 0.228906 0.101562 0.101562
1 0.435156 0.451562 0.089063 0.112500
1 0.218750 0.400781 0.093750 0.117188
0 0.892188 0.484375 0.040625 0.040625
5 0.627344 0.548438 0.045312 0.043750
1 0.211719 0.242188 0.076563 0.081250
2 0.896875 0.371094 0.050000 0.051562
2 0.453906 0.780469 0.092188 0.082812
0 0.257812 0.475781 0.050000 0.051562
2 0.860156 0.353906 0.029687 0.042188
2 0.695312 0.333594 0.062500 0.073438
3 0.400781 0.258594 0.095312 0.095312
4 0.655469 0.525781 0.048438 0.032813
4 0.110156 0.307812 0.017188 0.015625
5 0.414844 0.814844 0.060937 0.051562
5 0.285156 0.353125 0.029687 0.025000
1 0.473438 0.707812 0.050000 0.043750
0 0.305469 0.289062 0.117188 0.118750
1 0.486719 0.234375 0.092188 0.081250
3 0.402344 0.608594 0.151562 0.335938
1 0.588281 0.724219 0.064062 0.076563
4 0.349219 0.776563 0.076563 0.068750
4 0.697656 0.640625 0.076563 0.093750
5 0.602344 0.498437 0.032813 0.031250
2 0.709375 0.610938 0.040625 0.037500
4 0.462500 0.671094 0.034375 0.051562
1 0.585938 0.386719 0.106250 0.089063
5 0.381250 0.782031 0.046875 0.042188
0 0.478125 0.579688 0.056250 0.053125
3 0.713281 0.227344 0.129688 0.142187
1 0.296094 0.549219 0.042188 0.042188
3 0.360156 0.683594 0.117188 0.117188
3 0.503125 0.142187 0.103125 0.103125
1 0.521094 0.376563 0.170313 0.165625
0 0.296875 0.515625 0.059375 0.065625
4 0.280469 0.407813 0.089063 0.084375
1 0.542969 0.568750 0.079687 0.068750
2 0.514062 0.845313 0.028125 0.028125
2 0.100781 0.425781 0.029687 0.029687
3 0.482812 0.668750 0.184375 0.121875
5 0.896875 0.446875 0.018750 0.018750
0 0.789062 0.454688 0.075000 0.075000
3 0.510938 0.632031 0.196875 0.170313
4 0.387500 0.077344 0.021875 0.020313
4 0.464062 0.178125 0.043750 0.037500
0 0.484375 0.614844 0.065625 0.064062
4 0.314063 0.364844 0.031250 0.029687
5 0.391406 0.150000 0.035937 0.037500
2 0.352344 0.635156 0.045312 0.045312
4 0.813281 0.419531 0.057813 0.048438
5 0.644531 0.420312 0.045312 0.043750
4 0.357031 0.521094 0.135937 0.167187
4 0.341406 0.840625 0.132812 0.146875
3 0.341406 0.727344 0.145313 0.110937
5 0.791406 0.537500 0.026562 0.021875
3 0.260156 0.408594 0.132812 0.132812
5 0.327344 0.403125 0.039062 0.040625
5 0.626563 0.379688 0.021875 0.021875
5 0.621094 0.657031 0.029687 0.020313
0 0.458594 0.648438 0.064062 0.059375
4 0.695312 0.617969 0.025000 0.023438
4 0.257031 0.277344 0.051562 0.051562
0 0.713281 0.404687 0.101562 0.103125
2 0.510938 0.782031 0.037500 0.032813
0 0.159375 0.570312 0.025000 0.031250
4 0.700000 0.482812 0.046875 0.053125
0 0.740625 0.286719 0.128125 0.126562
5 0.850781 0.511719 0.035937 0.035937
1 0.475000 0.853906 0.137500 0.142187
2 0.690625 0.526563 0.050000 0.034375
5 0.412500 0.456250 0.050000 0.046875
1 0.680469 0.211719 0.079687 0.073438
1 0.739844 0.659375 0.060937 0.059375
3 0.562500 0.867188 0.121875 0.121875
0 0.158594 0.561719 0.039062 0.039062
3 0.259375 0.413281 0.346875 0.307812
1 0.388281 0.877344 0.054688 0.079687