3 0.753125 0.323437 0.134375 0.134375
2 0.260156 0.770312 0.029687 0.028125
5 0.799219 0.502344 0.064062 0.064062
5 0.530469 0.614062 0.042188 0.040625
2 0.360938 0.314844 0.193750 0.129688
3 0.510938 0.696875 0.112500 0.112500
2 0.585938 0.422656 0.056250 0.045312
3 0.831250 0.471094 0.065625 0.060937
1 0.199219 0.446094 0.098437 0.085938
2 0.250781 0.502344 0.057813 0.070312
4 0.882812 0.389062 0.031250 0.021875
0 0.919531 0.455469 0.042188 0.048438
0 0.175781 0.460156 0.020313 0.017188
0 0.403906 0.490625 0.045312 0.043750
2 0.538281 0.275781 0.114062 0.107813
3 0.568750 0.333594 0.368750 0.385937
4 0.365625 0.432031 0.028125 0.020313
4 0.660937 0.371094 0.053125 0.057813
4 0.792969 0.557031 0.023438 0.029687
4 0.546875 0.312500 0.050000 0.059375
5 0.621875 0.328906 0.028125 0.029687
2 0.442969 0.430469 0.035937 0.035937
0 0.232813 0.571094 0.031250 0.023438
1 0.188281 0.654687 0.082812 0.075000
5 0.275781 0.612500 0.026562 0.028125
1 0.397656 0.624219 0.054688 0.070312
0 0.232813 0.471875 0.118750 0.125000
5 0.730469 0.769531 0.042188 0.032813
5 0.470313 0.074219 0.040625 0.039062
3 0.430469 0.722656 0.092188 0.092188
5 0.446875 0.863281 0.031250 0.035937
3 0.385937 0.456250 0.146875 0.150000
4 0.642188 0.103125 0.015625 0.018750
2 0.485156 0.431250 0.070312 0.056250
0 0.619531 0.203906 0.042188 0.039062
3 0.423438 0.378125 0.081250 0.081250
4 0.620313 0.183594 0.031250 0.026562
5 0.198437 0.425781 0.059375 0.057813
0 0.681250 0.325781 0.031250 0.026562
1 0.501563 0.737500 0.062500 0.059375
2 0.468750 0.568750 0.059375 0.056250
4 0.457031 0.512500 0.092188 0.106250
1 0.178906 0.520312 0.064062 0.068750
4 0.465625 0.450000 0.028125 0.028125
3 0.753906 0.347656 0.145313 0.173437
4 0.267188 0.758594 0.028125 0.026562
0 0.564063 0.356250 0.128125 0.156250
5 0.389062 0.656250 0.050000 0.053125
4 0.488281 0.408594 0.023438 0.032813
3 0.642188 0.765625 0.093750 0.093750
0 0.797656 0.722656 0.101562 0.114062
5 0.485156 0.632031 0.048438 0.051562
4 0.289844 0.197656 0.114062 0.123438
3 0.296875 0.625000 0.121875 0.121875
0 0.788281 0.650000 0.026562 0.025000
5 0.351562 0.238281 0.040625 0.039062
5 0.224219 0.658594 0.026562 0.020313
1 0.400781 0.576562 0.070312 0.081250
2 0.603125 0.597656 0.034375 0.032813
0 0.267188 0.156250 0.043750 0.053125
3 0.162500 0.497656 0.181250 0.167187
2 0.546875 0.733594 0.059375 0.045312
5 0.638281 0.867969 0.048438 0.045312
0 0.736719 0.432812 0.085938 0.100000
4 0.392188 0.370312 0.087500 0.068750
3 0.478125 0.128125 0.106250 0.106250
5 0.490625 0.172656 0.053125 0.057813
1 0.323437 0.571875 0.075000 0.096875
4 0.729688 0.762500 0.081250 0.075000
0 0.443750 0.921875 0.043750 0.040625
3 0.222656 0.455469 0.239063 0.245312
2 0.140625 0.542188 0.028125 0.028125
2 0.796094 0.607812 0.051562 0.050000
0 0.896094 0.531250 0.079687 0.068750
2 0.622656 0.552344 0.035937 0.039062
5 0.402344 0.831250 0.054688 0.053125
0 0.312500 0.189844 0.103125 0.092188
2 0.560937 0.201563 0.059375 0.053125
4 0.238281 0.364063 0.035937 0.037500
5 0.658594 0.128125 0.035937 0.037500
2 0.516406 0.328906 0.026562 0.039062
1 0.825000 0.328125 0.062500 0.043750
4 0.729688 0.182812 0.018750 0.018750
0 0.821094 0.638281 0.039062 0.032813
1 0.725781 0.277344 0.064062 0.085938
0 0.386719 0.317188 0.039062 0.040625
0 0.886719 0.690625 0.035937 0.037500
5 0.100781 0.496094 0.023438 0.029687
5 0.870313 0.701562 0.031250 0.031250
0 0.357812 0.470313 0.059375 0.065625
5 0.303125 0.558594 0.037500 0.035937
1 0.694531 0.275000 0.085938 0.093750
1 0.171875 0.774219 0.028125 0.020313
4 0.800781 0.325781 0.014063 0.020313
2 0.690625 0.617188 0.018750 0.037500
1 0.240625 0.681250 0.062500 0.071875
5 0.641406 0.725000 0.035937 0.031250
5 0.305469 0.734375 0.026562 0.031250
4 0.373437 0.689844 0.062500 0.051562
5 0.128906 0.574219 0.042188 0.042188
3 0.802344 0.733594 0.139063 0.139063
5 0.773438 0.646094 0.050000 0.048438
5 0.825781 0.598437 0.035937 0.034375
2 0.189844 0.321094 0.029687 0.026562
3 0.571094 0.560156 0.070312 0.070312
1 0.377344 0.264062 0.217188 0.153125
3 0.510938 0.143750 0.121875 0.121875
2 0.896094 0.378125 0.042188 0.043750
3 0.846875 0.580469 0.096875 0.132812
2 0.273438 0.404687 0.071875 0.056250
4 0.200781 0.803906 0.045312 0.042188
4 0.510156 0.115625 0.067187 0.065625
0 0.764844 0.488281 0.032813 0.029687
3 0.498437 0.853125 0.109375 0.109375
4 0.882812 0.410156 0.021875 0.023438
3 0.278125 0.449219 0.325000 0.310937
4 0.286719 0.651563 0.020313 0.015625
0 0.383594 0.477344 0.026562 0.020313
4 0.718750 0.475781 0.043750 0.045312
2 0.154688 0.767188 0.021875 0.021875