0 0.296094 0.675781 0.107813 0.104688
5 0.096094 0.441406 0.048438 0.045312
3 0.141406 0.378906 0.107813 0.107813
2 0.769531 0.553125 0.026562 0.028125
3 0.816406 0.562500 0.179688 0.196875
5 0.598437 0.609375 0.040625 0.028125
1 0.354687 0.241406 0.065625 0.064062
2 0.634375 0.900781 0.034375 0.029687
0 0.717187 0.326562 0.062500 0.043750
5 0.928125 0.446094 0.025000 0.035937
5 0.381250 0.635156 0.037500 0.035937
3 0.593750 0.195312 0.096875 0.096875
3 0.348438 0.509375 0.112500 0.112500
4 0.643750 0.258594 0.062500 0.064062
1 0.622656 0.795312 0.089063 0.090625
0 0.589844 0.503906 0.035937 0.029687
2 0.695312 0.310156 0.068750 0.057813
5 0.403906 0.777344 0.045312 0.045312
1 0.665625 0.242969 0.171875 0.170313
1 0.489844 0.592969 0.126562 0.129688
3 0.692969 0.339844 0.289062 0.289062
2 0.365625 0.139844 0.062500 0.029687
2 0.400781 0.878906 0.042188 0.042188
1 0.457813 0.149219 0.131250 0.154688
3 0.242969 0.544531 0.204687 0.182812
1 0.364063 0.214062 0.056250 0.056250
5 0.420312 0.202344 0.025000 0.029687
4 0.503906 0.857031 0.064062 0.070312
5 0.614062 0.390625 0.034375 0.040625
3 0.302344 0.541406 0.223438 0.223438
2 0.218750 0.399219 0.062500 0.057813
2 0.645312 0.852344 0.106250 0.076563
2 0.714844 0.450000 0.042188 0.043750
3 0.253125 0.789062 0.096875 0.096875
5 0.798438 0.603906 0.025000 0.017188
4 0.206250 0.268750 0.018750 0.021875
5 0.458594 0.733594 0.039062 0.035937
2 0.604688 0.201563 0.043750 0.046875
3 0.272656 0.356250 0.160938 0.143750
3 0.311719 0.363281 0.095312 0.095312
4 0.142969 0.678125 0.026562 0.031250
1 0.500000 0.606250 0.056250 0.071875
0 0.499219 0.305469 0.029687 0.029687
1 0.539844 0.322656 0.107813 0.089063
1 0.421875 0.235937 0.137500 0.121875
4 0.170313 0.335938 0.031250 0.028125
3 0.726562 0.583594 0.062500 0.051562
2 0.315625 0.771875 0.050000 0.043750
3 0.196875 0.729688 0.075000 0.075000
4 0.351562 0.257031 0.159375 0.135937
4 0.642188 0.266406 0.025000 0.035937
2 0.841406 0.272656 0.067187 0.057813
4 0.648438 0.450781 0.043750 0.054688
5 0.583594 0.278906 0.085938 0.060937
0 0.564844 0.578906 0.082812 0.089063
2 0.602344 0.347656 0.029687 0.032813
2 0.707812 0.235156 0.025000 0.032813
5 0.219531 0.590625 0.039062 0.031250
1 0.467969 0.257031 0.098437 0.117188
5 0.273438 0.593750 0.075000 0.056250
0 0.759375 0.300781 0.103125 0.095312
2 0.814063 0.450781 0.075000 0.057813
4 0.743750 0.357031 0.025000 0.020313
1 0.840625 0.601562 0.050000 0.065625
1 0.439844 0.559375 0.032813 0.043750
3 0.214844 0.427344 0.223438 0.223438
1 0.594531 0.211719 0.051562 0.051562