1 0.739062 0.536719 0.071875 0.092188
3 0.531250 0.332813 0.075000 0.075000
5 0.249219 0.367969 0.029687 0.048438
3 0.610156 0.550781 0.182812 0.232813
0 0.571875 0.742969 0.034375 0.039062
0 0.164844 0.661719 0.026562 0.035937
3 0.426563 0.671875 0.121875 0.121875
5 0.636719 0.315625 0.026562 0.037500
2 0.378906 0.857031 0.035937 0.042188
1 0.871094 0.453125 0.057813 0.068750
1 0.614062 0.622656 0.184375 0.154688
3 0.563281 0.604688 0.176563 0.153125
2 0.849219 0.285156 0.029687 0.026562
5 0.443750 0.299219 0.037500 0.051562
0 0.527344 0.524219 0.073438 0.073438
3 0.540625 0.232813 0.212500 0.171875
1 0.128125 0.591406 0.068750 0.082812
2 0.186719 0.571094 0.104688 0.129688
3 0.561719 0.367969 0.132812 0.132812
0 0.595313 0.439844 0.056250 0.051562
1 0.468750 0.750000 0.087500 0.053125
3 0.228906 0.639844 0.239063 0.239063
2 0.707031 0.754687 0.017188 0.025000
5 0.446875 0.191406 0.043750 0.039062
4 0.496094 0.769531 0.157812 0.135937
4 0.428906 0.361719 0.079687 0.079687
1 0.378906 0.853906 0.126562 0.126562
2 0.908594 0.422656 0.042188 0.042188
4 0.821094 0.316406 0.029687 0.026562
3 0.453906 0.641406 0.157812 0.157812
5 0.453906 0.681250 0.032813 0.034375
3 0.496094 0.707812 0.092188 0.103125
0 0.346875 0.482812 0.100000 0.087500
0 0.181250 0.296094 0.125000 0.117188
2 0.910156 0.592187 0.039062 0.046875
5 0.264062 0.716406 0.043750 0.035937
4 0.715625 0.164844 0.053125 0.054688
1 0.755469 0.275000 0.114062 0.068750
2 0.720313 0.380469 0.034375 0.032813
1 0.371875 0.832031 0.100000 0.089063
1 0.160938 0.450781 0.046875 0.045312
4 0.253906 0.386719 0.048438 0.054688
3 0.550000 0.613281 0.203125 0.335938
0 0.483594 0.839844 0.073438 0.064062
5 0.440625 0.401562 0.065625 0.075000
1 0.642969 0.176563 0.032813 0.046875
5 0.801562 0.234375 0.062500 0.053125
2 0.858594 0.722656 0.045312 0.039062
0 0.397656 0.653906 0.120313 0.120313
0 0.407813 0.223438 0.050000 0.043750
5 0.597656 0.547656 0.045312 0.064062
3 0.443750 0.776563 0.225000 0.156250
4 0.191406 0.643750 0.054688 0.056250
3 0.778125 0.705469 0.093750 0.120313
2 0.425000 0.693750 0.025000 0.034375
4 0.510156 0.331250 0.029687 0.028125
5 0.728125 0.250781 0.025000 0.026562
4 0.696875 0.800781 0.028125 0.029687
0 0.718750 0.726562 0.037500 0.053125
5 0.805469 0.672656 0.032813 0.032813
3 0.192188 0.281250 0.081250 0.081250
1 0.574219 0.768750 0.079687 0.075000
5 0.285156 0.812500 0.035937 0.043750
1 0.353906 0.880469 0.057813 0.057813
0 0.616406 0.597656 0.101562 0.098437
1 0.202344 0.446094 0.085938 0.120313
4 0.192188 0.572656 0.015625 0.023438
3 0.521875 0.358594 0.296875 0.254688
0 0.844531 0.696094 0.048438 0.035937
3 0.228125 0.482812 0.065625 0.065625
3 0.726562 0.285938 0.153125 0.153125
4 0.188281 0.666406 0.020313 0.029687
0 0.700781 0.191406 0.039062 0.035937
1 0.741406 0.778906 0.060937 0.054688
2 0.380469 0.242188 0.039062 0.028125
5 0.607812 0.667969 0.034375 0.045312
2 0.485938 0.825000 0.068750 0.078125
3 0.331250 0.229687 0.056250 0.056250
2 0.660156 0.877344 0.054688 0.064062
5 0.757031 0.779687 0.042188 0.046875
1 0.615625 0.211719 0.128125 0.107813
3 0.144531 0.380469 0.082812 0.082812
2 0.790625 0.553125 0.046875 0.040625
1 0.807031 0.407813 0.060937 0.084375
1 0.600000 0.404687 0.090625 0.078125
5 0.602344 0.754687 0.070312 0.065625
4 0.421875 0.727344 0.021875 0.023438
5 0.171875 0.673438 0.037500 0.037500
3 0.271094 0.437500 0.082812 0.115625
4 0.314844 0.478125 0.039062 0.034375