0 0.228125 0.404687 0.046875 0.040625
0 0.267969 0.840625 0.070312 0.068750
0 0.618750 0.345313 0.121875 0.128125
2 0.230469 0.716406 0.060937 0.048438
5 0.501563 0.396875 0.031250 0.037500
4 0.415625 0.194531 0.034375 0.032813
1 0.355469 0.848437 0.095312 0.118750
4 0.361719 0.756250 0.042188 0.040625
0 0.512500 0.365625 0.068750 0.043750
5 0.778906 0.678125 0.092188 0.062500
2 0.370312 0.690625 0.028125 0.025000
2 0.257812 0.622656 0.046875 0.048438
1 0.398438 0.799219 0.096875 0.089063
2 0.313281 0.193750 0.020313 0.025000
1 0.445312 0.094531 0.075000 0.076563
5 0.487500 0.381250 0.040625 0.050000
1 0.630469 0.205469 0.032813 0.032813
4 0.521094 0.575781 0.045312 0.048438
1 0.575000 0.631250 0.071875 0.046875
4 0.296094 0.500781 0.045312 0.054688
3 0.220312 0.334375 0.146875 0.146875
0 0.232031 0.379688 0.026562 0.025000
2 0.421875 0.469531 0.040625 0.048438
5 0.268750 0.471875 0.056250 0.050000
0 0.742188 0.669531 0.128125 0.098437
2 0.473438 0.903906 0.040625 0.039062
3 0.779687 0.270313 0.062500 0.062500
2 0.517188 0.451562 0.021875 0.018750
2 0.732812 0.415625 0.031250 0.025000
3 0.639844 0.625781 0.104688 0.104688
3 0.568750 0.744531 0.231250 0.279687
0 0.800781 0.350000 0.135937 0.115625
1 0.131250 0.489844 0.034375 0.035937
0 0.780469 0.375781 0.045312 0.032813
1 0.401562 0.371094 0.046875 0.085938
2 0.658594 0.220312 0.054688 0.059375
5 0.350781 0.890625 0.035937 0.031250
1 0.475000 0.660156 0.068750 0.057813
2 0.383594 0.635938 0.114062 0.143750
2 0.909375 0.436719 0.056250 0.060937
1 0.817969 0.567187 0.139063 0.118750
2 0.636719 0.251563 0.060937 0.056250
5 0.291406 0.239063 0.020313 0.031250
2 0.672656 0.463281 0.060937 0.067187
2 0.303125 0.443750 0.025000 0.021875
5 0.102344 0.572656 0.039062 0.032813
4 0.735938 0.454688 0.031250 0.028125
4 0.222656 0.235937 0.035937 0.046875
3 0.416406 0.468750 0.192188 0.193750
2 0.571875 0.358594 0.021875 0.029687
4 0.840625 0.493750 0.071875 0.065625
0 0.241406 0.666406 0.023438 0.026562
5 0.532031 0.253906 0.057813 0.054688
4 0.414844 0.507812 0.026562 0.021875
3 0.415625 0.447656 0.112500 0.092188
0 0.911719 0.517188 0.073438 0.065625
0 0.301563 0.308594 0.031250 0.026562
1 0.442969 0.863281 0.073438 0.082812
1 0.667188 0.432031 0.112500 0.095312
2 0.540625 0.449219 0.018750 0.023438
3 0.410938 0.556250 0.156250 0.131250
1 0.416406 0.386719 0.089063 0.123438
1 0.768750 0.744531 0.046875 0.051562
1 0.321094 0.687500 0.092188 0.100000
3 0.484375 0.293750 0.134375 0.087500
4 0.325000 0.225781 0.025000 0.020313
5 0.794531 0.228906 0.060937 0.076563
2 0.392188 0.792969 0.062500 0.057813
3 0.480469 0.821875 0.214062 0.212500
3 0.739062 0.478125 0.078125 0.078125
1 0.796875 0.356250 0.134375 0.118750
0 0.794531 0.354687 0.048438 0.040625
4 0.359375 0.346875 0.115625 0.115625
4 0.649219 0.468750 0.017188 0.012500
2 0.238281 0.199219 0.054688 0.051562
4 0.595313 0.520312 0.159375 0.146875
0 0.652344 0.278906 0.029687 0.039062
2 0.347656 0.732031 0.039062 0.045312
5 0.615625 0.240625 0.046875 0.040625
0 0.584375 0.591406 0.075000 0.076563
2 0.811719 0.746094 0.026562 0.035937
2 0.869531 0.417969 0.054688 0.054688
1 0.595313 0.434375 0.046875 0.056250
1 0.321875 0.549219 0.096875 0.132812
2 0.736719 0.626563 0.039062 0.040625
0 0.282813 0.700781 0.075000 0.092188
1 0.800781 0.273438 0.139063 0.134375
5 0.657813 0.807031 0.025000 0.023438
5 0.820312 0.215625 0.015625 0.015625
0 0.537500 0.569531 0.118750 0.114062
0 0.227344 0.391406 0.098437 0.082812
4 0.449219 0.582031 0.057813 0.070312
0 0.207031 0.391406 0.098437 0.101562
1 0.793750 0.513281 0.071875 0.079687
0 0.372656 0.700781 0.126562 0.132812
2 0.196875 0.196094 0.021875 0.017188
0 0.439844 0.103906 0.060937 0.054688
1 0.659375 0.178125 0.084375 0.093750
4 0.500000 0.258594 0.021875 0.023438
2 0.491406 0.164062 0.032813 0.028125
3 0.462500 0.621094 0.209375 0.207813
1 0.189844 0.644531 0.098437 0.076563
0 0.627344 0.911719 0.026562 0.023438
5 0.072656 0.510156 0.039062 0.042188
3 0.673438 0.357812 0.203125 0.159375
0 0.659375 0.720313 0.065625 0.062500
4 0.428906 0.288281 0.020313 0.023438
3 0.355469 0.202344 0.101562 0.101562
0 0.677344 0.862500 0.048438 0.043750
4 0.415625 0.274219 0.153125 0.117188
0 0.162500 0.649219 0.115625 0.107813
2 0.709375 0.279687 0.025000 0.021875
1 0.131250 0.492969 0.121875 0.101562
4 0.808594 0.371875 0.035937 0.028125
3 0.671875 0.389062 0.065625 0.065625
3 0.378125 0.367969 0.109375 0.082812
1 0.207813 0.534375 0.075000 0.062500
5 0.589063 0.750000 0.068750 0.056250
2 0.382812 0.607031 0.065625 0.067187
4 0.314063 0.252344 0.021875 0.020313