3 0.693750 0.171875 0.096875 0.096875
5 0.752344 0.742188 0.035937 0.040625
2 0.592969 0.847656 0.045312 0.039062
2 0.530469 0.362500 0.042188 0.037500
4 0.795312 0.575000 0.059375 0.043750
1 0.585938 0.575781 0.075000 0.060937
2 0.324219 0.620313 0.048438 0.043750
3 0.450000 0.607812 0.256250 0.256250
5 0.648438 0.627344 0.062500 0.057813
5 0.775000 0.739844 0.056250 0.070312
2 0.729688 0.625781 0.084375 0.089063
5 0.771875 0.778906 0.031250 0.032813
2 0.095312 0.494531 0.025000 0.029687
3 0.500000 0.443750 0.121875 0.121875
5 0.634375 0.353906 0.040625 0.039062
2 0.514062 0.464844 0.053125 0.048438
1 0.898438 0.441406 0.081250 0.076563
5 0.412500 0.224219 0.034375 0.032813
2 0.707031 0.253906 0.035937 0.039062
3 0.714063 0.564063 0.118750 0.103125
2 0.491406 0.186719 0.026562 0.023438
3 0.591406 0.564063 0.348438 0.503125
4 0.205469 0.634375 0.076563 0.068750
1 0.696094 0.203125 0.051562 0.056250
2 0.615625 0.287500 0.062500 0.059375
5 0.217188 0.790625 0.037500 0.037500
4 0.890625 0.634375 0.031250 0.028125
2 0.817969 0.416406 0.048438 0.042188
5 0.766406 0.659375 0.035937 0.031250
5 0.082812 0.480469 0.037500 0.035937
5 0.292187 0.751563 0.043750 0.037500
0 0.648438 0.632031 0.121875 0.114062
3 0.351562 0.620313 0.150000 0.150000
5 0.240625 0.517969 0.028125 0.029687
3 0.534375 0.424219 0.096875 0.101562
4 0.575000 0.589844 0.050000 0.054688
3 0.213281 0.315625 0.157812 0.137500
1 0.676562 0.170313 0.100000 0.100000
0 0.301563 0.827344 0.059375 0.060937
1 0.366406 0.664062 0.067187 0.065625
5 0.386719 0.775781 0.023438 0.026562
4 0.187500 0.315625 0.075000 0.078125
4 0.279687 0.277344 0.034375 0.032813
3 0.651563 0.507031 0.118750 0.142187
0 0.646094 0.621094 0.126562 0.110937
3 0.622656 0.505469 0.089063 0.067187
3 0.671875 0.764062 0.153125 0.196875
3 0.422656 0.249219 0.073438 0.073438
3 0.457813 0.290625 0.234375 0.250000
3 0.349219 0.566406 0.104688 0.104688
3 0.565625 0.655469 0.159375 0.104688
3 0.236719 0.360156 0.120313 0.120313
3 0.675000 0.404687 0.075000 0.075000
2 0.609375 0.862500 0.043750 0.046875
5 0.315625 0.168750 0.071875 0.071875
1 0.634375 0.581250 0.062500 0.059375
3 0.642969 0.242969 0.110937 0.110937
2 0.522656 0.123438 0.032813 0.034375
4 0.697656 0.309375 0.026562 0.034375
0 0.356250 0.285156 0.046875 0.051562
4 0.680469 0.161719 0.057813 0.035937
5 0.747656 0.726562 0.073438 0.065625
1 0.542969 0.315625 0.079687 0.140625
2 0.399219 0.105469 0.054688 0.060937
3 0.350000 0.459375 0.109375 0.109375
2 0.173437 0.400000 0.034375 0.031250
0 0.869531 0.384375 0.070312 0.068750
5 0.357812 0.786719 0.028125 0.045312
5 0.705469 0.157031 0.042188 0.039062
1 0.582031 0.774219 0.076563 0.054688
4 0.252344 0.332031 0.060937 0.067187
4 0.750000 0.766406 0.025000 0.045312
2 0.611719 0.132812 0.032813 0.050000
5 0.679688 0.685156 0.046875 0.045312
0 0.711719 0.375781 0.076563 0.070312
4 0.666406 0.265625 0.032813 0.037500
5 0.359375 0.121875 0.031250 0.031250
1 0.132031 0.445312 0.142187 0.140625
2 0.292969 0.423438 0.020313 0.018750
1 0.305469 0.506250 0.079687 0.081250
4 0.210156 0.659375 0.045312 0.040625
0 0.573438 0.588281 0.121875 0.101562
2 0.848437 0.750000 0.025000 0.021875
4 0.424219 0.741406 0.098437 0.085938
1 0.111719 0.621875 0.060937 0.056250
2 0.163281 0.687500 0.045312 0.053125
5 0.640625 0.870313 0.046875 0.025000
5 0.671094 0.342187 0.067187 0.068750
3 0.371094 0.632031 0.326562 0.310937
0 0.350781 0.589063 0.085938 0.065625
0 0.192969 0.410156 0.060937 0.064062
2 0.317969 0.217969 0.054688 0.054688
5 0.264062 0.582031 0.040625 0.039062
4 0.836719 0.495312 0.070312 0.065625
3 0.639062 0.622656 0.150000 0.157812
5 0.314844 0.163281 0.035937 0.032813
1 0.403906 0.852344 0.101562 0.082812
1 0.511719 0.425781 0.104688 0.085938
5 0.771094 0.815625 0.029687 0.034375
5 0.087500 0.528125 0.025000 0.031250
5 0.796875 0.609375 0.037500 0.037500
5 0.269531 0.325781 0.023438 0.023438
1 0.423438 0.213281 0.128125 0.089063
0 0.820312 0.386719 0.046875 0.039062
3 0.454688 0.171875 0.131250 0.200000
0 0.107813 0.614844 0.050000 0.045312
3 0.675000 0.595313 0.121875 0.121875
1 0.401562 0.584375 0.075000 0.068750
3 0.534375 0.674219 0.131250 0.098437
4 0.165625 0.269531 0.031250 0.029687
0 0.735938 0.745313 0.034375 0.028125
5 0.612500 0.739062 0.037500 0.031250
1 0.322656 0.814844 0.048438 0.045312
5 0.275781 0.254688 0.048438 0.053125
2 0.755469 0.557031 0.035937 0.035937
4 0.558594 0.248438 0.079687 0.084375
5 0.576562 0.398438 0.046875 0.043750
3 0.871094 0.511719 0.120313 0.120313
4 0.185156 0.521094 0.198437 0.214062
2 0.593750 0.914062 0.040625 0.037500
2 0.599219 0.214844 0.185938 0.176563
3 0.748437 0.710938 0.234375 0.200000
2 0.844531 0.262500 0.029687 0.031250
2 0.287500 0.514844 0.059375 0.048438
1 0.278906 0.220312 0.067187 0.068750
2 0.756250 0.746094 0.043750 0.045312
5 0.265625 0.753125 0.043750 0.062500
2 0.876563 0.586719 0.053125 0.048438
0 0.297656 0.535156 0.045312 0.048438
1 0.490625 0.509375 0.100000 0.115625
0 0.841406 0.578125 0.117188 0.118750