0 0.292187 0.370312 0.090625 0.087500
0 0.522656 0.181250 0.048438 0.040625
4 0.685156 0.275781 0.026562 0.023438
3 0.832812 0.520312 0.071875 0.071875
2 0.464844 0.896875 0.035937 0.031250
3 0.489844 0.417187 0.129688 0.081250
5 0.328906 0.496094 0.032813 0.032813
5 0.768750 0.457031 0.031250 0.029687
4 0.296875 0.247656 0.037500 0.039062
5 0.490625 0.360156 0.031250 0.029687
1 0.446875 0.163281 0.109375 0.098437
3 0.819531 0.328906 0.157812 0.157812
1 0.320312 0.738281 0.184375 0.164062
4 0.287500 0.224219 0.059375 0.051562
1 0.487500 0.582031 0.071875 0.098437
2 0.710938 0.537500 0.043750 0.034375
4 0.583594 0.665625 0.107813 0.100000
4 0.510156 0.474219 0.026562 0.023438
2 0.485156 0.124219 0.089063 0.073438
4 0.815625 0.232031 0.031250 0.029687
1 0.278906 0.762500 0.142187 0.093750
3 0.276562 0.720313 0.256250 0.265625
2 0.153125 0.589844 0.043750 0.060937
0 0.697656 0.371094 0.029687 0.023438
2 0.368750 0.891406 0.031250 0.035937
2 0.794531 0.368750 0.032813 0.028125
5 0.342969 0.797656 0.020313 0.014063
0 0.460156 0.434375 0.048438 0.043750
4 0.713281 0.389062 0.045312 0.059375
3 0.542969 0.638281 0.439063 0.348438
0 0.252344 0.807813 0.029687 0.031250
5 0.423438 0.900781 0.040625 0.039062
5 0.750781 0.441406 0.032813 0.032813
4 0.110937 0.360156 0.018750 0.026562
0 0.614062 0.107031 0.043750 0.042188
4 0.682031 0.392188 0.014063 0.012500
0 0.228125 0.585938 0.050000 0.046875
1 0.725000 0.356250 0.062500 0.065625
1 0.503125 0.107031 0.062500 0.064062
0 0.237500 0.642969 0.053125 0.048438
4 0.440625 0.311719 0.090625 0.098437
0 0.442969 0.218750 0.160938 0.181250
2 0.346875 0.150000 0.034375 0.034375
2 0.233594 0.520312 0.023438 0.043750
4 0.194531 0.470313 0.029687 0.034375
3 0.593750 0.834375 0.150000 0.150000
1 0.379688 0.824219 0.075000 0.070312
1 0.625000 0.656250 0.103125 0.121875
4 0.650781 0.213281 0.026562 0.017188
5 0.164062 0.411719 0.040625 0.048438
4 0.539062 0.807031 0.062500 0.076563
0 0.421094 0.184375 0.029687 0.025000
4 0.639844 0.535937 0.026562 0.028125
1 0.639062 0.767188 0.081250 0.059375
0 0.122656 0.451562 0.026562 0.025000
4 0.357812 0.439844 0.028125 0.026562
2 0.907031 0.382812 0.029687 0.018750
3 0.472656 0.646875 0.245312 0.206250
3 0.416406 0.257812 0.289062 0.303125
2 0.435937 0.870313 0.040625 0.040625
3 0.664062 0.643750 0.275000 0.303125
0 0.600000 0.736719 0.081250 0.079687
0 0.356250 0.660156 0.062500 0.051562
1 0.657031 0.805469 0.082812 0.095312
3 0.533594 0.724219 0.117188 0.117188
3 0.582812 0.310156 0.218750 0.342187
5 0.110937 0.300000 0.012500 0.012500
4 0.217969 0.280469 0.020313 0.020313
0 0.584375 0.426563 0.103125 0.106250
4 0.460156 0.300000 0.085938 0.084375
1 0.095312 0.476562 0.065625 0.059375
2 0.787500 0.685937 0.056250 0.046875
0 0.498437 0.285156 0.043750 0.039062
3 0.520312 0.306250 0.303125 0.243750
0 0.509375 0.553906 0.050000 0.048438
4 0.800781 0.722656 0.051562 0.048438
3 0.206250 0.639844 0.171875 0.239063
5 0.682813 0.407813 0.021875 0.031250
1 0.577344 0.185938 0.076563 0.103125
2 0.168750 0.236719 0.015625 0.020313
2 0.650781 0.239844 0.051562 0.048438
0 0.504687 0.649219 0.037500 0.032813
2 0.357031 0.600000 0.026562 0.018750
4 0.646094 0.496875 0.017188 0.012500
1 0.309375 0.218750 0.065625 0.056250
3 0.328125 0.396094 0.406250 0.351562
5 0.146875 0.300781 0.025000 0.023438
5 0.234375 0.397656 0.034375 0.032813
4 0.689844 0.505469 0.023438 0.020313
0 0.388281 0.457031 0.026562 0.026562
4 0.600000 0.482031 0.065625 0.073438
4 0.881250 0.454688 0.018750 0.025000
0 0.639844 0.482031 0.070312 0.070312
1 0.360156 0.551562 0.076563 0.059375
4 0.641406 0.131250 0.023438 0.025000
3 0.702344 0.342187 0.070312 0.075000
4 0.303906 0.700781 0.073438 0.073438
2 0.800781 0.296875 0.039062 0.040625