2 0.226562 0.303906 0.071875 0.064062
1 0.657031 0.846875 0.092188 0.087500
3 0.621875 0.367188 0.115625 0.096875
1 0.378125 0.415625 0.084375 0.081250
3 0.569531 0.321875 0.357812 0.356250
2 0.728125 0.218750 0.025000 0.028125
0 0.583594 0.773438 0.023438 0.018750
3 0.517969 0.199219 0.129688 0.129688
3 0.280469 0.750781 0.142187 0.142187
0 0.482812 0.201563 0.040625 0.040625
1 0.391406 0.689063 0.173437 0.175000
0 0.422656 0.609375 0.060937 0.046875
5 0.867969 0.689844 0.042188 0.045312
1 0.136719 0.610938 0.082812 0.084375
4 0.213281 0.562500 0.120313 0.121875
5 0.640625 0.307031 0.053125 0.051562
2 0.595313 0.560156 0.025000 0.023438
2 0.477344 0.257031 0.082812 0.085938
3 0.663281 0.321094 0.107813 0.107813
4 0.225000 0.392969 0.034375 0.029687
3 0.266406 0.525000 0.195312 0.168750
1 0.427344 0.109375 0.070312 0.078125
5 0.585156 0.806250 0.048438 0.037500
4 0.846094 0.415625 0.023438 0.034375
2 0.678125 0.173437 0.034375 0.028125
3 0.822656 0.580469 0.089063 0.089063
1 0.357812 0.327344 0.128125 0.098437
2 0.143750 0.531250 0.040625 0.028125
5 0.446094 0.117188 0.026562 0.028125
3 0.592969 0.329688 0.354687 0.200000
5 0.798438 0.205469 0.050000 0.048438
1 0.833594 0.553125 0.110937 0.090625
0 0.086719 0.559375 0.051562 0.053125
4 0.571875 0.781250 0.043750 0.046875
0 0.359375 0.772656 0.109375 0.095312
1 0.240625 0.503125 0.053125 0.062500
4 0.367188 0.471875 0.031250 0.031250
1 0.642969 0.196875 0.067187 0.068750
4 0.235937 0.302344 0.025000 0.026562
4 0.742188 0.378125 0.025000 0.021875
4 0.107031 0.453906 0.017188 0.017188
4 0.107813 0.346094 0.021875 0.026562
0 0.895312 0.546094 0.068750 0.054688
2 0.153906 0.709375 0.039062 0.037500
2 0.345313 0.220312 0.075000 0.065625
0 0.273438 0.620313 0.028125 0.021875
4 0.354687 0.201563 0.062500 0.062500
0 0.690625 0.764844 0.084375 0.095312
2 0.649219 0.205469 0.048438 0.048438
4 0.258594 0.492969 0.045312 0.060937
4 0.750781 0.423438 0.151562 0.168750
4 0.696094 0.530469 0.107813 0.095312
1 0.502344 0.331250 0.198437 0.153125
2 0.142969 0.467187 0.020313 0.018750
5 0.904687 0.382812 0.037500 0.037500
4 0.260156 0.842969 0.051562 0.051562
5 0.299219 0.819531 0.032813 0.029687
2 0.281250 0.314844 0.087500 0.076563
5 0.420312 0.394531 0.021875 0.023438
3 0.631250 0.301563 0.109375 0.109375
2 0.339844 0.888281 0.057813 0.048438
4 0.557031 0.302344 0.017188 0.017188
0 0.761719 0.823438 0.029687 0.028125
4 0.385937 0.625000 0.134375 0.100000
1 0.525000 0.139063 0.068750 0.084375
4 0.226562 0.653125 0.100000 0.100000
2 0.390625 0.497656 0.062500 0.045312
2 0.147656 0.543750 0.076563 0.065625
4 0.218750 0.221875 0.056250 0.062500
2 0.386719 0.179688 0.079687 0.081250
5 0.623437 0.717187 0.053125 0.053125
4 0.610938 0.444531 0.034375 0.035937
3 0.519531 0.632031 0.207813 0.189062
5 0.485156 0.343750 0.042188 0.062500
0 0.301563 0.675000 0.131250 0.115625
5 0.772656 0.780469 0.042188 0.042188
5 0.814844 0.258594 0.023438 0.023438
2 0.847656 0.364063 0.026562 0.025000
5 0.266406 0.158594 0.060937 0.060937
3 0.780469 0.694531 0.139063 0.139063
4 0.446875 0.312500 0.028125 0.021875
1 0.813281 0.517188 0.054688 0.053125
4 0.317188 0.780469 0.043750 0.051562
1 0.345313 0.428906 0.025000 0.039062
0 0.397656 0.881250 0.051562 0.059375
1 0.328906 0.164062 0.054688 0.050000
5 0.682813 0.121875 0.021875 0.021875
4 0.191406 0.372656 0.032813 0.035937
5 0.705469 0.300000 0.017188 0.018750
4 0.915625 0.478125 0.031250 0.025000
1 0.489063 0.148438 0.053125 0.046875
5 0.631250 0.389062 0.028125 0.040625
5 0.355469 0.182812 0.026562 0.025000