5 0.346094 0.775781 0.045312 0.045312
0 0.510156 0.853906 0.107813 0.107813
1 0.268750 0.191406 0.115625 0.098437
5 0.386719 0.186719 0.057813 0.051562
4 0.693750 0.755469 0.109375 0.076563
2 0.309375 0.509375 0.071875 0.068750
3 0.434375 0.391406 0.256250 0.348438
4 0.905469 0.454688 0.020313 0.034375
4 0.542969 0.636719 0.092188 0.092188
5 0.781250 0.458594 0.040625 0.051562
1 0.557813 0.808594 0.081250 0.095312
0 0.164844 0.578125 0.023438 0.015625
4 0.682031 0.557031 0.035937 0.045312
2 0.749219 0.714844 0.067187 0.057813
1 0.781250 0.514844 0.128125 0.129688
4 0.541406 0.391406 0.014063 0.020313
4 0.468750 0.504687 0.025000 0.018750
4 0.797656 0.546094 0.060937 0.064062
0 0.526563 0.782031 0.046875 0.039062
0 0.639062 0.209375 0.021875 0.021875
2 0.552344 0.496094 0.032813 0.035937
1 0.750000 0.461719 0.103125 0.114062
4 0.337500 0.637500 0.012500 0.015625
4 0.328906 0.725000 0.014063 0.018750
1 0.434375 0.749219 0.121875 0.135937
4 0.210938 0.618750 0.181250 0.178125
4 0.860156 0.383594 0.067187 0.076563
2 0.253906 0.471094 0.039062 0.039062
4 0.662500 0.339062 0.025000 0.028125
3 0.662500 0.726562 0.040625 0.043750
0 0.464062 0.896094 0.040625 0.042188
5 0.439063 0.592187 0.037500 0.034375
5 0.610938 0.605469 0.034375 0.042188
0 0.617969 0.464844 0.048438 0.048438
5 0.679688 0.548438 0.025000 0.025000
2 0.247656 0.299219 0.114062 0.129688
2 0.689063 0.491406 0.081250 0.092188
1 0.385937 0.107031 0.056250 0.060937
4 0.786719 0.760938 0.026562 0.025000
5 0.183594 0.587500 0.032813 0.031250
3 0.200781 0.327344 0.157812 0.120313
4 0.603906 0.232813 0.029687 0.031250
2 0.535937 0.423438 0.043750 0.043750
5 0.440625 0.403906 0.065625 0.048438
5 0.437500 0.680469 0.040625 0.039062
5 0.806250 0.505469 0.037500 0.035937
1 0.275781 0.684375 0.132812 0.131250
0 0.731250 0.546094 0.037500 0.035937
4 0.501563 0.142969 0.015625 0.014063
0 0.648438 0.257812 0.103125 0.100000
3 0.282031 0.289062 0.154688 0.171875
1 0.492188 0.113281 0.075000 0.076563
2 0.532813 0.440625 0.043750 0.034375
4 0.759375 0.328125 0.018750 0.018750
0 0.581250 0.147656 0.056250 0.042188
2 0.518750 0.101562 0.075000 0.065625
5 0.196094 0.592969 0.045312 0.048438
3 0.345313 0.525000 0.225000 0.225000
4 0.610938 0.201563 0.028125 0.025000
2 0.326562 0.732812 0.025000 0.025000
3 0.675000 0.464062 0.375000 0.378125
5 0.125000 0.317969 0.018750 0.017188
3 0.424219 0.723437 0.095312 0.096875
4 0.616406 0.353125 0.023438 0.021875
0 0.381250 0.147656 0.059375 0.048438
4 0.352344 0.160156 0.054688 0.054688
3 0.417969 0.538281 0.079687 0.064062
2 0.615625 0.704688 0.046875 0.043750
3 0.672656 0.371875 0.123438 0.153125
3 0.584375 0.750000 0.156250 0.156250
0 0.748437 0.692969 0.056250 0.048438
4 0.431250 0.139844 0.012500 0.017188
5 0.466406 0.132812 0.051562 0.050000
4 0.675000 0.607812 0.087500 0.081250
1 0.300781 0.612500 0.073438 0.084375
5 0.355469 0.492969 0.020313 0.026562
1 0.660156 0.225000 0.042188 0.031250
0 0.842187 0.343750 0.037500 0.034375
3 0.555469 0.891406 0.089063 0.089063
1 0.755469 0.630469 0.039062 0.035937
0 0.255469 0.159375 0.060937 0.059375
2 0.213281 0.336719 0.054688 0.042188
3 0.443750 0.279687 0.084375 0.084375
4 0.275000 0.188281 0.059375 0.051562
0 0.780469 0.713281 0.045312 0.051562
4 0.124219 0.371094 0.070312 0.060937
2 0.240625 0.460156 0.071875 0.070312
4 0.703125 0.789062 0.040625 0.040625
4 0.187500 0.746094 0.021875 0.020313
1 0.686719 0.300000 0.076563 0.081250
4 0.656250 0.545312 0.046875 0.046875
0 0.457031 0.646875 0.045312 0.037500
0 0.689063 0.567187 0.093750 0.090625
4 0.386719 0.514844 0.029687 0.026562
2 0.525000 0.634375 0.050000 0.065625
0 0.367188 0.753125 0.028125 0.025000
5 0.723437 0.183594 0.028125 0.029687
0 0.331250 0.618750 0.056250 0.059375
1 0.328125 0.738281 0.118750 0.135937
2 0.470313 0.409375 0.025000 0.025000
4 0.160156 0.646094 0.151562 0.151562
1 0.556250 0.440625 0.078125 0.078125
3 0.660937 0.664062 0.096875 0.096875
2 0.358594 0.121094 0.032813 0.032813
5 0.892969 0.539844 0.045312 0.045312
0 0.717969 0.785156 0.110937 0.117188
0 0.524219 0.263281 0.060937 0.060937
0 0.528125 0.222656 0.075000 0.076563
5 0.851562 0.546094 0.040625 0.039062
5 0.804688 0.203906 0.046875 0.042188
5 0.293750 0.401562 0.018750 0.018750
4 0.591406 0.281250 0.035937 0.028125