2 0.615625 0.111719 0.034375 0.032813
1 0.794531 0.489063 0.079687 0.068750
2 0.741406 0.270313 0.035937 0.040625
2 0.385156 0.743750 0.032813 0.028125
0 0.817969 0.596875 0.142187 0.121875
2 0.578125 0.225781 0.037500 0.039062
1 0.563281 0.241406 0.179688 0.201563
5 0.555469 0.290625 0.051562 0.037500
1 0.446875 0.168750 0.050000 0.053125
3 0.389062 0.296875 0.081250 0.081250
4 0.235937 0.428906 0.071875 0.048438
1 0.644531 0.761719 0.095312 0.085938
4 0.682813 0.391406 0.071875 0.060937
1 0.485156 0.595313 0.110937 0.084375
4 0.207813 0.376563 0.046875 0.046875
2 0.222656 0.556250 0.032813 0.028125
3 0.471875 0.554688 0.053125 0.053125
2 0.775000 0.385937 0.109375 0.087500
2 0.428906 0.425000 0.035937 0.034375
4 0.246875 0.695312 0.156250 0.156250
1 0.332031 0.695312 0.107813 0.131250
4 0.200000 0.652344 0.028125 0.032813
1 0.083594 0.500781 0.064062 0.064062
3 0.380469 0.404687 0.089063 0.118750
3 0.189062 0.300000 0.137500 0.115625
3 0.432031 0.241406 0.064062 0.064062
2 0.450000 0.632031 0.034375 0.029687
5 0.412500 0.700781 0.034375 0.035937
1 0.553906 0.449219 0.060937 0.057813
1 0.347656 0.702344 0.110937 0.089063
3 0.839063 0.412500 0.062500 0.062500
1 0.729688 0.810937 0.056250 0.050000
3 0.604688 0.462500 0.190625 0.234375
5 0.378125 0.686719 0.046875 0.060937
0 0.766406 0.186719 0.067187 0.060937
1 0.637500 0.135156 0.093750 0.104688
5 0.346094 0.485156 0.020313 0.020313
2 0.204687 0.628906 0.050000 0.054688
4 0.539844 0.482031 0.054688 0.054688
0 0.607812 0.459375 0.059375 0.043750
4 0.552344 0.125000 0.014063 0.012500
1 0.642969 0.807031 0.076563 0.048438
2 0.818750 0.646094 0.046875 0.042188
2 0.310156 0.861719 0.070312 0.057813
2 0.443750 0.904687 0.056250 0.071875
2 0.405469 0.305469 0.054688 0.057813
0 0.236719 0.203125 0.035937 0.028125
3 0.708594 0.316406 0.082812 0.082812
5 0.814063 0.432812 0.034375 0.031250
4 0.357812 0.508594 0.025000 0.029687
3 0.461719 0.420312 0.082812 0.109375
3 0.342969 0.307031 0.142187 0.142187
2 0.491406 0.501563 0.129688 0.196875
1 0.835938 0.614844 0.065625 0.060937
2 0.427344 0.622656 0.026562 0.039062
5 0.407031 0.415625 0.048438 0.043750
4 0.453125 0.899219 0.025000 0.020313
5 0.519531 0.727344 0.029687 0.032813
3 0.399219 0.431250 0.098437 0.053125
1 0.783594 0.490625 0.101562 0.128125
5 0.798438 0.785937 0.037500 0.034375
4 0.479687 0.356250 0.050000 0.071875
4 0.443750 0.157031 0.046875 0.054688
4 0.860938 0.497656 0.040625 0.051562
1 0.192188 0.471875 0.090625 0.065625
3 0.471875 0.595313 0.112500 0.112500
0 0.365625 0.331250 0.046875 0.053125
0 0.329688 0.649219 0.156250 0.126562
5 0.281250 0.662500 0.025000 0.025000
3 0.403125 0.240625 0.140625 0.140625
5 0.611719 0.575000 0.048438 0.043750
2 0.360938 0.111719 0.021875 0.023438
4 0.713281 0.632812 0.020313 0.018750
2 0.766406 0.657031 0.039062 0.039062
3 0.200000 0.656250 0.056250 0.056250
0 0.195312 0.414844 0.087500 0.082812
2 0.553906 0.611719 0.042188 0.042188
5 0.316406 0.543750 0.045312 0.043750
1 0.217969 0.399219 0.070312 0.070312
0 0.523438 0.553906 0.053125 0.057813
5 0.241406 0.284375 0.029687 0.028125
3 0.681250 0.335938 0.178125 0.140625
4 0.445312 0.800781 0.034375 0.032813
1 0.339062 0.843750 0.084375 0.112500
5 0.312500 0.137500 0.053125 0.050000
3 0.253906 0.362500 0.064062 0.046875
2 0.557813 0.624219 0.043750 0.042188
5 0.392188 0.658594 0.050000 0.045312
1 0.728906 0.581250 0.076563 0.081250
0 0.328906 0.238281 0.064062 0.057813
4 0.167969 0.303125 0.026562 0.021875
3 0.507031 0.292969 0.120313 0.089063
2 0.485156 0.093750 0.060937 0.046875
0 0.326562 0.689063 0.303125 0.303125
0 0.790625 0.659375 0.100000 0.093750
0 0.723437 0.393750 0.034375 0.040625
4 0.148438 0.541406 0.087500 0.076563