1 0.713281 0.178906 0.117188 0.110937
0 0.445312 0.394531 0.050000 0.039062
4 0.364844 0.246094 0.282813 0.282813
0 0.232031 0.513281 0.026562 0.026562
3 0.757812 0.313281 0.121875 0.132812
2 0.850000 0.600000 0.034375 0.034375
0 0.812500 0.285938 0.100000 0.096875
5 0.564063 0.732812 0.040625 0.050000
3 0.396875 0.510938 0.090625 0.100000
5 0.093750 0.448437 0.034375 0.037500
5 0.590625 0.814844 0.028125 0.029687
5 0.486719 0.285938 0.032813 0.037500
3 0.615625 0.650000 0.165625 0.275000
4 0.758594 0.281250 0.126562 0.159375
5 0.278906 0.325000 0.045312 0.037500
0 0.700000 0.464062 0.050000 0.053125
2 0.378906 0.472656 0.035937 0.029687
1 0.418750 0.186719 0.068750 0.101562
2 0.344531 0.379688 0.054688 0.059375
3 0.445312 0.646875 0.153125 0.153125
3 0.503906 0.194531 0.107813 0.107813
4 0.137500 0.488281 0.059375 0.054688
2 0.128125 0.467187 0.040625 0.040625
4 0.701562 0.263281 0.043750 0.045312
5 0.098437 0.422656 0.037500 0.039062
1 0.360156 0.446875 0.070312 0.078125
0 0.242969 0.235937 0.079687 0.071875
1 0.189062 0.224219 0.028125 0.048438
4 0.098437 0.444531 0.025000 0.026562
4 0.152344 0.665625 0.035937 0.040625
0 0.192188 0.250781 0.103125 0.089063
5 0.519531 0.456250 0.032813 0.034375
0 0.676562 0.495312 0.106250 0.093750
0 0.470313 0.796094 0.112500 0.107813
4 0.170313 0.626563 0.053125 0.040625
3 0.724219 0.221094 0.095312 0.095312
3 0.476562 0.651563 0.062500 0.062500
0 0.553125 0.638281 0.071875 0.064062
1 0.849219 0.367188 0.054688 0.050000
5 0.878906 0.693750 0.051562 0.050000
5 0.456250 0.121094 0.046875 0.048438
4 0.529687 0.573438 0.031250 0.021875
2 0.480469 0.896875 0.020313 0.025000
3 0.681250 0.601562 0.156250 0.156250
0 0.720313 0.227344 0.056250 0.048438
3 0.601562 0.557031 0.215625 0.214062
1 0.821094 0.525781 0.070312 0.054688
0 0.857812 0.336719 0.087500 0.082812
2 0.194531 0.424219 0.207813 0.142187
0 0.269531 0.252344 0.067187 0.060937
2 0.351562 0.366406 0.043750 0.054688
5 0.582031 0.125000 0.089063 0.062500
4 0.359375 0.401562 0.025000 0.025000
4 0.330469 0.660156 0.035937 0.042188
1 0.168750 0.653125 0.078125 0.062500
5 0.856250 0.557813 0.043750 0.043750
5 0.872656 0.625000 0.039062 0.037500
3 0.636719 0.277344 0.185938 0.185938
0 0.757031 0.771875 0.029687 0.025000
1 0.867969 0.417969 0.104688 0.098437
3 0.385156 0.193750 0.126562 0.146875
0 0.557031 0.650781 0.070312 0.035937
2 0.219531 0.507812 0.023438 0.025000
2 0.595313 0.836719 0.059375 0.082812
5 0.626563 0.672656 0.031250 0.032813
2 0.492188 0.490625 0.059375 0.065625
3 0.189844 0.411719 0.154688 0.148438
3 0.370312 0.260937 0.112500 0.109375
0 0.137500 0.384375 0.090625 0.090625
2 0.608594 0.278906 0.092188 0.098437
5 0.677344 0.696094 0.042188 0.054688
5 0.314063 0.826562 0.050000 0.040625
1 0.531250 0.353906 0.084375 0.089063
0 0.339062 0.147656 0.037500 0.045312
1 0.338281 0.624219 0.123438 0.117188
2 0.451562 0.389062 0.081250 0.093750
5 0.312500 0.481250 0.028125 0.034375
2 0.118750 0.469531 0.040625 0.042188
0 0.325781 0.811719 0.064062 0.060937
4 0.103125 0.639062 0.040625 0.043750
1 0.168750 0.417969 0.037500 0.032813
5 0.669531 0.221094 0.057813 0.057813
3 0.661719 0.667969 0.089063 0.089063
0 0.493750 0.216406 0.090625 0.101562
4 0.681250 0.462500 0.021875 0.025000
4 0.639062 0.103906 0.056250 0.045312
5 0.453906 0.308594 0.032813 0.042188
5 0.434375 0.744531 0.059375 0.048438
1 0.157031 0.307812 0.064062 0.068750
4 0.336719 0.140625 0.095312 0.103125
2 0.423438 0.262500 0.031250 0.028125
0 0.158594 0.678125 0.029687 0.028125
0 0.247656 0.672656 0.070312 0.039062
3 0.471094 0.524219 0.135937 0.148438
5 0.389062 0.266406 0.031250 0.039062
0 0.454688 0.120313 0.090625 0.093750
2 0.810156 0.555469 0.039062 0.029687
2 0.793750 0.329688 0.040625 0.037500
3 0.607812 0.658594 0.178125 0.173437
2 0.752344 0.585938 0.032813 0.046875
4 0.345313 0.303125 0.021875 0.018750
2 0.847656 0.579688 0.017188 0.018750
0 0.688281 0.145313 0.048438 0.050000
0 0.160938 0.719531 0.043750 0.039062
0 0.303125 0.457031 0.071875 0.073438
1 0.316406 0.524219 0.032813 0.032813
4 0.829688 0.502344 0.031250 0.026562
0 0.788281 0.575000 0.045312 0.037500
0 0.656250 0.199219 0.065625 0.089063
5 0.825781 0.596875 0.039062 0.031250
4 0.134375 0.710156 0.021875 0.020313
2 0.464062 0.830469 0.084375 0.095312
4 0.824219 0.286719 0.039062 0.073438
4 0.853906 0.457813 0.017188 0.015625
0 0.796094 0.359375 0.104688 0.078125
3 0.591406 0.308594 0.264062 0.295312
3 0.268750 0.525000 0.218750 0.218750
4 0.562500 0.523438 0.031250 0.040625
2 0.828906 0.369531 0.082812 0.092188
5 0.554688 0.911719 0.037500 0.035937
1 0.380469 0.497656 0.076563 0.076563
5 0.535937 0.827344 0.034375 0.032813
4 0.324219 0.181250 0.017188 0.018750
5 0.482812 0.660156 0.040625 0.039062
2 0.391406 0.445312 0.039062 0.037500
4 0.429688 0.666406 0.059375 0.060937
4 0.589844 0.826562 0.045312 0.056250
4 0.353906 0.392969 0.079687 0.048438
0 0.349219 0.644531 0.070312 0.067187
4 0.805469 0.621094 0.120313 0.123438
3 0.775000 0.410156 0.159375 0.157812