1 0.314844 0.748437 0.076563 0.056250
4 0.927344 0.472656 0.023438 0.020313
4 0.514062 0.370312 0.021875 0.021875
1 0.195312 0.543750 0.065625 0.075000
2 0.121094 0.589844 0.029687 0.035937
4 0.604688 0.810937 0.018750 0.015625
0 0.373437 0.325000 0.053125 0.046875
0 0.668750 0.676562 0.046875 0.043750
1 0.539062 0.457813 0.056250 0.056250
0 0.248438 0.475781 0.040625 0.032813
0 0.657813 0.144531 0.090625 0.073438
0 0.243750 0.203906 0.062500 0.051562
3 0.414062 0.249219 0.325000 0.317188
4 0.379688 0.702344 0.078125 0.070312
2 0.332813 0.260156 0.043750 0.054688
2 0.890625 0.353125 0.031250 0.046875
0 0.209375 0.388281 0.081250 0.073438
2 0.477344 0.238281 0.026562 0.026562
4 0.468750 0.863281 0.056250 0.054688
5 0.725000 0.418750 0.043750 0.040625
5 0.578906 0.531250 0.029687 0.028125
3 0.585938 0.396875 0.081250 0.081250
2 0.300781 0.718750 0.189062 0.165625
3 0.654687 0.571094 0.162500 0.139063
5 0.222656 0.648438 0.039062 0.040625
2 0.161719 0.350000 0.079687 0.087500
5 0.777344 0.407031 0.045312 0.045312
2 0.610938 0.335156 0.043750 0.051562
0 0.727344 0.677344 0.032813 0.026562
5 0.487500 0.614062 0.040625 0.043750
1 0.642188 0.732812 0.137500 0.146875
5 0.829688 0.536719 0.040625 0.035937
1 0.383594 0.185938 0.204687 0.209375
1 0.467969 0.342969 0.082812 0.073438
3 0.660937 0.442188 0.081250 0.081250
0 0.268750 0.264062 0.037500 0.034375
0 0.328906 0.774219 0.104688 0.089063
4 0.349219 0.548438 0.110937 0.112500
0 0.878125 0.342187 0.028125 0.062500
1 0.364063 0.355469 0.075000 0.082812
1 0.826562 0.461719 0.084375 0.082812
0 0.218750 0.503125 0.053125 0.046875
5 0.403906 0.667188 0.035937 0.034375
1 0.367188 0.616406 0.078125 0.085938
5 0.150000 0.732812 0.046875 0.043750
2 0.217188 0.280469 0.021875 0.020313
2 0.378906 0.478125 0.098437 0.118750
4 0.778906 0.621875 0.023438 0.021875
4 0.514844 0.818750 0.101562 0.071875
1 0.794531 0.614844 0.135937 0.101562
2 0.285938 0.840625 0.031250 0.034375
3 0.680469 0.746094 0.135937 0.135937
0 0.455469 0.208594 0.101562 0.092188
0 0.344531 0.573438 0.026562 0.025000
0 0.734375 0.770312 0.081250 0.065625
1 0.744531 0.396875 0.101562 0.096875
0 0.829688 0.554688 0.050000 0.050000
2 0.607031 0.095312 0.026562 0.021875
4 0.241406 0.782031 0.032813 0.029687
2 0.476562 0.690625 0.034375 0.046875
1 0.671875 0.742969 0.037500 0.045312
0 0.723437 0.250000 0.059375 0.056250
1 0.749219 0.539844 0.117188 0.135937
4 0.721094 0.175000 0.039062 0.056250
1 0.257031 0.527344 0.114062 0.101562
3 0.674219 0.300000 0.301563 0.203125
2 0.792969 0.223438 0.032813 0.034375
3 0.783594 0.338281 0.101562 0.101562
2 0.478906 0.070312 0.017188 0.025000
4 0.494531 0.923438 0.023438 0.021875
0 0.551562 0.206250 0.025000 0.021875
3 0.655469 0.767969 0.192188 0.192188
0 0.575781 0.528906 0.107813 0.101562
3 0.519531 0.821094 0.135937 0.135937
4 0.618750 0.466406 0.021875 0.023438
5 0.261719 0.168750 0.045312 0.040625
2 0.767188 0.328906 0.034375 0.023438
1 0.590625 0.650781 0.125000 0.167187
4 0.556250 0.081250 0.025000 0.037500
4 0.789844 0.646875 0.217188 0.190625
0 0.721875 0.278906 0.062500 0.042188
1 0.810156 0.717969 0.079687 0.085938
2 0.378125 0.639844 0.075000 0.067187
5 0.573438 0.216406 0.034375 0.051562
2 0.225000 0.653125 0.059375 0.050000
1 0.890625 0.566406 0.093750 0.082812
2 0.578125 0.315625 0.046875 0.056250
2 0.452344 0.392969 0.098437 0.079687
4 0.527344 0.334375 0.026562 0.025000
3 0.196875 0.639062 0.084375 0.118750
3 0.350000 0.246875 0.100000 0.100000
2 0.865625 0.445312 0.034375 0.031250
1 0.313281 0.356250 0.095312 0.118750
2 0.826562 0.357812 0.040625 0.031250
3 0.491406 0.639062 0.264062 0.271875
0 0.488281 0.481250 0.045312 0.037500
1 0.789062 0.353125 0.093750 0.109375
0 0.493750 0.869531 0.071875 0.060937
1 0.464844 0.778906 0.079687 0.082812
3 0.496875 0.307812 0.121875 0.121875
4 0.343750 0.513281 0.028125 0.026562
1 0.772656 0.760938 0.132812 0.103125
3 0.278906 0.507031 0.148438 0.185938
2 0.340625 0.625000 0.043750 0.056250
0 0.625781 0.281250 0.060937 0.053125
1 0.160156 0.264844 0.045312 0.051562
0 0.475781 0.227344 0.048438 0.045312
0 0.096875 0.601562 0.037500 0.031250
5 0.215625 0.268750 0.037500 0.040625
5 0.446094 0.622656 0.032813 0.029687
3 0.747656 0.177344 0.067187 0.067187
2 0.728906 0.548438 0.035937 0.040625
4 0.534375 0.431250 0.200000 0.212500
4 0.323437 0.400000 0.087500 0.096875
3 0.585938 0.861719 0.128125 0.142187
3 0.132812 0.525000 0.081250 0.081250
4 0.185938 0.728906 0.025000 0.020313
4 0.650781 0.243750 0.051562 0.056250
5 0.378125 0.429688 0.025000 0.028125
2 0.418750 0.804688 0.081250 0.081250
2 0.709375 0.757031 0.043750 0.045312
2 0.803125 0.639844 0.187500 0.217188
0 0.296094 0.178906 0.067187 0.070312
2 0.407031 0.105469 0.026562 0.035937
4 0.380469 0.846875 0.098437 0.096875
2 0.364063 0.682813 0.037500 0.037500
1 0.260156 0.414844 0.045312 0.054688
3 0.346094 0.414062 0.082812 0.100000
4 0.315625 0.124219 0.025000 0.020313
5 0.410938 0.266406 0.037500 0.039062
2 0.381250 0.880469 0.015625 0.032813
3 0.349219 0.517188 0.276562 0.218750
5 0.786719 0.521875 0.051562 0.050000
0 0.642188 0.553125 0.084375 0.075000
5 0.635938 0.100781 0.025000 0.026562