0 0.556250 0.325781 0.040625 0.042188
1 0.465625 0.192188 0.112500 0.146875
1 0.371875 0.789844 0.078125 0.076563
1 0.737500 0.504687 0.156250 0.150000
2 0.437500 0.837500 0.143750 0.125000
1 0.590625 0.374219 0.068750 0.067187
4 0.736719 0.200000 0.076563 0.053125
1 0.725781 0.840625 0.042188 0.062500
4 0.280469 0.154688 0.026562 0.028125
5 0.763281 0.305469 0.017188 0.017188
4 0.295312 0.871094 0.031250 0.026562
5 0.225000 0.607031 0.040625 0.039062
2 0.789844 0.367969 0.073438 0.079687
4 0.378125 0.289062 0.028125 0.028125
2 0.537500 0.506250 0.100000 0.081250
0 0.811719 0.315625 0.073438 0.043750
0 0.653125 0.732031 0.053125 0.054688
1 0.150781 0.676562 0.107813 0.096875
3 0.732812 0.601562 0.096875 0.096875
0 0.489063 0.098437 0.059375 0.046875
5 0.600781 0.598437 0.060937 0.062500
0 0.357812 0.801562 0.068750 0.075000
1 0.677344 0.572656 0.082812 0.120313
3 0.779687 0.439063 0.118750 0.118750
5 0.819531 0.620313 0.039062 0.031250
0 0.565625 0.286719 0.096875 0.095312
5 0.166406 0.353125 0.026562 0.025000
2 0.251563 0.805469 0.053125 0.048438
1 0.465625 0.324219 0.150000 0.154688
2 0.911719 0.516406 0.060937 0.070312
2 0.444531 0.221094 0.054688 0.051562
5 0.335156 0.657031 0.032813 0.032813
4 0.196094 0.553906 0.017188 0.023438
0 0.136719 0.310937 0.051562 0.056250
3 0.807813 0.654687 0.193750 0.171875
0 0.166406 0.547656 0.026562 0.023438
5 0.705469 0.722656 0.051562 0.054688
0 0.433594 0.507812 0.073438 0.031250
1 0.526563 0.214062 0.115625 0.065625
0 0.159375 0.646875 0.065625 0.075000
3 0.558594 0.403906 0.114062 0.107813
4 0.689063 0.703906 0.028125 0.035937
1 0.491406 0.617188 0.067187 0.075000
3 0.475000 0.196875 0.181250 0.153125
1 0.148438 0.371875 0.050000 0.050000
0 0.203906 0.414844 0.085938 0.070312
3 0.553125 0.743750 0.106250 0.106250
4 0.650781 0.146875 0.039062 0.031250
0 0.305469 0.560156 0.070312 0.064062
3 0.597656 0.149219 0.070312 0.070312
5 0.542188 0.464844 0.031250 0.042188
5 0.520312 0.239063 0.043750 0.043750
5 0.207813 0.499219 0.037500 0.045312
2 0.928906 0.516406 0.039062 0.035937
0 0.637500 0.650781 0.087500 0.085938
0 0.242188 0.178906 0.056250 0.057813
1 0.385156 0.763281 0.073438 0.057813
3 0.648438 0.321094 0.293750 0.260937
4 0.253906 0.558594 0.067187 0.067187
3 0.690625 0.507031 0.075000 0.076563
0 0.642188 0.477344 0.025000 0.020313
3 0.573438 0.481250 0.087500 0.087500
5 0.371875 0.589063 0.053125 0.046875
3 0.136719 0.538281 0.132812 0.132812
3 0.748437 0.577344 0.228125 0.223438
5 0.341406 0.178125 0.035937 0.037500
3 0.610938 0.157812 0.090625 0.090625
0 0.400781 0.357812 0.126562 0.106250
0 0.448437 0.810937 0.025000 0.015625
4 0.725000 0.178125 0.100000 0.096875
1 0.632812 0.198437 0.150000 0.128125
0 0.639062 0.827344 0.134375 0.104688
3 0.661719 0.517969 0.139063 0.139063
5 0.607812 0.276562 0.056250 0.056250
4 0.234375 0.475781 0.062500 0.057813
0 0.428125 0.850000 0.090625 0.090625
2 0.517969 0.562500 0.054688 0.056250
3 0.672656 0.615625 0.276562 0.275000
4 0.357031 0.352344 0.082812 0.089063
3 0.769531 0.503906 0.145313 0.235937
3 0.542969 0.847656 0.073438 0.073438
4 0.245312 0.320312 0.028125 0.028125
2 0.312500 0.427344 0.053125 0.064062
1 0.630469 0.576562 0.029687 0.021875
4 0.580469 0.258594 0.020313 0.020313
1 0.875781 0.421094 0.098437 0.095312
2 0.836719 0.357812 0.048438 0.040625
4 0.808594 0.719531 0.067187 0.054688
1 0.363281 0.830469 0.057813 0.048438
2 0.150781 0.396875 0.042188 0.050000
0 0.575000 0.309375 0.115625 0.156250
4 0.505469 0.611719 0.039062 0.039062
0 0.660937 0.506250 0.065625 0.068750
1 0.523438 0.139063 0.034375 0.034375
4 0.524219 0.211719 0.023438 0.020313
0 0.097656 0.385937 0.048438 0.043750
2 0.496094 0.638281 0.098437 0.104688
0 0.696094 0.636719 0.051562 0.042188
1 0.300781 0.449219 0.142187 0.104688
1 0.357812 0.128125 0.096875 0.078125
3 0.392188 0.270313 0.109375 0.109375
5 0.514062 0.864844 0.053125 0.048438
2 0.173437 0.426563 0.040625 0.034375
4 0.716406 0.570312 0.023438 0.021875
5 0.078906 0.521094 0.042188 0.032813
0 0.328125 0.366406 0.103125 0.098437
2 0.401562 0.514844 0.062500 0.064062
2 0.678906 0.146875 0.039062 0.034375
4 0.737500 0.321094 0.096875 0.064062
1 0.343750 0.202344 0.100000 0.095312
1 0.260156 0.264062 0.060937 0.050000
0 0.389844 0.724219 0.045312 0.051562
2 0.614844 0.445312 0.023438 0.025000
0 0.599219 0.217188 0.067187 0.059375
3 0.814063 0.327344 0.065625 0.064062
2 0.624219 0.244531 0.126562 0.117188
0 0.521094 0.182812 0.039062 0.040625
2 0.536719 0.530469 0.076563 0.064062
2 0.604688 0.889062 0.025000 0.021875
5 0.638281 0.350781 0.051562 0.051562
5 0.874219 0.286719 0.035937 0.035937
2 0.656250 0.306250 0.031250 0.037500
2 0.667188 0.274219 0.012500 0.017188
5 0.380469 0.503906 0.064062 0.060937
3 0.241406 0.347656 0.285938 0.285938
2 0.844531 0.582812 0.054688 0.043750
3 0.275781 0.512500 0.226562 0.178125
1 0.406250 0.158594 0.103125 0.098437
1 0.731250 0.393750 0.090625 0.081250
5 0.549219 0.778906 0.064062 0.073438
5 0.624219 0.807813 0.035937 0.037500