0 0.892969 0.557813 0.070312 0.071875
2 0.271094 0.630469 0.092188 0.123438
5 0.386719 0.160938 0.039062 0.034375
0 0.318750 0.847656 0.103125 0.092188
3 0.666406 0.646094 0.114062 0.114062
5 0.414062 0.723437 0.059375 0.059375
1 0.900000 0.413281 0.059375 0.051562
5 0.145313 0.639844 0.021875 0.017188
4 0.839844 0.579688 0.042188 0.040625
2 0.542188 0.325781 0.112500 0.073438
5 0.806250 0.628906 0.040625 0.039062
0 0.525781 0.526563 0.035937 0.050000
2 0.247656 0.750000 0.045312 0.046875
2 0.327344 0.885938 0.039062 0.028125
3 0.725000 0.465625 0.078125 0.078125
5 0.303125 0.796094 0.050000 0.057813
4 0.300781 0.399219 0.054688 0.057813
3 0.250781 0.492969 0.126562 0.126562
4 0.582031 0.207813 0.020313 0.021875
1 0.805469 0.563281 0.051562 0.045312
4 0.385156 0.900000 0.014063 0.012500
1 0.479687 0.760156 0.115625 0.101562
0 0.128906 0.354687 0.085938 0.078125
1 0.744531 0.497656 0.035937 0.029687
2 0.504687 0.843750 0.043750 0.046875
0 0.467187 0.093750 0.078125 0.081250
0 0.452344 0.353906 0.048438 0.042188
3 0.294531 0.213281 0.070312 0.092188
0 0.544531 0.697656 0.039062 0.035937
1 0.552344 0.809375 0.120313 0.115625
1 0.555469 0.683594 0.095312 0.135937
1 0.642188 0.610938 0.137500 0.115625
4 0.817187 0.309375 0.087500 0.081250
5 0.626563 0.257031 0.025000 0.032813
5 0.327344 0.231250 0.039062 0.040625
5 0.232813 0.461719 0.028125 0.026562
4 0.743750 0.405469 0.087500 0.070312
3 0.483594 0.563281 0.089063 0.120313
1 0.850781 0.401562 0.076563 0.084375
2 0.674219 0.838281 0.054688 0.048438
2 0.430469 0.139063 0.045312 0.062500
4 0.416406 0.312500 0.023438 0.021875
0 0.733594 0.612500 0.064062 0.087500
4 0.857031 0.597656 0.039062 0.039062
1 0.271875 0.751563 0.062500 0.053125
5 0.238281 0.637500 0.051562 0.043750
0 0.196875 0.432031 0.062500 0.048438
3 0.777344 0.589063 0.101562 0.159375
0 0.424219 0.915625 0.035937 0.034375
4 0.174219 0.745313 0.029687 0.028125
2 0.536719 0.407813 0.060937 0.056250
5 0.692969 0.241406 0.035937 0.029687
2 0.382812 0.173437 0.043750 0.040625
5 0.720313 0.250781 0.028125 0.023438
0 0.351562 0.861719 0.090625 0.076563
5 0.646875 0.901563 0.031250 0.043750
0 0.799219 0.406250 0.051562 0.046875
2 0.133594 0.332031 0.017188 0.014063
5 0.914062 0.550781 0.028125 0.023438
4 0.385156 0.152344 0.154688 0.167187
2 0.152344 0.296094 0.035937 0.032813
0 0.348438 0.573438 0.103125 0.112500
0 0.835156 0.760938 0.039062 0.037500
1 0.458594 0.858594 0.151562 0.142187
2 0.828906 0.746875 0.020313 0.018750
1 0.575781 0.303906 0.089063 0.117188
5 0.495312 0.575781 0.056250 0.051562
0 0.371094 0.564844 0.067187 0.092188
1 0.725781 0.714063 0.139063 0.146875
4 0.628125 0.759375 0.146875 0.146875
3 0.769531 0.758594 0.098437 0.098437
0 0.305469 0.214844 0.073438 0.067187
0 0.196875 0.239844 0.065625 0.060937
5 0.657813 0.460938 0.040625 0.034375
1 0.234375 0.692969 0.068750 0.104688
0 0.460156 0.376563 0.023438 0.018750
1 0.705469 0.489844 0.095312 0.079687
2 0.433594 0.734375 0.039062 0.034375
0 0.150000 0.361719 0.034375 0.054688
4 0.340625 0.111719 0.046875 0.039062
0 0.345313 0.322656 0.121875 0.110937
0 0.604688 0.653906 0.087500 0.079687
5 0.652344 0.671094 0.045312 0.039062
2 0.182812 0.331250 0.050000 0.046875
3 0.427344 0.158594 0.185938 0.129688
1 0.515625 0.582031 0.221875 0.179688
4 0.476562 0.429688 0.178125 0.187500
3 0.338281 0.361719 0.117188 0.107813
1 0.197656 0.407813 0.107813 0.109375
5 0.717969 0.373437 0.045312 0.037500
3 0.425000 0.744531 0.150000 0.167187
5 0.351562 0.447656 0.059375 0.054688
5 0.332813 0.780469 0.037500 0.035937
0 0.653125 0.885156 0.037500 0.029687
5 0.683594 0.723437 0.042188 0.050000
4 0.521094 0.473438 0.029687 0.028125
1 0.571094 0.865625 0.098437 0.090625
0 0.624219 0.792969 0.073438 0.054688
2 0.321094 0.596094 0.042188 0.045312
5 0.503906 0.267969 0.035937 0.057813
0 0.120313 0.649219 0.040625 0.039062
4 0.410156 0.283594 0.085938 0.098437
1 0.327344 0.400781 0.079687 0.060937
5 0.163281 0.282031 0.029687 0.026562
5 0.314063 0.410938 0.050000 0.046875
4 0.367188 0.759375 0.134375 0.137500
2 0.510938 0.804688 0.062500 0.068750
1 0.518750 0.270313 0.090625 0.084375
2 0.408594 0.582812 0.060937 0.053125
1 0.539844 0.471094 0.079687 0.085938
1 0.349219 0.323437 0.154688 0.134375
2 0.746094 0.550000 0.151562 0.168750
0 0.849219 0.511719 0.070312 0.070312
0 0.308594 0.252344 0.026562 0.026562
2 0.489844 0.273438 0.070312 0.056250
5 0.657031 0.402344 0.035937 0.035937
4 0.923438 0.533594 0.025000 0.026562
0 0.171875 0.630469 0.046875 0.042188
0 0.664062 0.429688 0.046875 0.040625
3 0.654687 0.496875 0.118750 0.118750
1 0.271875 0.250781 0.165625 0.129688
5 0.732812 0.139844 0.034375 0.023438
5 0.418750 0.865625 0.046875 0.053125
2 0.675000 0.701562 0.065625 0.065625
3 0.864844 0.614844 0.085938 0.085938
5 0.770312 0.318750 0.028125 0.031250
2 0.422656 0.190625 0.026562 0.021875
5 0.371094 0.660156 0.026562 0.029687
5 0.210156 0.519531 0.035937 0.039062
0 0.489844 0.529687 0.076563 0.068750
3 0.278906 0.478906 0.079687 0.079687
3 0.383594 0.661719 0.223438 0.185938
1 0.594531 0.134375 0.092188 0.081250
0 0.432031 0.615625 0.051562 0.040625
5 0.760156 0.299219 0.039062 0.042188
1 0.755469 0.661719 0.057813 0.039062
2 0.595313 0.778906 0.068750 0.079687