2 0.592187 0.386719 0.068750 0.070312
1 0.342969 0.883594 0.042188 0.035937
2 0.507812 0.476562 0.040625 0.075000
0 0.568750 0.319531 0.103125 0.095312
4 0.143750 0.656250 0.021875 0.028125
2 0.757031 0.321094 0.029687 0.029687
0 0.566406 0.568750 0.073438 0.034375
1 0.510938 0.850000 0.103125 0.109375
3 0.520312 0.653125 0.306250 0.271875
1 0.537500 0.302344 0.203125 0.167187
2 0.615625 0.692969 0.065625 0.057813
0 0.465625 0.798438 0.046875 0.043750
5 0.559375 0.518750 0.028125 0.028125
2 0.415625 0.392969 0.018750 0.020313
1 0.279687 0.253125 0.071875 0.075000
2 0.128125 0.637500 0.068750 0.068750
3 0.346094 0.314844 0.139063 0.139063
3 0.462500 0.164062 0.046875 0.046875
3 0.646094 0.494531 0.289062 0.429688
3 0.403125 0.393750 0.078125 0.078125
4 0.725781 0.803906 0.073438 0.089063
0 0.278125 0.135156 0.031250 0.029687
2 0.317188 0.612500 0.059375 0.062500
0 0.534375 0.266406 0.031250 0.029687
1 0.475781 0.575781 0.104688 0.110937
1 0.150781 0.686719 0.107813 0.101562
2 0.556250 0.676562 0.059375 0.059375
3 0.391406 0.750000 0.214062 0.318750
2 0.445312 0.479687 0.203125 0.178125
1 0.435156 0.540625 0.151562 0.178125
0 0.764844 0.511719 0.045312 0.042188
2 0.417969 0.536719 0.048438 0.048438
5 0.378906 0.700000 0.039062 0.031250
3 0.113281 0.494531 0.107813 0.107813
2 0.609375 0.119531 0.081250 0.076563
4 0.653906 0.668750 0.054688 0.068750
5 0.175781 0.411719 0.054688 0.054688
5 0.682031 0.729688 0.054688 0.046875
5 0.489063 0.316406 0.028125 0.023438
0 0.408594 0.711719 0.042188 0.048438
2 0.520312 0.109375 0.068750 0.065625
2 0.821875 0.511719 0.031250 0.023438
2 0.125000 0.507031 0.015625 0.020313
0 0.674219 0.780469 0.045312 0.032813
4 0.446875 0.450781 0.028125 0.026562
1 0.453125 0.227344 0.100000 0.110937
1 0.536719 0.892969 0.035937 0.039062
5 0.628906 0.151562 0.017188 0.025000
2 0.304688 0.839063 0.053125 0.053125
5 0.102344 0.466406 0.057813 0.060937
2 0.634375 0.482031 0.056250 0.057813
1 0.688281 0.593750 0.067187 0.056250
5 0.458594 0.251563 0.035937 0.034375
4 0.237500 0.512500 0.062500 0.059375
1 0.672656 0.703906 0.085938 0.057813
0 0.299219 0.506250 0.054688 0.046875
2 0.646875 0.138281 0.040625 0.064062
0 0.651563 0.524219 0.093750 0.064062
5 0.150781 0.284375 0.048438 0.040625
1 0.599219 0.503906 0.070312 0.073438
4 0.771875 0.584375 0.059375 0.056250
5 0.823438 0.224219 0.043750 0.048438
5 0.348438 0.220312 0.034375 0.037500
3 0.553125 0.395313 0.200000 0.221875
1 0.237500 0.607812 0.168750 0.143750
1 0.235937 0.419531 0.075000 0.070312
0 0.609375 0.158594 0.065625 0.042188
3 0.278906 0.452344 0.082812 0.082812
5 0.328125 0.335156 0.053125 0.048438
0 0.683594 0.173437 0.098437 0.106250
4 0.616406 0.310937 0.026562 0.034375
2 0.692969 0.740625 0.070312 0.078125
1 0.257812 0.410156 0.075000 0.073438
1 0.426563 0.889844 0.078125 0.060937
0 0.330469 0.607812 0.151562 0.121875
0 0.192969 0.321875 0.048438 0.043750