5 0.857812 0.559375 0.028125 0.025000
3 0.678125 0.767969 0.050000 0.067187
4 0.096094 0.369531 0.035937 0.042188
1 0.360938 0.814844 0.153125 0.114062
4 0.446094 0.335938 0.123438 0.118750
3 0.358594 0.407031 0.167187 0.167187
0 0.475781 0.775781 0.123438 0.114062
0 0.267969 0.382031 0.170313 0.164062
3 0.485156 0.767188 0.170313 0.153125
1 0.153906 0.439063 0.114062 0.103125
2 0.852344 0.596875 0.048438 0.053125
3 0.405469 0.600781 0.120313 0.120313
0 0.321875 0.752344 0.040625 0.032813
4 0.714063 0.760938 0.115625 0.112500
5 0.324219 0.644531 0.029687 0.029687
1 0.312500 0.503125 0.075000 0.071875
1 0.532813 0.703906 0.137500 0.139063
1 0.696094 0.245312 0.051562 0.059375
3 0.510938 0.303125 0.200000 0.190625
2 0.432031 0.460938 0.039062 0.034375
4 0.881250 0.433594 0.093750 0.098437
5 0.162500 0.266406 0.037500 0.029687
0 0.562500 0.474219 0.059375 0.070312
5 0.393750 0.279687 0.031250 0.028125
3 0.352344 0.820312 0.157812 0.159375
5 0.500000 0.307812 0.040625 0.037500
4 0.419531 0.758594 0.064062 0.048438
3 0.677344 0.686719 0.370312 0.370312
5 0.828906 0.664062 0.039062 0.043750
1 0.162500 0.708594 0.037500 0.042188
4 0.521094 0.275000 0.020313 0.018750
3 0.479687 0.542969 0.228125 0.282813
1 0.373437 0.170313 0.137500 0.121875
0 0.132031 0.410938 0.026562 0.025000
0 0.632031 0.876563 0.045312 0.053125
1 0.784375 0.539844 0.021875 0.029687
0 0.489844 0.563281 0.045312 0.042188
3 0.792969 0.664844 0.104688 0.104688
1 0.108594 0.382812 0.057813 0.056250
1 0.778125 0.423438 0.090625 0.075000
2 0.451562 0.741406 0.212500 0.192188
3 0.621875 0.434375 0.228125 0.143750
3 0.200781 0.614062 0.157812 0.184375
4 0.651563 0.685937 0.037500 0.040625
5 0.798438 0.304688 0.046875 0.040625
5 0.912500 0.437500 0.025000 0.025000
3 0.642969 0.516406 0.260937 0.232813
5 0.450000 0.865625 0.037500 0.031250
4 0.102344 0.637500 0.020313 0.012500
0 0.396094 0.477344 0.120313 0.085938
3 0.166406 0.617969 0.051562 0.051562
0 0.750000 0.738281 0.037500 0.029687
2 0.578125 0.407031 0.043750 0.039062
5 0.361719 0.867969 0.039062 0.032813
1 0.234375 0.500000 0.084375 0.087500
4 0.594531 0.469531 0.023438 0.023438
2 0.185938 0.343750 0.037500 0.034375
4 0.717187 0.661719 0.325000 0.260937
2 0.250000 0.207813 0.037500 0.034375
1 0.550781 0.313281 0.054688 0.051562
0 0.864062 0.451562 0.025000 0.018750
1 0.463281 0.451562 0.092188 0.137500
4 0.660937 0.549219 0.056250 0.060937
1 0.596094 0.609375 0.157812 0.143750
4 0.128906 0.384375 0.095312 0.100000
1 0.535156 0.768750 0.126562 0.118750
0 0.535937 0.728906 0.046875 0.032813
1 0.519531 0.610938 0.064062 0.059375
3 0.414062 0.598437 0.112500 0.112500
2 0.345313 0.606250 0.037500 0.028125
4 0.354687 0.219531 0.025000 0.023438
3 0.642969 0.718750 0.064062 0.050000
4 0.209375 0.600000 0.037500 0.040625
3 0.840625 0.681250 0.100000 0.100000
2 0.126562 0.539844 0.050000 0.042188
3 0.732031 0.644531 0.289062 0.217188
2 0.720313 0.424219 0.028125 0.032813
3 0.221875 0.246094 0.100000 0.070312
1 0.237500 0.452344 0.065625 0.060937
2 0.310937 0.542969 0.031250 0.029687
2 0.577344 0.428906 0.014063 0.020313
5 0.554688 0.103906 0.062500 0.067187
3 0.547656 0.836719 0.079687 0.079687
5 0.368750 0.501563 0.025000 0.025000
0 0.213281 0.802344 0.045312 0.042188
5 0.840625 0.598437 0.031250 0.031250
1 0.762500 0.630469 0.140625 0.139063
2 0.213281 0.546094 0.039062 0.032813
5 0.203906 0.281250 0.089063 0.084375
0 0.485156 0.482031 0.085938 0.076563
1 0.278125 0.616406 0.071875 0.054688
4 0.792969 0.289844 0.076563 0.073438
5 0.280469 0.446094 0.042188 0.035937
1 0.797656 0.642969 0.051562 0.042188
1 0.527344 0.442969 0.064062 0.076563
3 0.425000 0.432812 0.153125 0.153125
2 0.792188 0.593750 0.021875 0.034375
5 0.479687 0.084375 0.034375 0.043750
0 0.207813 0.628125 0.090625 0.087500
5 0.623437 0.453125 0.046875 0.040625
3 0.682813 0.454688 0.093750 0.093750
5 0.312500 0.746094 0.034375 0.029687
2 0.247656 0.603906 0.045312 0.035937
4 0.282031 0.335156 0.101562 0.098437
1 0.150000 0.629687 0.084375 0.115625
2 0.397656 0.153125 0.048438 0.046875
0 0.567187 0.852344 0.037500 0.032813
5 0.239844 0.210156 0.042188 0.045312
3 0.563281 0.725781 0.085938 0.110937
2 0.233594 0.607031 0.029687 0.035937
4 0.357031 0.355469 0.035937 0.029687
1 0.235937 0.433594 0.068750 0.070312
3 0.230469 0.598437 0.207813 0.209375
5 0.240625 0.415625 0.034375 0.034375
4 0.433594 0.325000 0.020313 0.034375
1 0.385156 0.252344 0.179688 0.160938
1 0.485938 0.331250 0.206250 0.178125
5 0.514062 0.764062 0.075000 0.065625
1 0.723437 0.401562 0.065625 0.075000
4 0.408594 0.443750 0.026562 0.021875
2 0.572656 0.102344 0.032813 0.039062
0 0.378906 0.227344 0.107813 0.082812
3 0.664062 0.498437 0.187500 0.246875
4 0.388281 0.781250 0.073438 0.062500
0 0.370312 0.383594 0.034375 0.035937
4 0.258594 0.341406 0.054688 0.048438
2 0.185938 0.583594 0.034375 0.029687
5 0.517969 0.597656 0.060937 0.070312
3 0.610156 0.807031 0.107813 0.107813
5 0.498437 0.635938 0.040625 0.034375
3 0.776563 0.440625 0.103125 0.103125
5 0.637500 0.630469 0.040625 0.039062
1 0.326562 0.850781 0.040625 0.054688
1 0.435156 0.517188 0.051562 0.062500
1 0.300000 0.467187 0.109375 0.096875
1 0.426563 0.299219 0.153125 0.160938
1 0.422656 0.411719 0.114062 0.117188
3 0.546875 0.490625 0.240625 0.240625