1 0.266406 0.202344 0.089063 0.110937
4 0.267188 0.607031 0.078125 0.079687
0 0.459375 0.239063 0.090625 0.100000
2 0.389844 0.508594 0.057813 0.048438
4 0.169531 0.236719 0.039062 0.032813
2 0.383594 0.831250 0.070312 0.065625
3 0.382031 0.691406 0.145313 0.145313
4 0.462500 0.611719 0.028125 0.026562
4 0.739844 0.392969 0.076563 0.085938
0 0.434375 0.837500 0.153125 0.140625
4 0.509375 0.753906 0.031250 0.032813
3 0.678125 0.345313 0.140625 0.140625
5 0.142969 0.555469 0.023438 0.026562
1 0.143750 0.528125 0.062500 0.046875
1 0.471094 0.617969 0.054688 0.054688
0 0.163281 0.581250 0.082812 0.084375
5 0.411719 0.855469 0.054688 0.051562
2 0.273438 0.663281 0.028125 0.035937
4 0.504687 0.695312 0.153125 0.150000
5 0.305469 0.539062 0.045312 0.040625
1 0.721875 0.311719 0.106250 0.126562
1 0.607812 0.364844 0.109375 0.092188
5 0.241406 0.184375 0.035937 0.037500
0 0.703125 0.853906 0.059375 0.051562
5 0.907813 0.582812 0.034375 0.034375
1 0.211719 0.473438 0.157812 0.150000
1 0.244531 0.476562 0.092188 0.090625
3 0.699219 0.397656 0.057813 0.057813
2 0.192969 0.362500 0.057813 0.046875
2 0.641406 0.760156 0.023438 0.023438
5 0.584375 0.645312 0.040625 0.062500
3 0.820312 0.410938 0.084375 0.084375
4 0.622656 0.684375 0.085938 0.056250
4 0.714844 0.615625 0.057813 0.065625
5 0.417187 0.338281 0.034375 0.026562
0 0.694531 0.252344 0.020313 0.020313
1 0.857812 0.367188 0.056250 0.056250
5 0.830469 0.739062 0.064062 0.059375
5 0.797656 0.435937 0.045312 0.043750
4 0.201563 0.325781 0.146875 0.167187
1 0.579688 0.575781 0.046875 0.032813
4 0.746094 0.289844 0.045312 0.026562
2 0.321094 0.517969 0.101562 0.101562
1 0.646094 0.636719 0.095312 0.104688
3 0.253125 0.490625 0.065625 0.090625
0 0.367969 0.874219 0.051562 0.067187
2 0.289062 0.585938 0.012500 0.015625
3 0.484375 0.621875 0.100000 0.100000
1 0.565625 0.639844 0.134375 0.120313
1 0.689844 0.472656 0.067187 0.060937
3 0.596875 0.220312 0.096875 0.096875
4 0.690625 0.275000 0.018750 0.025000
1 0.277344 0.479687 0.148438 0.140625
1 0.177344 0.460156 0.076563 0.067187
2 0.816406 0.357031 0.089063 0.057813
1 0.812500 0.533594 0.081250 0.060937
0 0.406250 0.379688 0.043750 0.040625
1 0.284375 0.532031 0.081250 0.079687
3 0.625000 0.626563 0.115625 0.115625
2 0.721875 0.823438 0.034375 0.034375
1 0.414844 0.426563 0.076563 0.050000
3 0.855469 0.574219 0.085938 0.085938
2 0.433594 0.774219 0.276562 0.170313
3 0.337500 0.596875 0.056250 0.056250
3 0.426563 0.335938 0.062500 0.087500
3 0.403906 0.533594 0.145313 0.145313
2 0.348438 0.803125 0.078125 0.062500
0 0.454688 0.851562 0.056250 0.059375
3 0.465625 0.489063 0.096875 0.096875
3 0.472656 0.753906 0.054688 0.054688
0 0.264844 0.838281 0.060937 0.057813
4 0.622656 0.284375 0.067187 0.059375
2 0.711719 0.364063 0.039062 0.056250
2 0.467187 0.757812 0.050000 0.043750
2 0.482812 0.199219 0.165625 0.157812
1 0.671875 0.322656 0.078125 0.098437
5 0.555469 0.537500 0.035937 0.037500
1 0.178906 0.306250 0.089063 0.090625
0 0.157031 0.581250 0.070312 0.071875
1 0.429688 0.452344 0.096875 0.129688
4 0.157031 0.691406 0.079687 0.064062
3 0.317969 0.219531 0.101562 0.101562
0 0.242969 0.717969 0.073438 0.079687
2 0.354687 0.607812 0.043750 0.043750
5 0.509375 0.608594 0.021875 0.017188
3 0.846875 0.487500 0.103125 0.103125
5 0.275000 0.687500 0.021875 0.021875
3 0.453125 0.728125 0.112500 0.071875
5 0.504687 0.670312 0.031250 0.028125
0 0.360156 0.496875 0.042188 0.037500
0 0.361719 0.604688 0.067187 0.071875
1 0.711719 0.447656 0.070312 0.082812
2 0.691406 0.346875 0.045312 0.059375
5 0.425000 0.200781 0.046875 0.060937
4 0.260156 0.268750 0.029687 0.025000
0 0.621094 0.674219 0.073438 0.067187
0 0.180469 0.600000 0.032813 0.025000
2 0.588281 0.263281 0.045312 0.039062
1 0.811719 0.391406 0.048438 0.057813
4 0.310937 0.692969 0.034375 0.048438
5 0.476562 0.466406 0.050000 0.048438
1 0.255469 0.802344 0.067187 0.057813
2 0.170313 0.467969 0.028125 0.026562
4 0.658594 0.386719 0.029687 0.026562
0 0.559375 0.256250 0.028125 0.037500
4 0.650781 0.551562 0.051562 0.053125
4 0.594531 0.807031 0.079687 0.085938
3 0.632812 0.481250 0.121875 0.121875
1 0.133594 0.660937 0.039062 0.053125
1 0.196875 0.745313 0.106250 0.103125
3 0.242969 0.578906 0.160938 0.160938
1 0.465625 0.799219 0.093750 0.092188
3 0.285156 0.297656 0.129688 0.129688
1 0.135156 0.599219 0.095312 0.073438
5 0.334375 0.832812 0.040625 0.037500
2 0.269531 0.619531 0.039062 0.039062
3 0.587500 0.506250 0.143750 0.128125
1 0.195312 0.767969 0.068750 0.085938
1 0.734375 0.239063 0.115625 0.109375
0 0.243750 0.440625 0.034375 0.037500
5 0.457031 0.816406 0.042188 0.045312
2 0.146875 0.291406 0.031250 0.026562
5 0.225781 0.561719 0.035937 0.032813
0 0.249219 0.272656 0.117188 0.142187
0 0.900000 0.504687 0.093750 0.093750
0 0.234375 0.204687 0.028125 0.028125
2 0.233594 0.545312 0.085938 0.096875
5 0.392969 0.258594 0.054688 0.060937