5 0.514844 0.675000 0.039062 0.040625
4 0.766406 0.153906 0.017188 0.023438
0 0.285938 0.680469 0.078125 0.073438
5 0.176563 0.771875 0.012500 0.021875
3 0.457813 0.496094 0.156250 0.098437
0 0.680469 0.721875 0.048438 0.053125
4 0.228125 0.457031 0.018750 0.017188
3 0.641406 0.203906 0.107813 0.107813
5 0.267969 0.147656 0.032813 0.035937
1 0.305469 0.812500 0.107813 0.096875
4 0.558594 0.653125 0.101562 0.093750
4 0.428125 0.136719 0.081250 0.070312
3 0.721875 0.414062 0.115625 0.084375
3 0.665625 0.396875 0.115625 0.115625
1 0.584375 0.658594 0.081250 0.089063
1 0.528906 0.209375 0.067187 0.065625
1 0.891406 0.530469 0.085938 0.079687
2 0.515625 0.928906 0.021875 0.020313
5 0.526563 0.073438 0.028125 0.021875
0 0.608594 0.303906 0.039062 0.032813
3 0.581250 0.700000 0.353125 0.362500
0 0.632031 0.796094 0.064062 0.079687
1 0.532813 0.390625 0.125000 0.128125
0 0.784375 0.255469 0.084375 0.064062
3 0.482812 0.821875 0.090625 0.137500
5 0.682813 0.199219 0.037500 0.035937
2 0.150000 0.700781 0.081250 0.073438
1 0.290625 0.408594 0.071875 0.070312
4 0.565625 0.259375 0.034375 0.031250
4 0.699219 0.757031 0.104688 0.117188
3 0.332813 0.457813 0.115625 0.115625
5 0.526563 0.517188 0.053125 0.031250
4 0.188281 0.609375 0.035937 0.034375
5 0.139063 0.507812 0.021875 0.021875
0 0.640625 0.228906 0.175000 0.167187
0 0.884375 0.406250 0.050000 0.050000
4 0.813281 0.736719 0.017188 0.014063
0 0.468750 0.152344 0.131250 0.164062
3 0.367188 0.779687 0.262500 0.262500
4 0.146094 0.436719 0.020313 0.026562
0 0.217188 0.250000 0.059375 0.059375
0 0.318750 0.478906 0.140625 0.135937
5 0.479687 0.625000 0.046875 0.053125
5 0.669531 0.560937 0.045312 0.040625
3 0.348438 0.170313 0.112500 0.112500
5 0.860156 0.645312 0.057813 0.056250
2 0.924219 0.475781 0.026562 0.042188
5 0.243750 0.838281 0.028125 0.032813
3 0.378125 0.776563 0.106250 0.106250
5 0.793750 0.718750 0.065625 0.065625
4 0.296875 0.308594 0.040625 0.048438
0 0.217188 0.514062 0.056250 0.053125
4 0.778906 0.223438 0.057813 0.053125
1 0.232031 0.228125 0.092188 0.065625
3 0.361719 0.517188 0.217188 0.215625
2 0.515625 0.678125 0.075000 0.065625
3 0.637500 0.837500 0.125000 0.125000
2 0.221875 0.190625 0.040625 0.034375
1 0.244531 0.801562 0.095312 0.087500
2 0.392969 0.613281 0.029687 0.042188
5 0.305469 0.350000 0.039062 0.034375
1 0.480469 0.524219 0.067187 0.051562
5 0.203125 0.646094 0.034375 0.032813
5 0.506250 0.340625 0.046875 0.053125
0 0.600000 0.764062 0.050000 0.046875
3 0.579688 0.776563 0.118750 0.128125
0 0.490625 0.155469 0.071875 0.082812
0 0.432031 0.210938 0.045312 0.037500
3 0.467187 0.515625 0.200000 0.165625
2 0.610938 0.831250 0.065625 0.062500
4 0.770312 0.253906 0.062500 0.073438
0 0.504687 0.524219 0.046875 0.045312
4 0.669531 0.367188 0.085938 0.081250
3 0.537500 0.269531 0.112500 0.114062
2 0.134375 0.600781 0.040625 0.039062
4 0.732812 0.169531 0.028125 0.023438
2 0.876563 0.404687 0.034375 0.031250
2 0.181250 0.590625 0.065625 0.050000
5 0.287500 0.381250 0.025000 0.025000
4 0.602344 0.337500 0.048438 0.043750
0 0.332813 0.403125 0.062500 0.062500
4 0.532813 0.469531 0.043750 0.039062
0 0.751563 0.666406 0.050000 0.048438
3 0.380469 0.582031 0.301563 0.329688
0 0.558594 0.174219 0.029687 0.035937
0 0.875781 0.664844 0.042188 0.042188
5 0.618750 0.779687 0.071875 0.071875
2 0.117188 0.464062 0.065625 0.059375
0 0.248438 0.520312 0.043750 0.043750
4 0.309375 0.387500 0.056250 0.065625
0 0.670312 0.211719 0.031250 0.026562
4 0.716406 0.630469 0.014063 0.014063
0 0.668750 0.555469 0.031250 0.029687
3 0.414062 0.690625 0.268750 0.321875
5 0.410938 0.131250 0.050000 0.043750
5 0.632031 0.427344 0.029687 0.026562
3 0.403125 0.235937 0.237500 0.237500
3 0.778125 0.327344 0.150000 0.145313
2 0.745313 0.470313 0.040625 0.053125
3 0.275000 0.590625 0.303125 0.275000
4 0.314844 0.464844 0.035937 0.039062
4 0.482812 0.282813 0.034375 0.034375
5 0.086719 0.563281 0.014063 0.017188
3 0.273438 0.564063 0.128125 0.168750
0 0.307031 0.164062 0.089063 0.121875