4 0.835938 0.590625 0.015625 0.021875
0 0.290625 0.518750 0.043750 0.031250
2 0.246875 0.462500 0.015625 0.012500
2 0.459375 0.359375 0.050000 0.053125
2 0.437500 0.874219 0.071875 0.070312
3 0.435937 0.521875 0.096875 0.096875
1 0.292969 0.522656 0.117188 0.120313
1 0.678906 0.866406 0.079687 0.085938
4 0.339062 0.794531 0.059375 0.051562
5 0.365625 0.534375 0.034375 0.034375
3 0.103125 0.479687 0.075000 0.075000
0 0.754687 0.799219 0.071875 0.073438
1 0.713281 0.391406 0.089063 0.101562
3 0.287500 0.321875 0.103125 0.103125
2 0.183594 0.603125 0.045312 0.037500
4 0.497656 0.571875 0.048438 0.046875
0 0.652344 0.514844 0.148438 0.129688
5 0.220312 0.692969 0.028125 0.026562
1 0.421094 0.769531 0.145313 0.132812
3 0.223438 0.520312 0.153125 0.153125
2 0.551562 0.239063 0.034375 0.031250
1 0.387500 0.704688 0.056250 0.103125
4 0.562500 0.209375 0.118750 0.125000
5 0.547656 0.596094 0.035937 0.032813
0 0.526563 0.338281 0.043750 0.042188
4 0.533594 0.603906 0.020313 0.020313
1 0.509375 0.314063 0.065625 0.050000
3 0.531250 0.248438 0.106250 0.106250
2 0.789062 0.337500 0.071875 0.059375
1 0.725781 0.596875 0.060937 0.056250
0 0.300781 0.628125 0.057813 0.050000
0 0.183594 0.473438 0.114062 0.118750
0 0.131250 0.524219 0.034375 0.039062
2 0.737500 0.392969 0.093750 0.129688
4 0.671094 0.879687 0.026562 0.021875
0 0.389062 0.710156 0.040625 0.039062
1 0.290625 0.564844 0.112500 0.120313
0 0.696094 0.129688 0.026562 0.025000
5 0.233594 0.628125 0.023438 0.025000
5 0.517188 0.895312 0.037500 0.053125
4 0.364063 0.525781 0.034375 0.045312
5 0.148438 0.560937 0.037500 0.034375
1 0.647656 0.175781 0.142187 0.114062
1 0.716406 0.560937 0.082812 0.103125
1 0.650000 0.375000 0.040625 0.037500
3 0.301563 0.268750 0.256250 0.256250
4 0.639062 0.651563 0.106250 0.103125
5 0.490625 0.545312 0.043750 0.050000
4 0.408594 0.354687 0.014063 0.015625
2 0.523438 0.640625 0.028125 0.046875
2 0.455469 0.405469 0.082812 0.070312
0 0.521094 0.375000 0.026562 0.025000
4 0.709375 0.371875 0.084375 0.068750
4 0.339844 0.864062 0.054688 0.059375
1 0.257812 0.193750 0.068750 0.053125
2 0.748437 0.803906 0.021875 0.026562
2 0.146094 0.275781 0.057813 0.054688
4 0.227344 0.793750 0.020313 0.034375
5 0.652344 0.248438 0.026562 0.031250
5 0.414844 0.498437 0.023438 0.028125
1 0.559375 0.200781 0.103125 0.067187
1 0.890625 0.521094 0.096875 0.073438
1 0.329688 0.484375 0.096875 0.075000
0 0.705469 0.321094 0.064062 0.051562
4 0.383594 0.748437 0.229687 0.209375
4 0.807031 0.452344 0.064062 0.067187
3 0.556250 0.379688 0.096875 0.096875
2 0.702344 0.838281 0.039062 0.020313
1 0.200781 0.656250 0.051562 0.065625
5 0.607812 0.197656 0.040625 0.032813
3 0.338281 0.318750 0.285938 0.350000
5 0.387500 0.269531 0.025000 0.023438
3 0.555469 0.686719 0.076563 0.076563
4 0.612500 0.307031 0.037500 0.042188
2 0.871875 0.465625 0.065625 0.059375
4 0.428906 0.509375 0.035937 0.046875
5 0.160156 0.725000 0.039062 0.031250
1 0.635938 0.596094 0.087500 0.079687
1 0.460156 0.139844 0.170313 0.126562
3 0.382812 0.751563 0.190625 0.196875
5 0.472656 0.917188 0.045312 0.037500
0 0.275000 0.553125 0.056250 0.053125
1 0.609375 0.241406 0.081250 0.067187
3 0.456250 0.522656 0.296875 0.264062
5 0.702344 0.789062 0.060937 0.059375
0 0.421875 0.232031 0.040625 0.042188
1 0.605469 0.639062 0.110937 0.131250
4 0.603906 0.699219 0.035937 0.057813
0 0.791406 0.556250 0.042188 0.084375
5 0.700000 0.285938 0.037500 0.040625
0 0.440625 0.671094 0.056250 0.048438
0 0.641406 0.403906 0.182812 0.192188
1 0.234375 0.431250 0.121875 0.100000
4 0.382031 0.156250 0.051562 0.050000
4 0.585156 0.420312 0.026562 0.018750
5 0.434375 0.617188 0.037500 0.043750
0 0.417187 0.455469 0.059375 0.054688
2 0.350000 0.797656 0.062500 0.051562
0 0.845313 0.350000 0.056250 0.068750
3 0.393750 0.476562 0.075000 0.075000
2 0.869531 0.671875 0.023438 0.028125
5 0.671094 0.839063 0.035937 0.040625
3 0.591406 0.410156 0.532813 0.392188
1 0.563281 0.178906 0.060937 0.054688
3 0.594531 0.533594 0.223438 0.223438
0 0.389062 0.457813 0.046875 0.040625
4 0.193750 0.503906 0.037500 0.032813
0 0.817187 0.763281 0.068750 0.057813
1 0.555469 0.623437 0.101562 0.081250
5 0.734375 0.344531 0.050000 0.054688
5 0.408594 0.724219 0.032813 0.032813
5 0.686719 0.153906 0.042188 0.042188
3 0.505469 0.265625 0.114062 0.078125
2 0.700781 0.250781 0.057813 0.051562
2 0.867188 0.702344 0.015625 0.020313
2 0.550000 0.122656 0.034375 0.029687
5 0.412500 0.194531 0.028125 0.039062
5 0.640625 0.830469 0.018750 0.026562
5 0.861719 0.582812 0.054688 0.053125
5 0.889844 0.395313 0.054688 0.056250
3 0.257812 0.600000 0.071875 0.131250
4 0.236719 0.841406 0.020313 0.029687
0 0.339844 0.563281 0.070312 0.039062
3 0.314063 0.398438 0.128125 0.128125
3 0.489063 0.616406 0.268750 0.232813
2 0.770312 0.309375 0.053125 0.050000
0 0.704688 0.407813 0.043750 0.034375
2 0.271875 0.822656 0.075000 0.082812
1 0.591406 0.882812 0.057813 0.078125