2 0.618750 0.114062 0.021875 0.050000
5 0.729688 0.358594 0.028125 0.029687
0 0.536719 0.336719 0.129688 0.135937
5 0.753125 0.689063 0.037500 0.034375
1 0.790625 0.494531 0.065625 0.054688
0 0.344531 0.889062 0.042188 0.040625
4 0.604688 0.508594 0.025000 0.023438
0 0.519531 0.559375 0.076563 0.071875
3 0.397656 0.681250 0.082812 0.081250
3 0.778125 0.699219 0.209375 0.170313
5 0.689063 0.392188 0.031250 0.043750
5 0.214062 0.295312 0.025000 0.028125
1 0.387500 0.232031 0.050000 0.057813
3 0.328906 0.773438 0.248438 0.181250
5 0.495312 0.837500 0.028125 0.031250
4 0.276562 0.453125 0.059375 0.056250
3 0.607812 0.359375 0.128125 0.128125
1 0.444531 0.189062 0.095312 0.087500
4 0.501563 0.147656 0.040625 0.048438
0 0.573438 0.138281 0.040625 0.035937
3 0.640625 0.136719 0.115625 0.076563
2 0.223438 0.482812 0.062500 0.056250
5 0.321094 0.236719 0.035937 0.039062
3 0.580469 0.702344 0.151562 0.151562
5 0.862500 0.435156 0.046875 0.039062
0 0.398438 0.513281 0.059375 0.054688
3 0.829688 0.356250 0.081250 0.081250
4 0.442969 0.888281 0.032813 0.042188
0 0.669531 0.310156 0.101562 0.107813
3 0.608594 0.766406 0.089063 0.089063
3 0.428125 0.534375 0.209375 0.209375
4 0.547656 0.692969 0.054688 0.054688
5 0.835938 0.578125 0.050000 0.046875
2 0.309375 0.316406 0.031250 0.032813
1 0.633594 0.564844 0.082812 0.079687
2 0.564063 0.250781 0.037500 0.054688
4 0.418750 0.348438 0.034375 0.031250
2 0.374219 0.092969 0.039062 0.045312
0 0.735938 0.452344 0.031250 0.032813
5 0.282031 0.669531 0.029687 0.032813
3 0.739062 0.318750 0.162500 0.162500
2 0.226562 0.732031 0.050000 0.045312
2 0.435156 0.285156 0.076563 0.067187
4 0.428125 0.202344 0.050000 0.048438
1 0.633594 0.408594 0.079687 0.079687
5 0.736719 0.697656 0.035937 0.045312
4 0.696875 0.342187 0.040625 0.034375
3 0.609375 0.694531 0.062500 0.095312
0 0.542188 0.105469 0.031250 0.026562
4 0.544531 0.790625 0.039062 0.040625
5 0.750000 0.635938 0.034375 0.034375
0 0.293750 0.484375 0.040625 0.050000
3 0.531250 0.542188 0.150000 0.150000
4 0.525000 0.509375 0.084375 0.065625
3 0.506250 0.170313 0.087500 0.087500
4 0.736719 0.457813 0.026562 0.025000
5 0.603906 0.521094 0.042188 0.042188
5 0.304688 0.484375 0.040625 0.037500
4 0.403906 0.131250 0.048438 0.040625
5 0.638281 0.860938 0.014063 0.034375
0 0.851562 0.493750 0.078125 0.090625
5 0.292187 0.713281 0.040625 0.064062