4 0.568750 0.258594 0.087500 0.082812
2 0.843750 0.463281 0.187500 0.157812
2 0.789062 0.550000 0.081250 0.081250
0 0.267969 0.809375 0.070312 0.068750
4 0.639062 0.263281 0.025000 0.026562
4 0.156250 0.569531 0.021875 0.020313
0 0.105469 0.607031 0.042188 0.039062
1 0.640625 0.650781 0.050000 0.048438
2 0.706250 0.266406 0.171875 0.101562
1 0.568750 0.557031 0.112500 0.135937
0 0.327344 0.437500 0.057813 0.056250
0 0.290625 0.402344 0.031250 0.026562
3 0.339844 0.721875 0.179688 0.168750
0 0.478906 0.632031 0.117188 0.123438
4 0.553906 0.723437 0.039062 0.037500
3 0.587500 0.410156 0.106250 0.079687
0 0.364844 0.580469 0.045312 0.045312
4 0.353906 0.605469 0.039062 0.060937
1 0.168750 0.563281 0.212500 0.132812
4 0.607031 0.351562 0.020313 0.015625
0 0.750781 0.554688 0.039062 0.040625
0 0.632031 0.503906 0.067187 0.060937
4 0.714063 0.871094 0.028125 0.032813
2 0.459375 0.204687 0.046875 0.059375
5 0.860156 0.393750 0.032813 0.028125
0 0.682813 0.796875 0.043750 0.050000
5 0.321094 0.467969 0.032813 0.029687
4 0.357812 0.821094 0.056250 0.057813
2 0.396875 0.918750 0.031250 0.025000
1 0.426563 0.513281 0.168750 0.145313
2 0.178125 0.431250 0.025000 0.021875
4 0.222656 0.339062 0.073438 0.065625
2 0.240625 0.795312 0.046875 0.050000
4 0.405469 0.408594 0.076563 0.073438
1 0.803906 0.257812 0.054688 0.090625
2 0.210156 0.524219 0.057813 0.054688
4 0.440625 0.343750 0.034375 0.043750
0 0.545312 0.529687 0.034375 0.025000
1 0.207813 0.748437 0.062500 0.062500
2 0.524219 0.517969 0.051562 0.079687
5 0.317969 0.820312 0.042188 0.034375
2 0.542969 0.397656 0.051562 0.054688
2 0.308594 0.198437 0.017188 0.015625
4 0.567969 0.821875 0.029687 0.028125
1 0.482812 0.881250 0.059375 0.068750
5 0.532031 0.391406 0.039062 0.039062
3 0.764844 0.675781 0.145313 0.107813
3 0.298438 0.407813 0.075000 0.075000
1 0.675781 0.356250 0.067187 0.056250
1 0.577344 0.515625 0.123438 0.112500
0 0.557813 0.291406 0.081250 0.082812
1 0.248438 0.279687 0.100000 0.096875
3 0.670312 0.735938 0.062500 0.062500
4 0.518750 0.207031 0.262500 0.273438
1 0.594531 0.274219 0.079687 0.067187
0 0.232031 0.689063 0.039062 0.031250
1 0.392969 0.818750 0.107813 0.081250
0 0.597656 0.134375 0.032813 0.025000
1 0.509375 0.516406 0.071875 0.079687
5 0.228906 0.780469 0.048438 0.054688
4 0.247656 0.727344 0.110937 0.082812
5 0.702344 0.427344 0.029687 0.029687
4 0.463281 0.138281 0.020313 0.020313
5 0.670312 0.625000 0.028125 0.031250
3 0.606250 0.442188 0.125000 0.125000
4 0.492188 0.632812 0.034375 0.053125
5 0.831250 0.571094 0.046875 0.057813
1 0.688281 0.256250 0.179688 0.112500
2 0.292187 0.495312 0.056250 0.046875
3 0.555469 0.217188 0.173437 0.150000
0 0.606250 0.174219 0.065625 0.067187
2 0.211719 0.634375 0.039062 0.037500
3 0.635156 0.810156 0.189062 0.192188
0 0.495312 0.292969 0.037500 0.032813
5 0.475781 0.876563 0.051562 0.050000
0 0.180469 0.698438 0.057813 0.059375
2 0.278125 0.717187 0.028125 0.034375
3 0.738281 0.227344 0.104688 0.104688
0 0.324219 0.784375 0.039062 0.028125
0 0.634375 0.803906 0.031250 0.023438
2 0.603125 0.521875 0.037500 0.031250
1 0.240625 0.317188 0.031250 0.053125
4 0.189844 0.436719 0.042188 0.057813
1 0.273438 0.416406 0.050000 0.048438
5 0.132031 0.378906 0.048438 0.045312
5 0.705469 0.793750 0.035937 0.043750
3 0.518750 0.339062 0.340625 0.246875
1 0.637500 0.771875 0.193750 0.128125
3 0.655469 0.669531 0.073438 0.073438
2 0.840625 0.704688 0.031250 0.031250
2 0.794531 0.693750 0.064062 0.062500
5 0.509375 0.847656 0.028125 0.026562
2 0.715625 0.493750 0.034375 0.031250
3 0.343750 0.201563 0.159375 0.187500
2 0.807813 0.354687 0.065625 0.062500