0 0.870313 0.564063 0.131250 0.128125
5 0.457031 0.413281 0.032813 0.026562
1 0.572656 0.531250 0.057813 0.059375
2 0.095312 0.468750 0.068750 0.062500
0 0.575000 0.767188 0.046875 0.040625
5 0.501563 0.779687 0.040625 0.040625
2 0.567969 0.396875 0.101562 0.093750
3 0.800000 0.450000 0.100000 0.100000
0 0.857031 0.501563 0.067187 0.062500
0 0.424219 0.224219 0.104688 0.101562
2 0.217188 0.778906 0.015625 0.023438
2 0.531250 0.609375 0.025000 0.031250
4 0.254688 0.605469 0.021875 0.020313
4 0.178906 0.592187 0.023438 0.021875
2 0.803125 0.518750 0.053125 0.043750
5 0.217969 0.343750 0.026562 0.021875
3 0.666406 0.197656 0.076563 0.076563
2 0.521875 0.516406 0.025000 0.032813
2 0.094531 0.371094 0.048438 0.039062
2 0.242188 0.270313 0.050000 0.040625
0 0.542188 0.832031 0.034375 0.039062
2 0.654687 0.589063 0.018750 0.018750
5 0.180469 0.558594 0.029687 0.029687
2 0.131250 0.567187 0.068750 0.056250
3 0.448437 0.176563 0.093750 0.068750
2 0.775781 0.601562 0.045312 0.059375
2 0.339844 0.739062 0.057813 0.059375
1 0.518750 0.259375 0.100000 0.103125
3 0.303906 0.404687 0.217188 0.209375
2 0.616406 0.837500 0.032813 0.037500
4 0.282031 0.378125 0.064062 0.050000
3 0.243750 0.407031 0.187500 0.167187
2 0.258594 0.200781 0.045312 0.035937
4 0.297656 0.756250 0.029687 0.028125
2 0.491406 0.172656 0.042188 0.039062
2 0.436719 0.708594 0.039062 0.039062
4 0.686719 0.416406 0.029687 0.029687
3 0.438281 0.740625 0.139063 0.318750
3 0.483594 0.275000 0.085938 0.084375
5 0.483594 0.124219 0.017188 0.017188
0 0.724219 0.344531 0.026562 0.020313
3 0.560156 0.507031 0.154688 0.154688
5 0.635156 0.306250 0.026562 0.037500
1 0.593750 0.824219 0.050000 0.051562
1 0.398438 0.160156 0.059375 0.054688
1 0.263281 0.835938 0.045312 0.040625
1 0.813281 0.533594 0.070312 0.076563
4 0.414844 0.230469 0.054688 0.039062
3 0.422656 0.620313 0.217188 0.234375
5 0.428906 0.648438 0.054688 0.053125
5 0.869531 0.481250 0.054688 0.065625
5 0.573438 0.585938 0.046875 0.040625
5 0.107031 0.664844 0.035937 0.035937
0 0.505469 0.230469 0.051562 0.039062
5 0.320312 0.201563 0.025000 0.021875
2 0.389844 0.314844 0.035937 0.035937
5 0.759375 0.614844 0.046875 0.045312
5 0.705469 0.479687 0.048438 0.062500
0 0.713281 0.840625 0.079687 0.065625
3 0.503906 0.219531 0.064062 0.064062
5 0.171875 0.563281 0.068750 0.067187
1 0.743750 0.710938 0.103125 0.093750
0 0.790625 0.620313 0.087500 0.081250
0 0.241406 0.475000 0.110937 0.096875
3 0.631250 0.364063 0.131250 0.131250
3 0.660156 0.718750 0.089063 0.087500
0 0.562500 0.695312 0.068750 0.062500
2 0.418750 0.117969 0.071875 0.079687
3 0.694531 0.489063 0.360938 0.253125
0 0.714063 0.529687 0.084375 0.078125
2 0.823438 0.566406 0.021875 0.020313
4 0.636719 0.555469 0.035937 0.032813
4 0.321875 0.753906 0.031250 0.035937
3 0.348438 0.689063 0.093750 0.093750
2 0.608594 0.514844 0.045312 0.042188
2 0.361719 0.832031 0.067187 0.076563
2 0.671875 0.403125 0.028125 0.021875
4 0.623437 0.250000 0.037500 0.040625
2 0.321094 0.348438 0.042188 0.031250
4 0.909375 0.520312 0.018750 0.021875
3 0.274219 0.303906 0.154688 0.154688
0 0.459375 0.302344 0.106250 0.104688
2 0.574219 0.656250 0.085938 0.059375
5 0.596875 0.388281 0.046875 0.039062
4 0.720313 0.812500 0.062500 0.037500
2 0.631250 0.551562 0.043750 0.040625
5 0.200781 0.774219 0.035937 0.035937
5 0.420312 0.612500 0.043750 0.043750
2 0.166406 0.256250 0.029687 0.056250
2 0.376563 0.467187 0.037500 0.034375
1 0.775000 0.568750 0.103125 0.065625
1 0.352344 0.649219 0.067187 0.057813
3 0.584375 0.577344 0.084375 0.114062
1 0.500000 0.303906 0.081250 0.079687
4 0.429688 0.195312 0.059375 0.065625
0 0.392188 0.401562 0.134375 0.112500
3 0.842187 0.290625 0.075000 0.075000
3 0.244531 0.367969 0.079687 0.079687
0 0.798438 0.556250 0.031250 0.028125
2 0.377344 0.197656 0.020313 0.020313
3 0.206250 0.347656 0.075000 0.073438
5 0.206250 0.567187 0.053125 0.056250
0 0.360938 0.567969 0.100000 0.085938
5 0.529687 0.457031 0.062500 0.070312
3 0.285938 0.741406 0.090625 0.104688
3 0.685937 0.416406 0.053125 0.135937
4 0.441406 0.709375 0.029687 0.034375
2 0.842969 0.678125 0.039062 0.034375
2 0.489063 0.258594 0.031250 0.035937
1 0.426563 0.489844 0.040625 0.054688