2 0.089063 0.489844 0.050000 0.039062
4 0.572656 0.148438 0.035937 0.040625
5 0.667188 0.406250 0.034375 0.034375
5 0.707812 0.810156 0.031250 0.042188
5 0.345313 0.197656 0.046875 0.051562
2 0.387500 0.285156 0.021875 0.035937
3 0.740625 0.643750 0.165625 0.156250
4 0.393750 0.585938 0.087500 0.071875
0 0.435156 0.894531 0.101562 0.089063
1 0.599219 0.647656 0.060937 0.060937
5 0.410156 0.468750 0.029687 0.028125
3 0.517188 0.284375 0.096875 0.096875
3 0.467187 0.315625 0.256250 0.400000
5 0.868750 0.635156 0.031250 0.026562
2 0.412500 0.831250 0.015625 0.015625
3 0.700000 0.640625 0.387500 0.334375
3 0.282031 0.805469 0.110937 0.110937
2 0.610156 0.794531 0.054688 0.076563
2 0.609375 0.227344 0.028125 0.035937
3 0.641406 0.292187 0.254688 0.240625
2 0.360156 0.858594 0.064062 0.085938
1 0.362500 0.888281 0.071875 0.073438
4 0.131250 0.324219 0.043750 0.039062
0 0.236719 0.614844 0.082812 0.079687
1 0.326562 0.531250 0.065625 0.090625
1 0.612500 0.352344 0.068750 0.057813
0 0.736719 0.726562 0.039062 0.034375
2 0.540625 0.315625 0.056250 0.040625
1 0.333594 0.281250 0.114062 0.068750
1 0.803906 0.685156 0.054688 0.057813
0 0.174219 0.476562 0.048438 0.040625
0 0.525000 0.832031 0.078125 0.064062
0 0.460156 0.418750 0.057813 0.053125
1 0.242969 0.432812 0.195312 0.168750
5 0.119531 0.615625 0.029687 0.034375
5 0.419531 0.402344 0.029687 0.032813
2 0.649219 0.251563 0.057813 0.050000
2 0.379688 0.775781 0.031250 0.026562
2 0.088281 0.460156 0.035937 0.054688
0 0.478906 0.680469 0.051562 0.054688
1 0.824219 0.422656 0.045312 0.054688
2 0.625000 0.217188 0.037500 0.037500
4 0.488281 0.722656 0.035937 0.035937
4 0.528906 0.283594 0.051562 0.032813
4 0.560937 0.417187 0.025000 0.021875
3 0.633594 0.797656 0.110937 0.110937
1 0.571094 0.742969 0.123438 0.089063
3 0.312500 0.795312 0.200000 0.200000
1 0.585938 0.366406 0.165625 0.123438
1 0.166406 0.673438 0.073438 0.071875
2 0.514062 0.532031 0.100000 0.082812
1 0.300000 0.290625 0.146875 0.090625
5 0.346875 0.304688 0.037500 0.034375
0 0.471094 0.217969 0.067187 0.060937
1 0.494531 0.690625 0.089063 0.068750
2 0.403125 0.781250 0.015625 0.018750
1 0.706250 0.771875 0.112500 0.081250
0 0.424219 0.415625 0.054688 0.046875
2 0.682813 0.278906 0.025000 0.032813
0 0.158594 0.694531 0.026562 0.023438
3 0.580469 0.639844 0.095312 0.095312
0 0.575000 0.614844 0.081250 0.082812
2 0.232813 0.229687 0.050000 0.050000
1 0.383594 0.227344 0.070312 0.064062
3 0.279687 0.396875 0.125000 0.125000
4 0.409375 0.890625 0.021875 0.025000
5 0.592187 0.199219 0.040625 0.023438
1 0.550781 0.697656 0.114062 0.110937
5 0.794531 0.282031 0.029687 0.026562
5 0.758594 0.327344 0.035937 0.032813
4 0.207031 0.528125 0.017188 0.025000
4 0.229687 0.415625 0.075000 0.087500
2 0.285938 0.631250 0.031250 0.028125
4 0.625000 0.722656 0.109375 0.104688
4 0.272656 0.411719 0.020313 0.020313
0 0.141406 0.671094 0.067187 0.079687
5 0.488281 0.717187 0.020313 0.031250
3 0.403125 0.451562 0.140625 0.106250
1 0.574219 0.825781 0.085938 0.079687
4 0.146094 0.324219 0.085938 0.095312
4 0.697656 0.653906 0.051562 0.054688
5 0.297656 0.448437 0.057813 0.050000