5 0.683594 0.748437 0.045312 0.046875
5 0.142187 0.562500 0.031250 0.021875
4 0.689844 0.644531 0.042188 0.039062
2 0.073438 0.589063 0.021875 0.021875
3 0.738281 0.700000 0.260937 0.243750
1 0.297656 0.302344 0.073438 0.089063
2 0.302344 0.720313 0.029687 0.037500
4 0.086719 0.445312 0.020313 0.012500
2 0.709375 0.305469 0.068750 0.073438
4 0.723437 0.520312 0.043750 0.053125
3 0.583594 0.116406 0.082812 0.076563
0 0.550000 0.774219 0.037500 0.035937
4 0.857812 0.434375 0.096875 0.093750
3 0.438281 0.441406 0.170313 0.170313
5 0.218750 0.379688 0.043750 0.031250
1 0.832031 0.567969 0.045312 0.042188
3 0.767969 0.542188 0.095312 0.050000
4 0.285156 0.825781 0.026562 0.023438
5 0.232031 0.370312 0.067187 0.059375
1 0.595313 0.489844 0.071875 0.060937
1 0.774219 0.309375 0.098437 0.093750
1 0.293750 0.257031 0.103125 0.085938
5 0.190625 0.612500 0.050000 0.050000
1 0.744531 0.206250 0.089063 0.121875
1 0.582031 0.718750 0.095312 0.081250
4 0.303906 0.553906 0.242188 0.239063
0 0.549219 0.507031 0.089063 0.092188
0 0.514062 0.203906 0.053125 0.048438
3 0.423438 0.294531 0.365625 0.392188
2 0.642969 0.439063 0.035937 0.034375
2 0.639062 0.226562 0.034375 0.031250
3 0.580469 0.903906 0.076563 0.076563
4 0.492969 0.331250 0.160938 0.193750
3 0.407813 0.746875 0.125000 0.125000
4 0.181250 0.484375 0.018750 0.021875
1 0.475781 0.861719 0.060937 0.057813
2 0.862500 0.395313 0.068750 0.059375
0 0.196094 0.237500 0.054688 0.046875
1 0.610156 0.113281 0.089063 0.079687
4 0.526563 0.596875 0.025000 0.028125
4 0.642969 0.614844 0.039062 0.045312
4 0.862500 0.670312 0.025000 0.018750
2 0.613281 0.819531 0.070312 0.079687
0 0.268750 0.198437 0.062500 0.062500
0 0.627344 0.203906 0.060937 0.051562
2 0.278125 0.768750 0.031250 0.034375
1 0.252344 0.603125 0.042188 0.034375
1 0.278906 0.602344 0.051562 0.042188
2 0.170313 0.664062 0.043750 0.043750
5 0.396094 0.636719 0.029687 0.029687
2 0.503906 0.523438 0.057813 0.053125
1 0.253125 0.516406 0.096875 0.076563
3 0.268750 0.503125 0.206250 0.228125
2 0.799219 0.696875 0.079687 0.081250
1 0.142187 0.532031 0.084375 0.092188
0 0.160156 0.510156 0.048438 0.042188
3 0.571094 0.624219 0.248438 0.201563
2 0.436719 0.642969 0.039062 0.039062
2 0.721875 0.282813 0.028125 0.031250
2 0.588281 0.904687 0.070312 0.062500
2 0.470313 0.603125 0.056250 0.046875
5 0.292969 0.792969 0.029687 0.029687
2 0.679688 0.507812 0.056250 0.046875
5 0.917969 0.570312 0.045312 0.040625
4 0.325000 0.324219 0.018750 0.017188
5 0.841406 0.330469 0.035937 0.035937
4 0.724219 0.409375 0.020313 0.021875
2 0.636719 0.642969 0.060937 0.048438
3 0.438281 0.463281 0.207813 0.120313
5 0.448437 0.365625 0.021875 0.021875
3 0.721875 0.352344 0.240625 0.226562
5 0.375781 0.876563 0.057813 0.056250
5 0.539062 0.643750 0.034375 0.031250
1 0.419531 0.803906 0.142187 0.129688
4 0.082031 0.578125 0.020313 0.021875
1 0.767188 0.531250 0.068750 0.062500
1 0.603906 0.338281 0.117188 0.104688
5 0.439063 0.641406 0.034375 0.048438
1 0.425781 0.193750 0.098437 0.090625
4 0.104688 0.471094 0.034375 0.035937
5 0.755469 0.369531 0.023438 0.023438
3 0.637500 0.714844 0.215625 0.198437
4 0.585156 0.242969 0.057813 0.067187
3 0.450781 0.316406 0.092188 0.092188
5 0.525781 0.505469 0.035937 0.035937
3 0.534375 0.502344 0.109375 0.107813
0 0.699219 0.561719 0.054688 0.057813
1 0.338281 0.750000 0.045312 0.121875
0 0.295312 0.608594 0.059375 0.048438
3 0.760938 0.404687 0.096875 0.096875
2 0.195312 0.620313 0.031250 0.031250
5 0.681250 0.328125 0.018750 0.028125
1 0.199219 0.357031 0.060937 0.057813
4 0.821875 0.754687 0.053125 0.056250
3 0.816406 0.346094 0.120313 0.120313
0 0.215625 0.225781 0.087500 0.085938
5 0.736719 0.357031 0.054688 0.045312
0 0.625781 0.499219 0.039062 0.035937
1 0.577344 0.117188 0.032813 0.040625
3 0.739844 0.467969 0.382812 0.417187
5 0.850781 0.640625 0.039062 0.043750
0 0.329688 0.827344 0.068750 0.060937
3 0.632031 0.550000 0.323437 0.275000
3 0.327344 0.268750 0.242188 0.200000
1 0.697656 0.407813 0.260937 0.221875
3 0.720313 0.686719 0.281250 0.310937
1 0.517969 0.782813 0.042188 0.037500
4 0.427344 0.619531 0.160938 0.126562
0 0.907031 0.407813 0.048438 0.046875
2 0.400000 0.212500 0.031250 0.031250
2 0.323437 0.647656 0.034375 0.048438
5 0.485156 0.217969 0.045312 0.048438
1 0.660937 0.347656 0.150000 0.148438
1 0.200000 0.249219 0.081250 0.089063
5 0.557813 0.446094 0.031250 0.032813
3 0.775000 0.327344 0.196875 0.229687
3 0.464844 0.100781 0.089063 0.089063
3 0.674219 0.477344 0.404687 0.267188
3 0.653125 0.619531 0.165625 0.167187
2 0.431250 0.622656 0.028125 0.029687
0 0.391406 0.200781 0.085938 0.079687
4 0.270313 0.317969 0.053125 0.057813
0 0.414844 0.728906 0.035937 0.032813
4 0.242188 0.251563 0.146875 0.153125
1 0.546875 0.340625 0.103125 0.093750
0 0.548438 0.745313 0.031250 0.025000
3 0.400781 0.317969 0.245312 0.254688
2 0.546094 0.302344 0.023438 0.026562
0 0.173437 0.512500 0.056250 0.056250
1 0.356250 0.628906 0.090625 0.114062