3 0.547656 0.707031 0.179688 0.160938
5 0.580469 0.614062 0.067187 0.059375
4 0.742188 0.302344 0.018750 0.020313
4 0.643750 0.634375 0.184375 0.190625
1 0.578906 0.192969 0.079687 0.110937
1 0.100000 0.458594 0.075000 0.067187
2 0.160156 0.379688 0.023438 0.021875
3 0.334375 0.431250 0.109375 0.109375
1 0.744531 0.237500 0.064062 0.068750
0 0.567969 0.472656 0.104688 0.114062
1 0.395313 0.753906 0.128125 0.117188
5 0.600000 0.221094 0.034375 0.032813
3 0.591406 0.299219 0.114062 0.114062
1 0.582812 0.370312 0.050000 0.056250
0 0.627344 0.200781 0.092188 0.082812
1 0.395313 0.803125 0.131250 0.106250
3 0.677344 0.389062 0.307812 0.293750
3 0.239063 0.589063 0.093750 0.093750
5 0.672656 0.816406 0.039062 0.032813
4 0.203906 0.577344 0.051562 0.048438
4 0.392188 0.301563 0.096875 0.150000
0 0.775000 0.557031 0.056250 0.051562
1 0.687500 0.457813 0.103125 0.118750
1 0.877344 0.561719 0.110937 0.120313
0 0.568750 0.603125 0.065625 0.084375
4 0.446875 0.307031 0.028125 0.023438
2 0.321875 0.384375 0.050000 0.050000
4 0.582812 0.747656 0.046875 0.064062
5 0.703906 0.400000 0.048438 0.065625
2 0.830469 0.469531 0.045312 0.048438
4 0.407031 0.139844 0.023438 0.020313
1 0.718750 0.201563 0.100000 0.106250
4 0.905469 0.417969 0.029687 0.023438
0 0.646875 0.465625 0.025000 0.028125
5 0.478906 0.567187 0.048438 0.046875
0 0.621094 0.230469 0.029687 0.023438
4 0.702344 0.308594 0.029687 0.029687
5 0.468750 0.712500 0.031250 0.031250
1 0.562500 0.762500 0.075000 0.068750
2 0.591406 0.907813 0.035937 0.031250
5 0.360938 0.418750 0.028125 0.031250
1 0.665625 0.515625 0.081250 0.081250
2 0.578906 0.225000 0.026562 0.031250
1 0.454688 0.299219 0.100000 0.079687
5 0.146094 0.649219 0.039062 0.035937
1 0.741406 0.753125 0.070312 0.078125
3 0.114062 0.614062 0.071875 0.071875
3 0.526563 0.323437 0.084375 0.084375
4 0.211719 0.686719 0.017188 0.026562
5 0.098437 0.335938 0.031250 0.025000
3 0.658594 0.423438 0.242188 0.200000
1 0.812500 0.625000 0.140625 0.171875
3 0.782031 0.572656 0.298438 0.298438