3 0.654687 0.483594 0.059375 0.060937
3 0.418750 0.236719 0.112500 0.145313
2 0.148438 0.682813 0.056250 0.056250
3 0.279687 0.464062 0.150000 0.150000
0 0.553125 0.330469 0.109375 0.104688
4 0.339062 0.389844 0.034375 0.042188
4 0.442188 0.324219 0.059375 0.051562
4 0.468750 0.627344 0.106250 0.120313
5 0.228906 0.317969 0.039062 0.035937
3 0.575781 0.794531 0.107813 0.120313
3 0.539062 0.746875 0.140625 0.140625
3 0.238281 0.241406 0.073438 0.073438
3 0.585156 0.495312 0.267188 0.300000
1 0.489844 0.319531 0.145313 0.114062
3 0.833594 0.514062 0.060937 0.062500
4 0.445312 0.392188 0.028125 0.028125
2 0.698438 0.671094 0.040625 0.039062
3 0.321094 0.617969 0.207813 0.207813
1 0.264844 0.192969 0.085938 0.079687
1 0.521094 0.835156 0.176563 0.179688
0 0.372656 0.141406 0.048438 0.042188
1 0.579688 0.735156 0.128125 0.135937
0 0.379688 0.830469 0.059375 0.048438
2 0.622656 0.160938 0.026562 0.021875
0 0.246875 0.179688 0.053125 0.050000
5 0.665625 0.674219 0.062500 0.064062
0 0.567969 0.835938 0.117188 0.093750
4 0.110937 0.421875 0.043750 0.050000
4 0.655469 0.724219 0.101562 0.101562
5 0.680469 0.809375 0.032813 0.034375
3 0.597656 0.599219 0.073438 0.073438
5 0.579688 0.275000 0.071875 0.071875
5 0.457813 0.296094 0.087500 0.085938
3 0.244531 0.532031 0.379688 0.301563
1 0.138281 0.460156 0.070312 0.082812
1 0.469531 0.312500 0.139063 0.118750
2 0.407813 0.474219 0.025000 0.039062
1 0.339062 0.619531 0.031250 0.042188
0 0.535937 0.610938 0.034375 0.028125
5 0.591406 0.444531 0.057813 0.073438
2 0.289062 0.650781 0.025000 0.035937
3 0.549219 0.665625 0.085938 0.134375
4 0.373437 0.486719 0.031250 0.029687
0 0.587500 0.610156 0.025000 0.020313
3 0.553125 0.298438 0.087500 0.087500
5 0.626563 0.843750 0.043750 0.046875
0 0.558594 0.678125 0.142187 0.100000
3 0.621875 0.464062 0.459375 0.337500
0 0.222656 0.356250 0.054688 0.053125
0 0.325781 0.213281 0.026562 0.023438
5 0.209375 0.332813 0.037500 0.043750
3 0.176563 0.250000 0.081250 0.081250
4 0.856250 0.446094 0.025000 0.029687
5 0.563281 0.366406 0.035937 0.039062
5 0.603125 0.320312 0.037500 0.037500
0 0.891406 0.580469 0.048438 0.048438
2 0.621875 0.597656 0.034375 0.039062
1 0.164062 0.346094 0.096875 0.101562
5 0.384375 0.502344 0.062500 0.054688
4 0.384375 0.142969 0.106250 0.098437
4 0.421875 0.226562 0.025000 0.028125
3 0.588281 0.514062 0.332813 0.331250
3 0.253906 0.418750 0.098437 0.128125
4 0.877344 0.473438 0.039062 0.031250
1 0.481250 0.252344 0.106250 0.095312
0 0.653125 0.589063 0.090625 0.078125
4 0.469531 0.546094 0.042188 0.039062
4 0.113281 0.325000 0.032813 0.034375
4 0.489063 0.710156 0.025000 0.026562
1 0.376563 0.352344 0.062500 0.060937
0 0.313281 0.848437 0.026562 0.031250
4 0.382031 0.530469 0.010937 0.023438
2 0.267188 0.292187 0.028125 0.025000
4 0.752344 0.657813 0.098437 0.118750
5 0.505469 0.301563 0.048438 0.050000
0 0.742969 0.321094 0.048438 0.048438
5 0.228125 0.172656 0.025000 0.026562
3 0.464062 0.282031 0.106250 0.079687
1 0.677344 0.653906 0.020313 0.026562
3 0.613281 0.400000 0.101562 0.053125
5 0.565625 0.324219 0.062500 0.057813
0 0.292969 0.452344 0.029687 0.035937
1 0.309375 0.396094 0.078125 0.082812
5 0.658594 0.458594 0.020313 0.023438
0 0.529687 0.094531 0.056250 0.039062
2 0.867969 0.275000 0.026562 0.031250
0 0.183594 0.423438 0.070312 0.059375
0 0.147656 0.682031 0.042188 0.035937
5 0.645312 0.342187 0.040625 0.046875
0 0.585156 0.610156 0.026562 0.029687
1 0.367969 0.188281 0.089063 0.085938
4 0.420312 0.435156 0.084375 0.082812
1 0.236719 0.703906 0.104688 0.101562
2 0.625781 0.632031 0.070312 0.054688
2 0.851562 0.642969 0.018750 0.017188
5 0.714063 0.566406 0.031250 0.029687
2 0.453906 0.328125 0.029687 0.028125
5 0.407813 0.771875 0.053125 0.056250
4 0.402344 0.403125 0.029687 0.031250