3 0.452344 0.592969 0.104688 0.129688
0 0.682031 0.676562 0.039062 0.031250
0 0.198437 0.436719 0.165625 0.173437
2 0.132812 0.539062 0.031250 0.037500
3 0.875781 0.561719 0.104688 0.104688
2 0.135156 0.307031 0.070312 0.070312
1 0.864062 0.645312 0.068750 0.071875
4 0.567187 0.535156 0.059375 0.039062
4 0.501563 0.900781 0.037500 0.039062
4 0.634375 0.639062 0.059375 0.068750
4 0.092969 0.367969 0.026562 0.026562
3 0.739844 0.555469 0.329688 0.370312
2 0.597656 0.864844 0.020313 0.020313
0 0.185938 0.528125 0.046875 0.050000
4 0.457031 0.378125 0.026562 0.037500
1 0.767969 0.423438 0.192188 0.175000
3 0.467969 0.804688 0.042188 0.043750
3 0.477344 0.455469 0.117188 0.114062
4 0.405469 0.563281 0.035937 0.032813
4 0.423438 0.468750 0.062500 0.062500
4 0.539844 0.148438 0.029687 0.050000
2 0.437500 0.289844 0.043750 0.032813
3 0.330469 0.355469 0.060937 0.095312
0 0.260937 0.146094 0.031250 0.032813
4 0.652344 0.386719 0.276562 0.301563
4 0.298438 0.368750 0.018750 0.021875
0 0.800000 0.322656 0.040625 0.039062
5 0.605469 0.564063 0.051562 0.050000
3 0.321094 0.753125 0.232813 0.153125
4 0.575000 0.771875 0.021875 0.028125
1 0.782813 0.678125 0.128125 0.112500
5 0.396875 0.407813 0.043750 0.043750
3 0.781250 0.271875 0.115625 0.096875
3 0.815625 0.662500 0.175000 0.140625
2 0.486719 0.182812 0.067187 0.062500
3 0.629687 0.342187 0.215625 0.340625
1 0.721094 0.142187 0.045312 0.053125
2 0.377344 0.150781 0.045312 0.045312
4 0.370312 0.575000 0.025000 0.025000
5 0.500000 0.900781 0.062500 0.060937
1 0.448437 0.453125 0.156250 0.131250
1 0.174219 0.660156 0.035937 0.051562
2 0.285156 0.219531 0.029687 0.035937
1 0.582031 0.196875 0.060937 0.059375
0 0.575000 0.315625 0.050000 0.078125
3 0.728906 0.438281 0.217188 0.160938
5 0.202344 0.251563 0.035937 0.053125
5 0.801562 0.368750 0.050000 0.050000
4 0.750000 0.506250 0.134375 0.093750
0 0.520312 0.698438 0.084375 0.071875
0 0.903906 0.590625 0.045312 0.053125
3 0.706250 0.642188 0.153125 0.190625
3 0.753906 0.723437 0.148438 0.150000
3 0.116406 0.550781 0.057813 0.057813
0 0.422656 0.369531 0.092188 0.101562
1 0.435937 0.552344 0.075000 0.104688
3 0.485938 0.771875 0.115625 0.115625
3 0.333594 0.557031 0.139063 0.139063
1 0.259375 0.551562 0.125000 0.093750
3 0.610938 0.689844 0.328125 0.292187
2 0.623437 0.771094 0.028125 0.029687
5 0.588281 0.281250 0.020313 0.025000
2 0.504687 0.904687 0.031250 0.031250
2 0.168750 0.610938 0.043750 0.037500
5 0.472656 0.251563 0.039062 0.050000
2 0.651563 0.649219 0.050000 0.054688
3 0.760938 0.369531 0.065625 0.067187
4 0.837500 0.619531 0.053125 0.070312
5 0.236719 0.747656 0.060937 0.060937
2 0.205469 0.687500 0.073438 0.084375
4 0.470313 0.092188 0.025000 0.028125
0 0.802344 0.721875 0.039062 0.037500
2 0.729688 0.621094 0.184375 0.114062
5 0.851562 0.354687 0.046875 0.046875
2 0.718750 0.842187 0.056250 0.050000
5 0.438281 0.094531 0.035937 0.035937
4 0.411719 0.681250 0.073438 0.065625
3 0.406250 0.643750 0.050000 0.025000
3 0.750000 0.539062 0.331250 0.300000
3 0.849219 0.622656 0.117188 0.117188
3 0.539062 0.764062 0.196875 0.218750
5 0.517188 0.218750 0.050000 0.046875
2 0.608594 0.635938 0.026562 0.021875
0 0.251563 0.416406 0.128125 0.123438
4 0.662500 0.155469 0.028125 0.026562
2 0.389062 0.851562 0.081250 0.065625
0 0.795312 0.569531 0.090625 0.082812
5 0.378125 0.357812 0.053125 0.059375
4 0.830469 0.637500 0.076563 0.093750
3 0.534375 0.207813 0.081250 0.068750
0 0.375000 0.092188 0.031250 0.028125
0 0.220312 0.262500 0.028125 0.021875
4 0.856250 0.615625 0.021875 0.018750
5 0.222656 0.464062 0.051562 0.046875
2 0.459375 0.700781 0.056250 0.048438
5 0.877344 0.354687 0.029687 0.028125
2 0.652344 0.521875 0.132812 0.171875
0 0.595313 0.601562 0.150000 0.131250
4 0.645312 0.423438 0.015625 0.015625
5 0.263281 0.453125 0.035937 0.034375
3 0.446875 0.192188 0.106250 0.106250
0 0.610938 0.692187 0.046875 0.034375
4 0.928906 0.433594 0.020313 0.023438
2 0.442969 0.392188 0.048438 0.040625
4 0.200000 0.382031 0.028125 0.029687
2 0.627344 0.375000 0.042188 0.034375
2 0.773438 0.208594 0.031250 0.060937
1 0.449219 0.457031 0.095312 0.057813
0 0.528906 0.103906 0.051562 0.057813
3 0.194531 0.670312 0.057813 0.053125
5 0.653906 0.176563 0.042188 0.037500
1 0.243750 0.810937 0.071875 0.065625
5 0.892969 0.571094 0.026562 0.032813
1 0.317969 0.383594 0.079687 0.092188
4 0.711719 0.773438 0.076563 0.093750
2 0.360156 0.268750 0.020313 0.018750
2 0.565625 0.426563 0.046875 0.046875
2 0.196094 0.507031 0.060937 0.051562
5 0.610938 0.203125 0.025000 0.021875
3 0.635938 0.369531 0.128125 0.189062
0 0.222656 0.661719 0.135937 0.120313
1 0.182031 0.538281 0.051562 0.048438
1 0.858594 0.542969 0.104688 0.104688
5 0.835938 0.507812 0.040625 0.015625
2 0.606250 0.260937 0.053125 0.053125
3 0.653906 0.640625 0.273438 0.334375
5 0.387500 0.389844 0.034375 0.035937
4 0.512500 0.372656 0.021875 0.023438
1 0.742188 0.446875 0.040625 0.037500
5 0.651563 0.767969 0.028125 0.026562
0 0.849219 0.607031 0.092188 0.079687
5 0.239844 0.431250 0.023438 0.021875
4 0.171094 0.236719 0.023438 0.023438
1 0.817187 0.246875 0.034375 0.043750
4 0.776563 0.578906 0.056250 0.045312
2 0.669531 0.473438 0.048438 0.053125
1 0.190625 0.585938 0.071875 0.075000
4 0.676562 0.821875 0.146875 0.062500
1 0.680469 0.292969 0.089063 0.117188
2 0.566406 0.595313 0.023438 0.025000