3 0.721094 0.445312 0.117188 0.096875
3 0.348438 0.412500 0.037500 0.037500
1 0.260156 0.575000 0.092188 0.150000
3 0.341406 0.803906 0.079687 0.079687
2 0.457813 0.387500 0.053125 0.059375
5 0.639844 0.185938 0.045312 0.053125
2 0.453125 0.335938 0.075000 0.056250
4 0.462500 0.213281 0.034375 0.020313
3 0.559375 0.391406 0.303125 0.432812
1 0.235156 0.294531 0.067187 0.073438
4 0.311719 0.441406 0.020313 0.020313
1 0.161719 0.608594 0.126562 0.114062
4 0.662500 0.597656 0.040625 0.035937
2 0.666406 0.759375 0.054688 0.062500
5 0.342969 0.371094 0.045312 0.045312
4 0.076563 0.466406 0.031250 0.029687
1 0.248438 0.607812 0.096875 0.078125
4 0.392969 0.114844 0.082812 0.073438
3 0.468750 0.409375 0.425000 0.259375
2 0.510156 0.837500 0.092188 0.078125
5 0.657813 0.797656 0.053125 0.045312
3 0.632031 0.753906 0.260937 0.260937
5 0.721875 0.652344 0.053125 0.060937
5 0.810156 0.741406 0.020313 0.020313
2 0.532031 0.387500 0.070312 0.050000
2 0.492188 0.387500 0.037500 0.034375
4 0.192969 0.365625 0.120313 0.093750
2 0.861719 0.683594 0.048438 0.057813
5 0.653906 0.514062 0.045312 0.040625
3 0.223438 0.192969 0.046875 0.064062
1 0.603906 0.525781 0.082812 0.076563
2 0.207031 0.460938 0.067187 0.037500
5 0.357031 0.102344 0.048438 0.039062
2 0.618750 0.251563 0.021875 0.025000
5 0.394531 0.170313 0.029687 0.021875
2 0.769531 0.715625 0.095312 0.106250
1 0.353125 0.435156 0.062500 0.057813
5 0.481250 0.094531 0.034375 0.035937
3 0.576562 0.676562 0.231250 0.246875
1 0.311719 0.620313 0.042188 0.050000
3 0.539062 0.303906 0.312500 0.495312
5 0.232813 0.384375 0.031250 0.025000
2 0.711719 0.337500 0.048438 0.043750
0 0.766406 0.396094 0.042188 0.045312
4 0.455469 0.664062 0.054688 0.037500
4 0.718750 0.648438 0.078125 0.090625
0 0.857812 0.400000 0.087500 0.081250
5 0.235156 0.765625 0.045312 0.050000
1 0.135937 0.447656 0.121875 0.142187
0 0.797656 0.599219 0.039062 0.039062
5 0.461719 0.311719 0.035937 0.035937
3 0.547656 0.605469 0.120313 0.120313
5 0.626563 0.469531 0.053125 0.082812
4 0.274219 0.460938 0.032813 0.031250
5 0.891406 0.443750 0.045312 0.046875
3 0.625000 0.804688 0.106250 0.109375
1 0.359375 0.521875 0.037500 0.037500
2 0.332813 0.783594 0.065625 0.057813
0 0.314063 0.145313 0.068750 0.065625
5 0.235937 0.584375 0.050000 0.050000
2 0.247656 0.196094 0.026562 0.026562
0 0.369531 0.518750 0.157812 0.150000
5 0.326562 0.475000 0.034375 0.031250
4 0.197656 0.330469 0.051562 0.051562
3 0.807813 0.601562 0.068750 0.068750
3 0.550781 0.311719 0.154688 0.154688
3 0.180469 0.465625 0.123438 0.118750
1 0.479687 0.620313 0.100000 0.109375
3 0.154688 0.526563 0.112500 0.165625
2 0.694531 0.392969 0.104688 0.079687
4 0.916406 0.516406 0.026562 0.023438
4 0.582812 0.614844 0.046875 0.048438
2 0.589063 0.377344 0.028125 0.026562
0 0.778906 0.375000 0.039062 0.037500
5 0.215625 0.777344 0.043750 0.045312
0 0.574219 0.604688 0.060937 0.056250
1 0.666406 0.794531 0.110937 0.132812
2 0.708594 0.395313 0.051562 0.050000
0 0.501563 0.939063 0.018750 0.018750
4 0.117188 0.603906 0.071875 0.082812
3 0.389844 0.707031 0.167187 0.145313
0 0.312500 0.399219 0.034375 0.029687
4 0.332813 0.778125 0.012500 0.018750
3 0.183594 0.292969 0.098437 0.098437
0 0.587500 0.124219 0.037500 0.032813
2 0.175781 0.482031 0.020313 0.023438
1 0.460938 0.490625 0.081250 0.056250
1 0.325781 0.396875 0.051562 0.071875
5 0.252344 0.473438 0.035937 0.037500
0 0.392969 0.252344 0.067187 0.060937
5 0.635938 0.522656 0.059375 0.051562
3 0.266406 0.375781 0.154688 0.154688
1 0.734375 0.487500 0.140625 0.178125
5 0.660937 0.361719 0.040625 0.035937
0 0.272656 0.239844 0.032813 0.029687