2 0.789062 0.436719 0.056250 0.042188
4 0.282813 0.288281 0.031250 0.035937
3 0.644531 0.740625 0.110937 0.096875
4 0.670312 0.115625 0.021875 0.021875
5 0.299219 0.200000 0.032813 0.028125
5 0.315625 0.851562 0.050000 0.043750
5 0.448437 0.559375 0.059375 0.062500
2 0.540625 0.107813 0.018750 0.012500
1 0.712500 0.396875 0.043750 0.062500
1 0.800000 0.492188 0.118750 0.103125
4 0.619531 0.168750 0.079687 0.078125
3 0.514844 0.224219 0.104688 0.076563
2 0.352344 0.704688 0.042188 0.034375
5 0.114062 0.567187 0.031250 0.034375
3 0.328906 0.383594 0.176563 0.279687
1 0.496094 0.264062 0.064062 0.065625
4 0.479687 0.771875 0.021875 0.021875
3 0.340625 0.792188 0.081250 0.081250
4 0.180469 0.461719 0.029687 0.020313
4 0.777344 0.403125 0.029687 0.028125
3 0.270313 0.538281 0.153125 0.254688
2 0.208594 0.574219 0.035937 0.035937
0 0.751563 0.207031 0.037500 0.039062
5 0.089063 0.424219 0.053125 0.048438
1 0.904687 0.569531 0.065625 0.070312
4 0.210156 0.486719 0.104688 0.104688
2 0.182812 0.489844 0.028125 0.054688
3 0.580469 0.566406 0.129688 0.129688
3 0.605469 0.700781 0.164062 0.164062
1 0.814844 0.771875 0.042188 0.031250
3 0.607812 0.158594 0.068750 0.067187
1 0.370312 0.852344 0.093750 0.092188
2 0.703125 0.380469 0.078125 0.082812
1 0.480469 0.272656 0.079687 0.082812
4 0.628125 0.631250 0.062500 0.084375
0 0.221094 0.800000 0.064062 0.056250
5 0.240625 0.374219 0.037500 0.029687
0 0.881250 0.471875 0.090625 0.096875
2 0.616406 0.535156 0.042188 0.039062
0 0.474219 0.877344 0.045312 0.045312
3 0.483594 0.682031 0.279687 0.342187
2 0.256250 0.703125 0.087500 0.075000
1 0.477344 0.375781 0.064062 0.060937
4 0.382031 0.693750 0.057813 0.068750
3 0.360938 0.657813 0.137500 0.137500
2 0.581250 0.778906 0.018750 0.023438
0 0.241406 0.232813 0.054688 0.059375
4 0.514062 0.165625 0.075000 0.075000
2 0.310937 0.222656 0.050000 0.045312
0 0.690625 0.437500 0.034375 0.028125
2 0.766406 0.371094 0.032813 0.032813
1 0.746094 0.196094 0.092188 0.092188
5 0.688281 0.480469 0.023438 0.023438
3 0.364844 0.505469 0.357812 0.282813
5 0.303906 0.171875 0.035937 0.040625
5 0.678906 0.119531 0.045312 0.045312
1 0.174219 0.548438 0.167187 0.159375
5 0.227344 0.213281 0.045312 0.060937
4 0.335938 0.832812 0.018750 0.018750
2 0.442188 0.282813 0.015625 0.015625
4 0.384375 0.762500 0.018750 0.021875
2 0.116406 0.392188 0.029687 0.025000
5 0.237500 0.564844 0.053125 0.045312
5 0.773438 0.554688 0.046875 0.040625
2 0.452344 0.518750 0.064062 0.056250
4 0.469531 0.903906 0.029687 0.029687
4 0.340625 0.785156 0.028125 0.017188
1 0.084375 0.551562 0.059375 0.059375
1 0.110937 0.428125 0.087500 0.093750
0 0.350000 0.825781 0.037500 0.032813
1 0.439063 0.369531 0.096875 0.070312
2 0.445312 0.776563 0.093750 0.081250
5 0.749219 0.449219 0.035937 0.035937
2 0.725781 0.407031 0.048438 0.039062
0 0.701562 0.320312 0.068750 0.065625
2 0.467187 0.130469 0.071875 0.064062
4 0.633594 0.343750 0.020313 0.025000
2 0.585938 0.882031 0.059375 0.079687
5 0.289844 0.862500 0.029687 0.025000
3 0.115625 0.546875 0.118750 0.118750
0 0.417969 0.835938 0.085938 0.087500
0 0.229687 0.554688 0.043750 0.040625
2 0.759375 0.161719 0.034375 0.032813
5 0.157031 0.564844 0.039062 0.026562
0 0.614844 0.309375 0.032813 0.046875
3 0.473438 0.654687 0.221875 0.221875
0 0.683594 0.882031 0.045312 0.042188
2 0.196875 0.335938 0.025000 0.021875
0 0.760938 0.340625 0.046875 0.043750
4 0.696875 0.132812 0.065625 0.065625
1 0.827344 0.665625 0.098437 0.093750
0 0.471875 0.569531 0.100000 0.104688
1 0.558594 0.388281 0.079687 0.095312
3 0.142187 0.378906 0.068750 0.054688
2 0.800781 0.493750 0.054688 0.062500
1 0.524219 0.145313 0.085938 0.087500
2 0.327344 0.850781 0.039062 0.035937
0 0.297656 0.220312 0.101562 0.093750
3 0.582031 0.660156 0.367188 0.370312
1 0.589063 0.659375 0.050000 0.050000
4 0.270313 0.167969 0.071875 0.073438
3 0.756250 0.700000 0.190625 0.190625
1 0.591406 0.751563 0.098437 0.081250
4 0.310156 0.322656 0.151562 0.170313
0 0.503125 0.664062 0.103125 0.087500