4 0.157812 0.500781 0.053125 0.064062
4 0.582031 0.095312 0.026562 0.028125
4 0.217969 0.377344 0.026562 0.029687
4 0.341406 0.165625 0.017188 0.021875
3 0.264062 0.626563 0.034375 0.034375
1 0.346875 0.673438 0.087500 0.062500
1 0.715625 0.754687 0.071875 0.065625
3 0.315625 0.809375 0.100000 0.100000
0 0.654687 0.871094 0.034375 0.032813
3 0.654687 0.390625 0.203125 0.168750
1 0.279687 0.309375 0.115625 0.093750
2 0.538281 0.863281 0.045312 0.035937
4 0.275781 0.843750 0.017188 0.015625
1 0.427344 0.401562 0.085938 0.093750
3 0.453125 0.160156 0.090625 0.092188
1 0.656250 0.782031 0.087500 0.067187
2 0.819531 0.310937 0.035937 0.028125
5 0.494531 0.600000 0.048438 0.043750
1 0.466406 0.453125 0.120313 0.134375
1 0.406250 0.198437 0.078125 0.137500
3 0.411719 0.744531 0.123438 0.123438
0 0.467187 0.777344 0.096875 0.104688
2 0.635156 0.864844 0.035937 0.035937
5 0.248438 0.538281 0.031250 0.039062
5 0.313281 0.375781 0.051562 0.057813
2 0.573438 0.225781 0.028125 0.020313
5 0.610156 0.350781 0.048438 0.051562
4 0.496875 0.278906 0.031250 0.045312
4 0.216406 0.238281 0.014063 0.014063
4 0.686719 0.206250 0.051562 0.046875
0 0.224219 0.448437 0.076563 0.081250
0 0.454688 0.092188 0.028125 0.021875
5 0.510938 0.435937 0.028125 0.021875
1 0.485156 0.789844 0.070312 0.073438
5 0.534375 0.226562 0.046875 0.046875
3 0.264062 0.618750 0.146875 0.146875
5 0.322656 0.867969 0.042188 0.042188
1 0.435937 0.306250 0.081250 0.078125
3 0.471875 0.398438 0.109375 0.109375
1 0.707031 0.704688 0.157812 0.115625
1 0.396875 0.486719 0.134375 0.132812
2 0.719531 0.615625 0.054688 0.050000
1 0.545312 0.800781 0.050000 0.060937
2 0.615625 0.205469 0.040625 0.067187
3 0.181250 0.568750 0.081250 0.081250
0 0.750781 0.236719 0.070312 0.073438
1 0.776563 0.715625 0.050000 0.068750
3 0.404687 0.442188 0.068750 0.068750
4 0.596875 0.892188 0.028125 0.037500
2 0.343750 0.354687 0.046875 0.040625
4 0.744531 0.521094 0.048438 0.057813
1 0.500781 0.753125 0.076563 0.068750
0 0.164844 0.327344 0.048438 0.014063
0 0.468750 0.875781 0.037500 0.042188
5 0.249219 0.723437 0.035937 0.031250
3 0.315625 0.375000 0.103125 0.103125
2 0.816406 0.387500 0.079687 0.081250
0 0.766406 0.498437 0.042188 0.037500
3 0.453125 0.196875 0.115625 0.115625
1 0.453125 0.657813 0.059375 0.046875
1 0.845313 0.550000 0.059375 0.050000
4 0.543750 0.789844 0.071875 0.057813
1 0.712500 0.775781 0.140625 0.164062
1 0.319531 0.714844 0.117188 0.079687
4 0.856250 0.464062 0.034375 0.031250
2 0.821875 0.329688 0.106250 0.081250
1 0.462500 0.775000 0.093750 0.093750
4 0.194531 0.439844 0.235937 0.267188
5 0.712500 0.567969 0.034375 0.039062
4 0.492969 0.791406 0.020313 0.014063
1 0.738281 0.714063 0.085938 0.081250
4 0.217969 0.292969 0.032813 0.023438
2 0.207813 0.538281 0.021875 0.029687
0 0.471875 0.137500 0.068750 0.065625
1 0.242188 0.410156 0.100000 0.079687
1 0.453125 0.629687 0.056250 0.053125
3 0.818750 0.446875 0.087500 0.087500
5 0.192188 0.572656 0.037500 0.039062
4 0.417187 0.676562 0.040625 0.034375
1 0.629687 0.135937 0.059375 0.050000
0 0.360938 0.621094 0.075000 0.070312
3 0.603906 0.214844 0.148438 0.148438
2 0.829688 0.505469 0.053125 0.054688
3 0.730469 0.517188 0.157812 0.093750
1 0.461719 0.783594 0.070312 0.070312
4 0.135156 0.685937 0.023438 0.028125
2 0.760156 0.460938 0.054688 0.065625
2 0.287500 0.758594 0.025000 0.029687
2 0.109375 0.528906 0.078125 0.070312
4 0.812500 0.205469 0.021875 0.023438
3 0.629687 0.706250 0.362500 0.321875
1 0.668750 0.285938 0.071875 0.100000
0 0.631250 0.862500 0.093750 0.078125
4 0.367969 0.289844 0.042188 0.039062
1 0.535937 0.717187 0.134375 0.178125
0 0.449219 0.155469 0.029687 0.029687
2 0.833594 0.298438 0.054688 0.034375
2 0.569531 0.380469 0.026562 0.023438
2 0.787500 0.545312 0.037500 0.037500
3 0.100000 0.475000 0.084375 0.084375
3 0.815625 0.384375 0.093750 0.093750
4 0.291406 0.703906 0.098437 0.107813
2 0.514844 0.131250 0.026562 0.043750
3 0.561719 0.247656 0.067187 0.067187
2 0.700781 0.194531 0.035937 0.029687
4 0.329688 0.685156 0.112500 0.067187
3 0.363281 0.691406 0.182812 0.182812
1 0.374219 0.885156 0.073438 0.082812
2 0.305469 0.884375 0.023438 0.031250
1 0.218750 0.371094 0.078125 0.064062
3 0.532813 0.738281 0.146875 0.129688
4 0.338281 0.798438 0.035937 0.037500
0 0.725000 0.241406 0.096875 0.107813
0 0.445312 0.298438 0.100000 0.109375
1 0.279687 0.289062 0.118750 0.096875
5 0.199219 0.316406 0.029687 0.032813
0 0.380469 0.234375 0.064062 0.062500
4 0.532813 0.103125 0.050000 0.050000
2 0.389062 0.633594 0.040625 0.026562
5 0.592187 0.850000 0.034375 0.040625
0 0.493750 0.779687 0.025000 0.031250
5 0.189062 0.559375 0.065625 0.056250
5 0.525000 0.150781 0.040625 0.048438
2 0.853906 0.557031 0.039062 0.057813
2 0.579688 0.135937 0.037500 0.031250
2 0.101562 0.489063 0.031250 0.021875
4 0.542188 0.367188 0.025000 0.021875
3 0.261719 0.623437 0.148438 0.121875
5 0.721094 0.296094 0.026562 0.039062
0 0.364063 0.443750 0.025000 0.021875
5 0.509375 0.906250 0.040625 0.040625
3 0.200000 0.743750 0.100000 0.100000
5 0.327344 0.165625 0.039062 0.050000
3 0.727344 0.525000 0.235937 0.246875
1 0.650781 0.455469 0.023438 0.023438
0 0.439063 0.391406 0.100000 0.098437
4 0.666406 0.806250 0.057813 0.059375
5 0.267969 0.460156 0.051562 0.051562
2 0.760938 0.609375 0.062500 0.068750
4 0.653125 0.283594 0.025000 0.020313
0 0.623437 0.535156 0.118750 0.104688
5 0.654687 0.156250 0.037500 0.046875
5 0.228906 0.224219 0.048438 0.045312
3 0.406250 0.108594 0.068750 0.067187
1 0.540625 0.785937 0.068750 0.081250
5 0.669531 0.387500 0.054688 0.043750
1 0.532031 0.782031 0.129688 0.157812
3 0.642969 0.712500 0.167187 0.134375
4 0.365625 0.880469 0.034375 0.035937