2 0.685156 0.142187 0.026562 0.025000
3 0.237500 0.676562 0.121875 0.121875
0 0.664062 0.665625 0.059375 0.062500
3 0.416406 0.164844 0.073438 0.073438
5 0.202344 0.673438 0.039062 0.040625
1 0.376563 0.403906 0.140625 0.117188
0 0.528906 0.382031 0.117188 0.098437
4 0.695312 0.808594 0.028125 0.026562
4 0.267969 0.307812 0.073438 0.075000
3 0.271875 0.346094 0.112500 0.085938
3 0.489063 0.337500 0.134375 0.134375
3 0.561719 0.139844 0.076563 0.057813
1 0.555469 0.234375 0.139063 0.100000
0 0.925781 0.575000 0.029687 0.031250
2 0.903125 0.581250 0.034375 0.034375
5 0.700781 0.544531 0.026562 0.032813
4 0.457031 0.446875 0.054688 0.050000
2 0.500781 0.473438 0.067187 0.062500
1 0.609375 0.642969 0.131250 0.126562
0 0.331250 0.171094 0.025000 0.017188
0 0.402344 0.516406 0.117188 0.123438
2 0.703125 0.123438 0.031250 0.031250
1 0.673438 0.779687 0.068750 0.075000
3 0.389062 0.400781 0.075000 0.095312
0 0.696094 0.507031 0.026562 0.042188
0 0.301563 0.778125 0.062500 0.040625
5 0.122656 0.446094 0.026562 0.026562
0 0.197656 0.708594 0.023438 0.023438
5 0.586719 0.310937 0.023438 0.021875
0 0.194531 0.387500 0.051562 0.046875
0 0.748437 0.564063 0.115625 0.118750
3 0.585156 0.400781 0.060937 0.060937
4 0.620313 0.108594 0.021875 0.029687
1 0.670312 0.576562 0.078125 0.087500
5 0.899219 0.524219 0.032813 0.032813
4 0.189062 0.516406 0.028125 0.026562
2 0.525000 0.834375 0.040625 0.034375
5 0.091406 0.393750 0.039062 0.040625
5 0.379688 0.417969 0.031250 0.039062
1 0.626563 0.842187 0.137500 0.093750
5 0.196875 0.288281 0.021875 0.026562
0 0.521875 0.578906 0.062500 0.057813
0 0.413281 0.764062 0.135937 0.125000
1 0.360938 0.799219 0.156250 0.110937
0 0.189062 0.639844 0.046875 0.045312
1 0.178125 0.601562 0.165625 0.150000
4 0.844531 0.742188 0.029687 0.021875
0 0.375781 0.392188 0.107813 0.106250
5 0.331250 0.420312 0.028125 0.031250
5 0.342187 0.842969 0.028125 0.026562
3 0.390625 0.154688 0.121875 0.087500
1 0.701562 0.245312 0.203125 0.184375
1 0.314063 0.361719 0.128125 0.129688
0 0.575781 0.664844 0.029687 0.029687
0 0.510156 0.629687 0.048438 0.043750
2 0.613281 0.927344 0.017188 0.017188
0 0.435156 0.541406 0.060937 0.051562
5 0.465625 0.553125 0.078125 0.078125
0 0.346875 0.680469 0.037500 0.035937
5 0.352344 0.660937 0.051562 0.040625
4 0.748437 0.814844 0.025000 0.020313
2 0.542969 0.440625 0.057813 0.043750
2 0.271094 0.574219 0.048438 0.054688
4 0.334375 0.196875 0.015625 0.015625
2 0.726562 0.220312 0.015625 0.040625
4 0.771875 0.367188 0.225000 0.228125
0 0.456250 0.078125 0.021875 0.021875
5 0.099219 0.529687 0.029687 0.018750
4 0.673438 0.568750 0.037500 0.034375
2 0.715625 0.648438 0.031250 0.031250
4 0.518750 0.185938 0.018750 0.018750
1 0.439844 0.686719 0.154688 0.151562
1 0.248438 0.203125 0.084375 0.081250
0 0.356250 0.384375 0.084375 0.087500
0 0.650000 0.851562 0.046875 0.050000
4 0.402344 0.175781 0.054688 0.054688
3 0.737500 0.700000 0.125000 0.125000
2 0.860156 0.421094 0.039062 0.054688
2 0.156250 0.648438 0.059375 0.062500
0 0.442188 0.714844 0.034375 0.032813
2 0.233594 0.683594 0.064062 0.070312
5 0.441406 0.460156 0.026562 0.023438