1 0.278125 0.642188 0.121875 0.075000
5 0.287500 0.267188 0.025000 0.025000
1 0.471094 0.287500 0.051562 0.046875
1 0.708594 0.807813 0.048438 0.050000
1 0.280469 0.542969 0.035937 0.032813
0 0.522656 0.547656 0.026562 0.023438
2 0.581250 0.268750 0.056250 0.040625
4 0.592187 0.558594 0.018750 0.017188
4 0.650000 0.863281 0.053125 0.057813
5 0.688281 0.362500 0.042188 0.056250
1 0.474219 0.900781 0.082812 0.076563
0 0.548438 0.325781 0.059375 0.051562
3 0.453906 0.797656 0.154688 0.154688
3 0.704688 0.785937 0.156250 0.171875
4 0.657813 0.350000 0.040625 0.065625
4 0.626563 0.907031 0.021875 0.020313
2 0.288281 0.425000 0.064062 0.062500
0 0.354687 0.125781 0.050000 0.048438
5 0.757812 0.436719 0.031250 0.032813
5 0.835938 0.488281 0.053125 0.045312
5 0.652344 0.157031 0.039062 0.029687
5 0.812500 0.400781 0.050000 0.045312
4 0.832812 0.442188 0.015625 0.015625
3 0.433594 0.236719 0.223438 0.214062
3 0.831250 0.439063 0.078125 0.078125
0 0.281250 0.370312 0.034375 0.037500
4 0.298438 0.865625 0.028125 0.025000
4 0.503125 0.893750 0.031250 0.031250
4 0.469531 0.639062 0.026562 0.025000
0 0.703125 0.446875 0.046875 0.050000
4 0.351562 0.519531 0.065625 0.073438
2 0.545312 0.601562 0.018750 0.015625
3 0.564844 0.836719 0.195312 0.195312
5 0.748437 0.292969 0.034375 0.035937
5 0.171094 0.596875 0.057813 0.046875
4 0.549219 0.727344 0.176563 0.148438
5 0.300781 0.288281 0.048438 0.048438
1 0.639062 0.503125 0.100000 0.090625
4 0.277344 0.292187 0.089063 0.090625
1 0.498437 0.467969 0.325000 0.248438
2 0.254688 0.732031 0.040625 0.039062
0 0.502344 0.637500 0.151562 0.140625
1 0.790625 0.506250 0.059375 0.100000
1 0.746875 0.777344 0.065625 0.070312
3 0.342187 0.296094 0.325000 0.267188
3 0.519531 0.436719 0.085938 0.085938
1 0.578906 0.395313 0.117188 0.093750
0 0.259375 0.657813 0.046875 0.043750
5 0.568750 0.498437 0.028125 0.028125
3 0.635938 0.257812 0.228125 0.250000
4 0.443750 0.279687 0.159375 0.109375
5 0.757031 0.242969 0.026562 0.029687
1 0.550000 0.475781 0.150000 0.120313
1 0.261719 0.517969 0.095312 0.110937
4 0.211719 0.539844 0.067187 0.057813
3 0.543750 0.479687 0.103125 0.121875
0 0.226562 0.551562 0.112500 0.087500
3 0.807813 0.242969 0.084375 0.070312
5 0.174219 0.368750 0.026562 0.028125
5 0.648438 0.710938 0.037500 0.034375
3 0.733594 0.700781 0.242188 0.270313
4 0.652344 0.779687 0.045312 0.040625
3 0.567187 0.550000 0.075000 0.075000
1 0.139844 0.632812 0.073438 0.062500
2 0.168750 0.758594 0.028125 0.026562
3 0.345313 0.603125 0.078125 0.096875
1 0.785156 0.626563 0.073438 0.090625
4 0.510156 0.530469 0.023438 0.023438
3 0.321094 0.800781 0.089063 0.089063
2 0.359375 0.620313 0.012500 0.018750
5 0.202344 0.247656 0.070312 0.070312
1 0.478906 0.679688 0.067187 0.090625
3 0.350000 0.658594 0.240625 0.376563
5 0.720313 0.505469 0.037500 0.039062
4 0.705469 0.273438 0.064062 0.062500
4 0.811719 0.342969 0.029687 0.029687
3 0.653125 0.640625 0.112500 0.125000
1 0.263281 0.776563 0.092188 0.109375
3 0.442188 0.687500 0.359375 0.315625
4 0.600781 0.250000 0.026562 0.034375
3 0.642188 0.322656 0.150000 0.229687
1 0.594531 0.863281 0.142187 0.123438
5 0.415625 0.521875 0.053125 0.050000
0 0.441406 0.385156 0.104688 0.123438
3 0.292187 0.365625 0.100000 0.100000
0 0.157812 0.283594 0.031250 0.026562
5 0.294531 0.620313 0.035937 0.040625
1 0.327344 0.430469 0.060937 0.095312
5 0.703125 0.463281 0.031250 0.029687
1 0.890625 0.552344 0.050000 0.045312
0 0.167187 0.436719 0.056250 0.048438
4 0.268750 0.713281 0.021875 0.020313
1 0.335938 0.778906 0.156250 0.154688
3 0.634375 0.504687 0.506250 0.371875
2 0.252344 0.162500 0.045312 0.043750
2 0.676562 0.474219 0.015625 0.026562
5 0.563281 0.853906 0.039062 0.035937
4 0.183594 0.467969 0.057813 0.085938
4 0.850000 0.375781 0.068750 0.092188
2 0.447656 0.871875 0.035937 0.037500
1 0.335156 0.459375 0.151562 0.140625
4 0.557813 0.196875 0.021875 0.028125
3 0.710156 0.197656 0.160938 0.160938
5 0.353125 0.195312 0.034375 0.034375
4 0.532031 0.701562 0.014063 0.021875
1 0.600781 0.813281 0.057813 0.054688
2 0.804688 0.279687 0.053125 0.046875
3 0.798438 0.686719 0.187500 0.110937
1 0.407813 0.653125 0.090625 0.096875
4 0.892969 0.643750 0.064062 0.059375
2 0.125781 0.691406 0.039062 0.035937
2 0.848437 0.583594 0.043750 0.032813
0 0.132031 0.668750 0.042188 0.037500
3 0.679688 0.617188 0.228125 0.228125
0 0.232031 0.679688 0.101562 0.093750
3 0.325781 0.330469 0.120313 0.120313
1 0.540625 0.878906 0.037500 0.054688
3 0.566406 0.294531 0.114062 0.114062
4 0.695312 0.612500 0.021875 0.025000
3 0.439063 0.668750 0.128125 0.128125
1 0.538281 0.714844 0.226562 0.226562
3 0.483594 0.436719 0.142187 0.135937
4 0.867188 0.590625 0.046875 0.046875
2 0.607812 0.368750 0.031250 0.031250