4 0.630469 0.565625 0.026562 0.025000
2 0.104688 0.626563 0.025000 0.046875
5 0.440625 0.227344 0.053125 0.045312
1 0.692187 0.247656 0.065625 0.089063
1 0.296875 0.321875 0.209375 0.218750
4 0.338281 0.333594 0.042188 0.048438
5 0.720313 0.149219 0.046875 0.048438
5 0.882031 0.675781 0.042188 0.048438
0 0.601562 0.496875 0.134375 0.146875
2 0.829688 0.294531 0.018750 0.017188
5 0.442969 0.258594 0.054688 0.057813
3 0.278125 0.445312 0.134375 0.131250
5 0.620313 0.604688 0.059375 0.056250
1 0.740625 0.291406 0.046875 0.032813
4 0.328125 0.314063 0.028125 0.025000
1 0.368750 0.364063 0.084375 0.084375
1 0.683594 0.503906 0.132812 0.120313
3 0.300781 0.313281 0.120313 0.120313
1 0.457813 0.340625 0.087500 0.078125
1 0.318750 0.353125 0.071875 0.062500
5 0.843750 0.346875 0.062500 0.081250
5 0.267188 0.808594 0.037500 0.035937
1 0.392969 0.142969 0.042188 0.042188
0 0.662500 0.496094 0.065625 0.057813
2 0.817187 0.778906 0.037500 0.032813
3 0.287500 0.173437 0.109375 0.109375
5 0.394531 0.346094 0.045312 0.057813
5 0.485156 0.728906 0.042188 0.048438
5 0.667188 0.864062 0.025000 0.025000
0 0.725000 0.669531 0.040625 0.035937
5 0.768750 0.223438 0.034375 0.034375
5 0.292969 0.328125 0.032813 0.050000
0 0.403906 0.274219 0.042188 0.035937
0 0.222656 0.344531 0.023438 0.023438
1 0.201563 0.536719 0.087500 0.076563
4 0.685156 0.264062 0.060937 0.062500
3 0.579688 0.496094 0.221875 0.360938
3 0.329688 0.224219 0.200000 0.157812
0 0.311719 0.714063 0.051562 0.037500
0 0.418750 0.885156 0.062500 0.060937
2 0.403125 0.117188 0.056250 0.056250
5 0.823438 0.766406 0.031250 0.045312
3 0.870313 0.478125 0.062500 0.062500
2 0.863281 0.668750 0.035937 0.031250
4 0.664062 0.656250 0.018750 0.018750
2 0.303125 0.529687 0.053125 0.053125
0 0.365625 0.875000 0.065625 0.068750
3 0.503906 0.202344 0.120313 0.120313
5 0.201563 0.671094 0.028125 0.035937
5 0.192188 0.610156 0.034375 0.048438
4 0.395313 0.550000 0.015625 0.012500
4 0.552344 0.782813 0.048438 0.056250
1 0.350781 0.480469 0.145313 0.120313
3 0.669531 0.452344 0.382812 0.339062
5 0.668750 0.127344 0.053125 0.054688
0 0.457813 0.233594 0.075000 0.079687
0 0.337500 0.580469 0.084375 0.082812
3 0.803125 0.679688 0.159375 0.165625
5 0.421875 0.767969 0.043750 0.039062
2 0.689063 0.421094 0.031250 0.035937
2 0.589844 0.874219 0.092188 0.095312
2 0.476562 0.123438 0.084375 0.084375
5 0.817187 0.242188 0.065625 0.059375
1 0.349219 0.432812 0.060937 0.043750
5 0.624219 0.532813 0.048438 0.050000
3 0.821875 0.475781 0.137500 0.145313
5 0.836719 0.440625 0.039062 0.037500
5 0.503906 0.767188 0.048438 0.043750
1 0.768750 0.746875 0.115625 0.150000
3 0.449219 0.173437 0.092188 0.093750
5 0.538281 0.782031 0.067187 0.067187
3 0.177344 0.366406 0.114062 0.114062
5 0.794531 0.357031 0.039062 0.051562
0 0.138281 0.510156 0.110937 0.114062
0 0.290625 0.553125 0.078125 0.068750
3 0.547656 0.560937 0.307812 0.309375
4 0.480469 0.753125 0.045312 0.043750
2 0.373437 0.410156 0.021875 0.039062
0 0.652344 0.383594 0.035937 0.035937
0 0.560156 0.084375 0.057813 0.056250
5 0.560937 0.757031 0.043750 0.035937
1 0.525781 0.302344 0.089063 0.092188
4 0.604688 0.360156 0.028125 0.035937
4 0.257031 0.567969 0.023438 0.039062
0 0.214062 0.379688 0.021875 0.031250
0 0.198437 0.637500 0.028125 0.021875
2 0.442969 0.546875 0.070312 0.081250
4 0.099219 0.389844 0.042188 0.051562
5 0.539062 0.777344 0.028125 0.023438
2 0.680469 0.882031 0.054688 0.045312
5 0.628906 0.453906 0.064062 0.076563
1 0.548438 0.141406 0.096875 0.054688
5 0.443750 0.569531 0.037500 0.045312
3 0.414844 0.605469 0.110937 0.110937
3 0.664844 0.260156 0.073438 0.073438
1 0.346094 0.530469 0.067187 0.064062
5 0.433594 0.314844 0.032813 0.032813
1 0.657031 0.146875 0.060937 0.100000
3 0.362500 0.196875 0.131250 0.131250
0 0.311719 0.478906 0.045312 0.054688
4 0.635938 0.360156 0.028125 0.029687
0 0.868750 0.559375 0.087500 0.075000
2 0.609375 0.712500 0.012500 0.015625