4 0.562500 0.137500 0.084375 0.075000
3 0.481250 0.279687 0.181250 0.181250
0 0.283594 0.635156 0.032813 0.029687
5 0.267188 0.355469 0.040625 0.039062
3 0.619531 0.510156 0.260937 0.245312
2 0.733594 0.813281 0.023438 0.035937
0 0.245312 0.301563 0.043750 0.034375
1 0.396875 0.779687 0.153125 0.109375
5 0.507812 0.346875 0.065625 0.056250
4 0.561719 0.521875 0.039062 0.043750
5 0.673438 0.435937 0.100000 0.100000
3 0.175781 0.506250 0.195312 0.181250
2 0.403906 0.886719 0.029687 0.039062
1 0.154688 0.618750 0.112500 0.153125
0 0.568750 0.382031 0.021875 0.023438
5 0.714844 0.156250 0.039062 0.043750
0 0.459375 0.767188 0.159375 0.146875
3 0.447656 0.729688 0.135937 0.165625
2 0.167969 0.486719 0.017188 0.017188
4 0.854688 0.525000 0.031250 0.025000
3 0.307031 0.310156 0.267188 0.195312
5 0.217188 0.299219 0.046875 0.048438
2 0.569531 0.642188 0.045312 0.065625
0 0.184375 0.660156 0.043750 0.039062
1 0.700000 0.533594 0.046875 0.048438
5 0.367969 0.862500 0.048438 0.059375
1 0.272656 0.567969 0.167187 0.148438
5 0.582812 0.586719 0.056250 0.060937
0 0.491406 0.466406 0.104688 0.092188
2 0.229687 0.723437 0.028125 0.025000
1 0.542188 0.442969 0.090625 0.107813
4 0.331250 0.846094 0.028125 0.032813
4 0.373437 0.757812 0.078125 0.053125
3 0.528906 0.821094 0.089063 0.089063
0 0.328906 0.816406 0.085938 0.054688
4 0.721094 0.630469 0.139063 0.157812
5 0.311719 0.805469 0.035937 0.035937
1 0.292969 0.285156 0.060937 0.073438
3 0.678906 0.647656 0.060937 0.060937
0 0.372656 0.160938 0.082812 0.078125
0 0.812500 0.518750 0.065625 0.050000
2 0.907813 0.553125 0.034375 0.037500
2 0.413281 0.532031 0.073438 0.067187
0 0.749219 0.503125 0.032813 0.028125
3 0.524219 0.710938 0.414062 0.356250
1 0.889844 0.475781 0.054688 0.054688
1 0.463281 0.187500 0.107813 0.118750
0 0.834375 0.368750 0.053125 0.046875
2 0.103906 0.365625 0.042188 0.037500
2 0.582031 0.842969 0.020313 0.020313
1 0.307812 0.210938 0.084375 0.078125
5 0.228125 0.729688 0.046875 0.046875
3 0.530469 0.444531 0.079687 0.079687
1 0.793750 0.610938 0.156250 0.131250
0 0.478906 0.726562 0.070312 0.056250
0 0.294531 0.650781 0.035937 0.020313
0 0.839844 0.492969 0.039062 0.051562
4 0.192969 0.561719 0.042188 0.042188
5 0.416406 0.830469 0.042188 0.045312
2 0.246094 0.622656 0.085938 0.085938
0 0.590625 0.324219 0.018750 0.017188
0 0.660156 0.402344 0.048438 0.045312
3 0.316406 0.410156 0.101562 0.101562
4 0.391406 0.418750 0.073438 0.065625
0 0.239063 0.592969 0.028125 0.023438
2 0.663281 0.671094 0.073438 0.064062
5 0.398438 0.406250 0.021875 0.021875
5 0.531250 0.910156 0.037500 0.032813
3 0.863281 0.580469 0.107813 0.089063
1 0.628125 0.338281 0.056250 0.051562
5 0.678125 0.527344 0.040625 0.045312
2 0.670312 0.357812 0.028125 0.031250
0 0.117188 0.382812 0.040625 0.050000
5 0.860938 0.396094 0.043750 0.057813
2 0.326562 0.159375 0.050000 0.053125
5 0.796094 0.260937 0.020313 0.025000
4 0.308594 0.570312 0.060937 0.062500
2 0.646875 0.499219 0.068750 0.073438
5 0.614844 0.700781 0.051562 0.042188
2 0.426563 0.834375 0.037500 0.037500
0 0.503906 0.486719 0.110937 0.095312
3 0.816406 0.400781 0.114062 0.101562
2 0.206250 0.413281 0.037500 0.042188
3 0.437500 0.710156 0.265625 0.267188
1 0.339062 0.599219 0.103125 0.129688
2 0.517188 0.641406 0.062500 0.045312
5 0.488281 0.915625 0.032813 0.031250
1 0.608594 0.124219 0.067187 0.067187
4 0.768750 0.348438 0.059375 0.050000
2 0.185938 0.728906 0.025000 0.023438