2 0.258594 0.404687 0.035937 0.034375
3 0.613281 0.327344 0.114062 0.114062
2 0.088281 0.566406 0.020313 0.020313
2 0.403906 0.925781 0.026562 0.026562
3 0.342969 0.529687 0.160938 0.206250
4 0.759375 0.182812 0.046875 0.050000
0 0.526563 0.214844 0.040625 0.039062
0 0.335156 0.180469 0.079687 0.067187
0 0.551562 0.360156 0.028125 0.026562
2 0.920312 0.464844 0.034375 0.032813
4 0.318750 0.638281 0.056250 0.042188
4 0.575781 0.328906 0.070312 0.067187
4 0.414062 0.253125 0.015625 0.018750
4 0.564063 0.833594 0.015625 0.023438
5 0.502344 0.507812 0.045312 0.059375
0 0.140625 0.412500 0.078125 0.078125
5 0.174219 0.442188 0.032813 0.031250
4 0.239063 0.723437 0.040625 0.075000
1 0.103125 0.479687 0.062500 0.065625
1 0.580469 0.579688 0.145313 0.137500
5 0.276562 0.167187 0.078125 0.065625
0 0.546094 0.145313 0.101562 0.096875
3 0.898438 0.414062 0.084375 0.084375
1 0.792188 0.357812 0.053125 0.053125
4 0.611719 0.548438 0.070312 0.065625
0 0.333594 0.585156 0.104688 0.092188
3 0.369531 0.521094 0.064062 0.064062
5 0.481250 0.657813 0.050000 0.059375
2 0.513281 0.151562 0.029687 0.034375
0 0.692187 0.746094 0.109375 0.104688
0 0.760156 0.450781 0.039062 0.035937
0 0.770312 0.646094 0.040625 0.039062
4 0.693750 0.302344 0.068750 0.076563
4 0.496875 0.240625 0.031250 0.034375
2 0.799219 0.261719 0.073438 0.073438
5 0.492188 0.152344 0.046875 0.048438
2 0.671094 0.424219 0.082812 0.070312
0 0.488281 0.794531 0.045312 0.045312
5 0.738281 0.223438 0.032813 0.031250
4 0.587500 0.532813 0.046875 0.037500
1 0.332031 0.749219 0.123438 0.101562
2 0.549219 0.752344 0.029687 0.032813
1 0.595313 0.750781 0.043750 0.067187
5 0.142187 0.575781 0.056250 0.045312
5 0.537500 0.413281 0.040625 0.035937
3 0.286719 0.677344 0.345313 0.295312
0 0.160156 0.352344 0.051562 0.064062
3 0.782813 0.429688 0.059375 0.059375
4 0.560156 0.357031 0.054688 0.067187
5 0.735156 0.774219 0.026562 0.020313
4 0.800000 0.300781 0.106250 0.089063
2 0.519531 0.793750 0.032813 0.034375
0 0.679688 0.694531 0.084375 0.076563
3 0.475000 0.257812 0.090625 0.090625
5 0.430469 0.321875 0.029687 0.043750
1 0.526563 0.879687 0.090625 0.112500
0 0.700781 0.195312 0.026562 0.025000
5 0.407813 0.523438 0.043750 0.050000
4 0.388281 0.376563 0.079687 0.068750
3 0.664062 0.367188 0.078125 0.078125
1 0.307031 0.185938 0.129688 0.103125
3 0.382031 0.755469 0.154688 0.154688
2 0.087500 0.460156 0.018750 0.042188
2 0.410938 0.135937 0.034375 0.025000
4 0.417187 0.321875 0.021875 0.018750
2 0.671094 0.432031 0.264062 0.270313
3 0.237500 0.225000 0.100000 0.100000
3 0.817969 0.560937 0.182812 0.206250
4 0.203125 0.468750 0.021875 0.021875
2 0.350781 0.672656 0.032813 0.029687
1 0.615625 0.453906 0.043750 0.039062
2 0.795312 0.735156 0.068750 0.082812
0 0.285938 0.764844 0.146875 0.139063
3 0.614844 0.299219 0.164062 0.164062
1 0.372656 0.808594 0.067187 0.067187
4 0.601562 0.098437 0.018750 0.025000
3 0.728906 0.319531 0.223438 0.273438
4 0.563281 0.285156 0.067187 0.070312
0 0.842969 0.375000 0.142187 0.134375
0 0.550781 0.668750 0.029687 0.059375
3 0.625781 0.319531 0.095312 0.095312
0 0.157031 0.732031 0.039062 0.035937
4 0.882812 0.490625 0.021875 0.015625
4 0.482812 0.696094 0.031250 0.026562
4 0.246094 0.434375 0.098437 0.084375
1 0.444531 0.129688 0.123438 0.109375
4 0.409375 0.776563 0.050000 0.053125
1 0.559375 0.585938 0.046875 0.062500
0 0.703906 0.462500 0.023438 0.018750
1 0.432812 0.631250 0.153125 0.125000
1 0.305469 0.265625 0.085938 0.075000
0 0.254688 0.792969 0.100000 0.089063
2 0.428906 0.197656 0.029687 0.048438
5 0.618750 0.303125 0.046875 0.040625
5 0.706250 0.538281 0.028125 0.029687
5 0.623437 0.335938 0.075000 0.081250