2 0.456250 0.698438 0.090625 0.087500
0 0.200000 0.739062 0.118750 0.109375
4 0.585156 0.319531 0.035937 0.042188
4 0.442188 0.817969 0.015625 0.017188
1 0.571094 0.898438 0.070312 0.078125
0 0.460156 0.500000 0.026562 0.031250
2 0.240625 0.721875 0.025000 0.031250
2 0.248438 0.626563 0.134375 0.106250
0 0.778125 0.816406 0.025000 0.032813
3 0.643750 0.387500 0.175000 0.100000
3 0.305469 0.506250 0.076563 0.078125
5 0.196875 0.435156 0.031250 0.032813
0 0.688281 0.147656 0.060937 0.042188
3 0.150000 0.648438 0.093750 0.093750
2 0.827344 0.629687 0.060937 0.059375
4 0.300000 0.632031 0.081250 0.114062
2 0.194531 0.591406 0.098437 0.085938
5 0.231250 0.478906 0.028125 0.026562
3 0.457031 0.299219 0.073438 0.073438
3 0.385156 0.616406 0.117188 0.104688
5 0.321094 0.658594 0.039062 0.039062
3 0.388281 0.253906 0.195312 0.135937
3 0.729688 0.734375 0.118750 0.118750
5 0.496875 0.191406 0.062500 0.054688
5 0.875781 0.631250 0.070312 0.062500
4 0.514844 0.222656 0.029687 0.023438
3 0.328125 0.390625 0.068750 0.068750
2 0.635938 0.306250 0.062500 0.071875
2 0.628906 0.571875 0.048438 0.050000
4 0.481250 0.147656 0.053125 0.064062
2 0.465625 0.789062 0.028125 0.028125
1 0.675781 0.490625 0.051562 0.053125
0 0.754687 0.691406 0.056250 0.051562
0 0.454688 0.427344 0.043750 0.039062
5 0.633594 0.565625 0.042188 0.043750
5 0.753125 0.648438 0.043750 0.053125
5 0.685937 0.582812 0.056250 0.043750
5 0.664844 0.144531 0.045312 0.051562
5 0.783594 0.553125 0.029687 0.034375
5 0.861719 0.404687 0.045312 0.043750
2 0.610156 0.173437 0.092188 0.096875
0 0.381250 0.719531 0.056250 0.057813
5 0.717969 0.371875 0.026562 0.018750
5 0.570312 0.650781 0.034375 0.035937
2 0.338281 0.812500 0.039062 0.037500
2 0.590625 0.221094 0.165625 0.142187
1 0.720313 0.307031 0.075000 0.101562
3 0.741406 0.527344 0.076563 0.076563
3 0.713281 0.583594 0.085938 0.085938
4 0.335938 0.382031 0.190625 0.167187
0 0.345313 0.805469 0.106250 0.114062
1 0.693750 0.683594 0.071875 0.064062
2 0.191406 0.571875 0.051562 0.046875
3 0.526563 0.452344 0.178125 0.198437
4 0.237500 0.528125 0.031250 0.043750
1 0.700781 0.228906 0.092188 0.076563
3 0.482031 0.817969 0.098437 0.098437
3 0.427344 0.481250 0.292187 0.350000
3 0.591406 0.630469 0.114062 0.114062
1 0.731250 0.417187 0.096875 0.075000
4 0.392969 0.116406 0.032813 0.032813
5 0.691406 0.881250 0.045312 0.034375
5 0.531250 0.500781 0.043750 0.054688
3 0.825000 0.528906 0.246875 0.204687
3 0.694531 0.482812 0.051562 0.053125
4 0.128906 0.631250 0.026562 0.021875
4 0.385156 0.412500 0.032813 0.031250
5 0.182031 0.245312 0.035937 0.031250
4 0.121094 0.612500 0.014063 0.018750
1 0.536719 0.254688 0.123438 0.125000
4 0.269531 0.453125 0.045312 0.046875
2 0.511719 0.285156 0.017188 0.017188
0 0.585938 0.367969 0.062500 0.057813
3 0.486719 0.878906 0.092188 0.092188
4 0.582031 0.744531 0.020313 0.023438
4 0.339844 0.846875 0.029687 0.043750
1 0.703125 0.517188 0.062500 0.056250
4 0.107031 0.607031 0.020313 0.020313
1 0.319531 0.297656 0.145313 0.145313
5 0.548438 0.401562 0.050000 0.068750
0 0.196094 0.228125 0.039062 0.034375
2 0.485938 0.640625 0.093750 0.087500
1 0.535156 0.750781 0.067187 0.054688
2 0.285938 0.759375 0.065625 0.059375
2 0.403906 0.332031 0.039062 0.060937
5 0.361719 0.333594 0.042188 0.042188
1 0.309375 0.301563 0.081250 0.087500
4 0.461719 0.334375 0.154688 0.153125
5 0.853125 0.285938 0.050000 0.043750
2 0.159375 0.510938 0.034375 0.028125
2 0.374219 0.785937 0.082812 0.071875
0 0.555469 0.482031 0.045312 0.054688
4 0.328125 0.864844 0.018750 0.017188
1 0.139844 0.490625 0.070312 0.071875
1 0.294531 0.482031 0.039062 0.039062
3 0.454688 0.285938 0.115625 0.112500
1 0.546875 0.126562 0.084375 0.075000
0 0.545312 0.370312 0.171875 0.128125
2 0.518750 0.820312 0.018750 0.012500
0 0.722656 0.419531 0.101562 0.082812
5 0.464062 0.267969 0.053125 0.045312
3 0.575781 0.538281 0.395313 0.423438
2 0.390625 0.461719 0.037500 0.032813
0 0.164844 0.767969 0.035937 0.032813
4 0.276562 0.769531 0.040625 0.045312
0 0.474219 0.761719 0.054688 0.039062
5 0.456250 0.544531 0.059375 0.057813
0 0.264844 0.506250 0.029687 0.025000
5 0.850781 0.631250 0.039062 0.040625
0 0.355469 0.807813 0.057813 0.059375
4 0.303125 0.582031 0.031250 0.029687
2 0.598437 0.600000 0.025000 0.025000
0 0.612500 0.654687 0.059375 0.050000
3 0.489844 0.658594 0.148438 0.148438
0 0.264062 0.604688 0.021875 0.018750
4 0.572656 0.189844 0.057813 0.057813
1 0.418750 0.678125 0.043750 0.046875
5 0.470313 0.425000 0.043750 0.046875
4 0.276562 0.648438 0.196875 0.196875
1 0.615625 0.382031 0.084375 0.085938
5 0.585938 0.401562 0.040625 0.043750
3 0.439063 0.417969 0.115625 0.089063
0 0.499219 0.360156 0.051562 0.039062
3 0.163281 0.376563 0.176563 0.171875
4 0.555469 0.724219 0.048438 0.045312
2 0.476562 0.810156 0.034375 0.032813
0 0.696094 0.195312 0.054688 0.046875
1 0.575000 0.528125 0.150000 0.150000
3 0.613281 0.505469 0.101562 0.101562