0 0.611719 0.789844 0.039062 0.039062
4 0.739062 0.598437 0.040625 0.059375
5 0.857031 0.623437 0.039062 0.034375
1 0.328125 0.256250 0.071875 0.062500
1 0.153906 0.450781 0.060937 0.064062
2 0.489844 0.090625 0.045312 0.043750
5 0.432031 0.387500 0.045312 0.050000
0 0.585938 0.867969 0.078125 0.076563
4 0.347656 0.351562 0.067187 0.062500
5 0.625000 0.839063 0.056250 0.053125
4 0.577344 0.622656 0.032813 0.042188
3 0.390625 0.654687 0.209375 0.250000
0 0.352344 0.542969 0.054688 0.048438
0 0.686719 0.584375 0.082812 0.075000
1 0.650000 0.335156 0.040625 0.039062
5 0.274219 0.578125 0.051562 0.050000
4 0.751563 0.142969 0.018750 0.020313
2 0.557031 0.392969 0.167187 0.167187
5 0.528906 0.209375 0.045312 0.050000
2 0.701562 0.811719 0.015625 0.020313
2 0.321875 0.715625 0.046875 0.046875
0 0.419531 0.426563 0.042188 0.031250
0 0.364844 0.739844 0.104688 0.092188
3 0.288281 0.349219 0.154688 0.170313
1 0.380469 0.534375 0.135937 0.140625
1 0.536719 0.398438 0.098437 0.106250
4 0.686719 0.509375 0.026562 0.025000
2 0.247656 0.744531 0.026562 0.039062
5 0.555469 0.792188 0.042188 0.040625
3 0.811719 0.546094 0.257812 0.257812
1 0.757812 0.183594 0.050000 0.054688
5 0.410938 0.471875 0.046875 0.046875
1 0.147656 0.582031 0.145313 0.145313
5 0.353906 0.788281 0.023438 0.029687
3 0.203125 0.538281 0.093750 0.110937
5 0.439063 0.905469 0.046875 0.045312
3 0.384375 0.826562 0.109375 0.115625
0 0.428125 0.760156 0.031250 0.026562
3 0.791406 0.526563 0.185938 0.175000
3 0.820312 0.348438 0.137500 0.137500
0 0.625781 0.237500 0.026562 0.028125
5 0.650000 0.878906 0.056250 0.054688
0 0.495312 0.233594 0.025000 0.017188
0 0.523438 0.556250 0.046875 0.046875
4 0.415625 0.351562 0.131250 0.125000
3 0.389062 0.532031 0.156250 0.132812
4 0.750000 0.271875 0.040625 0.053125
0 0.619531 0.835156 0.039062 0.039062
1 0.674219 0.136719 0.070312 0.057813
2 0.335938 0.585938 0.025000 0.025000
3 0.400781 0.229687 0.079687 0.081250
2 0.497656 0.850781 0.039062 0.029687
4 0.640625 0.800000 0.031250 0.025000
2 0.153125 0.622656 0.040625 0.029687
5 0.671094 0.167187 0.051562 0.056250
1 0.411719 0.146094 0.026562 0.017188
1 0.636719 0.422656 0.110937 0.104688
3 0.473438 0.851562 0.131250 0.131250
1 0.414844 0.289062 0.064062 0.053125
3 0.378125 0.266406 0.156250 0.142187
2 0.122656 0.378125 0.020313 0.021875
1 0.578125 0.319531 0.106250 0.135937
3 0.357031 0.258594 0.114062 0.114062
3 0.438281 0.570312 0.135937 0.112500
0 0.683594 0.210156 0.048438 0.057813
3 0.604688 0.242188 0.106250 0.106250
5 0.497656 0.508594 0.032813 0.039062
5 0.757812 0.421875 0.040625 0.040625
3 0.725781 0.489063 0.092188 0.065625
0 0.657031 0.813281 0.092188 0.026562
1 0.547656 0.874219 0.092188 0.095312
5 0.692969 0.672656 0.039062 0.035937
4 0.719531 0.298438 0.017188 0.015625
0 0.108594 0.481250 0.051562 0.056250
2 0.538281 0.592187 0.107813 0.087500
2 0.678125 0.321094 0.021875 0.020313
2 0.797656 0.749219 0.054688 0.051562
4 0.906250 0.572656 0.018750 0.017188
2 0.157031 0.497656 0.057813 0.060937
0 0.198437 0.601562 0.037500 0.046875
1 0.215625 0.260156 0.096875 0.089063
5 0.090625 0.558594 0.062500 0.054688
4 0.680469 0.124219 0.029687 0.026562
1 0.757031 0.707812 0.154688 0.112500