1 0.643750 0.387500 0.059375 0.043750
1 0.671094 0.239063 0.051562 0.059375
0 0.430469 0.085938 0.035937 0.037500
1 0.744531 0.732031 0.120313 0.126562
5 0.365625 0.163281 0.025000 0.032813
3 0.493750 0.796875 0.165625 0.165625
3 0.310156 0.315625 0.314063 0.321875
2 0.653906 0.529687 0.014063 0.012500
3 0.582812 0.825000 0.025000 0.025000
5 0.266406 0.485156 0.054688 0.051562
0 0.754687 0.232031 0.046875 0.054688
5 0.142969 0.694531 0.035937 0.039062
3 0.119531 0.481250 0.129688 0.075000
2 0.450000 0.146094 0.034375 0.032813
5 0.796875 0.607812 0.043750 0.043750
1 0.750000 0.287500 0.081250 0.078125
4 0.707031 0.345313 0.026562 0.025000
4 0.147656 0.273438 0.054688 0.046875
2 0.422656 0.907813 0.070312 0.065625
4 0.232813 0.485938 0.037500 0.037500
5 0.650781 0.527344 0.076563 0.067187
3 0.487500 0.820312 0.096875 0.096875
5 0.128906 0.376563 0.042188 0.037500
5 0.377344 0.610938 0.035937 0.040625
3 0.753125 0.440625 0.137500 0.137500
0 0.718750 0.221094 0.096875 0.107813
2 0.723437 0.778125 0.100000 0.118750
3 0.687500 0.703125 0.156250 0.156250
4 0.850781 0.671094 0.042188 0.035937
0 0.192969 0.525000 0.048438 0.053125
3 0.657031 0.675000 0.142187 0.184375
1 0.763281 0.332813 0.054688 0.050000
0 0.236719 0.648438 0.045312 0.040625
2 0.322656 0.323437 0.029687 0.031250
4 0.411719 0.319531 0.017188 0.017188
1 0.386719 0.352344 0.070312 0.098437
5 0.709375 0.853125 0.037500 0.037500
3 0.801562 0.408594 0.265625 0.214062
3 0.574219 0.293750 0.179688 0.168750
5 0.430469 0.779687 0.057813 0.056250
4 0.729688 0.536719 0.015625 0.017188
2 0.786719 0.287500 0.020313 0.025000
2 0.383594 0.756250 0.042188 0.043750
2 0.638281 0.350781 0.067187 0.064062
4 0.646875 0.857031 0.031250 0.026562
2 0.742969 0.538281 0.023438 0.020313
0 0.463281 0.642969 0.057813 0.054688
5 0.278125 0.181250 0.037500 0.031250
1 0.557031 0.384375 0.045312 0.053125
5 0.179688 0.742188 0.034375 0.031250
2 0.878125 0.449219 0.037500 0.039062
0 0.722656 0.635938 0.045312 0.053125
4 0.462500 0.203906 0.103125 0.104688
1 0.242969 0.400000 0.076563 0.065625
3 0.234375 0.377344 0.290625 0.217188
2 0.589844 0.832031 0.070312 0.064062
3 0.578906 0.718750 0.098437 0.225000
5 0.746875 0.770312 0.050000 0.050000
4 0.328125 0.743750 0.018750 0.018750
0 0.265625 0.318750 0.059375 0.059375
5 0.639062 0.262500 0.025000 0.025000
3 0.540625 0.770312 0.075000 0.075000
3 0.516406 0.591406 0.104688 0.104688
2 0.409375 0.286719 0.081250 0.073438
1 0.371875 0.164062 0.137500 0.140625
0 0.434375 0.787500 0.100000 0.093750
2 0.354687 0.678125 0.075000 0.090625
2 0.579688 0.845313 0.034375 0.037500
0 0.186719 0.474219 0.039062 0.032813
4 0.929688 0.547656 0.021875 0.017188
3 0.623437 0.672656 0.090625 0.070312
4 0.517969 0.252344 0.045312 0.048438
2 0.426563 0.454688 0.062500 0.068750
0 0.417187 0.411719 0.059375 0.057813
4 0.828125 0.743750 0.034375 0.028125
2 0.348438 0.396094 0.093750 0.092188
2 0.331250 0.281250 0.053125 0.046875
2 0.348438 0.273438 0.081250 0.087500
0 0.853125 0.250000 0.018750 0.015625
1 0.497656 0.867969 0.067187 0.067187
1 0.778906 0.264062 0.129688 0.121875
4 0.303125 0.550781 0.018750 0.017188
5 0.625000 0.178906 0.028125 0.026562
0 0.351562 0.513281 0.031250 0.048438
4 0.817187 0.271094 0.031250 0.026562
4 0.475781 0.112500 0.070312 0.090625
1 0.611719 0.287500 0.048438 0.050000
1 0.692187 0.722656 0.056250 0.045312
3 0.299219 0.544531 0.110937 0.120313
3 0.278906 0.734375 0.182812 0.237500
3 0.607031 0.189844 0.107813 0.107813
1 0.321875 0.308594 0.087500 0.117188
4 0.443750 0.557031 0.043750 0.045312
2 0.648438 0.725781 0.046875 0.045312
4 0.559375 0.102344 0.037500 0.029687
5 0.878125 0.457031 0.037500 0.042188
2 0.531250 0.907813 0.068750 0.056250
5 0.669531 0.827344 0.035937 0.035937
1 0.878125 0.447656 0.075000 0.110937
3 0.171094 0.517969 0.070312 0.070312
5 0.486719 0.616406 0.045312 0.042188
5 0.211719 0.646094 0.095312 0.079687
0 0.440625 0.276562 0.106250 0.090625
3 0.331250 0.853125 0.096875 0.081250
4 0.205469 0.653906 0.142187 0.142187
1 0.246094 0.803906 0.085938 0.057813
4 0.224219 0.696094 0.207813 0.189062
4 0.377344 0.526563 0.129688 0.078125
1 0.221094 0.571094 0.092188 0.082812
4 0.787500 0.341406 0.046875 0.042188
0 0.552344 0.913281 0.048438 0.045312
4 0.564844 0.447656 0.135937 0.151562
2 0.531250 0.532813 0.050000 0.043750
3 0.242969 0.664844 0.145313 0.110937
2 0.757812 0.496094 0.043750 0.039062
1 0.301563 0.562500 0.115625 0.115625
5 0.388281 0.750781 0.048438 0.045312
2 0.447656 0.128906 0.057813 0.057813
0 0.615625 0.600781 0.031250 0.029687
4 0.685156 0.265625 0.054688 0.046875
0 0.795312 0.685937 0.103125 0.115625
2 0.703125 0.780469 0.034375 0.032813
5 0.678125 0.519531 0.025000 0.017188
1 0.492969 0.703125 0.095312 0.062500
4 0.365625 0.282813 0.059375 0.056250
4 0.504687 0.562500 0.062500 0.071875
4 0.503125 0.096094 0.040625 0.035937
5 0.321875 0.645312 0.043750 0.046875
5 0.464062 0.702344 0.034375 0.029687
5 0.459375 0.380469 0.028125 0.032813
4 0.622656 0.725781 0.020313 0.020313
3 0.764844 0.290625 0.107813 0.150000
1 0.632812 0.546094 0.050000 0.064062
0 0.235156 0.455469 0.039062 0.042188
3 0.277344 0.240625 0.173437 0.162500
0 0.828906 0.531250 0.098437 0.100000
5 0.871875 0.368750 0.028125 0.043750
3 0.320312 0.539844 0.262500 0.176563
5 0.321875 0.775000 0.028125 0.025000
1 0.247656 0.458594 0.060937 0.051562
3 0.467969 0.360156 0.114062 0.114062
0 0.630469 0.528125 0.095312 0.087500
0 0.442969 0.566406 0.039062 0.042188
4 0.259375 0.289062 0.031250 0.037500
1 0.374219 0.746875 0.079687 0.071875