3 0.552344 0.132031 0.117188 0.079687
2 0.557031 0.728125 0.035937 0.025000
0 0.603125 0.442188 0.031250 0.031250
5 0.479687 0.175000 0.031250 0.028125
2 0.701562 0.669531 0.037500 0.039062
3 0.385156 0.583594 0.260937 0.217188
0 0.405469 0.227344 0.085938 0.085938
3 0.485938 0.100000 0.090625 0.090625
3 0.248438 0.532031 0.118750 0.129688
5 0.117188 0.608594 0.053125 0.067187
4 0.775000 0.771094 0.034375 0.029687
2 0.833594 0.278906 0.067187 0.051562
3 0.414844 0.295312 0.092188 0.062500
1 0.259375 0.649219 0.106250 0.092188
1 0.299219 0.410938 0.173437 0.171875
3 0.221094 0.542969 0.173437 0.173437
5 0.370312 0.646875 0.046875 0.046875
1 0.285156 0.227344 0.126562 0.145313
1 0.405469 0.148438 0.079687 0.100000
0 0.564844 0.655469 0.135937 0.129688
3 0.752344 0.478906 0.123438 0.114062
4 0.619531 0.279687 0.039062 0.028125
2 0.860156 0.358594 0.042188 0.048438
3 0.532031 0.450781 0.217188 0.170313
2 0.405469 0.581250 0.023438 0.018750
3 0.478906 0.759375 0.098437 0.084375
2 0.165625 0.455469 0.037500 0.045312
4 0.588281 0.227344 0.110937 0.076563
4 0.381250 0.844531 0.018750 0.020313
5 0.822656 0.531250 0.032813 0.031250
5 0.807031 0.641406 0.017188 0.020313
1 0.675781 0.379688 0.064062 0.075000
2 0.498437 0.632031 0.034375 0.035937
1 0.595313 0.851562 0.065625 0.062500
2 0.560937 0.495312 0.037500 0.037500
5 0.396094 0.589844 0.051562 0.054688
0 0.278906 0.375781 0.060937 0.057813
0 0.501563 0.522656 0.078125 0.076563
2 0.691406 0.629687 0.107813 0.137500
5 0.492969 0.374219 0.020313 0.023438
5 0.828125 0.265625 0.040625 0.040625
4 0.719531 0.189062 0.082812 0.084375
0 0.306250 0.260156 0.106250 0.107813
2 0.212500 0.489844 0.059375 0.060937
0 0.620313 0.740625 0.028125 0.031250
1 0.360156 0.260156 0.073438 0.064062
4 0.874219 0.696094 0.014063 0.017188
3 0.499219 0.411719 0.145313 0.145313
3 0.225781 0.439844 0.067187 0.089063
2 0.581250 0.543750 0.043750 0.046875
5 0.664062 0.854688 0.040625 0.034375
1 0.705469 0.327344 0.060937 0.051562
3 0.800781 0.327344 0.117188 0.117188
0 0.595313 0.503906 0.071875 0.067187
1 0.716406 0.414844 0.126562 0.114062
2 0.173437 0.385156 0.081250 0.073438
2 0.575781 0.332813 0.048438 0.043750
0 0.509375 0.855469 0.031250 0.026562
0 0.203906 0.282813 0.042188 0.034375
0 0.645312 0.618750 0.103125 0.081250
4 0.514062 0.189844 0.050000 0.045312
2 0.694531 0.275781 0.045312 0.048438
3 0.303906 0.210938 0.085938 0.071875
4 0.653125 0.535156 0.028125 0.026562
0 0.334375 0.862500 0.065625 0.062500
3 0.172656 0.546094 0.104688 0.104688
3 0.392969 0.503125 0.204687 0.175000
0 0.783594 0.243750 0.082812 0.090625
4 0.728125 0.450781 0.071875 0.064062
2 0.546094 0.206250 0.054688 0.050000
3 0.453906 0.660156 0.054688 0.054688